245705621 7  P 68088 100245 0 3980282
246385280 9  P 57027 76320 0 3980790
250277920 13  P 20700 31450 0 4040958
253097523 3  P 38146 57871 0 4093955
255114487 11  P 12954 22539 0 4124921
260403747 4  P 28123 50474 0 4219107
261148112 2  P 63659 105914 0 4219115
262822125 12  P 16220 27636 0 4256496
263164664 1  P 55204 91342 0 4259170
266087886 8  P 53614 79511 0 4306641
268513836 5  P 14955 33836 0 4348902
270171305 10  P 37454 57762 0 4374768
272401693 6  P 33029 62538 0 4418285
276124459 10  P 41135 63775 0 4472304
276542312 6  P 36760 67801 0 4486124
276700584 4  P 31853 59084 0 4486103
278228883 8  P 67615 100435 0 4505544
278862160 1  P 72884 119372 0 4516351
279652833 9  P 76965 105651 0 4525797
281565657 7  P 108517 163430 0 4567789
288710633 2  P 86158 143408 0 4670684
291169988 5  P 18002 41243 0 4720084
291731084 13  P 33054 49457 0 4720118
294927019 11  P 27293 41866 0 4777205
298150235 12  P 29507 52354 0 4835303
300426286 3  P 54960 89379 0 4869359
304044397 4  P 44000 82578 0 4934086
306143452 1  P 97469 160731 0 4963316
306304903 2  P 123475 199410 0 4958937
310042470 6  P 44215 84454 0 5034962
310322721 8  P 78854 118860 0 5031324
312612496 7  P 151267 249208 0 5076375
314965455 13  P 43526 65128 0 5100781
315332456 3  P 68824 110656 0 5113561
318279435 5  P 24804 53658 0 5164228
320905723 10  P 61510 97127 0 5205993
321650173 11  P 47024 69129 0 5215029
326808117 9  P 127340 177138 0 5298385
330493991 12  P 47620 80582 0 5365212
335409253 7  P 173402 281097 0 5449857
335587749 12  P 51330 85946 0 5448667
336574896 13  P 55883 81814 0 5454823
338112594 1  P 153182 251262 0 5487076
339982218 4  P 71918 125385 0 5522868
341114589 11  P 59339 86045 0 5533919
341812538 10  P 78171 124887 0 5548516
342965128 8  P 88399 138184 0 5566086
346586175 2  P 180357 291617 0 5618881
350951369 5  P 34407 69159 0 5699502
353191797 3  P 99194 158353 0 5733827
354714485 9  P 164052 232090 0 5755589
356500133 6  P 82222 140336 0 5796090
365528013 13  P 65697 95651 0 5929183
365963200 12  P 69253 110646 0 5946319
367070536 2  P 184064 300082 0 5954478
369901125 1  P 204008 332511 0 6007882
371843702 10  P 87993 141663 0 6040543
372177525 11  P 76740 108328 0 6042840
372732839 4  P 101332 173430 0 6059432
373045162 5  P 38204 77764 0 6061469
374464845 8  P 100298 159934 0 6082135
380177757 6  P 122880 200538 0 6184003
387612530 7  P 195423 322095 0 6305122
388964456 9  P 190869 275895 0 6316714
392129668 3  P 111416 181400 0 6371743
393875357 10  P 100325 159953 0 6401498
394492399 2  P 196013 324210 0 6403742
398097009 1  P 267941 432626 0 6469835
401511948 12  P 82810 129484 0 6528696
407791977 8  P 136487 214313 0 6628165
408685852 4  P 122446 210429 0 6648475
408686151 5  P 55017 102351 0 6645379
408871410 6  P 172267 278634 0 6654107
415596808 7  P 208402 346127 0 6763592
418067210 3  P 125191 206386 0 6796690
419341384 13  P 114766 162769 0 6810827
420323270 11  P 101331 138915 0 6831633
422137157 9  P 200718 293397 0 6860188
424558164 9  P 200718 293829 0 6899853
427359708 10  P 123263 193488 0 6950092
429764781 12  P 94511 145938 0 6991591
432294502 13  P 118481 168995 0 7023046
432379775 3  P 134454 221383 0 7031176
433959204 11  P 108791 150335 0 7055042
434433935 6  P 187678 299934 0 7072911
436159412 7  P 227066 374464 0 7100480
441588859 8  P 165827 257496 0 7181861
444722033 1  P 358060 575066 0 7233727
445342071 4  P 133743 232726 0 7249033
445655029 5  P 78196 142259 0 7251057
449320556 2  P 232765 385559 0 7302015
457405000 5  P 86419 157737 0 7443560
457619858 12  P 105560 160391 0 7447965
457885683 8  P 185886 289004 0 7448851
460052231 1  P 402283 643722 0 7484891
461027610 6  P 199384 317789 0 7508611
463758008 2  P 246692 405093 0 7538549
465967003 4  P 140824 245693 0 7586946
470870714 9  P 234336 346208 0 7658608
472156689 10  P 140545 221721 0 7684026
473693566 11  P 132164 180887 0 7706028
474411048 3  P 172224 282907 0 7719796
475575789 13  P 141948 199382 0 7732154
478378067 7  P 256966 416789 0 7792174
488088663 12  P 124056 183595 0 7947158
492823837 9  P 247902 363726 0 8018271
494074534 6  P 221494 356851 0 8050039
498206223 7  P 268071 434773 0 8117022
498709340 3  P 208136 339013 0 8117858
498982006 2  P 275654 451370 0 8115635
499831543 13  P 162473 228769 0 8129554
501956451 5  P 116998 207517 0 8173452
503654385 8  P 214402 330924 0 8198701
505219298 10  P 159430 250178 0 8225704
508576453 4  P 153788 270833 0 8285047
509063954 1  P 482710 770349 0 8287881
510396689 11  P 152218 208597 0 8307349
515162335 11  P 155929 213992 0 8385426
515416703 12  P 133884 198863 0 8394885
516459598 3  P 223746 364461 0 8408667
516465296 8  P 216808 335009 0 8408558
516655424 5  P 125187 223562 0 8414274
517391666 4  P 158078 278205 0 8429467
519058110 9  P 272750 401777 0 8448081
523612518 7  P 285678 466884 0 8533256
527284446 1  P 515485 822735 0 8586401
529435165 13  P 179728 251707 0 8614566
529761999 6  P 251073 409642 0 8634722
531578617 10  P 177474 277087 0 8657563
540470092 2  P 334490 546039 0 8795347
544552943 11  P 175054 239510 0 8866956
548526420 8  P 228475 353867 0 8933843
550667545 9  P 308386 454892 0 8965954
554729316 12  P 151772 224899 0 9038971
554919616 13  P 189020 267338 0 9032094
557737645 1  P 564638 901868 0 9085340
560281715 6  P 258993 427384 0 9134736
561567251 3  P 258793 425603 0 9147702
566740642 7  P 333942 548211 0 9239840
567531736 10  P 199428 311615 0 9246607
569476709 2  P 353010 574416 0 9270579
571763911 4  P 174768 319753 0 9320264
572077323 5  P 148940 264098 0 9322277
575202291 5  P 152366 268866 0 9373475
578675097 1  P 605604 966561 0 9428370
578765623 9  P 333828 494088 0 9426292
582198376 8  P 242774 375725 0 9485501
583060206 13  P 198276 283146 0 9493139
583520350 3  P 294481 480932 0 9507370
584050020 7  P 333942 552535 0 9523425
584574569 6  P 287513 470683 0 9532738
586016082 10  P 205525 320499 0 9549450
592826472 4  P 183300 335868 0 9665342
599307382 12  P 166584 249844 0 9769322
599742534 2  P 375972 614807 0 9766438
601287384 11  P 203351 276127 0 9796483
608615521 11  P 203351 277267 0 9916543
610750491 10  P 220509 343845 0 9954683
615512531 6  P 316930 516676 0 10039610
616874694 13  P 217359 309334 0 10047114
617582236 1  P 638384 1021563 0 10065804
617817725 3  P 331552 540561 0 10069262
617914754 2  P 379701 623369 0 10064152
618780871 5  P 174493 304234 0 10087438
619428534 7  P 358296 590451 0 10103029
622917227 12  P 184518 273737 0 10156128
624720102 4  P 204231 371202 0 10187856
624777358 9  P 370075 547890 0 10180108
631557989 8  P 260781 403580 0 10294163
633903774 9  P 374975 554559 0 10329606
634739497 3  P 335255 550202 0 10346486
637901559 12  P 193184 285375 0 10401626
644187111 5  P 184200 317847 0 10503681
646242800 7  P 374429 615835 0 10542336
646370446 8  P 268202 415864 0 10536842
647044865 13  P 229018 325852 0 10541438
647248824 4  P 231710 414163 0 10556953
648089190 2  P 407663 668844 0 10558511
654066543 1  P 712143 1138884 0 10663542
654250865 10  P 256996 400651 0 10667379
658309349 6  P 348721 566767 0 10740774
658365888 11  P 231743 317757 0 10731616
667159814 7  P 389231 638282 0 10885030
669418653 6  P 364313 590572 0 10922783
672758438 2  P 423286 696665 0 10962676
674995518 8  P 281752 435535 0 11005821
675000939 10  P 280026 432838 0 11007342
676933647 9  P 391098 583257 0 11034595
679056800 1  P 753122 1204984 0 11072961
680218381 5  P 196520 339119 0 11093990
682005094 3  P 348093 578302 0 11120859
682194074 11  P 241089 333082 0 11122010
682889417 4  P 284876 494940 0 11140879
684464038 12  P 223060 324819 0 11164476
685748054 13  P 240723 343677 0 11175534
694130121 3  P 353009 585822 0 11319508
697682952 8  P 295528 459989 0 11377521
697687102 5  P 197269 344535 0 11380187
698073726 12  P 231653 336207 0 11387451
699378504 7  P 402363 662697 0 11412883
699403795 9  P 419672 631611 0 11402670
708028019 6  P 394927 642696 0 11555336
708852251 2  P 444433 733875 0 11554022
709865904 11  P 255870 351029 0 11575373
710248783 4  P 312412 539333 0 11589125
716110186 10  P 322521 499532 0 11680866
717675949 1  P 818694 1309007 0 11705687
718326188 13  P 254880 364454 0 11709277
725833286 3  P 362273 605088 0 11838908
726983219 4  P 336232 576287 0 11863284
729612922 7  P 446960 729787 0 11908229
732173851 2  P 460045 759745 0 11936111
734922742 10  P 326229 507977 0 11989084
739986077 9  P 449536 677772 0 12067573
740167378 8  P 320388 501856 0 12073561
747718373 5  P 216088 375839 0 12199861
747823437 12  P 259434 373408 0 12202531
749216816 13  P 265992 382910 0 12215373
749365720 1  P 855168 1368661 0 12224876
751840640 6  P 427249 695997 0 12273139
754039891 11  P 278060 380078 0 12299106
754635925 12  P 263140 379089 0 12314143
764422671 10  P 368014 568879 0 12472400
765512070 5  P 223875 389802 0 12491381
766276746 8  P 331508 522259 0 12501324
766636678 9  P 457510 692099 0 12504202
769456646 7  P 472280 773458 0 12561012
769490953 11  P 282976 387219 0 12552250
770895733 3  P 373411 629073 0 12577177
770992841 2  P 509751 839583 0 12572094
776476297 1  P 914150 1461700 0 12669045
778012454 6  P 442862 724232 0 12701927
779784089 13  P 286202 409660 0 12716174
781092683 4  P 371303 637367 0 12749784
790008487 2  P 533621 876987 0 12883638
791794965 13  P 289912 416183 0 12912959
795300931 1  P 933805 1493630 0 12977460
796265171 5  P 266195 463913 0 12995206
796625343 4  P 381571 654771 0 13004240
797120344 12  P 282226 406090 0 13010188
797465722 8  P 357571 561627 0 13012287
798683618 9  P 465922 706472 0 13029234
802440994 7  P 498182 816562 0 13101403
804938353 10  P 389768 603074 0 13136189
806989470 3  P 390142 659496 0 13168529
807637452 6  P 455549 745070 0 13187290
809553413 11  P 306387 416522 0 13208623
814395691 8  P 374598 586017 0 13289682
817593359 5  P 273616 476950 0 13344635
817805313 2  P 556644 913720 0 13339053
820824986 6  P 464191 756126 0 13403347
828979703 12  P 298265 429081 0 13532160
829030108 4  P 402741 690111 0 13535163
831085738 11  P 313147 427734 0 13561383
832839851 9  P 476222 725773 0 13588822
834003316 10  P 431418 666780 0 13612377
836566058 7  P 521979 856873 0 13660485
836661377 3  P 392007 669323 0 13654652
840082609 1  P 1015731 1623579 0 13711143
841124563 13  P 313911 454839 0 13721119
843188295 10  P 436325 673220 0 13762861
849466885 13  P 317605 460473 0 13857822
851292205 12  P 312452 448288 0 13897720
852177013 3  P 397576 679968 0 13908856
852280072 4  P 426108 729887 0 13916077
853944076 11  P 321788 441602 0 13935899
854321035 2  P 604301 988212 0 13937306
854909709 7  P 544144 898193 0 13960972
859823710 8  P 394521 619538 0 14033945
864590617 6  P 490851 795892 0 14120381
865589828 9  P 491386 752145 0 14125382
866218404 5  P 299750 519122 0 14141279
872601375 1  P 1076394 1719904 0 14243915
875598762 3  P 403173 692767 0 14292580
879294935 13  P 335471 485729 0 14346515
883808885 2  P 635733 1037522 0 14420409
885754333 4  P 447255 765674 0 14464504
886746886 6  P 502759 817074 0 14483374
888604740 12  P 325999 467547 0 14509024
891546446 5  P 320952 551968 0 14556239
892628530 7  P 569815 942257 0 14578939
897313399 10  P 475318 730992 0 14649630
897406706 9  P 526693 809040 0 14646639
897910714 1  P 1137041 1815579 0 14658573
901350345 11  P 345204 472307 0 14712589
901667480 8  P 411802 646591 0 14719476
909506572 11  P 346416 473743 0 14846215
911591817 13  P 352098 511418 0 14875657
912094115 6  P 526383 850640 0 14898651
916748783 4  P 465796 794435 0 14972305
917555610 2  P 638818 1047173 0 14973299
917847252 7  P 581935 964675 0 14992098
918655831 5  P 338202 577840 0 15000380
920241171 1  P 1156726 1848478 0 15024430
920348783 3  P 430922 741558 0 15025740
922672787 10  P 506894 779975 0 15065105
923995539 8  P 427080 666897 0 15085288
926917926 9  P 546313 836135 0 15130127
929370383 12  P 343279 492491 0 15176907
934258806 2  P 642526 1055264 0 15246956
935374606 5  P 341923 585451 0 15274291
939516507 10  P 524160 808347 0 15341065
940237992 7  P 585660 974506 0 15358933
940746063 9  P 555723 856231 0 15356605
941011110 8  P 433212 675084 0 15364056
942826246 13  P 361945 526923 0 15387385
949449926 6  P 579613 930442 0 15510666
951655034 4  P 498895 845995 0 15544195
951901626 12  P 356850 509813 0 15546047
951912827 11  P 368610 521157 0 15540799
957488879 1  P 1210820 1935120 0 15634689
959209628 3  P 459860 788636 0 15662382
964563698 5  P 353202 606068 0 15752486
967604986 8  P 440645 688868 0 15799747
970540081 2  P 651802 1074717 0 15841374
973385918 12  P 365484 522373 0 15898029
974832617 1  P 1243615 1986981 0 15918842
975293764 6  P 612048 978427 0 15934074
979722292 7  P 598633 998824 0 16005819
983904373 13  P 380083 552532 0 16060392
984120546 11  P 392648 550818 0 16068480
985292942 9  P 593770 914843 0 16086429
987364393 3  P 487399 831904 0 16123687
987420661 4  P 508859 865491 0 16130166
987973506 10  P 568560 874839 0 16134962
1000874696 13  P 390574 566601 0 16338394
1002426283 10  P 579672 891287 0 16371751
1002998749 9  P 604895 931527 0 16376506
1003073674 8  P 455950 711333 0 16380839
1003186275 4  P 524731 890893 0 16388461
1005077705 5  P 379402 647624 0 16416264
1006598252 1  P 1300955 2078470 0 16439274
1007696323 2  P 696062 1140663 0 16450131
1008895719 3  P 494835 846941 0 16476444
1013380353 7  P 606873 1013841 0 16557239
1015557817 12  P 382716 548581 0 16588956
1019412823 11  P 402472 577990 0 16646604
1019825369 6  P 647219 1039145 0 16663649
1024515202 5  P 384295 657003 0 16734709
1026645138 1  P 1349696 2153872 0 16767706
1030730549 9  P 616791 954784 0 16830843
1033619623 2  P 715434 1176931 0 16874805
1034428450 11  P 407386 584698 0 16892614
1038797695 10  P 622135 955499 0 16967652
1039795612 4  P 532149 909182 0 16988253
1040870513 8  P 472640 739486 0 17000081
1041604720 12  P 392518 561731 0 17015693
1046925895 7  P 617379 1033120 0 17106822
1050169997 13  P 414855 599883 0 17146061
1050520820 3  P 552055 938147 0 17158405
1052778452 6  P 687827 1105399 0 17203538
1055333235 3  P 555767 943722 0 17237249
1058831311 6  P 698099 1120827 0 17302705
1060370326 12  P 397428 569419 0 17323137
1063337031 1  P 1424654 2271361 0 17368849
1065269631 7  P 628474 1050030 0 17407355
1067027765 9  P 646604 1004510 0 17425502
1068901761 8  P 481262 754631 0 17459337
1070055615 2  P 736582 1213854 0 17471774
1071780861 5  P 392312 675865 0 17509080
1076248716 4  P 543269 930933 0 17585481
1078594616 10  P 649976 997182 0 17619676
1078701199 13  P 428426 617932 0 17613512
1080272211 11  P 436373 624999 0 17643705
1083807814 12  P 408522 587246 0 17707127
1089246451 9  P 676080 1050594 0 17789524
1090515258 5  P 394178 682253 0 17816009
1093686305 4  P 554373 947922 0 17871170
1095191371 7  P 646363 1076279 0 17897574
1097124366 13  P 434552 625603 0 17915329
1097852744 2  P 774167 1272630 0 17927189
1104636169 8  P 496076 781158 0 18044786
1106345000 10  P 665599 1024072 0 18074325
1108145097 1  P 1506591 2402231 0 18102971
1109356613 6  P 756971 1213096 0 18130487
1111911729 3  P 609884 1030020 0 18164184
1113787862 11  P 457334 652299 0 18192819
1122046457 5  P 414557 714052 0 18332593
1122964983 9  P 689065 1074099 0 18341955
1123316958 1  P 1531179 2441664 0 18351539
1124505277 7  P 650073 1087823 0 18377811
1124778522 6  P 778528 1247523 0 18383154
1125341924 12  P 425741 612249 0 18387613
1127048101 10  P 686928 1057489 0 18413518
1137022185 11  P 472103 670132 0 18573484
1138982436 13  P 466046 666384 0 18601134
1139026813 8  P 503487 797677 0 18608229
1141436217 4  P 559798 966719 0 18653484
1141505562 3  P 661240 1108919 0 18649029
1143711996 2  P 809875 1334396 0 18678523
1146200315 6  P 801526 1283077 0 18734125
1146969994 10  P 704419 1086075 0 18739901
1148443015 3  P 673714 1127898 0 18762690
1149782077 13  P 473482 677497 0 18778072
1150355830 9  P 712118 1110581 0 18790708
1154972642 7  P 661206 1108610 0 18876990
1158308653 2  P 833676 1371179 0 18917670
1158792449 8  P 522825 827612 0 18932053
1164879478 1  P 1563967 2497517 0 19032490
1165316843 5  P 430619 742168 0 19041501
1166407781 4  P 570079 986293 0 19062609
1168350311 11  P 489963 695792 0 19086735
1169776601 12  P 447595 640978 0 19115612
1174990931 11  P 493651 701311 0 19195532
1181563995 5  P 434323 750251 0 19307661
1183467542 4  P 570079 991078 0 19342108
1184169070 6  P 858343 1373230 0 19356183
1184526613 3  P 707047 1182199 0 19353860
1189745375 12  P 453714 648646 0 19442770
1192426374 1  P 1629545 2600876 0 19483801
1199173189 10  P 729743 1126703 0 19595186
1199496528 9  P 747284 1168479 0 19595808
1200425788 7  P 677897 1139159 0 19621679
1200571411 2  P 873612 1437109 0 19610070
1201901743 8  P 559807 885105 0 19638331
1203341854 13  P 499361 713238 0 19655583
1208809075 9  P 763676 1195066 0 19748378
1214604940 8  P 565905 892322 0 19846440
1217420974 5  P 453624 784405 0 19895148
1217563935 10  P 735861 1136246 0 19896490
1219924587 2  P 904930 1482933 0 19927146
1222175871 7  P 682806 1149129 0 19978016
1222796027 4  P 582231 1016380 0 19986445
1225276580 12  P 466024 669170 0 20024880
1226959687 11  P 515804 732950 0 20046969
1231774208 1  P 1693459 2703953 0 20128457
1233935703 13  P 508628 737919 0 20156809
1234919117 6  P 890802 1426199 0 20187651
1235068151 3  P 740143 1238819 0 20181912
1236798191 10  P 756419 1165511 0 20211617
1237121439 9  P 802639 1252728 0 20212233
1239869609 2  P 920559 1508715 0 20253889
1241968379 5  P 464325 802477 0 20297318
1243662799 11  P 523233 743965 0 20320623
1243854762 12  P 472160 676493 0 20329254
1245512958 6  P 890802 1428568 0 20361215
1245661755 3  P 755967 1262126 0 20355471
1249279371 13  P 516041 748601 0 20408197
1252254772 7  P 695152 1168729 0 20470795
1256198618 8  P 585144 926002 0 20527879
1260358494 4  P 598633 1048872 0 20601851
1261306706 1  P 1744283 2784513 0 20612304
1267089362 8  P 591921 935274 0 20706305
1267816943 1  P 1760675 2809943 0 20718965
1270110755 10  P 789980 1217138 0 20757398
1273240954 11  P 539914 765296 0 20805218
1275434823 6  P 919102 1470441 0 20851429
1276955350 4  P 615681 1076937 0 20873768
1282974273 3  P 782742 1306566 0 20966779
1285102677 2  P 949135 1557941 0 20994980
1287160186 7  P 734210 1241577 0 21042580
1287777702 9  P 839329 1313983 0 21042105
1290484009 5  P 471887 822031 0 21092171
1291823472 12  P 499349 712698 0 21115153
1292451205 13  P 538177 778764 0 21115504
1297887830 6  P 922809 1480203 0 21219284
1298144491 7  P 762520 1285375 0 21222545
1299183963 9  P 843019 1321405 0 21228979
1302124684 13  P 544483 788808 0 21273963
1306714058 12  P 504294 720201 0 21359113
1307687153 5  P 477443 832396 0 21374016
1308077453 4  P 659053 1144884 0 21383659
1309943464 1  P 1832813 2925228 0 21409124
1310433063 8  P 606125 961764 0 21416419
1310493260 2  P 971931 1593716 0 21410954
1312130460 3  P 790175 1322101 0 21444462
1316423069 10  P 832823 1282645 0 21516163
1319522158 11  P 571235 807579 0 21563472
1324890304 4  P 690810 1193670 0 21659110
1326995509 1  P 1865592 2977630 0 21688511
1330566929 10  P 840241 1293772 0 21747893
1337421555 5  P 483312 845311 0 21861168
1337558020 8  P 618397 981521 0 21860811
1338979758 12  P 521542 743578 0 21887730
1340340966 6  P 942953 1510628 0 21914814
1341993282 2  P 973796 1602762 0 21927025
1342684054 9  P 882224 1386568 0 21941644
1342959671 3  P 805047 1346232 0 21949542
1344160289 7  P 818573 1383689 0 21976432
1345365894 11  P 585423 828205 0 21986882
1352013722 13  P 573465 826766 0 22091356
1354871458 9  P 902783 1414953 0 22141317
1358720054 10  P 845807 1315952 0 22209149
1359504457 1  P 1937724 3091170 0 22221133
1359636226 8  P 624501 991774 0 22222517
1360013687 13  P 578390 832555 0 22222421
1362198488 12  P 530125 756841 0 22268135
1365709674 3  P 812456 1360304 0 22322270
1367733899 5  P 491921 859532 0 22357790
1369727626 2  P 992342 1632110 0 22381410
1371144557 7  P 850583 1435238 0 22418530
1373811887 4  P 722623 1246088 0 22460615
1376919162 6  P 962276 1544123 0 22514101
1378103092 11  P 598971 847162 0 22523239
1391468043 4  P 745008 1281041 0 22749887
1392996517 9  P 936439 1465570 0 22765937
1393786792 3  P 816167 1372738 0 22782279
1394184745 6  P 988374 1584237 0 22796971
1394673120 10  P 859377 1336446 0 22798187
1395808414 8  P 641789 1017191 0 22815131
1397560594 13  P 599366 860836 0 22837578
1397819045 11  P 613199 865433 0 22846264
1399328408 5  P 504002 883878 0 22875403
1399457646 1  P 1995089 3183240 0 22875713
1400585479 7  P 878539 1476719 0 22900874
1405790633 2  P 1010808 1667890 0 22972245
1406823513 12  P 548567 782282 0 22999261
1416955392 5  P 513262 899150 0 23164197
1417714105 12  P 552846 786077 0 23177689
1420381554 11  P 625686 883264 0 23215920
1421341457 6  P 1010641 1620633 0 23241886
1421755036 7  P 890148 1496993 0 23247688
1422610655 10  P 866128 1349802 0 23255912
1423194703 1  P 2060630 3285704 0 23264587
1428431053 2  P 1043937 1719101 0 23343174
1430762124 9  P 958179 1500211 0 23384665
1434733564 4  P 776221 1334759 0 23458724
1435105365 8  P 669997 1060562 0 23458944
1443310672 13  P 622193 892355 0 23587130
1443942926 3  P 823578 1394770 0 23604013
1447730302 8  P 677412 1072930 0 23665780
1449060607 13  P 627741 900170 0 23681333
1450552362 3  P 827304 1401233 0 23712299
1450800847 7  P 923992 1552579 0 23723576
1451586048 11  P 640455 902064 0 23727140
1454169262 4  P 803309 1377172 0 23777149
1456684101 9  P 983199 1540755 0 23809350
1461548266 10  P 894401 1395123 0 23893856
1462837483 2  P 1055836 1743347 0 23906876
1466495389 12  P 577672 821435 0 23976896
1470247643 6  P 1042854 1677163 0 24043136
1471437086 5  P 528088 942708 0 24056759
1472348229 1  P 2116373 3376259 0 24069929
1477881578 11  P 647892 916027 0 24157980
1478326192 13  P 644994 923424 0 24160805
1479238383 7  P 948798 1595238 0 24189444
1483051360 1  P 2132764 3402262 0 24245280
1483673154 10  P 909591 1417961 0 24256347
1488141933 9  P 1023441 1616101 0 24324719
1488292226 12  P 582566 829656 0 24334003
1489993674 2  P 1083045 1788752 0 24351797
1492608929 5  P 538971 959508 0 24403631
1496264906 4  P 858756 1459147 0 24466827
1499027157 8  P 700187 1107357 0 24506176
1502911795 3  P 843552 1432335 0 24570127
1502935155 6  P 1052106 1695589 0 24578674
1504425827 7  P 973117 1633978 0 24602101
1505661753 3  P 843552 1432926 0 24615181
1505662736 11  P 663314 936466 0 24613134
1510095079 10  P 915163 1430503 0 24689234
1511561726 4  P 868798 1477446 0 24717449
1515202750 5  P 546402 972748 0 24773792
1522969210 8  P 707599 1121188 0 24898414
1525762616 9  P 1059616 1672175 0 24941072
1527806039 2  P 1131974 1867204 0 24971294
1531479767 12  P 604755 859750 0 25041570
1531685614 13  P 670961 962427 0 25035038
1531707588 1  P 2237642 3567836 0 25042432
1532903847 6  P 1065878 1720722 0 25069670
1537227905 2  P 1135694 1874772 0 25125658
1539192446 9  P 1081569 1717119 0 25161088
1540698497 12  P 609664 865717 0 25192605
1542563613 5  P 555458 989605 0 25222032
1547707577 7  P 1014925 1701122 0 25311202
1547833690 3  P 851748 1455615 0 25306109
1549560210 6  P 1069586 1729337 0 25342558
1550527205 8  P 715018 1136348 0 25349909
1550865970 11  P 687476 972632 0 25353732
1551968057 4  P 908678 1541998 0 25379440
1555376279 10  P 934867 1482301 0 25430907
1559560602 13  P 683253 979572 0 25491737
1563629487 1  P 2278632 3633102 0 25565422
1563812209 9  P 1105387 1755515 0 25564448
1567583718 3  P 856662 1468214 0 25629681
1569363694 7  P 1065185 1783107 0 25665998
1570108737 4  P 945422 1597582 0 25676636
1571438307 2  P 1150215 1901051 0 25686144
1571841391 6  P 1077038 1743255 0 25707604
1572261554 8  P 720595 1147451 0 25705983
1572657543 10  P 939764 1490451 0 25714038
1572901650 12  P 623853 887005 0 25720201
1579859395 5  P 565571 1008808 0 25833077
1583095469 1  P 2311383 3686899 0 25884336
1585100687 11  P 707873 1001719 0 25914609
1591436003 13  P 696283 1001055 0 26013967
1596863710 7  P 1077075 1806697 0 26116544
1602276570 12  P 644822 914074 0 26201462
1602748500 13  P 699992 1008841 0 26199297
1605535727 1  P 2352369 3751905 0 26251994
1612480359 8  P 733573 1172335 0 26364896
1615743750 2  P 1182673 1956606 0 26412019
1615968418 4  P 1008975 1695816 0 26427976
1617163300 11  P 721407 1021274 0 26439913
1617187189 9  P 1166450 1862425 0 26438851
1618974198 3  P 875234 1503968 0 26471635
1619218722 5  P 578924 1033282 0 26477923
1620485599 10  P 952793 1517790 0 26497639
1623870329 12  P 657123 930663 0 26555245
1625013203 6  P 1116698 1806848 0 26578745
1625931123 2  P 1193808 1972491 0 26578925
1627036681 3  P 878953 1510137 0 26603726
1627827307 1  P 2399905 3826813 0 26617208
1634751231 10  P 963871 1534017 0 26731365
1635491926 8  P 754101 1202992 0 26741902
1637429140 9  P 1188402 1898959 0 26770482
1639210206 11  P 731891 1036893 0 26801121
1640639115 13  P 713038 1033408 0 26820081
1640796899 5  P 589917 1052120 0 26831436
1643109092 4  P 1034786 1738329 0 26872631
1649779617 7  P 1139283 1904724 0 26983486
1654513186 6  P 1138110 1841997 0 27062059
1656401582 12  P 673182 955405 0 27088219
1661712353 2  P 1221969 2018459 0 27165145
1664439559 13  P 727226 1052799 0 27210025
1666718781 5  P 599771 1068332 0 27256124
1666802408 3  P 884518 1527536 0 27255222
1668465648 9  P 1214467 1939831 0 27278969
1668501279 10  P 969422 1548332 0 27284316
1669553840 11  P 750345 1059541 0 27298267
1669671649 4  P 1072072 1794071 0 27307818
1674801206 7  P 1158150 1936296 0 27393431
1676848225 1  P 2491665 3973410 0 27420327
1678638186 6  P 1152516 1865659 0 27457316
1680339686 8  P 785250 1255851 0 27476659
1684563811 10  P 981771 1567332 0 27547479
1685634287 2  P 1243393 2065370 0 27556917
1687294461 6  P 1156224 1872102 0 27599138
1689886576 8  P 787132 1260011 0 27633070
1691757090 11  P 759582 1074330 0 27662034
1693391170 5  P 616370 1093234 0 27693104
1694046422 4  P 1105741 1842918 0 27707164
1696964077 12  P 694135 984089 0 27752789
1700592249 13  P 740738 1072080 0 27802335
1707957612 1  P 2557214 4077542 0 27930009
1708161757 3  P 891323 1547232 0 27932828
1708316877 7  P 1180117 1974807 0 27942542
1708825051 9  P 1227457 1963946 0 27940202
1714977894 2  P 1262747 2097495 0 28037661
1715717348 6  P 1173123 1901652 0 28064787
1716439229 10  P 1002710 1598068 0 28069712
1716905814 4  P 1129543 1880977 0 28081680
1717916569 7  P 1193225 1997087 0 28099820
1721105262 8  P 839211 1341536 0 28144535
1721238833 1  P 2565414 4091660 0 28147603
1724991327 11  P 777479 1100028 0 28206529
1728028159 9  P 1234884 1978211 0 28254817
1728482846 13  P 754939 1099463 0 28259288
1736099340 3  P 913422 1583083 0 28390539
1738339510 12  P 708311 1083025 0 28430632
1742359350 5  P 634471 1125592 0 28495361
1747984313 5  P 638195 1131129 0 28587520
1748693098 3  P 918970 1594066 0 28596860
1751613783 7  P 1224706 2043693 0 28651893
1761218056 6  P 1182421 1922797 0 28810240
1761611092 10  P 1019414 1627853 0 28809795
1766405972 4  P 1184905 1965738 0 28892674
1767181175 2  P 1316425 2182508 0 28892926
1768120687 12  P 720688 1102144 0 28918559
1768589649 8  P 925811 1475504 0 28922498
1769804538 1  P 2625686 4190641 0 28943283
1769857882 13  P 771681 1126574 0 28937165
1770837005 11  P 792296 1126327 0 28957622
1771778183 9  P 1244156 2000035 0 28971596
1777620189 2  P 1320135 2188973 0 29063930
1778410681 1  P 2633865 4204046 0 29084284
1780464471 12  P 726281 1111688 0 29120792
1782210104 11  P 801540 1139699 0 29143987
1783687487 5  P 647499 1149745 0 29172442
1786231288 9  P 1249706 2009392 0 29208385
1793066933 7  P 1244477 2076621 0 29331036
1795905933 4  P 1201708 1997378 0 29375978
1799833623 3  P 945632 1639985 0 29434713
1800548573 10  P 1026848 1644755 0 29447741
1801264146 13  P 782818 1145752 0 29451716
1803199024 8  P 977955 1556901 0 29489514
1805044520 6  P 1225099 1993552 0 29528296
1808960078 11  P 819276 1164091 0 29582245
1812292623 12  P 741137 1135026 0 29642253
1816013261 6  P 1241478 2020196 0 29708003
1819583617 3  P 951221 1650480 0 29758287
1819718482 4  P 1225440 2032589 0 29766116
1828270470 13  P 795832 1165784 0 29894180
1828707533 7  P 1273442 2121388 0 29914962
1828902646 8  P 1016468 1636912 0 29910619
1829203149 5  P 672202 1187464 0 29918135
1830524796 2  P 1346835 2234819 0 29930720
1830934443 9  P 1260809 2033197 0 29940776
1831298676 10  P 1044146 1669538 0 29951537
1831507617 1  P 2728957 4353877 0 29954201
1835431091 2  P 1348699 2238699 0 30011100
1835669572 6  P 1245201 2028575 0 30030041
1836302349 3  P 968672 1677552 0 30032202
1838645092 1  P 2748627 4384757 0 30071140
1844921603 4  P 1240828 2060651 0 30179028
1846356358 9  P 1268261 2046887 0 30193443
1849189221 10  P 1057162 1689995 0 30244651
1852167613 12  P 758990 1162623 0 30295552
1858904800 13  P 808820 1187673 0 30396088
1859058904 8  P 1048952 1688670 0 30404681
1859723205 7  P 1290253 2150336 0 30423107
1860866328 11  P 843358 1202944 0 30432651
1863640613 5  P 715763 1252355 0 30482323
1865812114 4  P 1283882 2127166 0 30521289
1866051222 7  P 1298444 2164258 0 30526783
1868556172 2  P 1372506 2280943 0 30553795
1870434478 9  P 1277546 2063441 0 30587936
1872764144 13  P 818684 1199167 0 30623150
1873480171 12  P 766388 1174273 0 30644728
1877093774 5  P 719474 1258966 0 30702735
1877720505 10  P 1078856 1730914 0 30711936
1881061172 1  P 2812582 4487128 0 30766056
1882052405 3  P 974273 1696404 0 30781742
1889616383 11  P 859988 1227444 0 30903681
1890075800 6  P 1261914 2070858 0 30921368
1893574549 8  P 1064319 1711558 0 30970157
1896250006 5  P 728088 1271946 0 31016574
1896762586 9  P 1284323 2076092 0 31019280
1896825846 6  P 1265628 2077613 0 31031955
1897496343 8  P 1064319 1712944 0 31034410
1905561015 13  P 831021 1217368 0 31160492
1908204845 10  P 1119276 1790611 0 31211373
1909230176 12  P 785548 1200029 0 31230442
1909290450 2  P 1402939 2333645 0 31221151
1911678901 11  P 869814 1238988 0 31265142
1911905932 4  P 1318808 2188181 0 31276466
1918676244 7  P 1335987 2229221 0 31388949
1919599156 3  P 985416 1719692 0 31396893
1921132627 1  P 2884679 4601628 0 31422563
1927296931 5  P 773937 1343588 0 31525220
1930461853 1  P 2902720 4630208 0 31575407
1931022626 11  P 878455 1251268 0 31582062
1935468369 4  P 1355320 2242573 0 31662502
1935556101 2  P 1423449 2368597 0 31651471
1939311005 13  P 846405 1237899 0 31713435
1941621408 8  P 1078468 1734096 0 31757340
1942333543 3  P 989138 1728777 0 31769363
1944246911 9  P 1311618 2117654 0 31797223
1945512331 12  P 799794 1222534 0 31824858
1946328045 10  P 1174303 1876495 0 31835959
1947363744 7  P 1346498 2246868 0 31858939
1947561337 6  P 1286015 2115664 0 31863182
1953532927 10  P 1178010 1882183 0 31954004
1958183234 12  P 803479 1229102 0 32032469
1958699422 8  P 1085881 1745530 0 32037141
1959593422 4  P 1384137 2289474 0 32057761
1961321888 2  P 1448910 2410683 0 32073602
1964194493 11  P 893818 1272468 0 32125535
1965316952 1  P 2945325 4700286 0 32146456
1966325772 6  P 1289721 2130269 0 32170558
1970393856 9  P 1328425 2144435 0 32225601
1972660556 7  P 1357663 2266081 0 32273389
1973302382 3  P 996533 1746234 0 32276733
1973534044 5  P 826782 1443625 0 32282708
1980427677 13  P 868001 1268399 0 32387077
1984245741 12  P 816464 1248965 0 32459463
1985074983 9  P 1332127 2152549 0 32466123
1987052768 3  P 1003964 1759059 0 32502003
1987652635 8  P 1100480 1769807 0 32511495
1990556204 2  P 1489794 2475754 0 32552556
1992018994 5  P 867031 1525119 0 32585548
1992060138 6  P 1291564 2138187 0 32592179
1992100647 11  P 909165 1292128 0 32582739
1993280922 4  P 1427386 2357845 0 32609683
2000893814 10  P 1195492 1915949 0 32729925
2007832588 1  P 3033830 4840999 0 32843007
2013061076 13  P 885904 1294251 0 32921731
2014098157 7  P 1372552 2293547 0 32952284
2015215740 9  P 1353323 2198967 0 32959929
2015886390 12  P 839247 1278289 0 32977849
2016015614 5  P 901433 1573435 0 32978701
2018545396 13  P 887115 1295272 0 33011583
2018793583 11  P 922748 1310322 0 33020067
2021421489 4  P 1454262 2397222 0 33070734
2023285787 1  P 3042020 4855854 0 33096182
2029962451 2  P 1514673 2517453 0 33198173
2033318431 3  P 1043832 1823342 0 33259997
2038145003 7  P 1379977 2308601 0 33346257
2040939214 10  P 1214179 1948430 0 33386026
2042973562 8  P 1140727 1833820 0 33417838
2044169547 6  P 1308237 2170602 0 33445908
2045165529 2  P 1520259 2527563 0 33447249
2047053813 11  P 936995 1331260 0 33483076
2047404725 13  P 904351 1318529 0 33484405
2052575839 6  P 1313155 2176660 0 33583636
2057156298 5  P 966297 1673535 0 33652720
2058910747 1  P 3107674 4959754 0 33679851
2060564296 10  P 1214376 1953591 0 33707551
2060573937 12  P 856438 1299965 0 33709988
2062871899 9  P 1388433 2255058 0 33740703
2063765329 4  P 1491189 2455614 0 33764480
2064043294 8  P 1155923 1882631 0 33763025
2064505992 3  P 1068954 1867289 0 33770953
2073770524 7  P 1392414 2328301 0 33929917
2074267339 10  P 1221815 1965339 0 33932056
2074837460 2  P 1533217 2550083 0 33933376
2078716560 8  P 1162480 1896058 0 34003395
2079863759 7  P 1394278 2331970 0 34029745
2082296549 4  P 1498601 2468062 0 34068090
2084824994 9  P 1407122 2283965 0 34100369
2087803809 11  P 954232 1355416 0 34150712
2096828579 5  P 1014032 1746108 0 34302681
2097290887 1  P 3181410 5075907 0 34308663
2101875001 13  P 932743 1359776 0 34376798
2102278968 6  P 1327139 2210177 0 34397894
2103386371 12  P 883933 1337802 0 34411409
2105027515 3  P 1103944 1922645 0 34434835
2108187928 5  P 1023970 1758791 0 34488788
2110292607 12  P 888869 1343779 0 34524555
2110941885 7  P 1409656 2353945 0 34538913
2110999577 4  P 1516999 2494780 0 34538345
2115631993 11  P 973375 1381258 0 34606633
2116064236 10  P 1242747 1996254 0 34616837
2118075844 6  P 1335771 2223071 0 34656694
2119356311 9  P 1424958 2311785 0 34666112
2119748507 13  P 937002 1366077 0 34669656
2121734227 3  P 1135969 1972107 0 34708551
2126306233 2  P 1556977 2596357 0 34776613
2127577786 1  P 3222395 5142559 0 34804867
2131074403 8  P 1204524 1957883 0 34861227
2133605096 12  P 901902 1363349 0 34906499
2139712474 2  P 1564355 2608221 0 34996251
2140595756 4  P 1543847 2540348 0 35023230
2140769722 3  P 1150796 1995334 0 35020415
2140879378 7  P 1420148 2371871 0 35029391
2143293757 9  P 1442985 2337746 0 35058294
2144454749 10  P 1249561 2009869 0 35081972
2145266118 5  P 1043231 1788183 0 35096256
2152590117 8  P 1221386 1984095 0 35213730
2153372650 6  P 1367403 2273540 0 35234983
2158170337 13  P 963526 1400910 0 35299145
2158914397 1  P 3301111 5265932 0 35318270
2165647640 11  P 993139 1411727 0 35426076
2168093260 4  P 1565478 2576667 0 35473736
2168578612 5  P 1057000 1811611 0 35478192
2168645014 7  P 1436210 2396538 0 35484290
2171811051 13  P 967241 1407768 0 35522630
2172551346 1  P 3328973 5309830 0 35541695
2178673648 10  P 1260732 2031862 0 35642595
2179493764 2  P 1582877 2640283 0 35648008
2182584146 3  P 1193067 2069130 0 35705460
2187716625 8  P 1243234 2020173 0 35789192
2187762606 9  P 1474189 2391676 0 35786841
2188679310 11  P 1005533 1429899 0 35803404
2191355168 12  P 933417 1407128 0 35852647
2194060211 6  P 1410735 2342471 0 35901573
2198295348 13  P 979620 1424844 0 35956543
2201346125 5  P 1073204 1834598 0 36015030
2201949450 8  P 1250629 2030407 0 36022403
2204528864 6  P 1418934 2357161 0 36073086
2204952720 4  P 1605677 2656066 0 36077607
2205189118 10  P 1273075 2050488 0 36077014
2209318535 3  P 1215015 2106065 0 36143458
2211634384 2  P 1590295 2657375 0 36174577
2216200078 9  P 1516707 2454621 0 36252750
2217230102 12  P 950642 1429811 0 36276568
2220566874 7  P 1452255 2430034 0 36334937
2220851175 11  P 1023461 1469953 0 36330489
2223584918 1  P 3403100 5429933 0 36377805
2226632337 11  P 1024673 1470774 0 36425207
2228266012 5  P 1097383 1876336 0 36456063
2229370293 2  P 1595870 2667943 0 36465122
2231106332 9  P 1549863 2503257 0 36496964
2232223238 1  P 3435871 5480472 0 36519334
2233889197 13  P 996333 1471572 0 36539679
2239064231 10  P 1284245 2072788 0 36632012
2239262540 12  P 958040 1442208 0 36637521
2244363709 7  P 1463362 2448854 0 36724811
2250732111 6  P 1455058 2417707 0 36830058
2252043292 8  P 1265484 2061618 0 36843100
2252702846 4  P 1652748 2731813 0 36859920
2253740445 3  P 1270148 2192662 0 36871239
2257355130 12  P 961769 1450580 0 36933944
2269528900 6  P 1470875 2443470 0 37138015
2271863874 1  P 3501425 5585518 0 37168783
2274009342 2  P 1610695 2703418 0 37196473
2274609073 4  P 1663027 2752247 0 37218820
2274648013 11  P 1045077 1512691 0 37211887
2275441837 7  P 1488276 2493962 0 37233963
2276090158 8  P 1274760 2078193 0 37237060
2277345845 13  P 1020435 1507827 0 37251654
2277662288 3  P 1311476 2254458 0 37263159
2278923623 10  P 1297841 2095606 0 37285058
2282437891 5  P 1127352 1923808 0 37343584
2283340698 9  P 1628359 2623516 0 37352744
2285435159 6  P 1470875 2446785 0 37398609
2291325041 9  P 1639496 2637841 0 37483559
2299183250 12  P 977118 1473341 0 37619232
2299379355 7  P 1501623 2525189 0 37626136
2300639571 13  P 1033407 1526969 0 37633292
2301717101 8  P 1284598 2092667 0 37656876
2302452772 4  P 1708889 2823539 0 37675001
2303024942 2  P 1627375 2729829 0 37671845
2306321882 1  P 3555522 5673169 0 37733304
2307762407 11  P 1059278 1533894 0 37754417
2308236113 10  P 1312633 2114812 0 37765305
2308615302 3  P 1344560 2307251 0 37770286
2313719208 5  P 1137803 1940836 0 37856077
2314384262 2  P 1627375 2732677 0 37857952
2316084042 3  P 1356491 2325721 0 37892652
2322515226 4  P 1722614 2846644 0 38003696
2326498947 13  P 1046953 1544918 0 38056967
2327918320 8  P 1297714 2115298 0 38086165
2330559425 9  P 1664233 2679126 0 38126364
2335214496 12  P 993785 1498988 0 38209559
2337469164 5  P 1149163 1958767 0 38245185
2339845446 10  P 1324318 2132804 0 38283183
2340348347 1  P 3603052 5749725 0 38290775
2341363686 7  P 1543002 2591458 0 38313993
2343444936 11  P 1082086 1564358 0 38339031
2345232035 6  P 1498634 2493027 0 38378283
2347621351 3  P 1398577 2394896 0 38409343
2348012537 9  P 1669153 2686270 0 38412307
2348090112 8  P 1304509 2125632 0 38416640
2348255819 7  P 1543002 2592663 0 38426885
2348543790 11  P 1087635 1571941 0 38422567
2353980511 12  P 1004912 1515607 0 38517005
2355607050 6  P 1502363 2499596 0 38548264
2357781638 5  P 1155272 1978312 0 38577832
2360301355 1  P 3668896 5852043 0 38617680
2365783205 13  P 1069751 1575917 0 38700586
2366249660 4  P 1753882 2899797 0 38720212
2373007409 10  P 1346468 2163985 0 38826497
2374181046 2  P 1651582 2780318 0 38837630
2375406708 5  P 1162723 1990748 0 38866591
2378308810 8  P 1335037 2172364 0 38911725
2383101204 11  P 1102405 1590592 0 38988749
2383631589 1  P 3680365 5871976 0 38999917
2385352956 2  P 1651582 2783086 0 39020658
2389904716 9  P 1680790 2706635 0 39098619
2392343375 4  P 1794567 2959302 0 39147719
2392371205 12  P 1027781 1545954 0 39145982
2396357009 6  P 1525291 2538278 0 39215886
2397204927 10  P 1353467 2178752 0 39222938
2397396479 3  P 1419752 2433195 0 39224832
2398863741 7  P 1571559 2640692 0 39256045
