248513770 5  P 14955 29857 0 4021234
250277922 13  P 20696 31180 0 4040959
252401636 6  P 33032 57826 0 4090618
255705682 7  P 68089 101559 0 4144121
256087878 8  P 41710 59977 0 4142805
272822140 12  P 22778 38675 0 4420337
272943443 1  P 50289 84811 0 4419357
280171305 10  P 29243 46766 0 4538611
280403763 4  P 40042 69918 0 4546778
281148263 2  P 75757 114842 0 4546806
283097510 3  P 54966 95239 0 4585242
285114488 11  P 20728 36335 0 4616426
287064573 9  P 96124 135538 0 4647259
295526774 9  P 103359 146534 0 4785896
298301011 3  P 58695 102196 0 4834321
299413865 2  P 95098 142823 0 4846062
303268684 7  P 123661 186823 0 4923360
306013083 4  P 51166 87259 0 4966352
322666944 8  P 117037 172047 0 5233575
330098840 11  P 24439 45941 0 5353439
330591918 5  P 25566 53948 0 5365941
330823543 6  P 44951 89586 0 5375448
332843224 10  P 47851 78431 0 5401573
333487626 1  P 128965 210531 0 5411310
336837663 12  P 29748 55847 0 5469150
343184197 13  P 31755 52205 0 5563125
348786411 11  P 35582 62241 0 5659612
348935356 4  P 65527 115632 0 5669548
353551541 3  P 123105 199868 0 5739507
356013823 5  P 31705 63704 0 5782441
357815756 1  P 186334 300979 0 5809893
358874415 10  P 55264 92829 0 5828060
361619038 2  P 133771 208410 0 5865159
362137386 13  P 44098 68079 0 5873648
367878105 7  P 210802 314727 0 5981885
371448631 9  P 139729 204998 0 6029752
377996074 6  P 93725 167042 0 6148302
378166980 8  P 140495 209241 0 6142863
390447088 12  P 34663 67640 0 6347464
395104442 8  P 142361 222068 0 6420295
396895215 3  P 137281 224698 0 6449616
401228882 1  P 235514 380234 0 6521161
403511271 9  P 165944 244521 0 6555044
405884554 12  P 39558 73983 0 6600389
408606605 13  P 68751 101173 0 6634980
409918297 6  P 156716 263415 0 6671288
425112395 7  P 239347 358669 0 6919561
425420657 5  P 70303 130229 0 6919548
427461033 2  P 181010 281916 0 6943894
432999827 10  P 86744 144261 0 7042494
433014011 4  P 111574 197303 0 7047034
440771331 11  P 61000 101959 0 7166665
453209662 1  P 312588 502733 0 7372792
454279960 5  P 82694 148876 0 7392359
456208704 11  P 69203 114646 0 7419589
456592167 4  P 130706 229363 0 7433321
457635043 12  P 62836 104574 0 7448239
458604996 9  P 214413 315455 0 7457653
459364115 3  P 190475 311215 0 7473056
460277625 6  P 210707 345684 0 7496351
462794370 13  P 100205 142620 0 7522773
470729432 8  P 187760 312575 0 7659279
483054771 2  P 186566 301138 0 7854718
484801031 10  P 114697 192071 0 7891179
490504716 7  P 284411 444503 0 7990852
494466228 13  P 117477 165925 0 8041675
495261992 6  P 231010 383027 0 8069514
503348407 3  P 234504 381409 0 8193676
503698694 9  P 236579 349154 0 8196439
504202261 5  P 114588 195866 0 8210254
505556905 12  P 85649 136884 0 8233374
509638917 4  P 185846 315169 0 8302406
517836037 2  P 193562 319262 0 8424551
523393671 7  P 325212 507643 0 8529702
527057498 8  P 224384 368900 0 8582122
533036958 11  P 97461 155979 0 8678316
540125458 10  P 151622 249333 0 8797596
541753278 1  P 456349 732390 0 8823457
544601733 2  P 202862 337376 0 8863064
548062925 10  P 154032 250895 0 8927641
549096984 1  P 464551 745917 0 8943775
554074517 6  P 271221 446970 0 9033055
564780285 5  P 136849 233893 0 9202689
570443523 11  P 122146 189801 0 9291165
577447956 12  P 139137 208104 0 9411202
579823884 9  P 285995 422029 0 9443625
582167021 8  P 256214 422251 0 9484987
583731968 13  P 180811 256102 0 9504173
588799896 7  P 385820 604823 0 9601293
589148758 3  P 350714 564209 0 9599377
593374779 4  P 220159 380461 0 9674269
593574438 6  P 296521 485596 0 9680195
597016073 10  P 181522 294211 0 9729668
597952251 5  P 159216 268765 0 9746153
602206320 1  P 564080 901611 0 9813906
605951433 4  P 223880 388449 0 9880338
609396683 11  P 136928 211369 0 9929356
614820843 2  P 224021 382460 0 10013494
622011728 9  P 303530 445834 0 10134794
622651785 8  P 298087 488001 0 10148254
626639265 13  P 218828 312927 0 10207136
637989530 3  P 432966 690373 0 10399547
638727976 7  P 433853 678552 0 10419291
641777114 12  P 166230 247349 0 10465132
646128607 1  P 605056 968982 0 10533518
647222302 7  P 433853 680036 0 10558452
649139320 4  P 227588 401452 0 10587901
649698585 8  P 342193 554813 0 10591380
650786362 3  P 456743 725664 0 10609204
653444000 11  P 159729 244754 0 10651005
661560503 13  P 238139 338058 0 10779283
669782145 10  P 203983 334804 0 10921836
681140735 6  P 343366 569579 0 11114794
681477172 2  P 239778 418282 0 11105567
682901491 12  P 182285 271597 0 11138899
690433605 9  P 339028 497248 0 11255767
691093275 5  P 223640 375283 0 11272109
701735217 10  P 217937 361445 0 11445337
703187063 5  P 226062 378068 0 11470249
705629046 1  P 711590 1137517 0 11508350
707060518 13  P 262805 371763 0 11524740
710542323 8  P 385915 639322 0 11588176
716471756 6  P 400574 671826 0 11693507
720168027 9  P 349626 515596 0 11742917
721299034 4  P 283548 495411 0 11770128
721569042 11  P 196720 290951 0 11767132
722519169 7  P 510419 812357 0 11792063
736073403 12  P 218597 318506 0 12010041
736348880 3  P 525753 843179 0 12010985
739242730 2  P 253748 453187 0 12051955
749701974 4  P 321361 556099 0 12235469
752273970 2  P 257439 460794 0 12265453
755326146 13  P 293639 410983 0 12315499
756339839 9  P 366891 541624 0 12335537
764213974 12  P 236452 343727 0 12471089
769376579 6  P 435094 736543 0 12560248
775584605 5  P 260499 437664 0 12656367
777068969 11  P 226323 337814 0 12676390
785456589 7  P 567323 902001 0 12823192
789630281 3  P 566282 908641 0 12883926
790463678 1  P 826282 1322407 0 12898243
792837118 10  P 278743 450620 0 12937916
792854894 8  P 441064 743776 0 12936716
794307977 8  P 441064 744017 0 12960520
804248067 13  P 322110 447062 0 13117009
805027285 9  P 386664 574517 0 13133210
806614587 3  P 576519 927403 0 13162190
808840581 6  P 445594 765048 0 13206753
816987916 7  P 590709 940203 0 13339779
818707180 1  P 867258 1388215 0 13360972
823287808 11  P 245311 365428 0 13433626
827380234 2  P 294971 531626 0 13495955
828530847 5  P 301956 502895 0 13523808
837672731 10  P 322889 518491 0 13672488
839436222 4  P 383813 660692 0 13705617
841159572 12  P 283390 409671 0 13731736
844308580 9  P 400929 596740 0 13776753
864792171 12  P 292038 421720 0 14118923
865451962 4  P 426445 725003 0 14131851
869318149 3  P 618790 1001371 0 14189482
869780892 5  P 334526 553305 0 14199627
873793788 6  P 471508 815739 0 14270911
873980182 8  P 471911 793260 0 14265825
877316318 7  P 619730 1014603 0 14328049
877469590 10  P 353372 566285 0 14324507
879738475 1  P 941062 1509040 0 14360889
880430333 2  P 349143 618284 0 14365100
888069029 11  P 273013 405575 0 14494980
892631032 13  P 361544 502953 0 14565041
896857375 13  P 361544 503679 0 14634286
899722620 7  P 640923 1046417 0 14695136
907030896 5  P 354641 587398 0 14809898
907370294 12  P 314853 453909 0 14816507
911162741 11  P 284050 417837 0 14873333
911495036 3  P 650231 1054093 0 14880478
917301343 1  P 1015027 1625457 0 14976294
920355462 9  P 446693 665986 0 15022649
926014491 4  P 448934 771666 0 15124073
929887456 6  P 539747 921602 0 15189912
931183032 8  P 509360 852369 0 15203005
932204000 10  P 375762 610581 0 15221252
933857474 2  P 423085 733527 0 15240416
948032100 10  P 387467 625223 0 15480575
949874562 4  P 461313 791855 0 15514968
957683572 9  P 483741 724569 0 15634212
958287762 11  P 304398 443932 0 15645411
960488879 1  P 1105168 1769306 0 15683862
960796407 5  P 390695 642100 0 15690745
961706889 7  P 666175 1091343 0 15710649
965414700 2  P 451525 777833 0 15757434
968979891 8  P 529115 884088 0 15822242
975841800 13  P 400429 557339 0 15928346
975948446 12  P 346273 497668 0 15940059
988849275 3  P 714452 1161546 0 16147802
988919155 6  P 597759 1015829 0 16157049
996949148 9  P 517604 780800 0 16277519
997566327 5  P 406998 672338 0 16293147
1000419888 13  P 417395 581246 0 16331024
1000536772 3  P 716319 1165994 0 16339283
1003076788 4  P 467986 814989 0 16386624
1008684664 6  P 625304 1057493 0 16480877
1019477203 2  P 499333 856828 0 16643167
1027573331 12  P 373266 537355 0 16785858
1027709674 11  P 339554 493766 0 16782790
1028776787 8  P 567993 945074 0 16801921
1034878813 7  P 682864 1129075 0 16909462
1035750793 10  P 428653 695292 0 16917718
1043223267 1  P 1242852 1989589 0 17039363
1045484015 5  P 474948 777637 0 17078202
1046879476 1  P 1242852 1990209 0 17099264
1050605448 9  P 558703 846319 0 17156590
1052331933 7  P 691494 1143102 0 17195405
1052686279 4  P 481181 842681 0 17199412
1058199035 8  P 613296 1022589 0 17283923
1060569057 11  P 358011 519369 0 17321108
1064182737 12  P 394184 566729 0 17385651
1068642847 10  P 435443 710105 0 17456579
1075106558 6  P 664052 1124113 0 17569093
1079930499 3  P 810202 1311747 0 17640032
1089383429 2  P 538862 926620 0 17788472
1090701184 13  P 457428 640134 0 17810161
1096441476 7  P 709963 1180880 0 17918059
1096787809 11  P 374868 544757 0 17914509
1102590922 6  P 674557 1143200 0 18019388
1110311363 4  P 509087 890875 0 18143511
1114210245 3  P 851507 1377861 0 18201631
1119202781 5  P 546840 891897 0 18285967
1124066967 1  P 1349571 2162035 0 18363868
1126977200 2  P 556362 960616 0 18404392
1130951591 9  P 591362 898368 0 18472942
1131016453 10  P 490358 798954 0 18478498
1137105428 12  P 433121 623583 0 18580394
1138826190 13  P 473479 668023 0 18598616
1142558443 8  P 678012 1125702 0 18666009
1144613294 7  P 739696 1227683 0 18707268
1145912736 11  P 406910 589515 0 18719352
1152346359 6  P 712157 1210308 0 18834486
1154358902 5  P 594207 964568 0 18861951
1157838950 12  P 446109 642355 0 18920086
1159129473 1  P 1398735 2241062 0 18938326
1159967581 4  P 562620 975920 0 18957057
1167344647 10  P 519035 844977 0 19073686
1172927510 3  P 929626 1503189 0 19163646
1176680358 2  P 562189 981123 0 19218694
1177480452 9  P 623597 945993 0 19235235
1187730952 8  P 714972 1185456 0 19406090
1193576205 13  P 500040 706185 0 19495619
1194703911 10  P 536295 869287 0 19521926
1197230306 8  P 718698 1192225 0 19561729
1203247180 6  P 731239 1245848 0 19668424
1204855365 9  P 640408 973079 0 19683730
1208051439 1  P 1464303 2348294 0 19739840
1208725297 11  P 437752 633092 0 19748452
1229501202 5  P 649344 1050813 0 20093035
1230919974 13  P 517309 730351 0 20107450
1235050795 7  P 766849 1280662 0 20188944
1235150130 3  P 986967 1596921 0 20183066
1239384618 2  P 617351 1071091 0 20245917
1240557734 12  P 484980 704455 0 20275309
1243290628 4  P 658228 1127804 0 20322166
1253438270 10  P 567812 916035 0 20484207
1259968687 5  P 670874 1085879 0 20592184
1261099202 3  P 997017 1618364 0 20608201
1261105289 8  P 762800 1260217 0 20608220
1263498130 13  P 533374 753817 0 20641200
1265088946 12  P 497937 724411 0 20677222
1265425712 7  P 782878 1306457 0 20686591
1269278149 11  P 462330 666310 0 20740527
1269452355 4  P 696545 1190266 0 20750768
1273793297 9  P 696930 1061075 0 20813161
1282512907 6  P 785989 1337346 0 20967051
1287305748 2  P 643066 1127147 0 21030778
1289895139 1  P 1616734 2591772 0 21080708
1303573327 12  P 519571 756540 0 21307736
1305219620 10  P 592034 957923 0 21332566
1309785520 13  P 570368 798903 0 21399552
1312207599 1  P 1656087 2653610 0 21446269
1312285095 7  P 792120 1329049 0 21454310
1314000062 5  P 714020 1156877 0 21477395
1316337051 2  P 651038 1140983 0 21506415
1322363587 8  P 835340 1367463 0 21611844
1324287227 3  P 1051302 1717186 0 21643433
1331662752 11  P 491013 705861 0 21762598
1335592902 4  P 761689 1299531 0 21834389
1335762132 9  P 716672 1099867 0 21828416
1336544151 6  P 826606 1404627 0 21852272
1345120245 12  P 534393 781777 0 21988425
1351821249 2  P 663374 1163493 0 22087767
1353011513 8  P 866536 1417016 0 22113963
1353729447 1  P 1754444 2808129 0 22126540
1359147183 11  P 504013 724946 0 22212886
1359938004 4  P 799241 1358267 0 22233242
1365207055 7  P 816209 1382879 0 22321332
1365552097 3  P 1071818 1755179 0 22319490
1372923106 10  P 617864 1009273 0 22441619
1376044101 6  P 852702 1447148 0 22499417
1376527664 9  P 736431 1131708 0 22496293
1382984315 5  P 796908 1295348 0 22607554
1392748030 13  P 602983 847060 0 22758775
1397146723 3  P 1099105 1800437 0 22837119
1401561747 4  P 839733 1421851 0 22915195
1404376251 10  P 642835 1048284 0 22956928
1407843694 5  P 836870 1358406 0 23014840
1408043314 9  P 763347 1175076 0 23012623
1408559754 6  P 873209 1479929 0 23032137
1417994705 2  P 692520 1218560 0 23171916
1426801360 1  P 1836432 2944627 0 23323719
1431904287 13  P 626158 876924 0 23400294
1432772244 11  P 537348 771685 0 23419119
1436745964 8  P 941634 1532420 0 23485817
1440378774 7  P 829177 1423013 0 23552894
1441213966 12  P 582507 859454 0 23562651
1446730263 8  P 946535 1539225 0 23649392
1450372304 6  P 906204 1532022 0 23717160
1450793562 3  P 1133180 1861607 0 23716031
1451694009 11  P 545963 790458 0 23729126
1454479627 12  P 590548 869356 0 23779981
1454514906 4  P 879126 1487991 0 23782761
1459281288 5  P 872395 1413205 0 23857569
1469701136 13  P 638492 896735 0 24019541
1472800691 7  P 836620 1439667 0 24084074
1476540159 2  P 761398 1331386 0 24131101
1477154344 9  P 855946 1311405 0 24144867
1481923142 10  P 682205 1109719 0 24227415
1484238951 1  P 1910169 3065290 0 24264760
1496340266 9  P 874007 1336232 0 24459226
1498983558 4  P 909323 1539723 0 24511319
1500207615 1  P 1941301 3114971 0 24526382
1501318431 3  P 1148047 1891902 0 24543807
1521722518 7  P 840323 1455549 0 24885583
1524069715 5  P 943430 1526302 0 24919028
1530063784 10  P 711968 1156266 0 25016119
1537152178 8  P 975489 1589447 0 25130796
1538401553 12  P 629513 926514 0 25154919
1539154316 13  P 671223 945982 0 25157431
1539544506 2  P 851965 1472128 0 25163334
1542434689 6  P 952677 1609815 0 25225458
1542740894 11  P 590372 850093 0 25220802
1546684641 6  P 956381 1615274 0 25295089
1547280385 4  P 928768 1574022 0 25302609
1548341445 12  P 630719 928186 0 25317765
1561522191 11  P 599018 862221 0 25528510
1568765689 5  P 993931 1607825 0 25651312
1570599758 3  P 1157349 1917925 0 25678881
1575462091 2  P 905366 1554573 0 25751789
1579216818 13  P 688471 970737 0 25813790
1581839697 8  P 999173 1627764 0 25862937
1585916315 10  P 790157 1273589 0 25931175
1586644452 7  P 844056 1473691 0 25949204
1587879503 1  P 2054326 3296624 0 25962759
1592105901 9  P 934233 1431433 0 26028183
1601735717 10  P 795070 1280748 0 26190358
1606349589 3  P 1174301 1950239 0 26264587
1607825060 11  P 624914 896694 0 26287124
1610279237 13  P 700775 988929 0 26322703
1614656628 5  P 1035809 1673750 0 26403158
1618465239 9  P 949791 1452515 0 26460049
1620511967 8  P 1023783 1663338 0 26496522
1623573425 12  P 675133 990120 0 26550325
1629915240 2  P 971500 1665432 0 26643928
1630936616 4  P 961196 1633049 0 26673201
1631762886 6  P 985445 1668175 0 26688967
1636988862 1  P 2160959 3464039 0 26767346
1638519638 7  P 902810 1565583 0 26799099
1643902373 11  P 642160 920680 0 26878191
1645683993 9  P 957247 1468247 0 26905981
1647921019 4  P 976791 1657692 0 26951465
1649271463 3  P 1179872 1967318 0 26967792
1650675808 7  P 919213 1592476 0 26998256
1656696789 2  P 1005763 1718513 0 27082701
1657576544 13  P 727277 1025841 0 27097600
1660339455 12  P 689261 1011630 0 27152680
1662324442 8  P 1058089 1716943 0 27181551
1666344124 5  P 1052477 1706424 0 27249972
1678919495 6  P 1020742 1727333 0 27461554
1684129500 1  P 2226517 3569634 0 27539684
1691798167 10  P 861724 1386124 0 27665914
1701917560 12  P 713387 1047985 0 27833884
1702329477 10  P 861724 1388423 0 27838453
1704895102 1  P 2251087 3608976 0 27879901
1707058980 9  P 975188 1501327 0 27911502
1710568943 7  P 974872 1678607 0 27979512
1716428420 11  P 685962 979849 0 28066428
1716594112 5  P 1065319 1732206 0 28073234
1717380837 3  P 1183580 1986811 0 28083667
1724024965 2  P 1081118 1837247 0 28185788
1724733923 4  P 1036544 1754296 0 28209926
1725013950 13  P 753829 1066388 0 28202474
1734105744 8  P 1119036 1812944 0 28357576
1734750246 6  P 1060266 1792517 0 28376265
1755324558 9  P 999431 1540157 0 28702258
1757116345 11  P 711851 1012343 0 28733041
1757615191 3  P 1186635 1999684 0 28742845
1764363901 1  P 2357659 3778222 0 28854215
1764473032 7  P 1035032 1773338 0 28862644
1774235657 10  P 893169 1440051 0 29016538
1776859661 5  P 1078339 1757873 0 29060593
1779420213 13  P 775413 1098795 0 29093849
1782261922 8  P 1135724 1843294 0 29146537
1782370631 12  P 750460 1099564 0 29152003
1789370375 2  P 1159522 1960436 0 29256347
1789905777 4  P 1082010 1845482 0 29277661
1792247702 6  P 1117551 1881200 0 29318283
1793809114 7  P 1067021 1825467 0 29343267
1796988876 1  P 2398645 3843938 0 29388722
1798632597 13  P 788368 1117569 0 29408618
1802409992 9  P 1036138 1612657 0 29473483
1808943342 3  P 1190335 2017804 0 29583790
1810058779 8  P 1152562 1870807 0 29601934
1816837505 2  P 1185207 2001781 0 29706383
1820922142 5  P 1082047 1770439 0 29782489
1823897593 11  P 748229 1060105 0 29827162
1825327836 4  P 1107768 1886897 0 29857994
1828751240 10  P 933008 1503000 0 29909713
1835560164 6  P 1133131 1911468 0 30027897
1837526924 12  P 759092 1117187 0 30055666
1848321849 2  P 1223031 2059007 0 30222205
1856566986 1  P 2513395 4026222 0 30364815
1861512529 9  P 1060618 1656310 0 30441780
1869435045 6  P 1158252 1950586 0 30582881
1874625297 5  P 1094619 1798232 0 30662327
1875957513 7  P 1169403 1987167 0 30689139
1880136903 8  P 1211053 1973188 0 30749840
1882303884 10  P 958070 1547168 0 30787104
1883960279 3  P 1194042 2039893 0 30812807
1887647567 11  P 771662 1097028 0 30871621
1890202645 4  P 1154645 1965491 0 30920873
1891733586 13  P 838302 1182992 0 30933950
1891995613 12  P 787450 1157126 0 30948060
1899241302 11  P 775374 1103335 0 31061570
1899345020 10  P 977367 1575763 0 31066303
1905377319 7  P 1203495 2040781 0 31171134
1906733985 4  P 1167739 1988091 0 31191709
1909091268 6  P 1169376 1972484 0 31232588
1921379494 1  P 2611693 4182890 0 31426680
1921824823 2  P 1300691 2182307 0 31426447
1922371316 8  P 1244784 2040229 0 31441475
1924781597 5  P 1123488 1851270 0 31484043
1929184446 9  P 1095315 1707693 0 31550479
1937308228 12  P 807246 1186127 0 31690445
1937818357 3  P 1197749 2056600 0 31695212
1940217166 13  P 858670 1215133 0 31728289
1956300747 13  P 867327 1227426 0 31991794
1956473051 7  P 1273318 2157938 0 32008226
1957371873 9  P 1111935 1730638 0 32012276
1957375438 5  P 1137151 1876916 0 32018041
1957608917 4  P 1229708 2084989 0 32025206
1961854993 12  P 820501 1204009 0 32092608
1970199453 8  P 1283468 2102535 0 32225066
1973410718 1  P 2693658 4314442 0 32279134
1973497581 6  P 1190608 2016793 0 32287791
1975587491 2  P 1338788 2246873 0 32307266
1978740207 3  P 1206171 2078663 0 32365656
1985288178 11  P 818497 1167557 0 32471335
1993143196 10  P 1023210 1654756 0 32603031
1997598004 7  P 1322752 2238518 0 32682003
1998482784 13  P 879658 1247178 0 32682893
2005537031 3  P 1209875 2089926 0 32804685
2015246334 8  P 1351582 2208276 0 32963091
2015651931 12  P 840246 1235536 0 32973997
2017220361 10  P 1026920 1664975 0 32997524
2024993756 2  P 1403876 2348642 0 33116710
2025465720 9  P 1143501 1780587 0 33127900
2034772503 11  P 835191 1194983 0 33282068
2038530627 4  P 1309380 2213527 0 33350991
2041297246 5  P 1161786 1923754 0 33392953
2041513394 6  P 1230465 2087943 0 33402134
2043933120 12  P 845186 1244601 0 33437347
2045473276 1  P 2793187 4473470 0 33459771
2048294551 6  P 1234175 2093537 0 33513232
2049475709 11  P 842589 1206890 0 33522960
2052210463 3  P 1213585 2105551 0 33569322
2053637426 9  P 1161424 1823362 0 33589057
2056393623 10  P 1036222 1684769 0 33639302
2061074405 8  P 1422887 2316731 0 33713896
2064421317 2  P 1432856 2398283 0 33762656
2071359045 4  P 1326136 2240458 0 33888826
2071654655 13  P 916799 1302663 0 33881709
2084551315 7  P 1415621 2392830 0 34106577
2086733581 1  P 2863636 4584450 0 34135771
2088875421 5  P 1179441 1954555 0 34172444
2101700708 6  P 1291666 2181374 0 34388199
2102439112 10  P 1055298 1715441 0 34393715
2105353093 2  P 1455031 2439749 0 34433256
2114687873 5  P 1186822 1968937 0 34595340
2117151895 12  P 882197 1300344 0 34636936
2119545304 13  P 940950 1338612 0 34666337
2119746339 8  P 1465995 2388634 0 34675136
2119890186 4  P 1349774 2284014 0 34683930
2120787162 3  P 1273304 2204381 0 34692865
2133840494 9  P 1175612 1855600 0 34903065
2142241348 11  P 884481 1271062 0 35042785
2143520116 1  P 2947214 4718696 0 35066150
2144473136 7  P 1457480 2462504 0 35088287
2144952719 4  P 1365407 2311053 0 35094546
2155901961 12  P 900721 1324218 0 35271804
2156538176 11  P 893112 1281619 0 35277018
2159348074 7  P 1469599 2482335 0 35331986
2163603018 2  P 1476242 2480828 0 35387596
2173131100 3  P 1318264 2278411 0 35550433
2181004513 1  P 2996381 4797892 0 35680289
2181622734 6  P 1400704 2351230 0 35697596
2185361052 10  P 1101693 1791278 0 35752282
2185469228 5  P 1217875 2015006 0 35754980
2185559458 9  P 1224378 1932099 0 35750380
2189808929 8  P 1507078 2469750 0 35822890
2193170296 13  P 957560 1365900 0 35872575
2193897507 11  P 914747 1311713 0 35889097
2206047244 5  P 1223736 2024651 0 36092124
2208825855 6  P 1435813 2404588 0 36143278
2212258015 1  P 3050444 4884190 0 36192334
2220767311 10  P 1130277 1836877 0 36332368
2220965651 9  P 1255675 1981825 0 36330457
2226145077 7  P 1486334 2517050 0 36426333
2226212506 2  P 1493714 2519798 0 36413358
2227045302 13  P 972386 1389527 0 36427573
2228849754 3  P 1356259 2344847 0 36463287
2230562206 4  P 1419626 2402089 0 36497125
2231823824 12  P 947708 1390762 0 36515677
2237183827 8  P 1527393 2499897 0 36599041
2246153901 6  P 1469240 2464903 0 36754830
2247228695 4  P 1445757 2443978 0 36770182
2257095427 10  P 1157593 1877134 0 36927544
2258379500 9  P 1296760 2039525 0 36943424
2261139082 13  P 990897 1412750 0 36986148
2262461372 3  P 1368572 2369879 0 37013931
2263457455 7  P 1512454 2560590 0 37037632
2265241294 11  P 951152 1366575 0 37057973
2272667560 12  P 962477 1411458 0 37184841
2274390862 5  P 1256680 2075046 0 37211820
2281227909 2  P 1548707 2612635 0 37314679
2281402623 8  P 1556580 2544121 0 37323497
2283301437 1  P 3142196 5033461 0 37356261
2295262858 12  P 975490 1431096 0 37555008
2295464217 3  P 1383472 2412334 0 37554563
2301634314 2  P 1558944 2631638 0 37649008
2306843427 4  P 1499043 2533163 0 37746878
2307498923 13  P 1021723 1451648 0 37745685
2312062780 8  P 1589750 2591344 0 37825812
2313481275 9  P 1316484 2074141 0 37846184
2323613704 7  P 1567970 2653018 0 38023196
2326410736 1  P 3222531 5160107 0 38062548
2334687795 5  P 1267807 2100464 0 38199677
2336126773 10  P 1187373 1929435 0 38222357
2337919559 6  P 1569994 2624504 0 38258272
2342163175 11  P 984435 1411084 0 38318230
2348510536 1  P 3263475 5224810 0 38424617
2356871365 8  P 1621273 2636139 0 38559915
2361660617 7  P 1596848 2697295 0 38646533
2363736058 10  P 1200487 1952465 0 38674695
2364327060 13  P 1053095 1494576 0 38676734
2365131933 11  P 994256 1424247 0 38694538
2372622617 6  P 1613688 2688889 0 38826832
2373531517 5  P 1271620 2113058 0 38836072
2375865250 3  P 1397888 2454652 0 38871787
2379605482 12  P 1019259 1492515 0 38936860
2386484469 9  P 1382068 2192750 0 39042054
2390630401 4  P 1600162 2692742 0 39119597
2391870386 2  P 1612212 2723042 0 39127354
2395665612 2  P 1614073 2726094 0 39189559
2397355636 8  P 1653006 2683890 0 39223179
