245705623 7  P 68088 100251 0 3980281
250171282 10  P 29240 41969 0 4047096
250277914 13  P 20700 31189 0 4040962
252822034 12  P 12947 21705 0 4092657
256385329 9  P 58226 77569 0 4144625
262401690 6  P 33029 60028 0 4254449
262441395 1  P 46994 78484 0 4247299
265114626 11  P 14159 23775 0 4288757
266087889 8  P 53619 79141 0 4306637
268513834 5  P 14955 34120 0 4348900
270403874 4  P 40027 68990 0 4382947
271147897 2  P 63629 98345 0 4382970
273097601 3  P 50034 79207 0 4421626
290823520 6  P 36740 70292 0 4720106
291118885 12  P 31535 48800 0 4720101
298940551 7  P 132048 195649 0 4852458
299193008 9  P 110628 151099 0 4845955
302843166 10  P 44111 69552 0 4910053
303309155 13  P 26820 43180 0 4909809
304822601 8  P 69245 105784 0 4941230
308201282 5  P 30616 58363 0 4999112
308473940 11  P 37985 63393 0 4999132
309091592 4  P 66529 111370 0 5016789
314664805 1  P 121949 198271 0 5102911
317832278 3  P 77903 118125 0 5154525
318632986 2  P 115190 177960 0 5160934
329701424 5  P 40672 75104 0 5351349
330221933 1  P 154720 250386 0 5357797
330493889 12  P 35235 58994 0 5365206
330905777 10  P 57146 90903 0 5369820
331534145 7  P 145566 215668 0 5386456
333184202 13  P 46934 71923 0 5399269
338035933 3  P 109069 165169 0 5485526
339005212 11  P 54705 88785 0 5499343
345419702 4  P 82155 141223 0 5611981
345433118 9  P 130823 180645 0 5603531
349464931 8  P 125522 191117 0 5672604
352980194 6  P 50703 110567 0 5738415
361273625 2  P 131229 206180 0 5859540
372003211 1  P 236634 379375 0 6042332
372838779 8  P 137218 207367 0 6055559
373221869 7  P 196909 296250 0 6069457
378511514 6  P 60015 128560 0 6156709
383656191 10  P 80212 132482 0 6234059
388103329 12  P 55402 88503 0 6309061
388526885 9  P 154446 218340 0 6309558
389529916 5  P 73436 130510 0 6331544
393887758 13  P 72825 108405 0 6393812
397395435 3  P 177877 270337 0 6458053
397568159 11  P 87078 130507 0 6458814
398054886 2  P 148747 237760 0 6462137
400076418 4  P 101180 178889 0 6507421
404081307 1  P 302197 483632 0 6567884
404396225 11  P 90782 136205 0 6570683
404868919 2  P 148747 239470 0 6573747
413948175 8  P 164513 247185 0 6729062
418935747 4  P 108615 191521 0 6816397
419203054 10  P 97902 163298 0 6816444
423868869 3  P 215018 329714 0 6891775
427325333 7  P 239606 374358 0 6955762
428715988 13  P 96374 143906 0 6964428
431326742 5  P 97663 169578 0 7016314
440338213 12  P 85997 132482 0 7164837
440371489 6  P 113410 208418 0 7170182
440745683 9  P 184839 263709 0 7165068
445487576 1  P 375918 601083 0 7246268
447787283 11  P 119166 173999 0 7281580
448518748 7  P 250300 392324 0 7302984
448520364 3  P 235964 363391 0 7295646
455479956 9  P 217044 312214 0 7406464
455529597 4  P 134248 235744 0 7415931
458744456 12  P 93756 145710 0 7466392
460401302 8  P 186657 282993 0 7490120
462264827 5  P 109360 187490 0 7523172
466679800 2  P 174909 289421 0 7586448
468000445 10  P 121801 204557 0 7615916
472953502 6  P 158472 278014 0 7703988
475981936 13  P 126343 182519 0 7738806
483076444 4  P 154890 270283 0 7867242
493494873 12  P 113438 179215 0 8035717
495760717 8  P 214123 323069 0 8069428
502133036 2  P 209412 344517 0 8167294
503895336 3  P 291187 453755 0 8202882
505500421 10  P 143989 236396 0 8230299
505858568 5  P 149582 250944 0 8237393
506668200 9  P 262720 385479 0 8245096
506933973 6  P 174332 309859 0 8260699
513709210 11  P 154377 224978 0 8361618
513966379 13  P 149114 215375 0 8361134
515847090 1  P 474206 760180 0 8399020
521862517 7  P 303829 479485 0 8504582
525545983 5  P 155036 260416 0 8559943
532855776 6  P 208508 361444 0 8685398
534419467 13  P 163314 234796 0 8696232
536719215 10  P 152508 253882 0 8741784
536971815 7  P 314663 498746 0 8752127
538964431 9  P 310325 459853 0 8774226
540270447 3  P 320641 501591 0 8798828
543166970 8  P 227666 349477 0 8846094
544963592 12  P 144861 222324 0 8878950
547081347 1  P 547946 875779 0 8910753
550482743 4  P 204524 352205 0 8971595
554130891 2  P 248043 411801 0 9019196
563818592 11  P 177730 257555 0 9182594
566332777 3  P 338107 531957 0 9225818
571041997 8  P 254159 389092 0 9302772
574516937 4  P 219390 375166 0 9365361
574730777 6  P 229026 408323 0 9371433
578628198 7  P 355929 569576 0 9434575
580088638 12  P 167663 253178 0 9454421
582599823 11  P 185070 266007 0 9490297
583745650 9  P 336982 502246 0 9507893
586800158 1  P 621715 992267 0 9561496
587889860 5  P 191917 321765 0 9581338
589169484 13  P 192236 274568 0 9593245
589508055 2  P 270185 451720 0 9598784
600953527 10  P 189285 312453 0 9794169
606386997 6  P 237649 424754 0 9890075
612425581 1  P 661051 1055652 0 9981326
612541995 8  P 297851 454316 0 9982681
613273722 2  P 287645 482116 0 9988140
615972281 7  P 377135 606416 0 10046382
618094613 10  P 197837 324343 0 10074989
618371096 9  P 359351 538583 0 10075169
619138620 13  P 202074 289306 0 10084237
623155815 5  P 236714 397158 0 10159094
623725346 11  P 203528 290712 0 10164067
628467587 4  P 245288 421573 0 10249253
638209892 3  P 406566 644380 0 10403384
640354659 12  P 208381 308693 0 10441796
647395728 3  P 410255 650917 0 10553904
647432830 12  P 209591 310072 0 10557761
650092958 9  P 388741 586228 0 10594892
653139449 4  P 264704 453033 0 10653465
654819004 11  P 220816 315613 0 10673480
664411901 13  P 249351 361525 0 10825983
669190950 7  P 407665 660148 0 10918287
671776731 8  P 350358 545322 0 10953123
673392844 10  P 212632 351356 0 10980941
674418654 6  P 295335 513708 0 11004664
675399049 2  P 320131 542272 0 11005954
680624555 5  P 274429 457981 0 11100631
681144672 1  P 801544 1274877 0 11107194
684086031 11  P 229453 331112 0 11152960
685792082 12  P 235533 343551 0 11186222
686272204 5  P 279777 465805 0 11193158
690230420 9  P 405376 613631 0 11252435
693016481 10  P 216323 360606 0 11302471
699231214 6  P 310335 538979 0 11411182
703576088 8  P 375590 581458 0 11474103
707467511 4  P 275849 481652 0 11543545
716466812 13  P 281868 407141 0 11678831
717286255 3  P 436972 702531 0 11698954
719925901 1  P 850705 1353743 0 11742580
720550431 7  P 450822 729897 0 11759733
721280722 2  P 382047 641609 0 11757649
730115883 11  P 251093 363518 0 11907103
730472268 7  P 461095 746756 0 11922287
731448407 12  P 260817 376047 0 11934236
740108173 4  P 279560 493450 0 12078316
747448656 8  P 419141 646787 0 12192885
747539795 2  P 424980 705697 0 12187870
748310569 13  P 300266 429464 0 12200544
748714838 9  P 440096 667148 0 12210602
753655841 5  P 317565 526579 0 12297140
756516476 10  P 261940 434289 0 12342840
759324855 6  P 342489 596512 0 12395689
761488436 1  P 914602 1456007 0 12423517
763973788 3  P 443432 721933 0 12463869
769104609 12  P 278746 405369 0 12551170
769711656 2  P 446334 738819 0 12551121
769928360 11  P 260390 383024 0 12559377
775832208 1  P 914602 1458789 0 12658519
777845605 6  P 364620 630986 0 12699122
779032122 10  P 283268 468413 0 12711729
779495484 8  P 447195 689648 0 12717916
782956668 7  P 492579 801837 0 12782164
786233153 4  P 302562 533980 0 12834004
792855420 9  P 465324 702868 0 12933770
796645697 3  P 459438 747060 0 12999150
800140517 5  P 333471 553711 0 13058708
802513755 13  P 320093 460295 0 13088587
805925905 1  P 993275 1582424 0 13151563
815276778 8  P 474667 730647 0 13304143
819168684 6  P 401161 688998 0 13376135
820545765 4  P 322058 567800 0 13396168
824844627 10  P 313638 516961 0 13462307
825996014 9  P 481990 726107 0 13476729
827635872 12  P 308900 444476 0 13510114
828286246 3  P 463165 759383 0 13517525
828419953 13  P 342865 489192 0 13513019
828631515 11  P 286972 422893 0 13521138
832081707 7  P 517539 846054 0 13586996
834539583 2  P 511412 845237 0 13613229
836843282 5  P 347298 574262 0 13660019
847404948 4  P 359179 622372 0 13836209
847856113 6  P 414236 712044 0 13846134
851356401 1  P 1053932 1679661 0 13895875
858618827 2  P 528906 874788 0 14007715
862279303 13  P 358277 510751 0 14067764
862441000 7  P 557251 910584 0 14084374
864653937 9  P 497092 751446 0 14110043
869479928 8  P 505442 781376 0 14192179
869787777 11  P 313530 459835 0 14195429
871714065 12  P 330613 477151 0 14232270
876359001 5  P 365006 606457 0 14307426
878032134 10  P 377841 611269 0 14333717
883364519 3  P 518223 847677 0 14419909
887215724 8  P 515941 796267 0 14482732
888557741 12  P 344164 493071 0 14508232
889180632 1  P 1104813 1761405 0 14515577
889320918 2  P 559530 921607 0 14510737
891765159 5  P 370593 616830 0 14559831
896261743 9  P 515980 790964 0 14627573
899425349 7  P 576630 944022 0 14690310
901074891 6  P 468257 798626 0 14718040
905185618 13  P 381748 544969 0 14770725
906694180 4  P 401710 695884 0 14807576
906865868 11  P 324620 480670 0 14802904
909926989 3  P 536676 881709 0 14855086
911532060 10  P 395768 638373 0 14882570
926561256 4  P 420035 726140 0 15133065
928735202 10  P 406857 655766 0 15164422
929142582 13  P 395258 562658 0 15163228
930723214 1  P 1156692 1846970 0 15196192
930818976 11  P 331359 491424 0 15195331
935042218 12  P 369494 531140 0 15269809
939269544 7  P 613401 1003189 0 15343087
941043646 6  P 487284 832755 0 15372862
947638861 2  P 627464 1032668 0 15466174
949204283 9  P 566721 869520 0 15494959
949624573 5  P 397399 670645 0 15507744
952348878 3  P 576618 944477 0 15550101
958448599 8  P 546740 842874 0 15649789
967719574 10  P 416098 673583 0 15803133
973572050 7  P 640268 1049304 0 15905077
974635906 12  P 387427 557965 0 15918494
977977610 2  P 643417 1060547 0 15963219
981911382 3  P 594290 973664 0 16034430
985051344 1  P 1222272 1953711 0 16086265
987155790 5  P 409607 690041 0 16122641
987287784 11  P 359180 533981 0 16120500
987324203 9  P 594471 914330 0 16119499
991858194 4  P 499608 850023 0 16202833
992245519 8  P 561595 867993 0 16203501
992379138 6  P 521378 891876 0 16213919
994263741 13  P 431011 612623 0 16230154
1004942550 3  P 606551 988094 0 16411760
1011718282 5  P 417585 701537 0 16525053
1020852577 2  P 670612 1109501 0 16665640
1021836035 11  P 376441 557226 0 16686505
1028203918 10  P 457954 744203 0 16794024
1028370518 8  P 581005 899214 0 16795340
1029231270 6  P 545911 933068 0 16817686
1032733208 4  P 541845 918459 0 16872493
1033495270 12  P 415219 600823 0 16882825
1033714793 9  P 634112 994218 0 16879324
1033874453 13  P 444444 632400 0 16879100
1036160745 1  P 1283526 2053347 0 16923624
1041894554 7  P 689343 1134784 0 17024424
1044542129 12  P 420766 609889 0 17063814
1055467047 6  P 563934 959463 0 17247499
1056648234 7  P 714130 1171532 0 17266146
1057682977 8  P 596762 923507 0 17275578
1061639669 4  P 547409 932070 0 17346078
1068032336 2  P 735806 1214384 0 17438604
1069271168 3  P 629397 1027636 0 17465671
1069624435 13  P 471840 668252 0 17464819
1073230822 9  P 665930 1043074 0 17526722
1074912794 11  P 399191 587359 0 17556123
1076040844 1  P 1372050 2193768 0 17577004
1081441030 10  P 484666 785828 0 17666246
1081813810 5  P 477979 794164 0 17673428
1084925752 7  P 725276 1191264 0 17729428
1095099326 3  P 631246 1037035 0 17888824
1095526538 12  P 449848 651155 0 17899124
1097016471 10  P 492116 797713 0 17921427
1097152651 11  P 415866 611394 0 17920491
1103951195 13  P 486028 689000 0 18027237
1106154978 4  P 560371 957633 0 18075403
1107137076 9  P 685062 1071089 0 18082225
1108902564 8  P 625842 968086 0 18114732
1113187125 5  P 501027 831665 0 18187459
1114059792 6  P 593516 1014311 0 18207471
1119652242 2  P 803943 1322676 0 18284323
1121582654 1  P 1463847 2342045 0 18323141
1128827557 2  P 813175 1334704 0 18434646
1129155768 5  P 506597 841258 0 18449077
1133074099 8  P 662972 1022615 0 18510743
1136670613 4  P 566126 971788 0 18575355
1139216793 13  P 501402 710805 0 18605018
1143943471 1  P 1504833 2406215 0 18689470
1148745373 12  P 475746 685685 0 18771038
1151575396 6  P 656653 1110943 0 18822112
1155469537 10  P 513732 834238 0 18879106
1156871600 9  P 708518 1121029 0 18896918
1158037864 11  P 442910 648665 0 18918004
1161441467 7  P 747535 1234876 0 18983023
1164005442 3  P 654652 1077075 0 19017739
1166649464 2  P 864099 1410880 0 19054305
1166669910 13  P 512480 728593 0 19054800
1168178309 7  P 751259 1240582 0 19093394
1172346029 8  P 694428 1078635 0 19154131
1176779946 4  P 569851 984263 0 19232493
1178839027 12  P 485599 700064 0 19264078
1189467982 6  P 698576 1179665 0 19442897
1191742222 1  P 1570413 2511175 0 19472617
1192843279 5  P 520768 870667 0 19492489
1194746436 9  P 753186 1192311 0 19517447
1195177290 3  P 663916 1095728 0 19528440
1198922791 10  P 522973 873395 0 19591025
1199131541 11  P 456425 669517 0 19591267
1209169009 9  P 776956 1228951 0 19753732
1209839682 8  P 720515 1120236 0 19768405
1210404315 13  P 535945 770499 0 19771327
1212729668 12  P 503476 725327 0 19819325
1214449014 2  P 918281 1494239 0 19837428
1215249146 4  P 580980 1007667 0 19862749
1223207088 7  P 766167 1271120 0 19994968
1229538586 1  P 1652322 2639462 0 20091859
1233610284 10  P 526664 884997 0 20159334
1234450383 6  P 749957 1260423 0 20179907
1236343355 5  P 535591 897696 0 20205173
1241615994 11  P 471172 689166 0 20287314
1241989784 3  P 666978 1108562 0 20295379
1248432799 12  P 520167 751222 0 20404267
1251540923 6  P 792997 1327608 0 20459911
1253119785 2  P 969930 1573475 0 20470971
1255849258 3  P 674428 1120750 0 20522444
1258683933 9  P 824692 1307945 0 20564878
1265800787 7  P 775484 1292012 0 20692799
1269600349 1  P 1696583 2711266 0 20748221
1275375825 10  P 535964 904301 0 20843603
1276740872 11  P 488408 712195 0 20862789
1279748156 13  P 567367 813683 0 20907436
1280608484 4  P 584691 1025162 0 20933582
1282048052 8  P 761149 1182374 0 20951410
1282968319 5  P 554270 931440 0 20969037
1284219535 10  P 540912 910204 0 20988498
1287082033 7  P 782904 1305355 0 21041456
1288706124 9  P 846205 1341744 0 21056746
1291576186 13  P 576011 824106 0 21101226
1298375059 6  P 838803 1404762 0 21227230
1299745279 12  P 536819 778348 0 21244951
1302761596 8  P 771196 1200402 0 21290769
1302910737 1  P 1726086 2760486 0 21293970
1308795984 4  P 593950 1042904 0 21395388
1310530815 5  P 559798 943990 0 21420606
1311271040 3  P 681853 1141565 0 21430424
1312509274 2  P 1069917 1726126 0 21443999
1319225358 11  P 507577 738513 0 21558842
1324921044 4  P 599520 1053826 0 21659566
1328111923 2  P 1103539 1777690 0 21699615
1332621487 9  P 890401 1405211 0 21776231
1340812380 8  P 801985 1266803 0 21913958
1341604682 12  P 552897 802331 0 21930758
1343482722 6  P 894639 1499300 0 21966238
1344086045 11  P 517428 752191 0 21966122
1345142053 13  P 594463 850534 0 21978827
1352204021 10  P 558719 940709 0 22102334
1353327656 5  P 572823 968602 0 22121762
1353816398 7  P 821928 1370959 0 22134789
1357629502 1  P 1775233 2840939 0 22190470
1363474203 3  P 685579 1157015 0 22285689
1371152107 8  P 824181 1304652 0 22411034
1371864796 3  P 689311 1163061 0 22423155
1372763682 13  P 608041 867353 0 22431371
1382340231 9  P 916504 1446700 0 22590779
1385024893 2  P 1171473 1884443 0 22632054
1387061628 4  P 610672 1079485 0 22677650
1389410215 7  P 831230 1390326 0 22717936
1391442814 1  P 1824417 2919603 0 22744444
1392777210 11  P 540856 796016 0 22763638
1393352769 6  P 978720 1629762 0 22783287
1397140226 5  P 582339 990257 0 22839561
1398610166 10  P 587675 989444 0 22862632
1399682773 12  P 579995 838511 0 22882285
1404722607 7  P 842263 1402690 0 22968808
1405872265 6  P 978720 1633655 0 22988395
1406495861 8  P 849113 1344041 0 22990081
1411842873 4  P 618091 1094357 0 23083656
1423167193 12  P 596698 861471 0 23267050
1423387103 9  P 945025 1488318 0 23263254
1423758438 5  P 589774 1005894 0 23275645
1426966884 13  P 632643 903143 0 23319424
1427114779 3  P 721954 1220889 0 23328320
1428665492 2  P 1226529 1970904 0 23347039
1430095056 10  P 598803 1009622 0 23378464
1437586285 11  P 558105 821536 0 23497751
1443207695 1  P 1914555 3063229 0 23592554
1444233501 4  P 619937 1105293 0 23614322
1446707038 7  P 880926 1463737 0 23656661
1450681257 2  P 1256947 2020227 0 23707736
1460911760 3  P 749479 1267243 0 23882029
1464951259 13  P 653537 929396 0 23941751
1467372614 6  P 1059774 1761436 0 23995988
1467662821 11  P 576027 846457 0 23990538
1469386575 8  P 869510 1386803 0 24020403
1472314412 9  P 985824 1554481 0 24064850
1472838560 1  P 1963733 3140709 0 24078021
1474296832 5  P 612050 1046575 0 24103634
1479479662 12  P 621992 898793 0 24189648
1479845011 10  P 609902 1034259 0 24193561
1494428393 11  P 588350 863718 0 24429056
1494763710 13  P 667751 948943 0 24430187
1496993614 2  P 1289045 2071197 0 24466494
1499863351 7  P 924188 1537005 0 24527531
1501266877 10  P 618497 1050114 0 24544529
1507370911 8  P 886733 1413536 0 24642707
1508995294 12  P 638660 924031 0 24673219
1509453096 5  P 630598 1076767 0 24679613
1509592881 4  P 623638 1125583 0 24685139
1514802486 3  P 786471 1340884 0 24764934
1516467882 6  P 1105530 1837490 0 24800319
1521496912 9  P 1019883 1609513 0 24870623
1524473339 1  P 2045720 3271814 0 24923983
1525187426 5  P 638032 1089676 0 24937395
1528060503 13  P 689369 978330 0 24975710
1530655382 4  P 629218 1138481 0 25030218
1531556769 1  P 2068665 3307366 0 25040037
1531683359 8  P 907045 1438870 0 25041032
1538126269 10  P 631506 1072918 0 25148421
1539410190 7  P 948602 1612938 0 25174771
1541057801 12  P 652110 945412 0 25198515
1548218026 6  P 1128067 1875998 0 25320495
1552916507 2  P 1386427 2226101 0 25382698
1554319046 11  P 618058 909206 0 25410292
1554404672 9  P 1037565 1639829 0 25409744
1560146217 3  P 824268 1403145 0 25507811
1572339637 8  P 940716 1489969 0 25707119
1572434429 9  P 1062564 1677375 0 25705161
1578318026 3  P 843830 1432389 0 25805533
1580078718 6  P 1164410 1932062 0 25842510
1581808879 2  P 1416039 2282206 0 25856048
1583282522 10  P 643829 1096166 0 25888252
1585803959 11  P 632837 929873 0 25926121
1586561653 4  P 638592 1162174 0 25946169
1586925806 7  P 965334 1643085 0 25953240
1588589117 12  P 673129 976431 0 25977246
1589254591 1  P 2140771 3423923 0 25985336
1590576635 13  P 712763 1011648 0 25999939
1596078099 5  P 675536 1153349 0 26098823
1611298127 10  P 654973 1114649 0 26347249
1612677384 3  P 851236 1449187 0 26368460
1614128918 7  P 972120 1655577 0 26398918
1621091374 6  P 1217177 2039961 0 26514431
1624870685 12  P 692233 1001245 0 26571666
1632419473 9  P 1080506 1711566 0 26687917
1633374312 13  P 736886 1047586 0 26701104
1633761515 8  P 992675 1572680 0 26713429
1636359363 5  P 698560 1192037 0 26758757
1636785740 1  P 2239083 3578580 0 26764070
1638225330 11  P 662679 973523 0 26784975
1639870195 2  P 1483209 2397180 0 26807261
1641342860 4  P 646015 1184006 0 26843675
1647443023 3  P 884351 1502549 0 26938042
1648216041 8  P 1005771 1592051 0 26950226
1649200732 6  P 1252995 2096050 0 26974964
1649917586 12  P 703373 1018810 0 26982028
1650488257 7  P 984430 1677504 0 26994615
1654529716 13  P 750423 1064449 0 27047712
1655925871 10  P 674113 1144472 0 27078415
1661910730 1  P 2263673 3618277 0 27175710
1664131479 11  P 679378 997738 0 27209411
1664436638 4  P 649741 1193339 0 27222030
1670043806 9  P 1103321 1743798 0 27304344
1671370332 2  P 1521016 2456894 0 27323347
1678124958 5  P 726268 1238778 0 27443014
1684515561 5  P 729978 1244865 0 27547713
1687668753 9  P 1113758 1758451 0 27593101
1695677452 3  P 933004 1579202 0 27728275
1698110704 10  P 708386 1202542 0 27769549
1704049557 12  P 727487 1058158 0 27868905
1704694418 11  P 693580 1020983 0 27873975
1705770977 7  P 1043735 1771333 0 27900296
1711277670 8  P 1079872 1705176 0 27983403
1716452276 4  P 651605 1207112 0 28074226
1717544577 6  P 1267188 2127797 0 28094676
1719732865 13  P 776920 1105270 0 28115970
1721853025 2  P 1576093 2544194 0 28150462
1722113873 1  P 2328670 3724769 0 28162070
1724075128 12  P 739190 1073512 0 28196993
1726460048 11  P 705858 1038992 0 28230568
1726921128 4  P 655333 1213544 0 28245742
1729482840 13  P 780629 1111256 0 28275712
1733478547 5  P 747442 1279451 0 28349896
1735824428 8  P 1090876 1719608 0 28385562
1738559373 9  P 1140481 1805329 0 28426864
1738669546 6  P 1270894 2137517 0 28440776
1748821909 7  P 1104070 1867187 0 28605623
1754540611 2  P 1614746 2602133 0 28686000
1755643493 10  P 748212 1266401 0 28712117
1763419950 1  P 2407322 3850043 0 28838803
1765177447 3  P 980643 1661980 0 28866930
1766122591 6  P 1283914 2164022 0 28890536
1772066855 7  P 1123521 1899612 0 28986457
1772964448 12  P 770618 1113924 0 28997977
1776996927 9  P 1163849 1843794 0 29056614
1777645135 1  P 2431912 3889134 0 29071859
1782671831 5  P 777074 1329598 0 29155818
1788616362 11  P 733669 1077901 0 29248909
1788889147 13  P 811515 1155789 0 29249012
1793345087 10  P 759945 1286123 0 29329837
1793746323 8  P 1108139 1749303 0 29334508
1799936631 4  P 659023 1235249 0 29441995
1800415549 2  P 1657911 2670642 0 29437586
1802677875 3  P 1051394 1768084 0 29481320
1805552802 3  P 1051394 1769028 0 29528420
1810511940 8  P 1117454 1764577 0 29609180
1811404631 9  P 1222753 1936217 0 29620302
1811421082 4  P 666446 1246609 0 29630143
1814073931 12  P 795955 1151335 0 29671486
1815860586 10  P 764856 1296184 0 29698723
1817321864 2  P 1659758 2676494 0 29714571
1817421906 5  P 787567 1347837 0 29725144
1822478877 1  P 2498671 3994724 0 29806401
1825607064 6  P 1306148 2203046 0 29865097
1833756986 11  P 762086 1117123 0 29988480
1841473140 7  P 1187786 2005193 0 30123570
1842592250 13  P 834364 1189599 0 30128870
1846621342 8  P 1138085 1799353 0 30200771
1848090611 9  P 1258393 1992890 0 30221365
1849051184 7  P 1199681 2023567 0 30247725
1851407511 10  P 783417 1326545 0 30281115
1852397586 11  P 765797 1124574 0 30293881
1852920327 13  P 838092 1195370 0 30298085
1855504568 1  P 2556076 4086096 0 30347485
1856765700 5  P 802437 1374770 0 30369726
1858044542 6  P 1311724 2216865 0 30396543
1861358498 4  P 672022 1266338 0 30448283
1874462369 2  P 1700092 2742562 0 30650729
1877615201 3  P 1155219 1931623 0 30709044
1881792615 12  P 836105 1204754 0 30780942
1889158072 10  P 797660 1350479 0 30899607
1889890613 5  P 819142 1401589 0 30912432
1893087424 2  P 1707505 2755442 0 30955877
1895592898 4  P 683163 1287908 0 31009153
1896730678 8  P 1152080 1826531 0 31021723
1900515334 3  P 1199405 1999336 0 31084226
1903270057 1  P 2644577 4226904 0 31130060
1904232896 13  P 863410 1239447 0 31138770
1905869129 7  P 1263533 2124854 0 31178589
1913413168 11  P 794804 1168653 0 31293533
1914995726 12  P 860156 1251082 0 31324845
1917405447 9  P 1335696 2118992 0 31356944
1922872601 6  P 1341982 2272296 0 31458650
1924526976 12  P 860156 1254295 0 31480998
1925532497 10  P 810954 1375679 0 31495558
1926202392 4  P 690558 1304429 0 31510646
1937310117 6  P 1345723 2279990 0 31695184
1938543791 9  P 1353175 2146215 0 31703306
1939562772 7  P 1297945 2181939 0 31730607
1940056077 2  P 1738735 2809095 0 31725392
1942068894 1  P 2713418 4336447 0 31765728
1947401511 3  P 1262132 2094986 0 31852396
1949058864 8  P 1209137 1917154 0 31879016
1952968770 5  P 837732 1437867 0 31945869
1957460051 11  P 809608 1194417 0 32015184
1960185981 13  P 888744 1277590 0 32055484
1964453034 5  P 846390 1449677 0 32134022
1966952249 4  P 709118 1335426 0 32178270
1969194407 11  P 813333 1200713 0 32207439
1971538980 1  P 2777294 4437671 0 32248559
1971933230 12  P 874358 1277591 0 32257678
1975731271 9  P 1384379 2196700 0 32312558
1975732813 13  P 892436 1284084 0 32310203
1984903842 6  P 1351313 2297302 0 32474928
1985160674 7  P 1355038 2268542 0 32477659
1986886923 8  P 1242629 1968886 0 32498766
1990393370 10  P 832570 1413706 0 32558200
1994103000 2  P 1772017 2865249 0 32610874
2002802932 3  P 1341995 2220611 0 32760061
2005372630 6  P 1353199 2305094 0 32810278
2005592176 13  P 905449 1310856 0 32799310
2008926333 1  P 2841190 4540101 0 32861104
2008975716 11  P 833711 1232192 0 32859207
2009964392 12  P 892291 1304128 0 32880762
2010668632 7  P 1372109 2299366 0 32895568
2014218686 5  P 867618 1488769 0 32949340
2018960593 3  P 1377971 2274223 0 33024759
2028183878 8  P 1273761 2015968 0 33175336
2033327265 4  P 713135 1354277 0 33265722
2035356251 9  P 1444120 2292180 0 33289434
2040446668 2  P 1787587 2897480 0 33370149
2043110616 10  P 847426 1442308 0 33421929
2052937480 5  P 897494 1533821 0 33583679
2055008466 7  P 1412740 2366485 0 33621997
2055511914 8  P 1286064 2034963 0 33623064
2058077285 4  P 720762 1368883 0 33671214
2059433281 12  P 912711 1335971 0 33691239
2067920371 13  P 938835 1360465 0 33820479
2070450073 9  P 1452126 2307982 0 33864399
2071116299 11  P 865184 1275462 0 33877298
2071602921 2  P 1806948 2930372 0 33880604
2076294514 6  P 1374726 2345334 0 33972224
2076395174 1  P 2946125 4708446 0 33966496
2081321472 3  P 1468100 2414837 0 34046476
2081376215 10  P 856711 1462033 0 34048858
2093213741 3  P 1491920 2451093 0 34241299
2093620720 2  P 1818070 2949187 0 34241298
2094561591 4  P 728574 1386012 0 34268944
2095598107 7  P 1472491 2458986 0 34287016
2096610597 10  P 864099 1474990 0 34298454
2101957668 1  P 2995292 4787036 0 34385301
2105621933 9  P 1496472 2375326 0 34440640
2111107877 13  P 953723 1386044 0 34528038
2111433843 8  P 1334692 2111644 0 34539247
2111890548 5  P 943250 1608253 0 34549529
2117741357 11  P 882400 1301922 0 34641186
2119698802 12  P 941700 1378762 0 34678597
2120435039 6  P 1387720 2372890 0 34695398
2124388168 6  P 1387720 2373637 0 34760164
2125042537 12  P 941700 1379389 0 34766148
2127178735 7  P 1509016 2516870 0 34804418
2133221554 5  P 954367 1625789 0 34899001
2135434407 9  P 1520038 2410546 0 34929074
2140889738 4  P 735965 1405646 0 35027961
2144568469 3  P 1536057 2526374 0 35082684
2148454371 10  P 885707 1511173 0 35147847
2149120339 2  P 1884366 3052034 0 35150581
2149629487 1  P 3085420 4930577 0 35166335
2149842287 13  P 975906 1414737 0 35162643
2157913225 11  P 905187 1332871 0 35299342
2164785523 7  P 1543143 2583259 0 35420519
2165348609 8  P 1377544 2180979 0 35422544
2168687540 9  P 1533816 2434816 0 35473869
2172560065 6  P 1404434 2408735 0 35549317
2173014182 13  P 988245 1431633 0 35542282
2174311628 4  P 739674 1417307 0 35575526
2175921869 5  P 964402 1649053 0 35598575
2185131629 1  P 3144431 5024273 0 35747982
2188806232 2  P 1917677 3104086 0 35800804
2194933221 12  P 968015 1423532 0 35911213
2196277630 8  P 1399906 2215670 0 35929258
2199836562 11  P 924863 1358021 0 35986166
2202858521 3  P 1599118 2631084 0 36037614
2202938829 10  P 916631 1555021 0 36040489
2206637510 9  P 1569772 2500739 0 36095616
2212375036 13  P 1004272 1455973 0 36187138
2214548194 10  P 932276 1578491 0 36230687
2217064409 5  P 1014110 1727621 0 36272594
2217184961 6  P 1413692 2440292 0 36280423
2218123469 12  P 983390 1442158 0 36291151
2219840116 8  P 1412204 2233884 0 36315298
2224254537 1  P 3190316 5099103 0 36388956
2228896570 3  P 1620838 2668423 0 36464210
2232608510 4  P 741518 1432027 0 36530618
2232852945 2  P 1959033 3170293 0 36522453
2237113687 7  P 1596884 2675135 0 36605495
2242147615 11  P 947686 1389639 0 36679401
2245019971 7  P 1600612 2680858 0 36735025
2247418798 9  P 1600140 2549951 0 36763750
2248087312 2  P 1964209 3180070 0 36772044
2249739057 1  P 3214872 5139444 0 36806478
2256959749 3  P 1657807 2727122 0 36923964
2258581068 8  P 1438537 2278047 0 36949995
2262714908 12  P 1003703 1470439 0 37021708
2265141002 5  P 1057215 1796688 0 37060288
2269997575 6  P 1430922 2474789 0 37145681
2271336436 11  P 964940 1412790 0 37157591
2271936603 4  P 746855 1447158 0 37174947
2273657515 10  P 966969 1635747 0 37199105
2281498936 13  P 1036881 1502183 0 37319652
2286936369 13  P 1041773 1508019 0 37408738
2288191801 7  P 1653765 2763259 0 37442329
2291747543 6  P 1434202 2485272 0 37502015
2293402372 12  P 1022838 1496440 0 37524477
2295449449 8  P 1451641 2303578 0 37554007
2295540662 11  P 977316 1431444 0 37554166
2296467885 4  P 752448 1458981 0 37576853
2297563922 10  P 983808 1663164 0 37590780
2300352948 2  P 1984329 3221237 0 37628341
2305328564 5  P 1062844 1811884 0 37718697
2322176363 1  P 3337747 5334935 0 37993279
2323849574 3  P 1755989 2876097 0 38019873
2324199219 12  P 1033890 1510880 0 38029040
2324512486 9  P 1664298 2657327 0 38026807
2330881966 11  P 989654 1451818 0 38133187
2338967650 13  P 1065226 1544088 0 38261198
2342923654 10  P 1013715 1710733 0 38333937
2350926368 1  P 3386939 5413352 0 38464311
2351370036 2  P 2028669 3291614 0 38464151
2352264751 4  P 770951 1495568 0 38491003
2354770004 7  P 1700817 2841478 0 38533102
2356545647 3  P 1805144 2954221 0 38555549
2357856875 6  P 1450930 2519611 0 38585117
2358731301 9  P 1701831 2712004 0 38587436
2358777565 8  P 1487067 2361504 0 38591538
2360406656 5  P 1105656 1882912 0 38621064
2374364490 13  P 1082474 1567744 0 38841131
2374613598 10  P 1031585 1738110 0 38853130
2376781618 5  P 1137241 1932252 0 38889345
2381602916 2  P 2046140 3324185 0 38959496
2384254537 1  P 3450896 5515873 0 39010341
2385105536 12  P 1067865 1558692 0 39026903
2386163157 7  P 1713168 2870769 0 39047397
2386499106 4  P 779701 1515534 0 39051881
2389013209 6  P 1465796 2543733 0 39095573
2394866704 11  P 1024278 1502510 0 39181484
2398340114 8  P 1509887 2396004 0 39239713
2399700060 9  P 1716033 2737407 0 39258646
