245705621 7  P 68088 100245 0 3980282
250277922 13  P 20696 31180 0 4040959
253097525 3  P 38146 58369 0 4093952
262441398 1  P 46994 78574 0 4247298
266087884 8  P 61796 91030 0 4306642
268513835 5  P 14955 33431 0 4348901
270171307 10  P 29243 45181 0 4374772
276385286 9  P 67629 92902 0 4472298
285114586 11  P 23996 41210 0 4616432
290403709 4  P 29336 54405 0 4710615
291148797 2  P 111219 167285 0 4710651
292822086 12  P 18632 32217 0 4748002
302401702 6  P 33029 66367 0 4909801
306643801 1  P 103936 169451 0 4971505
306906311 6  P 36758 71690 0 4983603
307449795 13  P 29317 47489 0 4977652
309003916 7  P 116146 175302 0 5017321
310510696 9  P 92774 133534 0 5031394
329654221 8  P 135953 196867 0 5348059
335046331 10  P 52274 93025 0 5437648
339351820 2  P 158077 239381 0 5500391
342134531 12  P 28490 47263 0 5555917
348301124 3  P 59852 102911 0 5653714
353169908 4  P 81063 137918 0 5738951
362748156 5  P 23156 58446 0 5892775
363020742 11  P 37510 72533 0 5892814
364690458 7  P 153275 236728 0 5929665
368668541 13  P 52256 81970 0 5980652
374447091 12  P 47014 74375 0 6085317
379685725 5  P 30521 70285 0 6170267
380437361 10  P 65278 123626 0 6181318
383495610 9  P 145181 214575 0 6227134
383711172 2  P 207966 314583 0 6227154
385482709 4  P 109857 185747 0 6268338
386237593 1  P 195023 317955 0 6275519
388434020 6  P 118007 206821 0 6319280
390598012 3  P 76235 136835 0 6346672
391334895 11  P 44924 86284 0 6356674
404948111 8  P 172920 255850 0 6581625
426061693 5  P 45964 95780 0 6930036
426971848 7  P 189465 298951 0 6950051
435004505 2  P 297800 451566 0 7067518
443124933 10  P 98480 177754 0 7208378
456323671 9  P 187350 278854 0 7420320
463325210 13  P 85009 130569 0 7531476
463838810 8  P 219093 321581 0 7546450
471737603 1  P 326156 527681 0 7676315
472363994 3  P 105500 192198 0 7686264
473592009 4  P 117305 213439 0 7711887
478084759 11  P 65359 122409 0 7777965
478900624 12  P 71838 115462 0 7796632
479449475 6  P 193859 329267 0 7810424
487668249 6  P 197571 335569 0 7945078
487885001 12  P 76758 120999 0 7943829
493317125 3  P 110404 201299 0 8029540
497404941 5  P 65660 129254 0 8098885
503299984 7  P 296489 461619 0 8200573
508265974 10  P 126867 227376 0 8275627
508526900 9  P 239062 355730 0 8275581
516753300 1  P 383518 620019 0 8413843
518550392 8  P 241729 361477 0 8442795
519356969 13  P 108381 166268 0 8449479
524326484 4  P 119165 227754 0 8543094
531368412 2  P 447068 679472 0 8646287
534489965 11  P 72760 139937 0 8702110
553808118 9  P 273464 409624 0 9017448
554013972 4  P 125960 243415 0 9029479
556942156 3  P 145563 263781 0 9071925
560400606 12  P 91535 144157 0 9131880
578864999 11  P 92062 169555 0 9429136
579967398 5  P 79780 159432 0 9451526
580711189 2  P 500980 762694 0 9454703
584090082 6  P 292793 490277 0 9524797
586469007 10  P 153586 278065 0 9556890
592778794 13  P 119462 184662 0 9652400
593635786 8  P 278072 417323 0 9672930
593990110 1  P 499890 805556 0 9679250
595525385 7  P 399618 620766 0 9711529
604326706 5  P 90246 175921 0 9850616
606537191 11  P 104714 188373 0 9882500
611716770 6  P 318437 531553 0 9977397
614573522 8  P 288577 432891 0 10015954
617292083 12  P 114359 176269 0 10063952
620133364 2  P 532233 813787 0 10100570
622998712 4  P 137412 272407 0 10159687
623855406 9  P 321402 499758 0 10164759
626613106 1  P 562187 904377 0 10213724
641020758 3  P 207342 368284 0 10449411
647969601 10  P 194558 339526 0 10564487
654419938 13  P 161783 244105 0 10662301
661284776 7  P 427788 667212 0 10788891
673125765 10  P 211790 361787 0 10976636
674911256 3  P 221086 395996 0 11004646
677102175 2  P 617895 941886 0 11033929
683238020 6  P 389858 646596 0 11149184
686300933 1  P 676943 1087869 0 11191615
688167354 8  P 350106 532397 0 11221685
688748049 13  P 180969 269340 0 11224716
688904943 4  P 154117 308291 0 11239467
695130749 7  P 448987 701541 0 11343402
701827547 5  P 106828 214856 0 11447995
705368180 11  P 134506 233337 0 11501714
709261594 9  P 356025 552953 0 11563996
721495220 12  P 127384 201400 0 11771188
727918745 6  P 435064 717892 0 11881221
733248736 4  P 170527 339108 0 11965956
753933525 9  P 371011 579147 0 12295867
761754989 7  P 499883 787298 0 12434897
764354529 12  P 133512 212907 0 12473368
764399540 2  P 728079 1127586 0 12464034
765881423 11  P 140602 247581 0 12493150
766370494 8  P 392862 599824 0 12502899
775443770 10  P 304660 504881 0 12652966
778145651 3  P 269274 485616 0 12695987
780810453 13  P 240927 352711 0 12733038
782910330 1  P 797853 1284703 0 12774434
783155657 5  P 128491 260806 0 12780404
799454010 10  P 333823 550668 0 13046342
802943575 1  P 838847 1349650 0 13102616
804917246 8  P 408283 623456 0 13134423
814655691 5  P 134632 271563 0 13296479
827699885 6  P 495132 821822 0 13515976
828993238 2  P 753431 1174670 0 13522303
829350156 11  P 149221 265551 0 13533010
831997964 13  P 261319 382990 0 13571681
837512312 12  P 152021 241868 0 13671928
839403115 9  P 394644 621281 0 13696135
841551964 3  P 304263 547712 0 13734806
841764601 4  P 304572 549825 0 13743818
842409823 7  P 606072 957819 0 13756307
846185482 13  P 269941 394553 0 13804121
847323293 12  P 159476 252866 0 13832693
849606132 6  P 502554 834560 0 13874880
867717567 4  P 320384 576048 0 14169028
869113561 1  P 942604 1516646 0 14186739
874585762 11  P 155207 277530 0 14274111
880470499 8  P 507131 771281 0 14372246
880558447 9  P 416853 656682 0 14370397
883124566 5  P 182184 343401 0 14418236
884149618 7  P 631147 1000830 0 14440142
886192585 3  P 336128 600399 0 14466148
886282080 10  P 376592 615788 0 14468897
887280335 2  P 789615 1237983 0 14477247
907816415 7  P 662481 1045990 0 14827883
908302056 3  P 343583 614781 0 14828372
913607304 13  P 300106 438187 0 14908740
919733213 4  P 340708 614294 0 15021230
930707599 1  P 1040904 1673585 0 15195871
937167122 12  P 197872 314343 0 15304665
941243217 2  P 844184 1327280 0 15361344
944053217 11  P 186228 324148 0 15412271
944933132 8  P 559529 873825 0 15428349
945278003 6  P 530831 883326 0 15442308
949047653 10  P 406745 661589 0 15497210
961722404 5  P 267364 475699 0 15705900
962589652 9  P 435358 692882 0 15714360
964370210 12  P 221584 349797 0 15750350
964725094 11  P 192294 332412 0 15750955
969699916 6  P 540079 899812 0 15842421
973462126 2  P 905791 1420025 0 15889198
974341669 13  P 315625 461101 0 15903797
978980376 9  P 443973 705133 0 15982900
980561254 4  P 354233 643866 0 16017807
982193221 1  P 1115848 1792957 0 16039373
989427005 3  P 396588 698484 0 16157468
993066531 7  P 724237 1148936 0 16224558
997704084 10  P 459916 743606 0 16294386
1006265157 5  P 287010 504229 0 16435663
1013995495 8  P 593520 927976 0 16559812
1028374513 5  P 292347 515136 0 16797889
1032089224 8  P 600918 940410 0 16856250
1033300805 7  P 790729 1251265 0 16883739
1034624009 13  P 334094 489274 0 16891423
1036521994 11  P 237879 393806 0 16927245
1046754477 1  P 1212537 1947714 0 17097153
1047651512 12  P 268534 418476 0 17114797
1050985158 10  P 500585 803142 0 17167325
1062842687 4  P 374251 689705 0 17365852
1066246733 6  P 583953 981768 0 17424198
1068696733 2  P 1014428 1593498 0 17449459
1074255068 3  P 447430 782936 0 17547247
1076283873 9  P 495556 788190 0 17577057
1091621137 9  P 509886 808268 0 17828336
1094493753 7  P 847537 1341154 0 17886282
1099919094 6  P 595098 1003137 0 17975861
1108453955 10  P 527134 845066 0 18108865
1110052139 3  P 479854 832961 0 18133726
1119154977 4  P 411362 751960 0 18288442
1122933015 8  P 634337 998779 0 18344581
1125821908 2  P 1054074 1661426 0 18385358
1126135861 12  P 312848 476032 0 18400651
1127975255 11  P 276270 451212 0 18425582
1130654213 13  P 372888 543622 0 18464766
1136843506 5  P 376058 648964 0 18574961
1140955885 1  P 1353237 2175017 0 18640502
1147172643 10  P 550979 884790 0 18743204
1147191403 7  P 877195 1392355 0 18749651
1155339731 9  P 546694 877781 0 18872118
1156790556 2  P 1076053 1700751 0 18892725
1165339035 12  P 333277 507375 0 19042937
1168433414 8  P 671152 1074162 0 19090024
1175131566 11  P 301703 489379 0 19198179
1176045587 4  P 479094 857537 0 19220518
1183676354 1  P 1436824 2307377 0 19340425
1187409777 3  P 531093 922215 0 19401090
1191419072 6  P 611596 1054677 0 19474956
1193559779 5  P 488805 828039 0 19504146
1193874435 13  P 382769 564244 0 19500527
1214831930 7  P 905793 1444050 0 19857825
1215904271 13  P 395113 582148 0 19861480
1219287746 11  P 338184 536168 0 19921614
1224464087 12  P 383166 581030 0 20011624
1227469559 10  P 595495 950164 0 20058731
1228825211 6  P 625169 1082892 0 20087799
1234337305 2  P 1112839 1767521 0 20163207
1234605407 9  P 574425 932459 0 20170758
1250030894 5  P 531600 900814 0 20429358
1251717687 4  P 547465 965881 0 20460303
1255598250 1  P 1541699 2474949 0 20518753
1257480394 8  P 743510 1190869 0 20548927
1262817998 3  P 589207 1015982 0 20636525
1265098247 1  P 1558083 2501293 0 20674395
1266415531 2  P 1114677 1780135 0 20688744
1273130481 3  P 601087 1034920 0 20805480
1276339770 9  P 589150 954885 0 20854498
1276544087 6  P 639995 1111577 0 20869591
1280594952 10  P 620812 1000881 0 20929083
1287979706 12  P 428710 644480 0 21052239
1289746901 8  P 779444 1245185 0 21077560
1291160668 7  P 1025971 1630439 0 21108329
1292733891 5  P 558055 933561 0 21128976
1301923722 4  P 607442 1059089 0 21282832
1313490796 11  P 364562 576842 0 21464983
1321154174 13  P 448020 649183 0 21585859
1323683338 8  P 824416 1313993 0 21633557
1332546422 5  P 576205 961901 0 21781235
1339825193 6  P 648629 1135400 0 21906349
1341335602 11  P 379419 599229 0 21921159
1341766981 10  P 650606 1050320 0 21931309
1342724162 3  P 661254 1135927 0 21945659
1348871031 9  P 603318 987783 0 22042804
1354716790 13  P 464107 673756 0 22135738
1367071886 2  P 1136240 1832690 0 22337844
1367464113 12  P 474216 701588 0 22354480
1371523487 1  P 1719950 2760014 0 22418013
1377260823 7  P 1162422 1835991 0 22518953
1378733705 4  P 707255 1217255 0 22541232
1390749231 4  P 721045 1239135 0 22738084
1405544893 13  P 495771 720833 0 22968492
1408296725 5  P 591005 1004614 0 23022264
1409933773 9  P 628564 1030686 0 23043215
1413146218 3  P 703750 1211152 0 23099414
1414863715 7  P 1204271 1897550 0 23135021
1417306047 2  P 1172183 1895308 0 23160864
1426870220 12  P 504423 739239 0 23327758
1427595001 10  P 701164 1134428 0 23337486
1428770088 1  P 1838001 2947086 0 23355920
1432450404 6  P 680648 1199274 0 23423879
1434417908 8  P 900640 1426584 0 23447758
1435272016 11  P 412679 646372 0 23460191
1446321702 2  P 1179617 1911519 0 23636246
1451781106 5  P 608690 1036890 0 23734678
1453357991 3  P 780151 1328368 0 23758221
1459762095 9  P 663447 1083342 0 23859574
1460839748 8  P 921214 1457477 0 23880639
1465182680 12  P 514268 754220 0 23955450
1471740921 11  P 433624 674743 0 24057686
1471754490 1  P 1911760 3064291 0 24060164
1476046044 4  P 735840 1276310 0 24135540
1477528573 6  P 726197 1267045 0 24162420
1487676497 13  P 528986 766965 0 24314110
1489019931 7  P 1258908 1983058 0 24349961
1500548165 10  P 734487 1184679 0 24532732
1507254497 1  P 1944548 3117511 0 24641787
1513574547 9  P 701416 1143956 0 24741190
1516130511 3  P 878145 1475409 0 24786656
1518249848 5  P 611745 1053194 0 24823681
1520230278 8  P 951585 1503207 0 24853654
1520441740 7  P 1264496 1999137 0 24864758
1522438690 10  P 743109 1197953 0 24891378
1522733085 12  P 551782 805855 0 24898331
1531919133 6  P 800027 1377412 0 25053535
1544982317 13  P 573118 827069 0 25252995
1547756518 11  P 467071 724303 0 25303087
1553243584 2  P 1195256 1954708 0 25388009
1560264779 4  P 739544 1298562 0 25515348
1565841762 13  P 585444 844242 0 25594751
1566113573 7  P 1290398 2045766 0 25613017
1572686704 4  P 748245 1311458 0 25718865
1573849443 3  P 945097 1581814 0 25732258
1574732137 6  P 816835 1409028 0 25754957
1585850333 11  P 485530 749328 0 25927195
1586559034 9  P 745537 1213983 0 25936917
1595027577 8  P 1009217 1601627 0 26079067
1596610547 10  P 770769 1243117 0 26106567
1601557743 12  P 589598 860922 0 26189751
1607509381 2  P 1202679 1976718 0 26277068
1617816964 1  P 2083894 3341791 0 26453224
1622796878 5  P 733492 1246637 0 26536514
1624076179 13  P 632671 911126 0 26548839
1625207397 7  P 1330718 2110979 0 26581173
1627074454 8  P 1029126 1634113 0 26604096
1629868958 1  P 2116664 3392910 0 26650679
1630172939 10  P 775684 1256560 0 26656436
1636509359 3  P 1030990 1715652 0 26758839
1649559018 9  P 785502 1277184 0 26969062
1652012895 6  P 856688 1479660 0 27021066
1659009358 2  P 1265167 2073982 0 27120819
1667968785 5  P 761263 1294919 0 27276589
1672162683 11  P 516831 794337 0 27341299
1674323898 12  P 687586 1016023 0 27381568
1675702265 4  P 763087 1354085 0 27406632
1695621406 9  P 807084 1312662 0 27723714
1700537273 3  P 1081539 1798129 0 27807832
1710770143 1  P 2279961 3649190 0 27976139
1714843789 5  P 782218 1329367 0 28044562
1716247989 13  P 680346 981848 0 28058943
1716694066 11  P 573612 874897 0 28070880
1719051258 7  P 1408831 2229770 0 28118658
1721651928 12  P 721668 1064044 0 28156967
1727485668 10  P 833158 1354282 0 28250765
1729390179 4  P 766781 1371171 0 28286225
1729418233 8  P 1065134 1695896 0 28280837
1741191950 6  P 931506 1596746 0 28482128
1742696714 2  P 1322513 2170106 0 28491906
1746880917 3  P 1136246 1884290 0 28567090
1752129486 1  P 2337332 3742015 0 28653755
1761574461 8  P 1074964 1711923 0 28807661
1764037791 11  P 608385 934329 0 28846485
1767348147 7  P 1475918 2336625 0 28909913
1769545982 4  P 770688 1384156 0 28944114
1774029185 13  P 685257 996149 0 29005610
1782181223 2  P 1346333 2209803 0 29138806
1783798208 10  P 882011 1427786 0 29173366
1786574586 9  P 871373 1412748 0 29213807
1786609349 5  P 835449 1421042 0 29220282
1799059777 6  P 951840 1630935 0 29430207
1802667602 12  P 759920 1114995 0 29484295
1814268293 5  P 866351 1470957 0 29673427
1816168307 8  P 1102376 1759052 0 29702090
1816579351 10  P 909875 1468602 0 29710436
1823935867 13  P 706247 1025134 0 29823257
1829245715 12  P 770947 1128706 0 29919741
1831863681 7  P 1495098 2372867 0 29966885
1839966958 6  P 971573 1662767 0 30100398
1841490339 3  P 1214576 2014432 0 30117097
1851654205 9  P 905417 1464515 0 30280010
1854962569 2  P 1462875 2392491 0 30331219
1854990938 11  P 657025 998358 0 30336628
1857764784 4  P 775610 1407375 0 30389469
1863863892 1  P 2501217 4003414 0 30484389
1865044041 6  P 978989 1677565 0 30511265
1865357121 3  P 1233892 2045829 0 30508118
1878810960 13  P 740794 1069154 0 30722316
1880303849 11  P 673872 1023423 0 30751337
1881749121 4  P 779334 1417930 0 30782424
1882781207 5  P 934660 1582889 0 30795863
1888563744 10  P 947721 1526217 0 30889792
1895676419 1  P 2550365 4081225 0 31005594
1899355922 9  P 944484 1527240 0 31061552
1901527730 8  P 1136986 1816835 0 31100558
1908527003 12  P 813507 1187175 0 31218643
1916894896 7  P 1498811 2395376 0 31359985
1918806074 2  P 1531697 2499600 0 31377205
1926342597 6  P 1038423 1766237 0 31515535
1927246327 8  P 1175779 1874452 0 31521920
1934587406 2  P 1539128 2511922 0 31635758
1934863674 7  P 1500675 2401219 0 31654371
1936009920 1  P 2607711 4172448 0 31666410
1940337302 3  P 1275193 2119294 0 31736556
1942935861 13  P 764256 1107362 0 31772907
1960881905 11  P 721892 1085753 0 32071490
1964173286 12  P 850100 1240716 0 32130329
1964465192 9  P 988414 1588980 0 32128269
1972186634 4  P 783030 1442278 0 32264108
1976203558 5  P 1005460 1697180 0 32326421
1980532544 10  P 985059 1586496 0 32396576
1987433822 8  P 1208239 1923730 0 32507988
1987741249 11  P 731714 1098617 0 32511542
1988098053 7  P 1547476 2476596 0 32526535
1995254456 1  P 2688007 4301692 0 32637051
2002403880 6  P 1083002 1840093 0 32761675
2002827248 4  P 790463 1458383 0 32766099
2008318568 3  P 1374769 2271702 0 32850332
2025896785 9  P 1046910 1675979 0 33134716
2027513954 13  P 781166 1135249 0 33158591
2030524906 2  P 1624984 2647933 0 33207555
2032345509 10  P 1009012 1622629 0 33245442
2034230120 12  P 879656 1282754 0 33278112
2035518977 5  P 1083508 1817185 0 33298218
2044215548 9  P 1050621 1684576 0 33434843
2048927876 3  P 1414397 2335049 0 33515649
2062006841 11  P 768086 1149572 0 33728275
2069732846 13  P 799682 1164652 0 33850292
2075433819 8  P 1268750 2014872 0 33949721
2076823920 12  P 899972 1310011 0 33975949
2077598287 1  P 2778149 4448145 0 33986151
2089482087 6  P 1137164 1933516 0 34188316
2091158478 10  P 1059007 1696795 0 34209000
2097415432 2  P 1678861 2732391 0 34303443
2098769954 7  P 1589590 2558701 0 34339646
2101499219 4  P 806066 1497473 0 34382718
2104641072 5  P 1156790 1934272 0 34430682
2106840015 8  P 1294978 2055709 0 34464269
2111717892 4  P 809793 1503937 0 34550134
2112143802 10  P 1070913 1718515 0 34552789
2117937927 5  P 1158635 1950257 0 34648353
2118651961 12  P 923988 1341665 0 34661243
2122825012 9  P 1083914 1738101 0 34722735
2127607767 13  P 833568 1213177 0 34798496
2137194461 11  P 811511 1211278 0 34960109
2148504503 1  P 2868383 4593800 0 35147859
2148790598 2  P 1738763 2827843 0 35145151
2153505987 3  P 1490355 2465165 0 35228988
2162935205 6  P 1196951 2034970 0 35391731
2163941917 7  P 1666717 2683017 0 35407374
2165673553 10  P 1098528 1760558 0 35429819
2168005973 7  P 1670430 2688564 0 35473927
2170531596 5  P 1186954 2008091 0 35510008
2180569483 11  P 838143 1249291 0 35670747
2184357532 12  P 959703 1389191 0 35737732
2184499392 4  P 850981 1580791 0 35742526
2198621868 9  P 1111104 1786225 0 35964545
2213896643 3  P 1545902 2571746 0 36218215
2218435927 13  P 868652 1261896 0 36286600
2219902583 8  P 1388273 2208069 0 36316226
2223622626 6  P 1213642 2071189 0 36385991
2223915543 2  P 1763018 2879095 0 36375960
2224067003 1  P 3015867 4826489 0 36385853
2225246311 8  P 1389476 2209956 0 36403775
2226923488 10  P 1132782 1815268 0 36433321
2235375848 4  P 873440 1622154 0 36576011
2235981990 6  P 1219216 2080774 0 36588482
2240201567 13  P 873558 1269656 0 36643200
2245660715 7  P 1791044 2883284 0 36746101
2254318448 3  P 1605000 2664006 0 36880470
2254943467 1  P 3056836 4892881 0 36891697
2255944454 11  P 880566 1308077 0 36905659
2268964851 12  P 1007854 1455873 0 37123885
2270149956 2  P 1799751 2938192 0 37133448
2278231330 9  P 1188581 1908901 0 37268815
2284013209 6  P 1237709 2108578 0 37375401
2284219126 5  P 1218346 2082468 0 37372568
2285594097 5  P 1218346 2082854 0 37395094
2285691815 7  P 1820239 2929383 0 37401937
2305960610 3  P 1656583 2746033 0 37726524
2313407908 10  P 1184331 1892713 0 37850253
2317231298 9  P 1231530 1987492 0 37907578
2318390118 4  P 886488 1657505 0 37936105
2322022590 11  P 913207 1351928 0 37988265
2323714807 12  P 1029513 1488231 0 38020883
2324185905 13  P 901325 1312839 0 38019180
2328731437 2  P 1838267 3004784 0 38093219
2335168044 1  P 3189563 5104810 0 38206092
2343887004 8  P 1432328 2284613 0 38347484
2345452253 4  P 897647 1676811 0 38379482
2347808539 12  P 1045545 1509381 0 38415626
2354935929 13  P 921080 1339385 0 38522984
2359681253 2  P 1889065 3083607 0 38600282
2362207410 7  P 1853885 2981578 0 38655514
2364732055 6  P 1328839 2258000 0 38697845
2375412161 3  P 1725118 2854655 0 38864406
2377171452 9  P 1276694 2061726 0 38889605
2388772474 11  P 933515 1383009 0 39081875
2390595470 10  P 1221530 1960053 0 39114877
2399449521 8  P 1472977 2349415 0 39257795
