245114481 11  P 12954 21270 0 3961082
245705626 7  P 68088 100152 0 3980284
246087867 8  P 40503 59023 0 3978967
248513774 5  P 14955 30037 0 4021235
250171285 10  P 29237 42628 0 4047095
250277915 13  P 20700 31511 0 4040960
250403675 4  P 28123 48662 0 4055273
251147873 2  P 39815 60345 0 4055304
252822032 12  P 12947 21946 0 4092656
253097526 3  P 50072 74978 0 4093955
256385424 9  P 73851 99166 0 4144629
262401693 6  P 33027 61142 0 4254449
262656567 1  P 55205 91793 0 4250843
265380091 11  P 24825 37819 0 4293106
268519359 3  P 53785 83071 0 4346620
268830835 7  P 94729 144049 0 4359152
270530734 10  P 32510 52864 0 4380655
271152946 13  P 33017 47717 0 4382963
272388079 4  P 35536 63198 0 4415450
274308447 2  P 72264 111087 0 4434748
278620455 6  P 44339 78271 0 4520173
279596538 1  P 89217 145495 0 4528375
280541065 8  P 64050 94529 0 4543423
282261171 12  P 27803 44520 0 4574950
282748132 5  P 19876 42641 0 4582109
283323361 9  P 92835 135542 0 4585952
283682688 9  P 92835 135628 0 4591838
286143416 1  P 97413 158770 0 4635635
289343931 8  P 77564 115291 0 4687641
291168630 13  P 47208 66421 0 4710892
291317589 11  P 28546 46880 0 4718048
292576257 5  P 23567 49303 0 4743123
292763069 4  P 39241 71781 0 4749267
293526733 6  P 51748 90685 0 4764387
299280769 10  P 49397 81870 0 4851688
300535538 3  P 84369 130850 0 4871156
300754567 7  P 122483 190478 0 4882142
302134615 12  P 37028 58953 0 4900576
302961247 2  P 108598 166512 0 4904177
304823715 9  P 113366 166087 0 4938196
305747446 4  P 44785 81416 0 4961992
306222003 1  P 121992 199448 0 4964580
310434234 13  P 57022 78601 0 5026533
310598061 3  P 93606 144322 0 5036017
311215462 2  P 117670 179754 0 5039408
313483876 10  P 56837 94013 0 5084383
318681547 12  P 42616 67998 0 5171677
319452744 6  P 60946 107145 0 5189129
321215426 8  P 106264 159500 0 5209770
321263752 5  P 27272 61500 0 5213124
321989654 11  P 39059 64123 0 5220563
322737570 7  P 135810 212280 0 5242324
325242501 2  P 134513 207226 0 5269218
325293581 13  P 69348 94764 0 5269984
326613991 3  P 101607 155309 0 5298409
327855382 6  P 65422 113902 0 5326792
327919300 4  P 48495 90742 0 5325245
328341922 5  P 29115 65374 0 5329084
330208342 11  P 46515 74783 0 5355214
331260720 8  P 109959 166803 0 5374371
332296852 10  P 76886 127013 0 5392602
333275267 12  P 46304 75361 0 5410770
336905467 9  P 144530 213156 0 5463771
338346848 7  P 149137 237794 0 5498051
342003216 1  P 187558 303391 0 5550811
345028698 4  P 52207 99514 0 5605551
345160938 3  P 113519 176211 0 5602271
345961211 2  P 152992 237797 0 5608665
349581403 1  P 187558 304233 0 5674970
352838846 8  P 117408 179887 0 5727888
353650336 12  P 59852 91628 0 5744583
353937532 10  P 76886 131705 0 5747155
358802156 11  P 56369 87837 0 5823685
361876424 5  P 41371 81928 0 5878487
361933461 6  P 90205 152442 0 5885106
362184783 13  P 87845 117785 0 5874390
363042551 9  P 154590 230728 0 5892013
363175119 7  P 182342 288974 0 5904824
366378138 7  P 194257 306265 0 5957302
367513941 5  P 41371 82982 0 5970849
368531510 9  P 159512 239657 0 5981942
369762852 13  P 92763 123190 0 5998546
370263619 4  P 66174 124590 0 6018980
371177191 11  P 63793 98864 0 6026433
371385890 8  P 129781 198293 0 6031750
373942240 3  P 130362 204430 0 6073809
375164289 2  P 171532 266859 0 6087105
380800117 1  P 253118 407312 0 6186436
381511735 12  P 68461 104908 0 6201017
381531269 10  P 93466 153818 0 6199239
383245958 6  P 98808 166749 0 6234275
384767724 8  P 153152 231958 0 6250985
388242354 2  P 174608 272199 0 6301367
389261919 12  P 74598 110900 0 6327989
393250064 10  P 97192 160571 0 6391236
394028964 13  P 108585 141572 0 6396106
395480064 9  P 171020 258469 0 6423442
395831653 7  P 227059 356279 0 6439855
396949500 6  P 118895 198175 0 6458780
397614103 3  P 156229 244864 0 6461638
398529600 5  P 49998 98969 0 6478983
399521331 11  P 78573 117056 0 6490802
400529256 4  P 91831 168114 0 6514826
402175072 1  P 287109 459129 0 6536626
403466147 6  P 118895 199046 0 6565531
403479839 8  P 161792 245489 0 6557553
405066849 1  P 295314 471845 0 6584004
405176633 3  P 156229 246855 0 6585533
410896379 11  P 82258 123125 0 6677168
412198819 9  P 189387 284163 0 6697348
412936227 5  P 53694 106127 0 6715006
412984838 10  P 103423 170069 0 6714564
413216701 4  P 95542 175171 0 6722685
413353839 12  P 89389 129659 0 6722725
414425032 7  P 237578 371269 0 6744474
417873725 13  P 122898 163642 0 6786756
421211083 2  P 183897 291218 0 6841508
424228866 12  P 93094 136304 0 6900896
424280065 5  P 53694 108385 0 6900857
430565703 7  P 242489 379755 0 7008913
432013292 13  P 132754 175617 0 7018431
432498380 4  P 114876 205316 0 7038581
433039253 2  P 185745 296397 0 7035295
433128190 1  P 336293 537255 0 7043753
434308268 9  P 200886 303685 0 7059556
436057680 8  P 172832 261941 0 7091287
438864077 3  P 180542 284322 0 7137442
440012202 6  P 161461 264917 0 7164298
440453608 10  P 140946 229051 0 7164599
442458907 11  P 95465 139779 0 7194272
443880723 11  P 99151 144500 0 7217564
444471828 7  P 248062 389292 0 7236731
444810891 4  P 124041 218810 0 7240302
445979315 12  P 106657 153738 0 7257240
448711216 2  P 201085 322080 0 7292057
449232041 13  P 141398 188031 0 7300535
453168062 9  P 210716 316883 0 7368547
454687963 10  P 148384 241200 0 7397814
455676754 6  P 184750 303036 0 7420912
456853539 3  P 189817 299102 0 7432169
457667078 8  P 200226 305595 0 7445324
463045619 5  P 65726 128171 0 7535964
463487601 1  P 377277 602998 0 7541158
464878211 1  P 377277 603382 0 7563941
466448704 9  P 211897 320280 0 7586131
468773731 2  P 238769 380854 0 7620746
469489110 3  P 193542 306680 0 7639179
469737508 7  P 251114 398031 0 7650661
470965457 8  P 216611 330090 0 7663171
474585869 11  P 110189 159192 0 7720591
474980832 6  P 199342 326622 0 7737180
475170229 4  P 138224 241540 0 7737692
477374046 13  P 156191 205907 0 7761582
478873789 5  P 70617 135305 0 7795278
481713667 12  P 123896 177808 0 7842698
482875443 10  P 151458 248879 0 7859635
483239081 3  P 193542 309749 0 7864454
483953542 10  P 151458 249361 0 7877298
487146770 11  P 113894 165694 0 7926408
489871501 6  P 205485 333728 0 7981142
490482771 4  P 153855 266569 0 7988563
493729500 8  P 249820 380880 0 8036142
494201889 5  P 72464 140291 0 8046409
494237690 1  P 401861 645014 0 8044953
495284345 7  P 283075 449262 0 8069211
498091438 13  P 167357 223475 0 8101027
500054906 2  P 283959 451524 0 8133248
500088679 12  P 128812 185456 0 8143752
501292546 9  P 234286 355705 0 8156991
504560145 13  P 168425 225628 0 8207008
508479396 8  P 254722 388695 0 8277799
512733131 5  P 82717 158033 0 8350017
514151130 12  P 139913 201727 0 8374145
514951582 4  P 157652 278941 0 8389449
515143654 7  P 296345 468924 0 8394576
517109809 10  P 168740 274411 0 8420516
519277601 6  P 226071 365993 0 8462917
519600422 11  P 134172 190999 0 8458107
519910902 3  P 217016 351884 0 8465254
520643890 1  P 475623 760689 0 8477576
521339464 9  P 244131 368480 0 8485430
521570657 2  P 302508 482429 0 8485749
523982771 4  P 159517 283021 0 8537414
526778954 13  P 180812 243331 0 8571035
527432576 8  P 267722 408891 0 8588316
527942181 3  P 220707 357941 0 8596836
529615542 11  P 141590 201825 0 8622196
532159467 1  P 490368 785224 0 8666244
533823453 2  P 333102 528579 0 8686490
535953230 9  P 265253 398579 0 8724858
538526213 12  P 146672 213727 0 8773493
538855766 6  P 241055 389299 0 8783676
539813141 5  P 89495 183636 0 8793633
541893722 7  P 312428 495616 0 8832834
542594114 10  P 186630 299901 0 8838046
543885505 12  P 150401 218788 0 8861299
543990480 11  P 148364 211036 0 8857715
544770260 3  P 228125 371143 0 8872535
545750369 10  P 186630 300681 0 8889756
547416983 8  P 275694 420185 0 8915724
547545286 4  P 163226 293009 0 8923451
549672911 13  P 198670 267107 0 8946125
550245625 9  P 273231 411478 0 8959011
552643749 7  P 317850 505002 0 9008956
554368941 2  P 352372 559988 0 9023071
559311457 6  P 250318 404887 0 9118815
560889939 5  P 113915 223110 0 9138963
560895992 1  P 551023 881202 0 9137051
565959189 3  P 241125 392882 0 9219657
566247624 12  P 171384 244061 0 9227674
566452294 5  P 118845 228513 0 9230090
567042549 9  P 290057 436914 0 9234208
568006115 11  P 158113 225652 0 9251178
569090072 6  P 256464 411582 0 9279020
569797334 10  P 194053 315877 0 9283737
571398718 2  P 376187 597633 0 9302101
572060135 13  P 212164 284814 0 9312911
574010813 8  P 297131 453896 0 9351418
576065765 1  P 578885 925772 0 9385586
582826530 4  P 187767 333072 0 9501483
584206238 7  P 343529 548660 0 9526057
584427990 11  P 165555 237314 0 9520223
585450807 13  P 215890 291216 0 9532300
585721692 10  P 200185 323940 0 9544635
586014779 5  P 121809 236031 0 9550588
586072993 12  P 176270 251513 0 9552484
590636297 9  P 303596 454463 0 9620757
592104082 2  P 396916 630047 0 9641328
592104521 8  P 323369 490911 0 9647860
593168215 6  P 269576 433718 0 9673507
595176463 3  P 248527 409450 0 9698364
595192333 1  P 601847 962767 0 9698924
602628184 7  P 360541 574244 0 9827872
603471947 4  P 212785 371843 0 9839731
604797161 13  P 226370 305375 0 9849264
607386312 9  P 308507 462968 0 9895172
609157204 10  P 209465 340511 0 9928594
615313691 5  P 151252 283663 0 10030563
616631629 11  P 190846 267352 0 10047827
617583178 3  P 253440 420237 0 10065454
618719013 8  P 341610 521382 0 10083875
618998833 4  P 225363 391748 0 10094110
619512556 12  P 188559 270268 0 10100312
621355788 6  P 277974 453966 0 10135308
621524140 2  P 426478 677229 0 10123332
622816611 1  P 668401 1067342 0 10151522
623191118 7  P 383709 610643 0 10164754
625637449 6  P 283341 462067 0 10205455
625785241 10  P 218070 353463 0 10201018
626600356 11  P 195754 273330 0 10211153
627734000 5  P 156196 291168 0 10234074
628097347 7  P 383709 612553 0 10245133
629611564 4  P 231237 401969 0 10267982
629633438 2  P 426478 679089 0 10256190
630394163 13  P 245669 330016 0 10268617
631386013 12  P 197186 281557 0 10294869
631914901 3  P 264576 437434 0 10300260
634566537 1  P 692967 1105809 0 10344032
640636229 8  P 345339 531681 0 10442971
643262302 12  P 205786 292342 0 10489424
643808578 9  P 331288 496108 0 10491894
644473850 3  P 272777 452857 0 10506014
646269669 1  P 717572 1144561 0 10535769
646824286 9  P 334575 501740 0 10541298
647787847 11  P 206224 288713 0 10558276
648504596 7  P 403870 645281 0 10579459
655264395 4  P 260909 450742 0 10688261
656434457 6  P 306734 500556 0 10710013
657698670 8  P 353941 545588 0 10722511
658919997 13  P 259166 348350 0 10735976
662125889 10  P 251717 404507 0 10796409
662265244 5  P 179810 328254 0 10799813
662352248 2  P 444395 712354 0 10792234
663819059 11  P 209294 294595 0 10820927
665545750 4  P 260909 453188 0 10856704
665573449 12  P 221879 314647 0 10854982
667380077 3  P 298451 494071 0 10881299
667780875 5  P 179810 329732 0 10890179
668088476 7  P 435644 690054 0 10900328
668591854 13  P 266606 358195 0 10894439
669840642 6  P 308579 505500 0 10929651
677019769 1  P 774904 1235867 0 11039562
680242931 2  P 453632 730639 0 11085339
681776803 8  P 363790 560079 0 11116997
682547739 10  P 252921 409217 0 11130988
682605501 9  P 364308 548448 0 11127509
685044934 13  P 272751 366108 0 11164000
686348963 3  P 314070 519861 0 11192067
687682804 12  P 232365 329716 0 11217212
688933589 9  P 377409 566516 0 11231186
689984030 5  P 194184 353441 0 11253938
693850308 11  P 230305 321917 0 11312950
695369343 2  P 467618 752473 0 11333139
695748806 4  P 272657 477897 0 11351535
696925426 7  P 465152 737803 0 11372778
701754052 1  P 824071 1313210 0 11444804
702651817 8  P 370543 571783 0 11458992
703262441 6  P 324675 530294 0 11477222
704891773 10  P 289155 466517 0 11497040
707410278 1  P 824071 1313651 0 11537474
707426982 3  P 333621 549002 0 11537407
708215465 9  P 381695 573122 0 11547077
709138658 13  P 282589 379725 0 11558744
709956674 7  P 474566 752890 0 11586268
710762855 12  P 242214 342762 0 11595311
712401781 8  P 371749 573898 0 11618728
713824970 6  P 324675 532207 0 11650275
715280805 5  P 202823 366670 0 11668391
715561367 4  P 278211 487366 0 11676135
718865903 11  P 240806 337577 0 11722800
721039713 2  P 500684 801072 0 11753743
722110251 10  P 309658 497945 0 11779167
725177025 3  P 345553 569600 0 11828217
728870491 8  P 377672 583468 0 11888540
729858302 4  P 278211 491011 0 11910365
731615948 11  P 248215 348657 0 11931692
733073419 12  P 252028 354993 0 11960871
734961586 2  P 512608 822916 0 11981831
735794991 13  P 293502 394399 0 11995472
736066080 7  P 498377 791744 0 12014023
740231274 6  P 333288 548270 0 12082899
740277365 9  P 400968 605735 0 12072359
742500889 10  P 332974 533966 0 12113236
743999660 5  P 222133 399303 0 12138906
745082183 1  P 891036 1418274 0 12154677
745573663 8  P 386322 596521 0 12162197
746778075 6  P 351955 576043 0 12190156
747107167 4  P 288597 506939 0 12192956
748664823 2  P 516315 831028 0 12206336
749576197 13  P 300930 405363 0 12221261
753532155 10  P 336698 541227 0 12293971
753535261 1  P 907417 1444116 0 12293173
754343390 5  P 223346 402360 0 12308369
754647233 11  P 254971 359946 0 12309030
758417908 9  P 414740 628796 0 12369568
762927065 3  P 390097 639798 0 12446691
762948441 12  P 267442 375292 0 12450335
763175466 7  P 540392 858730 0 12458164
767670778 4  P 294552 519199 0 12529852
767745300 12  P 271169 380827 0 12528925
768998096 13  P 313902 423599 0 12539460
769581654 7  P 541598 860158 0 12563113
770000834 10  P 345312 554413 0 12563786
771496108 9  P 421439 638918 0 12583836
772655877 5  P 238464 427482 0 12608391
775992862 2  P 534003 861292 0 12654064
778740885 11  P 261746 370828 0 12703768
779067697 3  P 398290 655564 0 12711132
780365555 1  P 943480 1501892 0 12732752
781183118 8  P 403007 625010 0 12745598
783373197 6  P 366039 598635 0 12789708
785214050 12  P 277300 388466 0 12815129
787077034 4  P 305862 539507 0 12847796
788602297 2  P 537704 868723 0 12860650
790819022 11  P 266645 376619 0 12901652
791121024 9  P 429442 649708 0 12905353
794421447 5  P 262365 461321 0 12964982
800200032 6  P 375654 614236 0 13065387
801536502 3  P 416949 683738 0 13079251
802107526 13  P 329311 444553 0 13081903
802547740 10  P 367024 586710 0 13097026
802589300 8  P 426167 660649 0 13096311
803144167 7  P 551396 877830 0 13112979
803837788 1  P 984496 1567777 0 13117312
805032088 10  P 367024 587336 0 13137729
806816606 6  P 380586 620833 0 13173786
806854857 8  P 431103 666740 0 13166198
807066058 7  P 551396 878896 0 13177230
809308651 9  P 434369 658729 0 13203327
809952687 5  P 282475 493573 0 13219432
810742921 2  P 569724 918700 0 13223392
813315225 12  P 296384 412967 0 13275532
813751959 4  P 330609 578198 0 13284828
814286492 3  P 418813 689689 0 13288139
820857471 13  P 334232 451973 0 13389090
822803432 11  P 280822 401424 0 13425649
823990253 3  P 427431 700371 0 13447119
824584695 1  P 1020534 1624995 0 13457217
827495999 9  P 449950 683480 0 13501296
828492924 2  P 575312 930013 0 13514195
828804727 11  P 283234 402427 0 13523969
829530814 5  P 302575 526431 0 13540191
833707344 4  P 347554 606842 0 13611763
833893075 10  P 382630 615165 0 13610548
833941088 7  P 560689 896114 0 13617539
834198450 12  P 306197 425727 0 13617679
835229860 8  P 440948 682193 0 13631084
837404320 13  P 342884 463280 0 13660188
838897605 1  P 1036927 1651706 0 13691712
841418725 6  P 403525 655209 0 13740695
845248872 4  P 358777 623940 0 13800856
848073464 12  P 309905 432405 0 13844999
850083344 3  P 434184 713297 0 13874611
850242920 2  P 597489 965557 0 13870541
851826244 13  P 350297 474912 0 13896471
859222241 9  P 492290 746059 0 14021080
859691065 7  P 566230 908852 0 14039406
859718383 5  P 340359 587769 0 14034767
860573638 8  P 453286 702008 0 14046305
861288632 1  P 1083820 1726138 0 14058563
863709680 11  P 295568 422456 0 14095843
864719629 10  P 397980 641102 0 14115622
864746824 6  P 410289 667837 0 14122890
865645252 5  P 344079 593220 0 14131869
867792193 12  P 314796 439815 0 14168061
869659814 7  P 569936 915858 0 14202730
870024505 2  P 626069 1008812 0 14194630
871041353 1  P 1108411 1765524 0 14218342
873630248 3  P 443450 731407 0 14260390
874308589 9  P 499741 757918 0 14268251
875949982 6  P 410289 669865 0 14306442
878616019 11  P 301650 432345 0 14340058
879870551 8  P 458139 710466 0 14362457
880201219 13  P 365076 494001 0 14361358
881125830 10  P 408229 658423 0 14384416
881764462 4  P 391630 675592 0 14399118
886003123 13  P 368800 498990 0 14456412
887190944 7  P 579767 928382 0 14489945
890999628 5  P 373879 639185 0 14547266
893625324 4  P 407241 699293 0 14593419
893662875 11  P 313357 446939 0 14586583
898776781 8  P 469808 726303 0 14672205
898903304 9  P 523287 793550 0 14671176
900262426 6  P 427805 698836 0 14704769
900380185 3  P 455816 751192 0 14698639
901438389 10  P 432950 697272 0 14717208
901774529 2  P 655419 1055738 0 14714806
901988860 1  P 1150083 1833220 0 14725370
902932870 12  P 332121 464413 0 14743782
904890230 5  P 378791 646170 0 14774840
905128499 7  P 590894 944708 0 14783813
907834891 1  P 1161551 1851105 0 14821151
908401797 8  P 473513 733002 0 14829894
908530033 4  P 414652 710842 0 14837641
908659129 6  P 434361 710249 0 14842339
909682829 12  P 335848 470515 0 14854365
911801997 3  P 465117 764580 0 14885764
912165213 2  P 659745 1062713 0 14885044
916178485 11  P 318281 455138 0 14955477
916841867 13  P 381113 518371 0 14961666
920761798 9  P 548931 834229 0 15029313
923328991 10  P 441338 714704 0 15075856
924013691 13  P 386023 524100 0 15079166
926014427 4  P 426936 730327 0 15124101
926587048 2  P 676142 1091383 0 15121325
929343910 8  P 480706 744920 0 15172994
930472281 7  P 610206 975802 0 15199028
930813446 10  P 441357 716068 0 15198480
932504460 1  P 1200879 1913887 0 15225334
937083270 3  P 468821 775725 0 15299961
939323470 12  P 351284 491416 0 15339987
940012548 6  P 456521 744734 0 15356029
942214796 9  P 575398 871680 0 15380787
942878797 5  P 407572 693769 0 15397224
942990983 11  P 326926 469280 0 15394760
948688341 10  P 448785 729267 0 15491332
949019562 7  P 612065 982554 0 15502892
949631535 11  P 330631 474520 0 15503555
950321479 2  P 693651 1120423 0 15510178
953529355 13  P 401443 544346 0 15562737
953636734 9  P 582822 883012 0 15567915
955104707 12  P 359867 502370 0 15598544
956176409 1  P 1241849 1979054 0 15613167
957239500 3  P 481829 796127 0 15630188
961998843 4  P 454942 776179 0 15713652
963339073 12  P 365435 510272 0 15733451
963465855 8  P 496152 769091 0 15732005
963762470 6  P 466359 761826 0 15745128
963937089 5  P 430431 729953 0 15742235
966042417 8  P 496152 770029 0 15774239
968000927 10  P 452495 738142 0 15807741
968300417 7  P 620944 997374 0 15818781
968404329 13  P 410065 556129 0 15806443
969718459 5  P 430431 731129 0 15836955
972286370 3  P 489225 816900 0 15876677
974777550 2  P 716314 1156986 0 15910852
978058594 9  P 625581 947041 0 15968031
978618124 1  P 1289362 2054489 0 15980847
978819073 11  P 341812 493050 0 15981759
980733269 4  P 474304 806462 0 16020589
983512463 6  P 489740 797243 0 16068698
987978858 1  P 1307386 2082688 0 16134206
988027349 9  P 631148 955816 0 16131357
989180851 2  P 723101 1170335 0 16146828
993698626 8  P 503585 785609 0 16227335
995422782 10  P 462356 753708 0 16257007
998194073 11  P 346716 501063 0 16299192
998905868 5  P 462215 779059 0 16315140
999279383 13  P 427886 580216 0 16312294
1001474374 3  P 507910 847008 0 16354874
1001911350 7  P 636984 1024216 0 16369424
1001917157 12  P 387015 540525 0 16365489
1002827001 4  P 493607 839032 0 16382564
1005121837 6  P 511855 831725 0 16422735
1006930820 2  P 734243 1188768 0 16437628
1007520743 3  P 526385 875069 0 16453935
1009401532 12  P 390725 546363 0 16488112
1009782106 10  P 464199 759627 0 16492268
1010780866 5  P 467122 790100 0 16509632
1012342626 4  P 495715 844160 0 16538460
1019982429 13  P 440892 599257 0 16651482
1020168740 6  P 518625 842108 0 16669255
1020381533 11  P 355977 515827 0 16662704
1021113312 7  P 641933 1033854 0 16684019
1021496593 9  P 667190 1008410 0 16679693
1024354890 8  P 520281 812036 0 16729589
1024473259 1  P 1397540 2224496 0 16732112
1026842183 12  P 398134 557612 0 16773850
1027888735 13  P 440892 600813 0 16781016
1027926347 1  P 1397540 2224797 0 16788686
1028919019 9  P 679318 1026244 0 16801288
1029776826 8  P 520281 813320 0 16818420
1030916187 10  P 478414 779507 0 16838524
1031442592 3  P 546439 910087 0 16845852
1032999614 5  P 475745 803927 0 16873657
1037340661 6  P 531755 862721 0 16950589
1038644579 7  P 647490 1044655 0 16971245
1039774572 2  P 746054 1210727 0 16975721
1039975291 11  P 359660 523920 0 16983724
1041826866 4  P 516475 877797 0 17021522
1045880179 3  P 558332 930728 0 17082388
1048303399 11  P 363369 529479 0 17120169
1052154943 4  P 520193 884500 0 17190731
1053074721 9  P 709210 1073063 0 17197052
1053087071 2  P 753460 1222834 0 17193828
1053479841 8  P 536204 835375 0 17206750
1057597720 7  P 661190 1065976 0 17281765
1058604689 12  P 414889 583706 0 17294228
1059067013 1  P 1454922 2315861 0 17298878
1059951267 13  P 452021 619650 0 17306319
1060110279 10  P 488874 798040 0 17316835
1063813051 5  P 488757 825696 0 17378462
1064840694 6  P 550011 893189 0 17401132
1068839089 12  P 414889 585655 0 17461899
1069272164 11  P 370805 542706 0 17463714
1070686218 4  P 535172 908766 0 17494340
1073011137 8  P 541795 846164 0 17526727
1077643492 5  P 497359 837660 0 17605063
1078121555 9  P 754971 1149527 0 17607330
1078973239 1  P 1487691 2367424 0 17625009
1079317763 3  P 585867 975699 0 17630205
1079363299 7  P 686841 1106380 0 17638361
1079633901 2  P 765814 1241647 0 17628757
1080107453 13  P 457592 630125 0 17636554
1082219612 10  P 499904 812375 0 17679063
1085184385 6  P 563559 917587 0 17734430
1087108091 4  P 544654 923884 0 17763387
1087442761 3  P 595698 992944 0 17763320
1089058038 8  P 551098 870268 0 17789363
1089403151 6  P 563559 918758 0 17803549
1090486611 5  P 506166 851227 0 17815478
1090915206 2  P 767681 1247639 0 17813576
1090922773 10  P 503627 818686 0 17821655
1091505529 7  P 711460 1157854 0 17837248
1092301341 1  P 1504075 2393768 0 17843376
1093100374 11  P 381952 559967 0 17854110
1094526602 12  P 429052 604731 0 17882753
1099013729 13  P 468719 646786 0 17946306
1105246584 9  P 772478 1180473 0 18051727
1106059029 9  P 772478 1180637 0 18065037
1107014346 4  P 562354 951899 0 18089519
1109591884 13  P 475368 656391 0 18119616
1110865951 11  P 392464 574729 0 18145175
1111667388 8  P 559655 885547 0 18159778
1115543734 6  P 574182 937111 0 18231825
1117255046 7  P 726791 1184574 0 18259119
1118143088 10  P 521666 845263 0 18267599
1118255594 3  P 631994 1054638 0 18268133
1120624623 5  P 533949 898341 0 18309239
1120682853 12  P 438904 617828 0 18311285
1121930849 2  P 780662 1270458 0 18321720
1122988853 1  P 1569623 2497106 0 18346148
1126777758 9  P 782352 1194004 0 18404472
1127735058 12  P 442628 623054 0 18426825
1127780837 5  P 539506 906185 0 18426483
1128615948 11  P 398027 584220 0 18435986
1130675832 7  P 731720 1191747 0 18479019
1131801355 1  P 1586019 2522866 0 18490526
1131886659 2  P 785249 1278298 0 18484825
1135003766 4  P 589122 991341 0 18548090
1135251009 10  P 526626 854216 0 18547910
1136232490 13  P 490131 674150 0 18556085
1140318081 3  P 639377 1069383 0 18629596
1143309369 6  P 595383 971616 0 18686722
1143729916 8  P 575091 907963 0 18685081
1145826235 13  P 493869 680065 0 18713265
1146479656 3  P 643102 1075199 0 18730544
1151017681 8  P 586991 926343 0 18804482
1152750929 10  P 546456 884872 0 18834624
1153499253 4  P 604706 1016290 0 18851110
1154738313 7  P 744683 1213966 0 18873240
1155180760 2  P 800441 1305529 0 18866458
1156042187 12  P 457387 642108 0 18890601
1156512108 9  P 796502 1217670 0 18891618
1158343418 5  P 564870 948529 0 18927198
1159287814 11  P 413411 605436 0 18938500
1162149465 1  P 1649957 2623500 0 18987739
1165934751 6  P 616113 1003700 0 19057397
1168364974 3  P 662391 1106788 0 19089105
1168917192 12  P 461113 649301 0 19101543
1169715227 8  P 602206 949110 0 19110806
1171805772 2  P 810592 1321680 0 19138839
1172097745 7  P 752050 1227378 0 19157648
1172124470 13  P 510883 702618 0 19144100
1177797800 10  P 560406 908931 0 19244986
1178509023 6  P 632370 1029302 0 19263404
1181124710 5  P 568689 956434 0 19300422
1181249184 4  P 633182 1063943 0 19305755
1182365988 11  P 426968 622571 0 19316602
1182729333 1  P 1684387 2678182 0 19324911
1184714044 12  P 464782 656738 0 19360356
1184903847 9  P 815563 1244131 0 19356754
1186883902 2  P 810592 1326109 0 19385858
1195074681 9  P 815563 1246557 0 19523406
1197339673 8  P 645648 1028213 0 19563371
1197660723 1  P 1708976 2717805 0 19569537
1198765232 5  P 577960 971009 0 19589438
1199638735 13  P 523866 722588 0 19594909
1200059834 6  P 654303 1065878 0 19616479
1201218067 4  P 668874 1118710 0 19632921
1202146211 3  P 674945 1131190 0 19642553
1202178439 11  P 431887 630403 0 19641202
1203188395 10  P 573390 930801 0 19660973
1204255548 7  P 772440 1262008 0 19684477
1208401598 12  P 473402 669473 0 19748444
1213394545 7  P 781623 1270402 0 19834229
1215966926 13  P 536194 738394 0 19862428
1216137915 6  P 665184 1085162 0 19879885
1217089709 8  P 657551 1049336 0 19886952
1217547773 10  P 582051 942398 0 19896232
1217702406 4  P 680033 1136072 0 19902992
1219349361 3  P 682352 1143921 0 19924402
1220258924 2  P 819865 1344960 0 19932653
1220787877 1  P 1769581 2813080 0 19948438
1221059030 9  P 826625 1261666 0 19949122
1223218809 5  P 600358 1002934 0 19990071
1223709729 11  P 442362 645928 0 19993964
1224576222 13  P 539879 744605 0 20003483
1226293404 9  P 826625 1263114 0 20034873
1226837048 2  P 823551 1350090 0 20040426
1227496006 8  P 664967 1060753 0 20057442
1227698420 12  P 485100 683636 0 20064594
1234762946 6  P 685320 1118181 0 20185029
1236787859 11  P 447265 652621 0 20208231
1238161821 3  P 702920 1173843 0 20232613
1241671224 4  P 702086 1171971 0 20295690
1241816448 7  P 788427 1284055 0 20299874
1242094632 10  P 607704 999465 0 20298384
1242593806 5  P 607134 1014994 0 20307498
1243582645 1  P 1807262 2873269 0 20321903
1244739914 3  P 712983 1190310 0 20340384
1247470051 10  P 611431 1004616 0 20386447
1247839114 12  P 496210 700014 0 20394572
1249952447 4  P 709057 1183705 0 20431363
1252169982 13  P 557779 768703 0 20455575
1255496137 2  P 832841 1369619 0 20509964
1256403476 6  P 707903 1152058 0 20539578
1256605868 9  P 834013 1279408 0 20531498
1256850333 11  P 459646 669817 0 20536925
1260963837 1  P 1854790 2947455 0 20606663
1261531298 5  P 610839 1023016 0 20617760
1264136594 8  P 687612 1096704 0 20657744
1264832043 7  P 801402 1304181 0 20676952
1269591828 13  P 567625 780500 0 20741008
1270112556 8  P 695796 1110088 0 20755651
1270194126 11  P 463350 676654 0 20755543
1270684772 6  P 721033 1172167 0 20773551
1271410171 7  P 805131 1310935 0 20784727
1273318575 10  P 623113 1025318 0 20809941
1274344893 4  P 740839 1236018 0 20830996
1275161751 3  P 739729 1233301 0 20838797
1276417235 12  P 514093 723691 0 20862789
1277727708 2  P 832841 1376118 0 20874191
1279035747 1  P 1887567 2999821 0 20902747
1280859411 5  P 639087 1064973 0 20934420
1281199658 9  P 844481 1295615 0 20934433
1286495901 8  P 708756 1128765 0 21024073
1287613296 7  P 806995 1316949 0 21050175
1291453631 4  P 763632 1270077 0 21111299
1292818011 3  P 763605 1270792 0 21128068
1293264733 13  P 582988 800609 0 21128848
1294654346 9  P 851933 1307596 0 21154833
1295430814 2  P 836548 1385215 0 21164227
1296673154 10  P 647292 1065008 0 21192564
1297006593 11  P 480584 699450 0 21194826
1298467446 6  P 736447 1200208 0 21228702
1301499978 5  P 645890 1076963 0 21272585
1301746132 12  P 526412 741501 0 21277764
1304651352 1  P 1912155 3041246 0 21322416
1309870951 8  P 716150 1143097 0 21407040
1310964142 12  P 532780 748928 0 21428790
1314487856 4  P 788489 1311850 0 21488687
1314949638 9  P 864937 1327492 0 21487369
1315879505 1  P 1936742 3080198 0 21506376
1316272219 11  P 489173 713740 0 21510467
1318036769 3  P 782955 1302029 0 21541229
1319426914 5  P 649629 1084862 0 21566291
1319575419 6  P 754903 1231249 0 21574552
1319626251 10  P 673174 1105530 0 21568621
1322305792 2  P 847639 1405533 0 21604526
1323216809 13  P 595966 820934 0 21619577
1325245944 8  P 719876 1151675 0 21658930
1325582001 7  P 824863 1345946 0 21672229
1326318075 3  P 786683 1308965 0 21676907
1328357456 13  P 597164 821855 0 21703800
1328691408 7  P 824863 1346737 0 21723172
1330481700 6  P 765171 1248194 0 21753230
1334756649 11  P 494097 721407 0 21813305
1336952987 5  P 665902 1109750 0 21853432
1337870379 12  P 546974 768866 0 21869602
1338452410 4  P 808101 1343718 0 21881315
1340809113 9  P 885474 1359376 0 21911037
1341629481 1  P 1994103 3170014 0 21928254
1342657604 10  P 683677 1121991 0 21945955
1343274556 2  P 858757 1423664 0 21948064
1345107449 13  P 605776 833164 0 21978216
1351427392 3  P 806000 1340050 0 22088284
1351531243 5  P 678251 1129017 0 22092274
1352397194 11  P 503932 733564 0 22102321
1352480699 8  P 740653 1186562 0 22105132
1352809719 6  P 787158 1284596 0 22119042
1352837042 2  P 862471 1430382 0 22104729
1354066390 7  P 832276 1360969 0 22138901
1354577343 4  P 823548 1369156 0 22145495
1356167259 12  P 555578 780399 0 22169368
1359988893 1  P 2018696 3210809 0 22229044
1360251349 10  P 692292 1134694 0 22234201
1361168766 9  P 894761 1374991 0 22244602
1365012332 12  P 559300 786095 0 22314262
1373489965 3  P 818142 1362596 0 22449747
1373546099 4  P 848545 1406188 0 22456275
1373586279 11  P 507641 741083 0 22449450
1375510510 1  P 2051477 3262522 0 22483336
1376454382 10  P 702756 1149206 0 22499663
1376528464 6  P 808370 1317347 0 22507639
1377043351 9  P 896627 1380179 0 22504686
1377462011 2  P 881010 1472235 0 22508161
1378465620 8  P 756946 1211586 0 22530840
1380951206 13  P 627970 861267 0 22565470
1381050771 7  P 835995 1371844 0 22581004
1384813604 5  P 705768 1174035 0 22637532
1386505559 3  P 826561 1378109 0 22662984
1387355887 9  P 908510 1399713 0 22673640
1387860708 10  P 708855 1161152 0 22686531
1387940025 5  P 719892 1195898 0 22688770
1389381519 11  P 518088 755014 0 22708261
1390121016 8  P 756946 1214570 0 22721809
1390200346 6  P 824008 1343105 0 22731634
1392374069 13  P 632894 867721 0 22752604
1393633884 2  P 886602 1482621 0 22773111
1394240994 1  P 2079335 3307338 0 22790206
1398035176 7  P 835995 1376469 0 22859261
1398307857 12  P 577211 811841 0 22859782
1398933712 4  P 879678 1456576 0 22872216
1406466058 11  P 526700 766262 0 22988166
1412575408 6  P 846378 1375051 0 23098215
1413832687 1  P 2117026 3368462 0 23111186
1414277776 9  P 915937 1414016 0 23114708
1414776584 12  P 585807 823404 0 23129602
1417467997 4  P 885227 1467429 0 23175875
1418170615 13  P 642167 883772 0 23175266
1418406266 5  P 733686 1218448 0 23187916
1418585392 7  P 849079 1396550 0 23195944
1422962033 2  P 907140 1515183 0 23253601
1424146238 3  P 863374 1437230 0 23279663
1424720050 10  P 742943 1217356 0 23290423
1424740900 11  P 531619 774317 0 23287577
1424871004 8  P 770515 1236288 0 23291126
1427887611 3  P 875708 1454149 0 23340957
1428982446 13  P 650780 894567 0 23352402
1431136672 8  P 771728 1238172 0 23393780
1433193478 1  P 2175141 3459099 0 23428365
1433854772 12  P 598135 840391 0 23442171
1434012201 9  P 924502 1428472 0 23438019
1434071451 2  P 907140 1518581 0 23435611
1434780548 4  P 890438 1478000 0 23459516
1436028513 6  P 858690 1393667 0 23482461
1442829444 10  P 764426 1250381 0 23587124
1443160297 7  P 867132 1423991 0 23598555
1444546113 4  P 896033 1486932 0 23619505
1444687549 5  P 755429 1257103 0 23618491
1444960254 3  P 895604 1489822 0 23620643
1446558473 8  P 775063 1244211 0 23646441
1449938829 10  P 768134 1256803 0 23703605
1451086166 11  P 542862 792430 0 23719172
1452715466 2  P 928330 1549979 0 23741067
1453262429 12  P 605009 851122 0 23760109
1453497329 6  P 858690 1397186 0 23768663
1457894607 7  P 872039 1431548 0 23839957
1459910308 5  P 764729 1278392 0 23867884
1461044997 13  P 671171 924687 0 23877701
1463777811 9  P 942966 1452815 0 23925679
1463910704 1  P 2217318 3525838 0 23931647
1466667174 12  P 610563 860394 0 23979749
1466985658 10  P 783746 1280709 0 23982897
1468730881 9  P 942966 1453496 0 24006826
1469366191 7  P 889079 1457401 0 24027902
1469896185 3  P 931366 1544863 0 24029207
1471875014 5  P 764767 1281034 0 24063908
1472962043 2  P 958450 1598386 0 24072781
1475809824 6  P 867309 1411142 0 24134219
1476388764 13  P 679812 935842 0 24129087
1477120968 8  P 791045 1267775 0 24147151
1478480784 11  P 557061 812797 0 24168019
1478749301 4  P 899737 1499663 0 24179874
1487310925 1  P 2255581 3586632 0 24315029
1488205859 6  P 880424 1433670 0 24337310
1488432829 12  P 622881 877468 0 24336346
1488441459 7  P 910827 1490287 0 24340419
1488983646 4  P 909010 1514189 0 24347545
1490871603 9  P 947887 1463402 0 24369556
1491902168 8  P 796601 1279612 0 24389319
1492805867 2  P 966642 1615598 0 24397891
1493907521 10  P 806720 1317444 0 24423976
1494170079 13  P 687247 948228 0 24420408
1494640655 5  P 770409 1290922 0 24436885
1496646161 3  P 938784 1560797 0 24467460
1501756618 11  P 571876 833901 0 24549366
1508464058 12  P 635874 896395 0 24664531
1508480853 9  P 957147 1479166 0 24658053
1508605277 8  P 804044 1293480 0 24662976
1509637859 6  P 907066 1475361 0 24688443
1510058675 1  P 2286698 3636569 0 24687721
1510436763 4  P 925663 1542143 0 24699016
1512598217 1  P 2291618 3644148 0 24729330
1514022165 11  P 582359 846945 0 24750321
1515396173 3  P 954421 1586248 0 24774649
1518919950 13  P 698382 966162 0 24825901
1519687540 5  P 774134 1301419 0 24847240
1521755565 7  P 940773 1535705 0 24886182
1522563842 10  P 847140 1375578 0 24893473
1523383888 2  P 986936 1653042 0 24898868
1523792198 12  P 639597 904028 0 24915656
1525859501 5  P 777842 1307282 0 24948357
1527516892 10  P 855358 1389107 0 24974622
1528090212 9  P 965790 1492380 0 24979315
1530100309 11  P 589774 858486 0 25013738
1532055727 2  P 986936 1655347 0 25040943
1532191446 7  P 952899 1554655 0 25057182
1534169157 6  P 937435 1523794 0 25090352
1534248151 13  P 702092 973354 0 25077033
1536405464 4  P 953411 1585099 0 25124473
1537113841 1  P 2340788 3722218 0 25130991
1539411671 3  P 965564 1605813 0 25168106
1540667799 8  P 821896 1320821 0 25188271
1545370923 8  P 823099 1321653 0 25265323
1551751273 10  P 871637 1418635 0 25371666
1553465261 9  P 974399 1507919 0 25395048
1554528471 6  P 950556 1545712 0 25423902
1554813934 5  P 796802 1334781 0 25422708
1555675915 7  P 971409 1586505 0 25441933
1557311770 4  P 970995 1613633 0 25466991
1560587079 2  P 996609 1677684 0 25508382
1560724263 3  P 997974 1656722 0 25517279
1560779364 13  P 718789 997384 0 25511708
1563057823 12  P 660027 934699 0 25558962
1563365959 11  P 612624 888879 0 25558758
1564082620 1  P 2380110 3785324 0 25572838
1565995312 12  P 660027 935376 0 25607089
1568639152 13  P 722494 1003154 0 25640472
1571404343 9  P 983041 1520726 0 25688924
1572200336 6  P 954280 1554385 0 25713424
1573755972 3  P 1001674 1665010 0 25730778
1573953095 5  P 818523 1370232 0 25736298
1576092969 4  P 980296 1629536 0 25774696
1577093327 8  P 839117 1345900 0 25785049
1578385590 2  P 1018765 1713153 0 25799981
1579485644 10  P 902879 1466843 0 25826052
1579691445 7  P 983763 1605733 0 25835381
1580194149 11  P 616351 896348 0 25834459
1587496508 9  P 998620 1545281 0 25952596
1587821798 2  P 1018765 1715230 0 25954579
1588420438 13  P 732293 1014942 0 25964561
1589270106 1  P 2429268 3863722 0 25985500
1589566456 7  P 989319 1614631 0 25997169
1591505894 3  P 1024715 1699055 0 26021580
1597457630 1  P 2447529 3893074 0 26119643
1597657567 10  P 906603 1474897 0 26123773
1599077341 4  P 994064 1653880 0 26151265
1600162876 11  P 626810 910580 0 26161620
1600917217 12  P 677309 959823 0 26179237
1601652247 8  P 853296 1366658 0 26187410
1603408750 5  P 839161 1404248 0 26218885
1605141599 5  P 839161 1404768 0 26247270
1606231597 6  P 971779 1584471 0 26270968
1607853040 2  P 1046277 1757755 0 26282760
1607881535 11  P 631757 916542 0 26288080
1607970097 10  P 911521 1482406 0 26292727
1608740205 3  P 1040300 1724626 0 26303942
1609230322 8  P 860817 1377478 0 26311561
1612878958 7  P 993023 1625097 0 26379110
1613073456 12  P 685937 970806 0 26378398
1614359040 9  P 1024228 1583737 0 26392689
1616608957 4  P 1005164 1669881 0 26438491
1620279706 13  P 748302 1039191 0 26486528
1623497260 6  P 975487 1592823 0 26553836
1630426326 1  P 2495074 3968708 0 26659799
1630546596 13  P 753241 1045751 0 26654738
1630650034 2  P 1053696 1770882 0 26656253
1631745923 8  P 870098 1393644 0 26680430
1636836279 11  P 645960 938038 0 26762437
1637762840 6  P 977350 1598184 0 26787557
1637984010 4  P 1020655 1695038 0 26788693
1641282545 10  P 923109 1500895 0 26838508
1641710602 3  P 1044029 1736186 0 26844087
1642046974 5  P 885098 1476868 0 26851895
1642452147 12  P 703812 996346 0 26859720
1644637482 9  P 1054176 1630465 0 26888752
1645288168 7  P 1024263 1673519 0 26910080
1645696749 1  P 2524573 4015697 0 26909969
1649120175 2  P 1074868 1803533 0 26958833
1652449160 8  P 877545 1407398 0 27019625
1653520076 1  P 2544261 4046474 0 27038157
1655920378 13  P 769326 1067910 0 27070453
1656000086 5  P 901467 1503430 0 27080495
1659433361 12  P 712422 1008130 0 27137926
1659921519 4  P 1040335 1725428 0 27148106
1660209673 11  P 661986 959818 0 27145408
1661344864 9  P 1064672 1648910 0 27162470
1662829464 10  P 940594 1528588 0 27191521
1663005805 3  P 1048967 1745161 0 27193011
1664285607 7  P 1046185 1708626 0 27221330
1667106736 6  P 982914 1611299 0 27268311
1668063976 5  P 915330 1525018 0 27278119
1668671520 4  P 1048516 1736977 0 27291459
1669943398 3  P 1048967 1747080 0 27306671
1671278557 6  P 982914 1612206 0 27336660
1673129367 7  P 1059278 1727126 0 27366222
1676321786 2  P 1089674 1827610 0 27404515
1676902185 8  P 882482 1416791 0 27420247
1678506526 11  P 668749 969083 0 27445180
1680467307 13  P 782359 1087058 0 27472622
1680756614 1  P 2588506 4117265 0 27484390
1681657562 10  P 944299 1536781 0 27499994
1682417706 12  P 722236 1020576 0 27514497
1683575060 9  P 1079353 1671694 0 27526685
1686573887 12  P 722236 1021092 0 27582589
1687670430 13  P 786065 1092219 0 27590636
1691637854 6  P 996466 1629376 0 27670220
1692399962 2  P 1099720 1846294 0 27667935
1694240422 3  P 1066432 1777040 0 27704744
1694394962 7  P 1080451 1759509 0 27714625
1697082658 1  P 2626191 4177158 0 27751867
1698120960 8  P 904678 1451366 0 27767880
1698137558 9  P 1082313 1677848 0 27765266
1699772202 11  P 679889 986198 0 27793591
1701421519 4  P 1070123 1772903 0 27828021
1703948877 12  P 733409 1037887 0 27867256
1704532474 10  P 951052 1548898 0 27874769
1704890687 5  P 952429 1581578 0 27881485
1707681153 2  P 1110829 1862742 0 27918291
1712938809 10  P 951070 1550736 0 28012493
1713035555 7  P 1080451 1763704 0 28020021
1713886583 8  P 916592 1471431 0 28026168
1714935196 6  P 1005088 1643798 0 28051904
1716520136 1  P 2658968 4229176 0 28070325
1716684358 9  P 1106275 1715579 0 28069130
1719029751 13  P 802653 1114029 0 28104420
1720255975 3  P 1096998 1825326 0 28130969
1721299462 4  P 1084562 1794529 0 28153696
1723000074 5  P 968359 1606753 0 28178183
1723631770 11  P 695266 1005792 0 28184496
1724802861 3  P 1096998 1827168 0 28205466
1728894071 10  P 956640 1560656 0 28273871
1732496878 9  P 1113709 1728211 0 28328195
1734410640 7  P 1096063 1789537 0 28370224
1735542643 12  P 743844 1054561 0 28384878
1735826708 13  P 814997 1130295 0 28379616
1736015307 4  P 1096013 1813573 0 28394792
1737138311 6  P 1008155 1652497 0 28415663
1737336697 11  P 703917 1017682 0 28409008
1737421868 5  P 991737 1640692 0 28414460
1740683420 8  P 941147 1512000 0 28465195
1745531243 5  P 995460 1646653 0 28547319
1745649897 2  P 1131231 1895964 0 28540352
1746387697 9  P 1117434 1736449 0 28555766
1747314571 13  P 821143 1137087 0 28567828
1748663216 11  P 706985 1021859 0 28594602
1748854099 2  P 1134921 1901117 0 28592849
1749513308 6  P 1008155 1654924 0 28618409
1751592834 1  P 2739227 4355656 0 28644930
1754051650 10  P 986163 1604921 0 28686067
1754199023 8  P 943005 1517154 0 28686628
1757895038 7  P 1103516 1803568 0 28754974
1759917645 12  P 755007 1071908 0 28784223
1761197596 1  P 2762177 4391816 0 28802284
1763021622 3  P 1134483 1889816 0 28831627
1764530914 4  P 1103459 1829721 0 28861978
1766046561 4  P 1103477 1830037 0 28886809
1769587315 2  P 1149752 1924037 0 28932532
1770365318 3  P 1134483 1892095 0 28951943
1771263273 6  P 1011843 1664862 0 28974753
1771777172 8  P 948568 1527726 0 28974617
1772683292 12  P 765491 1085038 0 28993370
1775045353 13  P 829777 1150426 0 29022160
1777141034 5  P 1023243 1691680 0 29065189
1778821770 7  P 1126532 1838455 0 29097815
1780553849 11  P 719339 1040601 0 29117085
1781856327 9  P 1132176 1757664 0 29136864
1784189283 10  P 1028050 1668529 0 29179826
1786796477 4  P 1126521 1864434 0 29226769
1788329817 10  P 1033617 1675830 0 29247662
1788676306 7  P 1128374 1842887 0 29259264
1791995978 8  P 962762 1547530 0 29305875
1792428901 11  P 723060 1047084 0 29311642
1793504467 1  P 2830329 4499188 0 29331594
1795271614 3  P 1151963 1922868 0 29359990
1795301073 13  P 839052 1165298 0 29354020
1796672312 5  P 1038847 1716379 0 29385179
1797355162 12  P 778998 1102360 0 29397587
1797586840 1  P 2836881 4509471 0 29398479
1801762621 9  P 1142034 1770875 0 29462987
1806341364 6  P 1036045 1703211 0 29549463
1806477913 2  P 1160882 1947193 0 29536921
1807370722 12  P 784542 1129789 0 29561673
1807396620 3  P 1165909 1944464 0 29558643
1808040561 2  P 1160882 1947721 0 29562522
1811609048 4  P 1147935 1897956 0 29633281
1813357886 13  P 843962 1173097 0 29649850
1814390744 10  P 1076433 1744420 0 29674609
1817060170 6  P 1037909 1708192 0 29725076
1821848170 7  P 1144773 1870979 0 29802729
1822125412 5  P 1064300 1755583 0 29802184
1822684431 9  P 1148163 1781123 0 29805754
1822866372 11  P 732359 1063361 0 29810321
1824886613 8  P 972079 1566802 0 29844740
1829046460 4  P 1167198 1927664 0 29918971
1830872644 6  P 1043504 1717609 0 29951374
1832131583 1  P 2905676 4618387 0 29964445
1833716293 8  P 972079 1569248 0 29989374
1834795388 13  P 851331 1185307 0 30001076
1836245848 12  P 791958 1143991 0 30034750
1838975728 11  P 737946 1072996 0 30074254
1839391101 5  P 1076228 1776149 0 30085058
1842052927 3  P 1204928 2009856 0 30126437
1842224094 7  P 1161569 1896483 0 30136547
1842840698 9  P 1155620 1794591 0 30135983
1843024801 2  P 1172006 1970544 0 30135683
1846658054 10  P 1120146 1812005 0 30203292
1846865449 3  P 1204964 2011358 0 30205283
1848470457 10  P 1121784 1814634 0 30232985
1850593402 4  P 1186495 1958656 0 30271980
1852165532 2  P 1175678 1977258 0 30285439
1852287671 1  P 2946660 4683825 0 30294676
1854930714 1  P 2958134 4701436 0 30337979
1855129447 7  P 1179147 1923476 0 30347982
1855919531 6  P 1050938 1739468 0 30361683
1857466172 8  P 987502 1589116 0 30378479
1858325104 9  P 1158679 1800319 0 30389672
1860187925 5  P 1081797 1786735 0 30425785
1860386397 12  P 801761 1156655 0 30430260
1861944495 11  P 748401 1087453 0 30450570
1863467326 13  P 867997 1209704 0 30470831
1870933304 12  P 809179 1167127 0 30603056
1871990403 3  P 1241798 2066045 0 30616912
1873841488 6  P 1050938 1744212 0 30655312
1874319521 11  P 755835 1098915 0 30653314
1874863757 7  P 1201096 1959168 0 30671297
1875809622 9  P 1167960 1815767 0 30676128
1875906647 5  P 1091073 1801469 0 30683311
1877859039 4  P 1193944 1973564 0 30718677
1878772204 1  P 2995811 4762103 0 30728589
1879876692 10  P 1150844 1860396 0 30747537
1880121354 8  P 1003122 1614477 0 30749665
1880587412 2  P 1179385 1988519 0 30751087
1880842291 13  P 871705 1217058 0 30755499
1889943468 3  P 1270076 2112731 0 30911047
1891663222 11  P 760753 1106313 0 30937470
1892638351 6  P 1052804 1750138 0 30963267
1893970494 10  P 1162761 1879436 0 30978449
1896871898 9  P 1180274 1833647 0 31021208
1898545365 13  P 882575 1233340 0 31045538
1898948965 12  P 818938 1182182 0 31062055
1900891044 5  P 1095511 1810634 0 31092642
1902337446 2  P 1187810 2004434 0 31107428
1902611378 4  P 1223834 2021421 0 31124213
1902996384 8  P 1025457 1645831 0 31124442
1905353134 7  P 1225283 1999113 0 31170806
1907687974 5  P 1095511 1812363 0 31203996
1911040744 3  P 1291229 2147408 0 31256696
1911069524 11  P 773080 1122785 0 31255412
1912488906 1  P 3054810 4856672 0 31280985
1912683249 12  P 818938 1184702 0 31287073
1912857859 13  P 885002 1235455 0 31280029
1916689811 9  P 1193272 1853620 0 31345892
1917301811 10  P 1176507 1903595 0 31360698
1918682832 7  P 1238828 2021035 0 31389186
1919832594 1  P 3079391 4894503 0 31401302
1920746424 8  P 1042493 1673387 0 31415240
1923062156 4  P 1241063 2051290 0 31459259
1923471225 6  P 1063948 1770384 0 31468387
1926012003 8  P 1052771 1688376 0 31501511
1926024792 2  P 1199715 2027298 0 31495508
1928762580 9  P 1193272 1866810 0 31543588
1930715300 3  P 1305003 2171854 0 31579034
1930732960 13  P 896137 1251265 0 31572886
1931848079 7  P 1262216 2054429 0 31604885
1931927795 5  P 1104643 1828011 0 31601126
1935931027 2  P 1203420 2034066 0 31657808
1936749653 4  P 1252320 2070520 0 31683509
1939730155 12  P 835627 1208777 0 31730196
1941376720 10  P 1185769 1921493 0 31755130
1943836847 11  P 786607 1140552 0 31792236
1946138385 6  P 1072594 1784437 0 31839784
1946693435 3  P 1313415 2187851 0 31840815
1950038231 11  P 791502 1145953 0 31893865
1950105684 8  P 1063249 1705120 0 31896243
1950433283 12  P 839355 1215194 0 31905553
1950783199 13  P 909673 1267848 0 31901382
1951158001 10  P 1190692 1928098 0 31915381
1951759234 2  P 1208975 2043840 0 31917132
1952160728 1  P 3153159 5011203 0 31930954
1952383866 7  P 1281900 2088483 0 31941328
1957437107 4  P 1256014 2080241 0 32022433
1957840734 9  P 1208888 1894709 0 32019991
1960879508 1  P 3161356 5024730 0 32073799
1960888275 6  P 1078138 1794274 0 32081440
1962391058 5  P 1122144 1854968 0 32100217
1964677833 3  P 1335388 2223365 0 32135464
1966766069 5  P 1122144 1855802 0 32171895
1967121932 9  P 1213837 1901263 0 32172047
1968444408 11  P 801980 1160328 0 32195425
1969308229 12  P 858505 1238520 0 32214791
1970450796 6  P 1085578 1804891 0 32238109
1971640288 4  P 1279843 2116602 0 32255131
1971681010 2  P 1216387 2057101 0 32243522
1974454794 10  P 1200972 1947302 0 32297069
1982158777 8  P 1082430 1735710 0 32421377
1982625102 13  P 921997 1286758 0 32423053
1983066884 7  P 1310090 2145370 0 32444023
1989604167 1  P 3210491 5103495 0 32544395
1991502316 3  P 1366624 2271057 0 32574944
1992975771 11  P 814356 1177687 0 32597330
1993230090 12  P 868983 1253979 0 32606723
1994279721 13  P 928735 1295778 0 32614021
1996418839 9  P 1244969 1948122 0 32652028
1999290481 2  P 1223786 2072740 0 32695861
2000098106 7  P 1323832 2169236 0 32723055
2001402603 8  P 1094581 1758122 0 32736658
2003187914 5  P 1133337 1877024 0 32768612
2004283004 10  P 1214659 1975708 0 32785763
2005077839 4  P 1316381 2173281 0 32802945
2006906682 5  P 1133337 1877544 0 32829537
2007247613 6  P 1111251 1848566 0 32840975
2007270064 1  P 3251473 5168457 0 32833830
2009652563 8  P 1098304 1764243 0 32871824
2013122638 6  P 1111251 1850711 0 32937230
2015405906 4  P 1319757 2180408 0 32972149
2017879322 7  P 1331248 2181876 0 33014378
2019571756 2  P 1227489 2082431 0 33028136
2021605190 12  P 880076 1271687 0 33071603
2021654781 13  P 936135 1308787 0 33062523
2021880998 3  P 1417453 2350459 0 33072656
2022404103 9  P 1261057 1970943 0 33077741
2024163282 11  P 824819 1193600 0 33108293
2024272845 10  P 1228624 1998330 0 33113271
2026020067 1  P 3289166 5228180 0 33141017
2027725746 11  P 824819 1193992 0 33166658
2028263285 6  P 1118669 1862434 0 33185287
2030162026 9  P 1269478 1984772 0 33204853
2035889138 13  P 939875 1315427 0 33295736
2036301310 1  P 3305560 5254127 0 33309464
2038298645 10  P 1237671 2012471 0 33343070
2039234795 5  P 1147610 1914339 0 33359183
2040401114 4  P 1340325 2214506 0 33381654
2040763282 12  P 889334 1286793 0 33385449
2040973262 7  P 1356017 2223442 0 33392725
2041427818 3  P 1434964 2378687 0 33392907
2044771597 3  P 1434964 2379368 0 33447689
2045172566 8  P 1109444 1784585 0 33453749
2045962341 2  P 1229354 2090320 0 33460503
2048520264 7  P 1367905 2241696 0 33516369
2049948915 12  P 889334 1288169 0 33535973
2051857906 13  P 949128 1329041 0 33557359
2051961569 10  P 1262683 2048726 0 33566915
2053255570 4  P 1359235 2242548 0 33592252
2055090144 8  P 1113712 1789158 0 33616236
2058406639 5  P 1154749 1925841 0 33673283
2060717871 6  P 1131653 1884891 0 33716982
2061336703 11  P 837151 1212610 0 33717297
2061793845 9  P 1282807 2005438 0 33723099
2064230059 2  P 1240070 2108425 0 33759785
2067609059 4  P 1361079 2248625 0 33827417
2072035738 1  P 3346505 5321600 0 33894919
2075048576 10  P 1275007 2066430 0 33945167
2076809502 9  P 1291466 2016944 0 33969106
2078355179 12  P 905368 1311302 0 34001372
2079388267 6  P 1143538 1905688 0 34022893
2079552846 3  P 1473744 2443985 0 34017513
2079576694 13  P 962643 1347146 0 34011493
2080086682 11  P 850717 1229441 0 34024491
2082473106 7  P 1380890 2265223 0 34072628
2084103008 2  P 1246628 2122745 0 34085373
2084156635 5  P 1187059 1976835 0 34095161
2085105751 8  P 1122345 1804596 0 34107998
2085460074 11  P 854430 1234719 0 34112553
2085904742 13  P 967577 1352286 0 34115168
2086023613 1  P 3376001 5368169 0 34124093
2087512016 12  P 912160 1319560 0 34151383
2087777668 8  P 1122345 1805498 0 34151769
2090380988 3  P 1477471 2451199 0 34194917
2090468025 6  P 1149110 1915092 0 34204396
2092307539 10  P 1308910 2118774 0 34227930
2092337356 2  P 1253619 2133678 0 34220279
2098461433 5  P 1205990 2006074 0 34329519
2100035711 7  P 1380945 2269800 0 34360354
2102731342 9  P 1300078 2032374 0 34393783
2102863963 1  P 3395682 5400476 0 34399998
2103796641 4  P 1379959 2280660 0 34420301
2105279709 13  P 976855 1366236 0 34432605
2106663185 11  P 867419 1253816 0 34459943
2108160670 7  P 1389597 2283331 0 34493469
2108575779 6  P 1165953 1940278 0 34501096
2108698862 12  P 915862 1327852 0 34498513
2113361146 10  P 1330438 2154626 0 34572865
2116306108 2  P 1262910 2150210 0 34612973
2118778198 9  P 1304977 2040946 0 34656683
2120531763 5  P 1214635 2022703 0 34691109
2122621349 8  P 1130980 1821021 0 34722629
2122984124 4  P 1388358 2297808 0 34734658
2123474756 3  P 1528075 2527291 0 34737109
2128798529 10  P 1343983 2174160 0 34825785
2130481335 9  P 1306191 2043277 0 34848422
2135598309 1  P 3492386 5551037 0 34936306
2135740349 3  P 1531768 2535132 0 34938066
2136886317 12  P 927006 1346036 0 34960330
2138755453 7  P 1410735 2318476 0 34994699
2138795384 13  P 996426 1393228 0 34981714
2139905922 4  P 1397690 2313098 0 35011894
2140216765 8  P 1135901 1829789 0 35010878
2140935133 6  P 1192684 1984528 0 35031258
2140962413 2  P 1274041 2169378 0 35016932
2141416583 11  P 885651 1279087 0 35029332
2144984802 5  P 1225770 2041038 0 35091731
2145724709 3  P 1537327 2544807 0 35101647
2152073805 12  P 932565 1355365 0 35209157
2154020161 1  P 3530097 5611171 0 35238118
2154715652 9  P 1317288 2062508 0 35245454
2156562208 4  P 1413174 2338364 0 35284782
2159113759 7  P 1418129 2332868 0 35328250
2161111132 10  P 1386058 2239881 0 35355186
2161219183 5  P 1233175 2053905 0 35357709
2161302113 13  P 1008783 1410717 0 35350445
2162428964 11  P 890558 1287925 0 35373590
2162558943 8  P 1152694 1855951 0 35376945
2165370741 12  P 939966 1365900 0 35427007
2165696835 2  P 1281460 2185546 0 35422168
2166841438 6  P 1206681 2009494 0 35455696
2167524371 3  P 1579205 2610007 0 35458798
2174168308 8  P 1160116 1867458 0 35567149
2174975777 11  P 898012 1298662 0 35579152
2175809476 9  P 1325361 2073627 0 35591035
2176191873 7  P 1425541 2345704 0 35608048
2176370343 5  P 1244103 2078021 0 35605929
2176650744 1  P 3571068 5677296 0 35608888
2177299428 13  P 1017391 1422368 0 35612542
2179728105 2  P 1281460 2189415 0 35652048
2180390289 4  P 1428775 2365102 0 35675163
2183329864 10  P 1404761 2268192 0 35719208
2186466720 8  P 1166675 1880414 0 35768610
2187497698 6  P 1225772 2039857 0 35794120
2188672303 5  P 1252295 2091469 0 35807478
2188685168 6  P 1225772 2040012 0 35813575
2188941951 7  P 1425541 2348753 0 35816939
2191636393 12  P 947368 1379491 0 35857337
2192662213 3  P 1625646 2679756 0 35870642
2193459414 10  P 1415269 2284682 0 35885168
2193460175 11  P 908535 1313372 0 35881992
2194481736 1  P 3613659 5744667 0 35901027
2197654639 9  P 1347775 2106211 0 35948914
2200462453 2  P 1290733 2205685 0 35991749
2200717680 13  P 1022322 1431796 0 35996213
2200848226 1  P 3636600 5780077 0 36005335
2202984026 4  P 1438602 2382704 0 36045333
2209146658 3  P 1641288 2705985 0 36140693
2209983262 13  P 1027235 1437369 0 36148021
2210641033 5  P 1266048 2115461 0 36167402
2212293782 9  P 1353313 2115984 0 36188776
2215337471 2  P 1298180 2217784 0 36235455
2215762010 8  P 1186448 1909394 0 36248599
2216582481 7  P 1428614 2357579 0 36269775
2217012859 12  P 960337 1399841 0 36273061
2218952779 4  P 1440448 2388647 0 36306956
2218982113 6  P 1260565 2097924 0 36309940
2220769881 10  P 1439153 2321663 0 36332606
2224631970 11  P 925783 1336124 0 36392699
2227074482 8  P 1190173 1915951 0 36433937
2227702762 4  P 1442289 2393419 0 36450308
2228551239 7  P 1432323 2364723 0 36465865
2229660757 1  P 3677583 5845991 0 36477393
2230811462 13  P 1043326 1458830 0 36489265
2231946918 2  P 1298180 2221220 0 36507578
2234000448 5  P 1275394 2131503 0 36550110
2236475777 11  P 930703 1343298 0 36586737
2236917616 12  P 974481 1419077 0 36599192
2238621890 9  P 1360731 2130819 0 36620113
2243133600 3  P 1705951 2804112 0 36697519
2246091397 6  P 1288080 2141657 0 36754091
2246535755 1  P 3677583 5849102 0 36753871
2247986106 10  P 1478058 2382977 0 36778497
2248912287 3  P 1705951 2806058 0 36792187
2250169504 6  P 1288080 2142720 0 36820901
2251069466 11  P 939962 1356871 0 36825837
2253045787 13  P 1050428 1470210 0 36853539
2253481347 9  P 1365645 2138620 0 36863556
2253667632 12  P 981901 1447553 0 36873549
2256515239 4  P 1467885 2433713 0 36922363
2260009410 2  P 1298180 2228338 0 36967340
2260035775 1  P 3702208 5889069 0 36975053
2261738685 7  P 1434170 2373915 0 37009577
2262734747 5  P 1296510 2164820 0 37020879
2263262032 8  P 1205571 1940736 0 37026813
2266048582 10  P 1512151 2433529 0 37074433
2266064398 5  P 1296510 2165628 0 37075405
2268771609 3  P 1746594 2868556 0 37117553
2270316901 7  P 1437895 2380227 0 37150115
2271631987 11  P 948595 1369640 0 37162725
2273980146 12  P 989304 1459386 0 37206340
2276077100 13  P 1062800 1487024 0 37230871
2277140166 4  P 1475318 2448040 0 37260274
2279077961 8  P 1216732 1957563 0 37285938
2279345544 10  P 1524078 2453454 0 37292289
2282748986 1  P 3787397 6021116 0 37347173
2284029008 6  P 1307362 2175808 0 37375637
2285231302 9  P 1377376 2157561 0 37383729
2285448860 12  P 994854 1467734 0 37394240
2285712382 2  P 1316691 2258846 0 37388442
2288756985 11  P 958423 1381580 0 37443297
2288843307 4  P 1479036 2455210 0 37452012
2294160633 7  P 1449039 2399278 0 37540749
2296152604 8  P 1234207 1984566 0 37565682
2296926380 13  P 1071423 1499679 0 37572459
2298200931 6  P 1326597 2207922 0 37607825
2299672275 5  P 1302085 2180798 0 37626033
2302427891 3  P 1774298 2914780 0 37668951
2303223265 1  P 3807076 6053660 0 37682620
2304431139 2  P 1322250 2268920 0 37695117
2304496978 9  P 1386010 2170869 0 37699360
2306683854 8  P 1242833 1995124 0 37738221
2306986101 10  P 1551627 2496826 0 37745148
2311784181 6  P 1339289 2228476 0 37830358
2313419483 9  P 1386010 2172813 0 37845533
2313654639 4  P 1508729 2501178 0 37858508
2317140880 13  P 1081917 1514470 0 37903642
2318634295 2  P 1329665 2282037 0 37927812
2319600725 11  P 971986 1400835 0 37948630
2319730544 12  P 1015251 1499009 0 37955887
2320818444 3  P 1794424 2947809 0 37970252
2321267424 10  P 1567248 2521599 0 37979125
2321814424 5  P 1312704 2197406 0 37988770
2324848095 7  P 1459956 2417726 0 38043507
2328710097 11  P 971986 1402433 0 38097875
2329496175 12  P 1020182 1507322 0 38115881
2330137501 9  P 1394599 2184984 0 38119423
2331687931 5  P 1316522 2204013 0 38150559
2331696779 2  P 1337061 2292868 0 38141823
2334316829 7  P 1467368 2428575 0 38198640
2335562273 4  P 1531629 2535774 0 38217433
2336567090 1  P 3856245 6133534 0 38228902
2337099738 3  P 1818246 2984635 0 38236989
2339549457 6  P 1350272 2250702 0 38285244
2341577079 13  P 1089459 1527924 0 38303995
2343704878 10  P 1590369 2557466 0 38346735
2344716193 8  P 1259537 2022881 0 38361313
2346058628 12  P 1027583 1518724 0 38387235
2349806136 2  P 1351882 2316065 0 38438518
2353361063 10  P 1614173 2592682 0 38504939
2353586558 11  P 984961 1421575 0 38505419
2354328577 5  P 1321276 2214671 0 38521491
2355301381 1  P 3905429 6210263 0 38535840
2359125404 13  P 1098066 1539685 0 38591478
2360012044 8  P 1266934 2034574 0 38611932
2360849759 3  P 1840242 3021461 0 38626100
2361168834 9  P 1401987 2201199 0 38627820
2362613888 1  P 3921828 6235628 0 38655646
2363827832 4  P 1542347 2556204 0 38680518
2366348094 7  P 1480348 2450743 0 38723422
2367616408 11  P 988651 1428331 0 38735307
2367887628 9  P 1405697 2206646 0 38737892
2368669558 6  P 1380401 2299904 0 38762339
2370391031 5  P 1326825 2225171 0 38784646
2371513275 12  P 1036870 1534419 0 38804249
2373139539 13  P 1103647 1548911 0 38821104
2374562160 4  P 1547898 2565289 0 38856388
2375176332 7  P 1484054 2457498 0 38868053
2376312621 8  P 1269342 2039017 0 38878997
2378732089 6  P 1392330 2318927 0 38927197
2384727814 10  P 1657756 2663684 0 39018845
2385557936 3  P 1869770 3067731 0 39030900
2385944532 11  P 996097 1440541 0 39035593
2386399832 2  P 1362994 2339544 0 39038053
2388362284 4  P 1556524 2577718 0 39082484
2388949318 12  P 1044304 1546715 0 39089940
2391530198 13  P 1107369 1556966 0 39122413
2392255977 3  P 1878859 3081174 0 39140637
2394163076 1  P 3998874 6356602 0 39172539
2394926303 7  P 1491466 2470931 0 39191617
2395058919 8  P 1274893 2050795 0 39186128
2395659631 5  P 1333801 2240044 0 39198633
2396715686 9  P 1416809 2226551 0 39210184
