245718090 10  P 4740 243510 0 3974129
249479649 6  P 3461 252578 0 4042726
249955446 1  P 2170 259820 0 4042772
250387172 13  P 2999 245072 0 4042750
251039374 9  P 4838 260287 0 4057042
255591549 4  P 3440 280043 0 4140298
256052640 11  P 2348 251316 0 4140273
256072146 8  P 5663 259072 0 4142591
260384427 12  P 2588 254518 0 4216528
262310743 5  P 3324 279636 0 4247264
262456822 3  P 2594 270840 0 4247294
262694509 2  P 1955 259155 0 4244493
263486426 7  P 2303 256694 0 4271590
279091083 4  P 4688 325920 0 4525288
279794951 5  P 4641 322512 0 4533707
281409877 3  P 2754 293129 0 4557803
288713267 9  P 5869 312950 0 4674280
290861352 7  P 2826 294613 0 4720088
292583155 11  P 2653 293793 0 4738782
292821915 12  P 2720 289128 0 4747980
292866338 2  P 2277 296063 0 4738818
293478332 8  P 6254 301494 0 4755440
293486642 1  P 5426 369570 0 4755962
294355922 13  P 3124 291445 0 4763118
298167132 6  P 4418 312673 0 4840397
299889932 10  P 5346 303758 0 4861643
306159847 3  P 3618 327919 0 4963293
306580847 7  P 2859 310893 0 4977625
318233661 10  P 5392 322750 0 5162174
321725723 2  P 2642 336325 0 5211629
323512990 4  P 6356 396664 0 5253073
323853387 8  P 6288 332475 0 5253097
324603214 12  P 3567 325079 0 5268677
325185563 5  P 6227 398689 0 5277348
325197655 9  P 6976 369552 0 5272025
327854749 6  P 4811 353388 0 5326785
328255002 11  P 2820 333258 0 5323222
328543407 13  P 3193 326967 0 5323238
330674675 1  P 7433 446354 0 5365233
336837504 12  P 4017 339629 0 5469114
340022593 2  P 2690 355385 0 5511397
340534866 3  P 4624 379474 0 5526479
340540856 8  P 6545 351853 0 5526498
342089046 9  P 7470 394906 0 5548766
343279323 5  P 6692 429536 0 5573780
345751983 7  P 3044 353892 0 5619385
348502250 1  P 9394 502656 0 5657303
350864422 11  P 3207 357549 0 5693653
351730964 13  P 3263 351209 0 5703140
360171199 10  P 5453 366023 0 5849255
360262991 4  P 8772 479961 0 5855155
362229646 6  P 5778 404574 0 5889951
365096396 1  P 10093 537658 0 5929162
367161283 11  P 3319 375876 0 5960660
367988002 3  P 5231 418237 0 5976248
368228379 8  P 6579 380424 0 5980121
371053846 2  P 3300 392793 0 6019798
372604660 6  P 5889 415491 0 6059925
372642657 7  P 3141 383161 0 6059942
380090343 13  P 3375 381986 0 6167777
381353938 9  P 8114 442751 0 6192071
387325914 4  P 10026 528996 0 6298531
387764981 10  P 5571 396106 0 6301342
388029333 5  P 8449 504035 0 6306933
392525073 12  P 4050 396516 0 6381481
395292173 6  P 6364 447115 0 6431629
396056461 8  P 6863 413062 0 6436048
397798866 7  P 3174 408924 0 6472091
397800570 3  P 6195 465038 0 6464685
397971416 1  P 12504 617553 0 6467773
400027803 13  P 3414 402514 0 6494430
401108725 10  P 5746 412742 0 6519957
413357871 4  P 11185 574346 0 6725020
414091827 5  P 9274 543761 0 6733926
418041419 9  P 8393 483935 0 6793150
418897574 2  P 3383 443239 0 6803644
420493826 12  P 4403 425078 0 6839710
422895634 11  P 3678 433118 0 6873808
426124319 10  P 5793 438324 0 6929808
426194451 2  P 3735 457561 0 6923188
434353167 12  P 4436 439146 0 7066779
436621550 13  P 3455 440049 0 7093981
437060267 4  P 11610 602477 0 7113351
439136512 6  P 6854 498892 0 7149936
439769350 3  P 7116 522903 0 7152271
447643307 1  P 15170 720129 0 7281572
449290899 8  P 7482 470001 0 7308222
449729611 9  P 9284 526345 0 7312319
449783241 7  P 3464 466103 0 7323781
450817498 11  P 3718 462034 0 7331273
453154716 5  P 10083 596661 0 7373904
454658286 7  P 3546 472490 0 7403649
458185976 5  P 10139 606175 0 7456332
458663210 2  P 3804 491470 0 7455151
461536245 11  P 3929 477063 0 7506889
462843083 10  P 5834 476181 0 7531395
462900575 12  P 4477 468666 0 7534493
463488011 3  P 7340 549887 0 7540867
464965321 13  P 3674 473474 0 7558363
470978384 8  P 7792 497299 0 7663546
471279816 4  P 13170 668335 0 7673975
473705848 1  P 16624 778747 0 7708564
474213831 9  P 10020 563792 0 7713444
474323430 6  P 7708 549647 0 7726413
484628621 3  P 8352 588717 0 7887225
488632152 2  P 4317 530426 0 7946146
489005040 11  P 3970 505419 0 7956930
491214727 6  P 8193 570053 0 8003145
494408930 1  P 17827 822946 0 8047754
494826674 5  P 13283 683268 0 8056621
495869480 12  P 4832 502625 0 8074654
497885594 9  P 10432 594491 0 8101279
503495757 8  P 8109 538773 0 8196304
505499317 10  P 6368 523742 0 8230255
506560255 4  P 13949 710113 0 8251989
508830133 7  P 3898 533171 0 8291169
508902807 13  P 4008 525044 0 8278227
519228625 12  P 4951 527759 0 8457366
520303667 8  P 8570 563677 0 8471675
522971482 1  P 20385 903114 0 8515709
526566690 3  P 11117 685789 0 8574314
534495019 9  P 11472 638055 0 8701071
535073403 6  P 9323 633573 0 8721701
536496548 13  P 4048 552073 0 8730316
538435993 5  P 15625 753246 0 8771090
538614848 11  P 4103 557245 0 8769730
538700929 4  P 14822 757737 0 8778563
540408425 7  P 4438 577439 0 8808528
540796203 10  P 7717 565050 0 8808542
541007033 2  P 4944 594314 0 8804248
546135071 7  P 4963 593308 0 8902345
549552575 11  P 4256 571121 0 8948932
549840286 13  P 4444 566546 0 8948933
550607822 5  P 16024 766335 0 8970504
557888331 1  P 22420 981640 0 9087759
559198222 9  P 13611 695031 0 9105790
559702519 10  P 8374 590038 0 9118295
560480174 6  P 10597 681609 0 9137935
563728364 8  P 9031 609067 0 9183109
566163244 2  P 5119 623330 0 9216384
567279023 4  P 16400 818467 0 9246763
568722997 3  P 13366 773400 0 9264971
569759970 12  P 5167 580098 0 9285254
577065601 1  P 24059 1043677 0 9401933
577650214 8  P 9465 629985 0 9411200
582889946 10  P 9606 625408 0 9498181
582995809 6  P 12487 720083 0 9506812
584200880 4  P 17692 862845 0 9523973
588427598 11  P 5121 613638 0 9585843
588715308 13  P 5374 609941 0 9585843
589431362 12  P 5299 602168 0 9607543
589955129 7  P 5124 638348 0 9620260
598519687 3  P 13680 807813 0 9753148
599701597 5  P 17472 836696 0 9774819
601272615 2  P 6949 693152 0 9791596
602620034 9  P 14380 738677 0 9817179
612611385 7  P 5185 662499 0 9991444
613807866 9  P 14853 753021 0 10000474
614362911 1  P 26950 1142596 0 10012985
614684472 13  P 5806 638076 0 10011305
615172202 10  P 9824 660742 0 10027066
616545756 5  P 18228 867407 0 10050781
619363848 3  P 13845 832076 0 10094645
622170606 4  P 19216 928586 0 10146015
624507522 2  P 7341 722760 0 10172260
624619242 12  P 5763 647188 0 10184026
629433613 6  P 15899 817589 0 10267608
630364867 11  P 5594 658567 0 10272925
632791674 8  P 10507 700367 0 10314597
634200146 6  P 16636 836595 0 10345698
634687053 5  P 18967 887250 0 10348002
635995377 9  P 14895 775721 0 10363987
638349175 11  P 5636 667058 0 10403740
639957577 3  P 14007 856016 0 10432039
640978575 12  P 5797 664294 0 10452046
642121955 13  P 5854 666142 0 10460834
643659812 1  P 29474 1221983 0 10492970
645741763 2  P 9111 771968 0 10520146
649203935 10  P 10301 697734 0 10584615
652369802 8  P 10983 725622 0 10635352
655232575 4  P 19399 965758 0 10687673
662331061 7  P 5340 715473 0 10806022
664793839 13  P 5929 690491 0 10832283
666317941 11  P 5694 695951 0 10861977
666503992 2  P 9899 808165 0 10860300
667607538 4  P 19796 985007 0 10890417
669707597 3  P 14230 890511 0 10919450
672712936 12  P 6200 697776 0 10971973
674503503 1  P 32510 1310334 0 10998293
677561446 5  P 19564 935227 0 11050423
678640765 10  P 10502 729817 0 11066901
679276036 8  P 11439 758137 0 11076176
680799317 7  P 5427 735480 0 11108599
688104784 9  P 15311 829462 0 11217726
688529684 6  P 20652 970944 0 11235809
696177311 11  P 6095 727092 0 11351173
698827038 5  P 19926 963171 0 11398833
701916781 8  P 11808 786760 0 11447113
701947320 12  P 6248 727977 0 11450943
709309076 6  P 22189 1020083 0 11576238
710218899 10  P 10673 764353 0 11584265
711909425 7  P 5467 767382 0 11618292
713589099 9  P 15964 861956 0 11635250
713601570 2  P 13444 921476 0 11631923
714268333 1  P 34868 1397901 0 11649793
715981354 13  P 6297 742681 0 11670933
716051370 3  P 14414 941163 0 11678705
717842342 4  P 20297 1044436 0 11713413
724264211 4  P 20432 1053139 0 11818625
725797058 10  P 10726 780750 0 11839489
727791092 12  P 6288 754685 0 11874368
727917254 9  P 15996 876485 0 11870000
733934046 6  P 24082 1080761 0 11979646
737733755 5  P 21391 1023987 0 12036260
738393061 7  P 5706 798410 0 12052179
739026043 8  P 12665 832228 0 12055089
741582611 3  P 14456 966994 0 12096997
746300396 1  P 37106 1474954 0 12174593
749700655 13  P 6330 776828 0 12223387
750724176 11  P 6456 782591 0 12244839
750898656 2  P 14706 980562 0 12242970
754451701 4  P 20705 1088133 0 12313202
755311789 5  P 21469 1042889 0 12324259
757684098 6  P 26508 1150745 0 12368760
763322918 8  P 13478 871709 0 12453162
764390745 10  P 11081 819532 0 12471789
764926351 3  P 14592 993401 0 12479453
768814902 7  P 5739 829819 0 12550586
775222287 1  P 38354 1527979 0 12648437
775790198 2  P 15794 1024423 0 12650770
776168841 13  P 6717 804372 0 12657040
779052312 11  P 6662 815293 0 12708948
779087954 12  P 6467 809728 0 12714810
782651631 9  P 16241 936317 0 12766736
783581610 1  P 38893 1546944 0 12785388
784820807 2  P 16054 1037763 0 12798722
789583522 11  P 6765 827457 0 12881486
791822293 12  P 6609 824600 0 12923444
798215265 6  P 27402 1208275 0 13032802
801577420 5  P 22744 1101057 0 13082251
804973620 3  P 14682 1035321 0 13135552
808656438 10  P 11998 868942 0 13197021
810213564 8  P 15999 951158 0 13221402
810886040 9  P 16712 972241 0 13229316
811143768 7  P 7449 900814 0 13244067
811278198 13  P 6816 841159 0 13232264
812144584 4  P 22947 1186892 0 13258397
815008214 2  P 16318 1071713 0 13293299
815049289 7  P 7649 908170 0 13308053
815374341 4  P 23140 1193480 0 13311308
816021564 11  P 6900 856830 0 13314641
816309451 13  P 6849 846238 0 13314691
817432399 8  P 16457 967744 0 13339665
818744190 12  P 6841 856082 0 13364525
822090265 6  P 27545 1234611 0 13423952
825936780 5  P 23615 1142211 0 13481337
826760988 9  P 17601 999480 0 13489403
826942379 3  P 14729 1057907 0 13495466
830484572 10  P 12347 890642 0 13554632
835050366 1  P 42656 1678868 0 13628631
847359514 10  P 13336 912812 0 13831097
848245938 9  P 20008 1046350 0 13841394
852024390 2  P 17444 1127412 0 13899754
852294624 13  P 8513 888247 0 13904251
855458565 11  P 7666 896208 0 13960748
855846161 7  P 8799 970014 0 13976419
856306515 8  P 19089 1029958 0 13976533
857538687 6  P 29617 1308107 0 14004702
859801800 3  P 14799 1091910 0 14033818
862108790 5  P 26329 1214469 0 14073944
867748793 4  P 24823 1280384 0 14169362
867838011 12  P 8004 906512 0 14168865
873722280 1  P 45003 1782565 0 14262202
873935153 13  P 9238 910924 0 14258801
881883366 2  P 19499 1198741 0 14388936
883192978 11  P 8672 930441 0 14415133
885140032 5  P 27177 1250492 0 14451257
886614999 3  P 14965 1122224 0 14473111
887112880 1  P 47289 1842974 0 14481583
889121641 6  P 31669 1371684 0 14522119
892230839 9  P 21753 1102639 0 14562010
893525526 12  P 8763 940240 0 14589725
893737657 7  P 10521 1034889 0 14597186
893781549 10  P 15770 984767 0 14591626
894979641 8  P 19719 1071728 0 14610120
902279822 4  P 27289 1359318 0 14735073
904050250 7  P 11185 1057552 0 14766138
904948976 9  P 21988 1118816 0 14770374
905468066 5  P 27837 1276552 0 14784286
906682702 8  P 20237 1087004 0 14801859
907943013 11  P 9475 957332 0 14820632
908826780 4  P 27881 1375683 0 14842328
909195850 2  P 20650 1246826 0 14836404
910324651 6  P 32046 1399404 0 14869494
912547064 1  P 49684 1915701 0 14898282
913291706 12  P 9458 960352 0 14913571
919263082 13  P 10143 960604 0 15001437
925500582 10  P 16636 1023688 0 15111272
929489276 3  P 15542 1175162 0 15175535
940805111 2  P 22005 1308998 0 15354257
941520517 3  P 15575 1187458 0 15372650
941964531 9  P 23685 1174402 0 15376827
944159652 7  P 13827 1140107 0 15423259
946620250 8  P 20617 1126511 0 15456182
948644131 1  P 51569 1987982 0 15489686
953170444 4  P 29094 1446523 0 15568821
953638505 13  P 10874 1001438 0 15564631
954512209 6  P 32710 1449561 0 15593439
956358709 5  P 30229 1360080 0 15618041
957829175 10  P 16669 1055506 0 15640929
961506320 11  P 11457 1023677 0 15698185
962244699 12  P 9850 1009103 0 15715599
964371104 8  P 22102 1166365 0 15746989
964438038 10  P 16782 1064229 0 15749199
973167724 9  P 24492 1208235 0 15888033
974709449 11  P 12607 1046213 0 15914501
975404094 13  P 11685 1027248 0 15921226
978838814 12  P 10078 1030383 0 15987464
982372384 6  P 35437 1524507 0 16049880
982405667 5  P 31759 1396557 0 16044760
984352046 2  P 22632 1359858 0 16067691
988455701 1  P 53738 2074893 0 16141940
989268965 7  P 17126 1222776 0 16162299
989911995 3  P 18482 1289756 0 16165450
991654838 4  P 29232 1487584 0 16199309
998211323 2  P 23317 1383661 0 16294748
1001453802 10  P 18150 1111518 0 16355642
1004012957 6  P 35832 1551765 0 16404414
1004155516 5  P 32663 1429583 0 16401082
1004474982 11  P 14411 1094583 0 16402172
1004983458 4  P 29265 1501392 0 16417670
1006166890 12  P 11328 1062002 0 16435197
1007534734 1  P 55043 2118593 0 16454519
1009386509 9  P 25604 1258235 0 16481414
1009435326 13  P 13137 1070154 0 16478779
1013245263 8  P 23048 1217844 0 16547702
1020268909 7  P 18061 1271038 0 16670175
1021864315 3  P 19808 1338981 0 16688945
1025375547 9  P 27386 1281185 0 16743360
1027042600 12  P 12110 1084813 0 16777213
1028840244 8  P 23560 1243398 0 16803192
1030404877 4  P 29365 1528459 0 16834150
1034296646 5  P 33871 1477901 0 16894871
1034872849 13  P 13489 1094392 0 16895538
1036781820 10  P 18536 1145125 0 16934436
1038411277 3  P 20665 1370125 0 16960030
1039534488 7  P 18671 1303315 0 16985803
1040253556 1  P 57688 2202855 0 16990568
1043367626 2  P 26043 1476675 0 17034544
1050824697 6  P 39422 1644678 0 17171330
1053006331 11  P 17566 1190879 0 17197285
1053393859 7  P 18784 1319629 0 17212868
1057655549 5  P 34196 1508396 0 17277564
1064574646 6  P 39661 1661955 0 17396600
1064733515 4  P 29519 1566135 0 17396564
1065008229 2  P 26683 1512951 0 17389099
1066722269 1  P 59852 2275221 0 17424216
1067938027 10  P 19268 1177767 0 17444885
1069491166 11  P 17679 1209114 0 17467361
1073926775 3  P 22309 1433142 0 17541891
1077311101 13  P 14256 1146897 0 17590833
1079104638 8  P 24458 1300173 0 17626701
1080370851 9  P 28056 1343120 0 17644387
1081588845 12  P 12273 1142763 0 17670880
1084315732 7  P 19261 1354645 0 17719483
1085156958 10  P 19557 1199998 0 17726990
1089827455 5  P 34274 1541760 0 17804656
1095608004 4  P 29567 1597811 0 17902391
1097661162 3  P 23360 1476883 0 17930735
1100276296 12  P 12794 1165927 0 17977052
1103975055 11  P 18996 1261094 0 18032333
1104487920 1  P 62187 2359422 0 18042954
1104914484 2  P 27159 1560844 0 18042901
1107106006 6  P 41720 1736085 0 18093395
1108338955 8  P 25626 1343292 0 18105656
1108747828 13  P 14385 1180790 0 18105866
1109948925 9  P 28169 1374434 0 18128980
1115753987 7  P 19302 1386397 0 18234551
1115919663 13  P 14881 1191599 0 18223365
1118167173 8  P 26332 1365643 0 18266672
1120601989 2  P 27616 1585338 0 18299911
1121313078 10  P 19842 1241494 0 18319367
1124872588 3  P 24664 1524927 0 18376550
1125941055 1  P 63712 2411884 0 18394429
1126396936 11  P 20249 1299477 0 18399681
1126542661 9  P 28345 1394570 0 18400841
1131046206 5  P 34394 1585878 0 18479947
1137887318 6  P 44392 1817286 0 18597685
1138745072 12  P 13120 1209669 0 18607306
1139701700 4  P 29621 1643490 0 18624801
1143932527 12  P 13210 1216025 0 18692295
1154930108 2  P 28050 1627945 0 18862311
1155053177 11  P 22954 1360853 0 18869173
1156621555 6  P 44599 1841906 0 18904617
1158594359 10  P 86413 1283673 0 18930163
1163042088 8  P 26680 1415659 0 19001871
1164501216 1  P 65699 2490931 0 19026187
1164925114 7  P 19486 1438821 0 19040149
1168029087 13  P 15763 1247960 0 19077102
1171536224 3  P 27580 1640884 0 19141063
1171546217 4  P 29668 1676740 0 19146525
1172808313 9  P 30638 1455139 0 19158829
1173202446 5  P 34490 1629319 0 19170600
1175250570 10  P 86597 1303286 0 19203050
1177628243 7  P 19619 1454115 0 19248272
1183888408 13  P 16790 1270543 0 19336934
1186740683 11  P 24936 1409527 0 19388321
1186867603 2  P 28750 1671772 0 19385541
1187421327 5  P 34890 1644814 0 19403558
1192807534 12  P 16210 1290863 0 19493046
1193307699 8  P 26814 1447568 0 19497725
1193576736 4  P 29709 1699751 0 19507457
1199489331 3  P 28534 1684014 0 19599023
1200605182 9  P 31464 1484338 0 19614237
1201856655 6  P 46022 1910842 0 19645716
1202722293 1  P 69137 2597976 0 19652389
1214141182 10  P 87752 1349841 0 19840216
1216097292 1  P 69302 2614489 0 19871522
1217948184 12  P 16348 1318130 0 19904946
1219014234 4  P 29742 1725654 0 19924206
1220320741 2  P 29665 1721907 0 19933623
1221487690 7  P 20046 1500592 0 19966852
1221948394 8  P 27126 1482215 0 19966951
1224902078 9  P 31534 1509820 0 20012317
1224934089 6  P 46661 1943627 0 20023801
1225932658 5  P 35730 1699143 0 20034516
1231036153 3  P 29941 1740914 0 20115873
1231232653 13  P 17459 1317884 0 20112619
1233209404 11  P 25945 1456725 0 20149656
1234566013 1  P 70490 2656650 0 20174094
1235592210 13  P 17542 1323782 0 20184044
1236792118 8  P 27160 1497166 0 20210146
1237574806 6  P 46764 1957323 0 20230893
1246592374 4  P 29852 1755920 0 20376021
1249999310 5  P 36386 1735853 0 20428812
1252355162 9  P 32006 1539206 0 20462102
1253773844 2  P 30953 1780960 0 20481699
1255020496 3  P 30846 1779638 0 20508813
1255521929 11  P 26035 1480843 0 20515212
1256813105 10  P 88346 1405614 0 20539339
1256847002 7  P 20137 1537562 0 20546165
1258682544 12  P 16754 1360690 0 20572337
1267326728 4  P 29955 1778976 0 20715717
1270120044 12  P 16894 1374540 0 20759727
1270122768 13  P 17938 1359455 0 20749786
1270276486 8  P 27274 1532821 0 20758738
1271108649 5  P 37243 1766430 0 20774657
1276247311 6  P 48592 2022659 0 20864476
1277070729 2  P 31689 1816681 0 20863371
1287722748 7  P 20190 1569828 0 21052020
1288379883 3  P 32160 1834803 0 21055352
1288709391 11  P 26321 1519892 0 21058947
1289487919 1  P 73999 2781429 0 21073914
1289719347 10  P 89498 1460397 0 21078461
1289792753 9  P 32613 1581101 0 21075460
1296261395 9  P 32683 1588204 0 21181439
1297791953 12  P 17336 1404901 0 21213093
1298560345 13  P 18520 1403333 0 21215698
1298644151 1  P 74502 2800580 0 21223928
1310172422 10  P 90137 1488885 0 21413555
1310593748 5  P 38074 1822196 0 21421561
1313428178 11  P 26687 1545343 0 21463928
1314145536 3  P 32907 1875799 0 21477485
1318248601 4  P 30052 1832492 0 21549996
1318961343 2  P 32849 1877065 0 21549680
1319432746 8  P 27356 1583906 0 21564095
1321268855 7  P 20252 1604902 0 21601626
1322637186 6  P 50574 2105250 0 21624496
1324651484 8  P 27445 1590663 0 21649596
1330401312 12  P 17377 1437902 0 21747363
1331402901 6  P 51036 2121423 0 21768106
1333698944 9  P 32952 1630279 0 21794790
1334394152 1  P 76800 2882136 0 21809640
1334597019 7  P 20337 1619821 0 21819991
1342208033 3  P 33981 1922274 0 21937245
1343046201 5  P 38724 1867524 0 21953250
1343506309 11  P 26735 1576541 0 21956725
1345109954 10  P 90466 1530353 0 21985946
1345700972 13  P 18753 1455307 0 21988045
1346967376 4  P 30113 1862658 0 22020504
1348711377 2  P 33933 1925689 0 22037077
1355090067 9  P 33226 1655876 0 22145258
1359342354 4  P 30197 1876720 0 22223250
1360020540 3  P 34672 1956602 0 22229058
1362125566 10  P 90858 1554271 0 22264721
1366698170 12  P 17462 1476140 0 22342049
1370620200 8  P 27842 1638630 0 22402735
1375139945 5  P 39327 1911162 0 22479050
1376034781 1  P 79291 2977306 0 22491842
1376758236 2  P 34558 1965479 0 22496586
1377668425 6  P 52138 2185968 0 22526093
1379128231 7  P 20519 1668721 0 22549579
1379279035 13  P 19157 1490364 0 22538183
1379803131 11  P 27099 1613525 0 22551406
1383872829 13  P 19279 1497351 0 22613447
1385934033 6  P 52200 2195231 0 22661507
1389249311 5  P 39837 1935172 0 22710197
1394612926 1  P 80403 3017290 0 22796210
1395479583 8  P 27876 1663671 0 22810013
1396432547 12  P 17525 1507289 0 22829206
1397777025 9  P 33764 1701985 0 22844623
1398381248 11  P 27232 1635063 0 22855773
1400313089 10  P 91412 1610854 0 22890354
1400333025 3  P 36347 2025258 0 22889508
1406742610 2  P 35683 2013940 0 22987829
1409800103 7  P 21179 1707083 0 23052093
1409811093 4  P 30347 1931216 0 23050104
1414154050 13  P 19667 1535175 0 23109574
1416601826 3  P 37029 2056479 0 23156041
1426012198 6  P 53722 2265338 0 23318108
1426378591 1  P 82188 3084315 0 23316653
1426686801 5  P 40769 1991345 0 23323556
1427717383 4  P 30380 1950249 0 23343467
1428975068 11  P 27272 1666423 0 23357007
1432070721 2  P 36515 2053672 0 23402780
1434354416 12  P 18280 1547174 0 23450514
1438906789 10  P 92587 1664129 0 23522654
1439573342 8  P 27945 1709476 0 23532429
1440706343 7  P 21292 1740461 0 23558451
1441855241 9  P 34338 1756392 0 23566793
1447092316 13  P 19853 1572013 0 23649227
1449277889 6  P 54617 2304479 0 23699275
1449489332 3  P 37927 2104119 0 23694855
1453594789 10  P 92857 1683012 0 23763298
1454795489 4  P 30449 1979202 0 23787095
1455905555 5  P 41367 2032183 0 23802263
1456284501 7  P 21326 1756496 0 23813680
1456620812 9  P 34521 1774969 0 23808708
1460675458 1  P 84922 3173717 0 23878549
1464164524 2  P 37551 2102341 0 23928582
1466213791 12  P 18422 1582509 0 23972492
1471010937 8  P 28127 1745111 0 24047485
1473412553 11  P 27333 1712549 0 24085057
1474195720 2  P 37591 2112800 0 24092932
1476185325 13  P 19909 1602303 0 24125884
1478307531 12  P 18477 1595495 0 24170633
1480718076 5  P 41914 2066652 0 24208777
1482873634 3  P 39276 2161193 0 24241807
1484912542 11  P 27401 1725300 0 24273472
1487595488 1  P 86443 3234825 0 24319593
1488074653 6  P 55984 2361168 0 24334895
1489324438 9  P 35398 1816980 0 24344505
1493448358 8  P 28293 1770642 0 24415090
1496561112 4  P 30545 2023218 0 24471355
1497672437 10  P 93419 1743928 0 24485451
1501159506 7  P 21588 1807265 0 24548894
1509864284 3  P 40154 2204139 0 24684010
1510184033 6  P 56317 2388343 0 24697122
1513670491 4  P 30654 2042544 0 24751673
1514271904 11  P 27441 1755109 0 24754494
1514610419 10  P 93473 1761613 0 24762962
1515034784 1  P 87950 3291351 0 24769152
1516468191 5  P 42542 2114655 0 24794484
1517622795 13  P 20293 1645105 0 24804789
1517995784 9  P 35651 1849686 0 24814243
1522292132 8  P 28369 1801180 0 24887651
1525729385 12  P 18510 1644216 0 24947587
1528867622 2  P 39454 2199731 0 24988642
1530753262 7  P 21722 1839947 0 25033748
1533465307 6  P 57584 2434727 0 25078538
1538294654 13  P 20327 1666147 0 25143469
1541365632 11  P 27805 1783246 0 25198385
1543192402 3  P 41525 2259942 0 25230038
1544508232 2  P 39833 2220947 0 25244894
1545916899 12  P 18543 1665062 0 25278336
1546902037 9  P 35782 1880560 0 25287833
1548088993 8  P 28402 1827531 0 25310287
1550467343 4  P 30694 2080466 0 25354527
1554218065 5  P 43578 2171221 0 25412945
1556097513 7  P 21785 1866621 0 25448983
1558409788 1  P 91130 3398523 0 25479783
1561626276 10  P 94925 1835925 0 25533259
1571051772 3  P 41777 2289618 0 25686476
1574171205 5  P 43661 2193073 0 25739851
1574789580 2  P 40865 2269691 0 25741004
1577557753 8  P 28587 1860977 0 25793100
1584154865 4  P 30789 2119850 0 25906439
1585136346 12  P 18611 1706253 0 25920906
1589073930 9  P 35830 1924180 0 25978773
1589112651 7  P 21947 1903583 0 25989901
1589813092 10  P 95048 1865606 0 25995069
1590050433 1  P 92088 3449105 0 25998180
1591012393 6  P 58867 2514090 0 26021341
1592209410 11  P 27867 1836162 0 26031403
1592513453 13  P 20390 1722375 0 26031786
1596905557 5  P 44485 2232774 0 26112324
1600168434 6  P 59250 2528860 0 26171340
1604841527 13  P 20437 1735535 0 26233765
1607104375 12  P 18652 1729010 0 26280826
1607123584 4  P 30829 2143845 0 26282737
1607926763 3  P 42804 2341834 0 26290598
1609006248 11  P 27900 1853467 0 26306599
1609776486 8  P 28628 1894308 0 26320957
1611487951 1  P 93801 3505741 0 26349401
1617523838 2  P 42078 2337959 0 26441147
1619281823 10  P 96027 1912559 0 26477873
1621065764 7  P 22102 1939704 0 26513405
1622745761 9  P 36329 1966421 0 26530434
1623563117 10  P 96068 1917140 0 26548012
1627823158 12  P 18837 1753398 0 26620277
1630656295 5  P 45153 2279884 0 26665272
1631935262 13  P 20611 1766825 0 26677659
1636206372 7  P 22157 1955984 0 26761465
1636745225 8  P 28668 1922328 0 26762808
1637240621 11  P 27949 1882921 0 26769179
1643723800 3  P 44130 2405499 0 26877068
1644039644 2  P 43114 2382385 0 26875568
1645311100 4  P 30912 2184056 0 26908379
1646644169 1  P 95781 3579700 0 26925384
1647074775 6  P 60634 2600989 0 26939807
1651355169 9  P 36612 2003764 0 26999167
1654779030 13  P 20650 1790464 0 27051930
1655662504 11  P 28052 1902845 0 27070999
1656475512 1  P 96294 3599942 0 27086457
1658051881 3  P 45238 2434105 0 27111808
1658675874 7  P 22304 1981802 0 27129595
1658932751 8  P 28701 1945417 0 27126321
1660014219 4  P 30983 2200208 0 27149269
1660101960 2  P 43691 2406831 0 27138723
1661858696 5  P 46229 2333015 0 27176469
1667747402 6  P 61671 2634619 0 27278494
1668734946 10  P 96624 1971499 0 27288098
1678057500 12  P 18886 1805014 0 27443310
1680120784 9  P 37088 2041244 0 27470450
1684479388 12  P 19336 1814116 0 27548524
1685566060 1  P 98184 3665876 0 27563061
1687762754 6  P 63119 2677180 0 27606405
1690296032 4  P 31101 2233143 0 27645370
1698520523 3  P 45696 2483249 0 27774829
1699893908 7  P 22487 2026816 0 27804875
1701262198 9  P 37172 2064224 0 27816819
1703280577 5  P 48135 2407779 0 27855105
1703575978 13  P 20689 1840425 0 27851416
1705555842 2  P 45970 2491683 0 27883413
1706839007 8  P 28749 1993977 0 27911201
1711172480 10  P 97270 2024032 0 27983380
1712021980 11  P 28167 1965463 0 27994385
1714666893 12  P 20013 1845172 0 28043110
1716609958 10  P 97776 2038884 0 28072463
1720289597 2  P 46918 2527769 0 28124790
1722232201 13  P 21345 1865905 0 28157074
1727692377 3  P 45884 2516121 0 28252764
1729358783 5  P 49676 2462538 0 28282353
1729959378 11  P 28237 1984451 0 28288258
1731941514 1  P 100339 3758438 0 28322860
1735592371 4  P 31713 2289686 0 28387465
1738378264 7  P 22577 2067149 0 28435382
1738699059 9  P 37690 2114273 0 28430167
1739949669 6  P 65950 2766284 0 28461396
1742308265 8  P 28936 2032171 0 28492315
1746911133 3  P 45932 2536048 0 28567633
1747047459 10  P 98071 2074233 0 28571145
1748591568 13  P 21704 1892922 0 28588944
1751248604 4  P 32780 2323772 0 28643960
1753921203 5  P 50518 2503160 0 28684764
1755756383 11  P 28620 2011016 0 28710900
1756776321 12  P 20174 1890686 0 28733022
1758008226 2  P 48901 2600059 0 28742759
1759973205 1  P 103058 3840500 0 28782112
1760777054 9  P 38437 2137408 0 28791884
1762309036 6  P 67257 2804316 0 28827714
1767588994 8  P 29319 2063524 0 28906504
1772050115 7  P 22669 2102900 0 28987051
1775638400 13  P 22492 1922851 0 29032075
1777598616 3  P 45973 2567605 0 29070404
1783535166 1  P 104399 3884919 0 29168147
1784412537 11  P 28977 2039730 0 29180398
1786268839 7  P 23123 2119945 0 29220004
1787014972 5  P 50943 2544509 0 29226965
1787325459 6  P 67695 2834946 0 29237571
1794464544 9  P 38935 2174708 0 29343813
1796186835 4  P 33931 2386014 0 29380191
1796688082 10  P 98721 2133780 0 29384449
1797713799 12  P 20601 1933885 0 29403736
1799776490 8  P 29689 2102106 0 29433856
1803352006 2  P 49817 2659643 0 29485647
1807885885 8  P 30059 2117804 0 29566720
1816375602 10  P 98966 2157589 0 29707005
1819122798 13  P 22583 1968752 0 29744514
1819570758 2  P 49900 2677513 0 29751371
1820530574 5  P 51499 2589451 0 29776071
1820600033 11  P 29339 2076925 0 29773287
1825043902 6  P 69791 2904086 0 29855530
1825620853 9  P 39019 2207562 0 29854264
1825837509 4  P 36143 2456476 0 29865956
1829425131 7  P 23271 2166202 0 29927046
1829651319 12  P 20859 1971215 0 29926995
1830675813 1  P 107530 3994351 0 29940485
1830833009 3  P 46313 2628460 0 29942578
1837534489 7  P 23327 2175386 0 30059908
1837715287 6  P 70081 2921213 0 30063127
1839063109 10  P 99434 2188067 0 30078704
1841794688 13  P 22638 1992338 0 30115964
1842086364 2  P 50758 2714353 0 30120258
1845186201 4  P 36718 2489356 0 30182954
1846948177 12  P 20991 1991421 0 30210386
1849730650 9  P 39507 2234740 0 30249275
1849878930 1  P 108047 4023471 0 30255101
1850395676 5  P 52602 2635203 0 30265357
1851151499 8  P 30342 2166273 0 30275565
1852254880 3  P 46412 2651970 0 30293544
1859709396 11  P 29723 2117584 0 30414046
1865527054 9  P 39689 2254160 0 30508078
1866222675 1  P 108962 4061812 0 30522865
1870646904 11  P 30098 2129414 0 30593245
1871682570 12  P 21565 2028433 0 30615630
1876701747 4  P 37559 2540898 0 30699274
1877492642 2  P 52469 2779680 0 30700336
1879421156 5  P 54959 2708942 0 30740889
1881974327 3  P 46466 2682905 0 30780443
1884579115 10  P 100820 2255874 0 30824392
1888013461 13  P 22714 2039586 0 30873194
1888128221 7  P 23482 2229025 0 30888804
1890152984 6  P 74164 3040155 0 30922204
1890339016 8  P 31235 2218292 0 30917574
1894842347 4  P 37692 2561465 0 30996468
1900358673 5  P 56344 2755328 0 31083912
1902997842 13  P 23817 2063835 0 31118693
1903459392 11  P 31238 2165214 0 31130825
1904348616 3  P 46563 2706882 0 31147008
1904410174 7  P 23704 2250284 0 31155552
1905448416 8  P 31619 2233665 0 31165115
1906844873 10  P 101891 2284665 0 31189176
1909785191 1  P 111689 4158869 0 31236573
1911120048 12  P 21654 2068009 0 31261758
1911637860 6  P 75238 3081910 0 31274175
1915745830 9  P 41439 2311750 0 31330833
1917883252 2  P 55246 2878037 0 31362065
1926100077 11  P 32281 2195217 0 31501757
1929550126 7  P 23978 2279252 0 31567427
1931840982 2  P 55802 2895725 0 31590743
1938315791 1  P 114044 4234053 0 31703993
1938344749 10  P 104048 2336648 0 31705247
1939311883 5  P 58948 2830936 0 31722087
1941136335 8  P 32386 2268452 0 31749787
1942498621 4  P 37840 2612184 0 31777237
1943192400 3  P 48914 2791978 0 31783384
1946184063 6  P 77313 3136720 0 31840141
1946495889 9  P 43282 2363700 0 31834612
1949698912 12  P 22891 2110872 0 31893819
1952643617 13  P 26094 2133821 0 31932064
1954113083 7  P 24431 2311121 0 31969846
1954451731 4  P 38035 2628227 0 31973067
1960073536 8  P 33002 2297908 0 32060038
1965271893 11  P 34690 2260762 0 32143513
1966101942 2  P 56487 2944056 0 32152055
1967722692 1  P 116474 4311969 0 32185787
1969645517 3  P 50066 2838023 0 32216781
1973465297 6  P 77801 3166732 0 32287096
1975213797 12  P 24649 2143601 0 32311848
1975839600 9  P 44168 2395423 0 32315364
1975907231 10  P 104420 2377190 0 32320636
1977294709 13  P 27142 2159149 0 32335926
1981624367 5  P 61162 2907888 0 32415296
1984418539 7  P 25316 2358979 0 32466355
1986155588 5  P 61315 2915194 0 32489532
1986527032 9  P 44591 2407594 0 32490466
1988599310 3  P 51407 2884350 0 32527310
1989066431 1  P 117730 4357643 0 32535473
1994539454 2  P 57093 2982453 0 32617948
1999917129 8  P 33867 2349900 0 32712822
2005232920 4  P 38495 2685207 0 32805041
2009094751 10  P 104566 2410791 0 32864370
2009543399 6  P 78267 3205686 0 32878182
2009779024 13  P 27608 2194330 0 32868140
2009803177 11  P 35477 2313204 0 32873095
2012058234 12  P 25181 2184387 0 32915492
2022542670 9  P 44800 2447287 0 33080536
2024698342 8  P 35160 2384496 0 33118830
2025881243 11  P 36216 2336884 0 33136514
2026372842 13  P 27735 2213424 0 33140005
2028239005 1  P 119667 4435382 0 33177266
2028874542 5  P 63731 2998057 0 33189406
2028995086 12  P 25553 2209301 0 33192981
2029248568 4  P 38597 2711326 0 33198502
2032610365 10  P 104868 2443618 0 33249634
2033940847 7  P 26437 2429968 0 33277706
2037836439 2  P 58329 3048998 0 33327309
2039348748 3  P 53894 2986013 0 33358765
2039574653 6  P 78356 3237233 0 33370196
2045510693 12  P 25754 2228678 0 33463572
2047815873 7  P 27104 2455899 0 33505024
2048530652 5  P 64420 3033771 0 33511432
2048623588 4  P 38781 2734643 0 33515922
2051902904 6  P 78488 3252838 0 33572173
2059645389 1  P 122851 4534795 0 33691815
2060654085 13  P 27934 2252203 0 33701653
2066589547 9  P 45280 2494386 0 33802188
2067954140 10  P 105568 2485101 0 33828692
2068088997 8  P 36029 2442507 0 33829727
2069399090 2  P 60386 3115458 0 33844405
2070068833 11  P 36605 2388544 0 33860475
2072114329 3  P 54504 3028607 0 33895572
2079277580 9  P 45313 2506792 0 34010062
2087223653 3  P 54537 3044512 0 34143110
2087622010 6  P 79799 3294930 0 34157365
2088313510 10  P 105953 2511242 0 34162246
2088685342 13  P 28934 2286158 0 34160904
2091230006 12  P 26112 2274542 0 34212627
2097651528 8  P 36823 2472922 0 34314057
2098076741 4  P 39003 2788293 0 34326116
2098331398 7  P 29382 2547295 0 34332618
2099707881 2  P 62469 3185796 0 34340949
2099771947 11  P 37647 2418725 0 34347121
2101156244 5  P 66931 3114611 0 34373622
2102207081 1  P 125859 4635507 0 34389129
2105831432 7  P 29739 2560578 0 34455496
2108885677 12  P 26479 2292793 0 34501889
2109998630 4  P 39186 2803958 0 34521430
2112198371 8  P 36950 2490053 0 34552383
2112466536 13  P 29308 2310645 0 34550524
2115686786 5  P 67588 3134891 0 34611688
2120242626 2  P 64198 3235532 0 34677377
2120911172 3  P 54812 3087140 0 34695025
2123355172 9  P 46315 2551301 0 34732214
2130394589 1  P 127571 4697250 0 34850940
2131074681 6  P 79918 3340604 0 34869255
2131188490 10  P 107544 2579914 0 34864692
2132053209 11  P 38050 2452574 0 34875995
2134350031 11  P 38084 2454849 0 34913626
2138722000 7  P 31051 2625187 0 34994353
2140732972 4  P 39471 2840335 0 35024960
2140789484 2  P 65417 3279987 0 35014003
2141918428 6  P 80030 3353394 0 35046910
2142063592 10  P 108352 2599613 0 35042863
2142120819 9  P 46590 2575263 0 35039663
2151982280 13  P 30335 2366258 0 35197939
2152745514 12  P 26662 2340438 0 35220471
2153598650 3  P 54896 3121796 0 35230559
2156245382 8  P 38178 2545196 0 35274019
2162578002 5  P 68257 3194003 0 35379916
2163878993 1  P 130064 4780812 0 35399532
2164838775 12  P 26854 2356330 0 35418604
2165133219 2  P 67934 3349204 0 35412842
2171264982 4  P 39649 2875372 0 35525164
2171692552 1  P 130459 4796543 0 35527539
2173948345 8  P 38425 2566877 0 35564060
2176818815 11  P 38131 2498197 0 35609402
2176823925 9  P 47053 2612981 0 35608224
2178108733 5  P 69353 3225273 0 35634360
2182876060 10  P 109709 2665626 0 35711504
2183451020 13  P 31186 2408005 0 35713516
2185715345 6  P 80423 3399156 0 35764452
2187067421 3  P 55203 3161873 0 35778895
2192566636 7  P 35041 2757760 0 35876488
2194456486 7  P 35041 2759495 0 35907447
2197607992 4  P 39825 2905360 0 35956751
2199707091 1  P 132209 4863436 0 35986521
2201641627 10  P 110032 2689736 0 36018942
2202730202 9  P 47621 2643209 0 36032651
2204260641 12  P 26894 2396397 0 36064487
2205151486 8  P 38964 2606492 0 36075279
2207286884 3  P 55271 3182410 0 36110160
2208725081 11  P 38526 2534905 0 36132136
2211402777 6  P 80841 3426354 0 36185302
2214499415 5  P 71106 3283407 0 36230546
2216711341 2  P 69761 3440840 0 36257857
2221935382 13  P 31699 2449702 0 36344036
2225934027 6  P 80965 3443125 0 36423374
2228077581 5  P 71572 3305828 0 36453005
2230708030 3  P 55845 3215983 0 36493877
2232339032 8  P 39476 2636246 0 36520711
2233820729 2  P 69809 3458841 0 36538161
2235263463 13  P 32048 2463276 0 36562401
2235803161 11  P 38718 2565932 0 36575772
2237940975 7  P 38914 2849909 0 36619861
2243547880 10  P 110876 2739175 0 36705503
2246648218 4  P 43213 3018295 0 36760172
2248354982 12  P 27006 2441718 0 36786915
2248917725 9  P 49175 2706941 0 36789372
2249895404 1  P 136022 4997213 0 36808774
2259568742 11  P 39207 2592673 0 36965138
2261191459 1  P 137101 5030379 0 36993844
2262204809 10  P 111085 2759270 0 37011169
2262953997 3  P 58080 3285912 0 37022167
2266152768 6  P 81080 3484945 0 37082298
2269045466 4  P 43569 3046501 0 37127110
2273901519 8  P 40265 2680246 0 37201663
2274041929 12  P 27188 2471229 0 37207751
2274733681 5  P 72817 3362219 0 37217358
2278706461 7  P 42082 2942755 0 37287737
2282279643 13  P 32805 2512466 0 37332686
2282964651 9  P 49923 2749018 0 37347184
2283539527 2  P 69892 3509593 0 37352713
2288160228 1  P 138675 5088257 0 37435687
2288692404 3  P 59615 3338685 0 37443853
2289448418 8  P 40710 2698268 0 37456374
2289577437 5  P 72879 3377921 0 37460538
2297920514 4  P 44305 3089097 0 37600183
2299831371 7  P 43521 2985450 0 37633833
2300787521 11  P 39248 2634709 0 37640461
2303480167 9  P 50123 2773497 0 37683308
2303501007 10  P 111738 2815433 0 37687746
2305121631 6  P 81121 3524610 0 37720747
2305370077 12  P 27236 2503401 0 37721021
2310466575 13  P 33253 2543756 0 37794499
2311570760 2  P 70027 3540693 0 37811961
2317349396 3  P 61271 3394819 0 37913360
2317398868 2  P 70131 3548506 0 37907444
2323687342 5  P 73010 3417724 0 38019353
2326076379 13  P 33314 2560385 0 38050245
2328323389 8  P 41848 2748273 0 38093290
2328407235 10  P 111964 2844055 0 38095795
2331309058 6  P 81251 3553472 0 38149788
2333425209 7  P 46571 3077211 0 38184223
2336886450 9  P 51170 2826529 0 38230628
2338756339 11  P 39303 2673847 0 38262530
2338858005 4  P 44593 3135661 0 38270879
2341348453 1  P 141750 5202546 0 38307096
2342416950 12  P 27442 2544837 0 38327991
2348126070 10  P 112524 2873688 0 38418854
2348260862 8  P 42375 2772176 0 38419937
2348527813 6  P 81283 3570798 0 38431891
2349411160 3  P 62065 3442070 0 38438646
2351042719 9  P 51862 2847106 0 38462557
2353669738 13  P 33402 2589505 0 38502326
2355104487 12  P 27900 2559744 0 38535860
2356280563 5  P 73456 3452113 0 38553331
2358839810 1  P 142910 5243926 0 38593668
2365404864 4  P 44856 3166049 0 38705799
2366222120 7  P 47303 3117039 0 38721547
2366914680 2  P 71112 3619138 0 38718680
2372943768 11  P 40071 2709964 0 38822642
2375503256 7  P 47711 3133934 0 38873599
2383858691 5  P 73517 3481081 0 39005143
2386027033 8  P 42856 2812071 0 39038673
2387039481 2  P 72057 3654810 0 39048393
2387776292 12  P 28783 2597048 0 39071139
2392389262 4  P 45092 3196921 0 39147895
2393097734 1  P 145657 5332476 0 39154935
2395208030 3  P 63244 3508247 0 39188961
2395637963 6  P 85154 3683455 0 39203701
2397266687 10  P 113837 2927894 0 39223951
2398131294 11  P 40496 2736796 0 39235309
2398872895 9  P 53604 2922286 0 39246181
2399841584 13  P 33769 2642595 0 39258797
