250838319 9  P 4531 254043 0 4053750
262311152 5  P 2727 268574 0 4247281
262456828 3  P 2220 264927 0 4247305
262694502 2  P 1953 259382 0 4244496
263486429 7  P 2303 256757 0 4271595
275718108 10  P 4775 273819 0 4465631
279479711 6  P 3461 282690 0 4534243
279955422 1  P 3289 305762 0 4534286
280387172 13  P 2999 275756 0 4534268
285591171 4  P 3279 306936 0 4631793
286052654 11  P 2348 281520 0 4631788
286072132 8  P 6053 290394 0 4634107
290384453 12  P 2740 291390 0 4708031
305368969 8  P 6351 315595 0 4950261
309619526 9  P 6110 340235 0 5016796
314404982 5  P 3828 333610 0 5100763
319341075 4  P 4405 358979 0 5184732
322583130 11  P 2459 320418 0 5230299
324351391 2  P 2348 323267 0 5254662
325215263 13  P 3231 325053 0 5268729
327673883 7  P 2513 325529 0 5323229
328167144 6  P 3958 339521 0 5331920
339595988 1  P 5491 410393 0 5511417
339775795 12  P 2979 345960 0 5517257
346206753 3  P 3460 372531 0 5619423
357374370 10  P 5287 359724 0 5803466
369280008 5  P 4623 401693 0 5999816
382327465 10  P 5341 385712 0 6212295
384603207 12  P 3446 394231 0 6251703
388473780 11  P 2971 390435 0 6309840
388488025 3  P 3509 416140 0 6312156
388756968 2  P 2593 393905 0 6309880
388762218 13  P 3346 391072 0 6309859
401839091 6  P 4528 419604 0 6538951
401877010 7  P 2605 401868 0 6538957
405731738 4  P 6597 482854 0 6600117
408306489 8  P 7003 426316 0 6636774
417424157 1  P 7520 529471 0 6786537
418025809 9  P 7620 469131 0 6792910
444749291 10  P 5702 449702 0 7235003
444822150 8  P 7071 464323 0 7235042
449956768 3  P 4445 495665 0 7319249
452277087 6  P 4973 477803 0 7365314
452314502 7  P 2688 454438 0 7365320
453131939 2  P 2662 461361 0 7364588
455096016 1  P 8138 580470 0 7403747
455307026 9  P 7667 507624 0 7403719
460027802 13  P 4268 475764 0 7477472
460406573 5  P 6610 529972 0 7492816
470540673 12  P 3600 484373 0 7659700
471442512 11  P 3535 480092 0 7669163
478669248 4  P 8373 587262 0 7795106
489122371 4  P 8427 598455 0 7966369
491108702 10  P 5815 498557 0 7994543
494965285 13  P 4337 512630 0 8049883
508779310 5  P 7965 603890 0 8285340
510236377 7  P 2734 513959 0 8314293
512895641 11  P 3696 525505 0 8348326
516197082 8  P 7419 537663 0 8404442
522134981 12  P 3768 540118 0 8505018
522338307 9  P 8966 598270 0 8501943
525714052 6  P 5304 558111 0 8568442
526475790 2  P 2751 537748 0 8566234
530955871 1  P 10685 706617 0 8646609
533847451 3  P 5456 592314 0 8693650
548663231 2  P 2907 563184 0 8929748
550152275 6  P 5410 584942 0 8968822
551059044 13  P 4523 573490 0 8968919
552642634 7  P 3135 558382 0 9009067
560487077 1  P 11432 751928 0 9130443
565947642 9  P 9580 653835 0 9216434
570817495 11  P 3888 588496 0 9297311
577310285 4  P 10404 712764 0 9411199
582909924 3  P 5738 647016 0 9497486
582916560 8  P 7520 607962 0 9497567
584202454 10  P 5855 594421 0 9519778
593306313 12  P 3830 613707 0 9671087
597888714 5  P 9229 712636 0 9745283
605983722 10  P 5910 617176 0 9876634
606569493 2  P 2947 622645 0 9878471
607994569 9  P 9796 698283 0 9905318
608932818 6  P 5870 654293 0 9931864
608970766 7  P 3295 619283 0 9931929
628925941 3  P 7013 718518 0 10251390
637498519 5  P 9807 761361 0 10394227
639005480 11  P 3950 659002 0 10414490
639416143 12  P 4331 663992 0 10426540
643471866 1  P 14714 895257 0 10490040
644904444 4  P 12456 818150 0 10518620
646481394 13  P 4584 671530 0 10532301
655572587 8  P 9123 701950 0 10687938
664483265 5  P 10500 799763 0 10836331
668668841 13  P 4736 696954 0 10895818
670510978 9  P 10797 770472 0 10929551
680216928 4  P 13181 863323 0 11097162
681939934 7  P 3729 699590 0 11127417
688614798 11  P 4430 712243 0 11227260
690531017 10  P 6166 707634 0 11261837
692424954 1  P 16291 975261 0 11292074
698682256 12  P 4612 729120 0 11397537
707808681 6  P 6605 756244 0 11551794
710978789 8  P 9860 760186 0 11595701
714257908 2  P 3275 738064 0 11642811
720863449 3  P 7399 818853 0 11757677
726575858 13  P 4777 756246 0 11844559
730721160 7  P 4360 754465 0 11926634
733967669 5  P 11825 891825 0 11974743
743917242 9  P 11414 854443 0 12132229
745226185 2  P 3358 770784 0 12150191
747660342 3  P 7453 846464 0 12196713
747666748 8  P 10051 801266 0 12196787
749218539 10  P 6287 769030 0 12223349
749745704 6  P 6645 799293 0 12238880
755911687 11  P 4619 784871 0 12329845
759904441 4  P 15393 971891 0 12402720
765222265 1  P 18531 1094018 0 12484762
765869234 12  P 4652 798053 0 12498323
785901046 8  P 10112 841345 0 12823214
789228569 12  P 4825 825106 0 12881041
789738454 3  P 7803 895291 0 12886117
791952872 10  P 6344 813441 0 12923502
800264194 4  P 16018 1021979 0 13063957
822073493 9  P 12394 952236 0 13412733
822455544 7  P 4916 857554 0 13429590
824679239 2  P 3833 854771 0 13451934
833599157 11  P 4801 868174 0 13602665
834262594 13  P 4959 869820 0 13608865
838511313 6  P 6700 890720 0 13693196
841582883 1  P 19926 1197563 0 13735834
841983672 5  P 14149 1038318 0 13744431
854331643 1  P 20060 1213149 0 13944708
863722830 3  P 8132 976164 0 14098255
864795468 4  P 16837 1098983 0 14121230
865231377 13  P 5156 905368 0 14116241
870143052 7  P 5048 908595 0 14210894
877730117 6  P 6812 932707 0 14335731
878874752 10  P 6507 905100 0 14347624
883319904 2  P 4017 918431 0 14412695
885338607 8  P 10528 944809 0 14452389
888427309 11  P 4835 924447 0 14500966
892499297 5  P 14740 1098544 0 14572066
893276017 12  P 4865 931868 0 14585745
902980171 9  P 13139 1045365 0 14738278
905962981 12  P 4934 945746 0 14793605
920410698 3  P 8810 1040246 0 15027016
920510453 8  P 10663 983377 0 15028642
927593500 10  P 6569 955652 0 15145820
928830535 7  P 5406 977030 0 15172409
930364809 11  P 4904 968575 0 15188062
930796165 4  P 19715 1217191 0 15202560
932636419 9  P 13636 1083966 0 15224157
941214427 6  P 6874 998539 0 15375845
942554260 2  P 4128 980658 0 15383176
943394115 1  P 23283 1370852 0 15403886
951764944 5  P 16858 1184232 0 15543045
959419240 13  P 5527 1001846 0 15659402
965558610 6  P 7032 1026337 0 15774685
965827882 10  P 6616 994540 0 15772236
982197766 12  P 5285 1023882 0 16042623
984098226 3  P 9343 1114088 0 16070457
989335917 2  P 5300 1047588 0 16149632
998638030 13  P 5568 1042295 0 16301960
1000662095 11  P 4944 1040617 0 16339791
1006285451 1  P 24477 1457940 0 16434286
1007670444 4  P 20090 1300964 0 16462051
1009042663 9  P 14878 1186664 0 16475985
1015608738 5  P 18985 1282860 0 16589032
1020409071 7  P 5575 1073697 0 16672801
1021214002 8  P 11034 1092404 0 16678542
1027346551 7  P 5699 1081552 0 16786460
1029671991 10  P 7279 1066373 0 16818241
1038373616 4  P 20775 1343366 0 16965075
1044132831 2  P 6480 1123028 0 17047405
1050106191 6  P 7066 1113025 0 17159886
1061885873 8  P 11096 1134873 0 17344909
1062122372 13  P 5729 1110353 0 17342083
1062362933 1  P 25682 1538584 0 17353048
1071968677 5  P 19850 1353839 0 17512401
1072363895 3  P 9675 1209583 0 17516589
1074198922 9  P 15175 1257130 0 17543497
1077635229 12  P 5326 1122190 0 17606269
1079130849 11  P 5113 1124249 0 17625378
1085339522 9  P 15681 1276949 0 17726017
1089862230 7  P 5816 1146490 0 17810705
1090979473 12  P 5482 1138643 0 17824898
1093073378 8  P 11215 1168999 0 17855880
1093476591 2  P 7738 1197208 0 17855841
1103301369 3  P 9752 1241782 0 18023462
1105089894 6  P 7198 1171579 0 18060707
1114487900 1  P 28383 1638050 0 18207048
1115240232 11  P 5146 1161462 0 18216974
1122248608 4  P 21789 1450142 0 18339227
1122559958 13  P 5769 1172547 0 18332289
1129624297 5  P 21690 1439296 0 18457006
1138610140 10  P 7363 1178953 0 18603069
1146177751 11  P 5186 1193264 0 18723836
1151527406 6  P 7285 1220169 0 18821525
1159316072 7  P 6098 1221574 0 18948621
1165997916 13  P 5802 1217046 0 19043974
1168948924 9  P 16693 1381806 0 19095862
1169472274 1  P 29609 1718319 0 19107902
1171789061 2  P 9134 1297969 0 19138879
1175995174 12  P 5570 1226365 0 19217789
1180686111 4  P 22186 1517048 0 19296622
1184890733 5  P 22988 1520205 0 19362479
1185239272 3  P 10259 1333438 0 19365906
1191260856 8  P 11707 1272863 0 19464574
1193625182 10  P 7411 1235827 0 19504426
1204182132 12  P 5675 1256769 0 19679603
1206855252 9  P 17380 1425903 0 19716900
1208964905 6  P 7318 1279241 0 19762561
1214114281 3  P 10584 1368253 0 19838984
1224480376 8  P 11754 1307207 0 20008838
1226169286 13  P 5842 1278816 0 20029820
1230724621 11  P 5225 1280306 0 20109021
1239014976 5  P 24519 1604100 0 20249233
1241800428 1  P 31677 1831804 0 20292910
1242383263 2  P 10639 1393378 0 20295468
1248326756 4  P 22642 1593051 0 20404827
1253484528 10  P 7503 1298100 0 20485145
1260752846 7  P 6408 1329301 0 20610528
1267308623 6  P 7422 1340765 0 20718443
1267791503 12  P 5758 1323408 0 20721746
1272933377 9  P 18117 1509498 0 20799517
1272964506 8  P 11922 1359826 0 20803197
1281952961 5  P 25451 1668266 0 20952712
1283643446 7  P 6703 1357389 0 20985563
1289412641 11  P 5379 1343028 0 21070556
1297578288 10  P 7606 1344545 0 21207565
1298404823 4  P 23139 1651887 0 21225290
1301911161 3  P 10869 1462553 0 21277427
1303820723 2  P 11696 1472560 0 21302034
1311388034 13  P 5993 1368711 0 21426039
1319894124 1  P 33885 1953794 0 21572380
1328039566 2  P 11994 1502181 0 21698834
1329872398 13  P 6040 1388087 0 21728885
1332146482 11  P 5450 1387768 0 21770697
1333000182 10  P 7639 1381142 0 21787911
1337401476 8  P 12309 1426902 0 21858922
1337905558 5  P 27350 1754920 0 21869428
1349088423 12  P 5839 1407251 0 22053681
1363605160 9  P 19488 1625460 0 22285068
1367957375 1  P 35048 2026180 0 22359837
1376154873 4  P 23494 1737586 0 22499120
1378855536 6  P 7490 1455759 0 22545976
1381598678 3  P 11181 1549362 0 22583013
1382330963 7  P 6878 1460128 0 22602441
1383065378 7  P 7009 1463148 0 22614472
1385404944 4  P 23972 1755207 0 22650665
1388216136 13  P 6080 1448435 0 22684786
1391822756 12  P 5900 1451824 0 22753840
1400286139 3  P 11301 1570287 0 22889182
1408261404 9  P 19832 1675428 0 23016706
1409320816 2  P 13438 1606264 0 23030525
1411660245 1  P 36766 2103760 0 23075859
1431188412 10  P 7854 1485210 0 23396611
1432838988 8  P 12391 1525941 0 23422560
1437543035 6  P 7602 1517560 0 23507505
1440990243 11  P 5483 1499535 0 23553974
1442015190 5  P 29119 1893895 0 23575132
1450731793 13  P 6119 1512860 0 23709037
1452502823 7  P 7600 1538062 0 23752120
1459020545 3  P 11628 1635828 0 23851470
1459276481 8  P 12488 1554664 0 23855703
1459277397 6  P 7717 1541535 0 23863583
1460139967 5  P 29544 1919120 0 23872078
1465430879 2  P 14398 1682958 0 23949818
1467787134 11  P 5529 1527381 0 23993011
1472375188 10  P 7901 1527546 0 24071397
1474373631 4  P 24429 1851145 0 24108295
1474765132 1  P 38817 2208885 0 24109753
1478744639 12  P 5934 1541289 0 24177963
1498714565 9  P 20672 1780788 0 24498678
1506021486 11  P 5592 1567501 0 24619421
1516940291 7  P 8161 1613781 0 24807843
1522180113 2  P 15465 1757199 0 24879583
1523198341 8  P 12644 1623174 0 24902988
1524042642 9  P 20784 1807109 0 24913647
1525093930 10  P 8128 1585454 0 24935126
1527463392 12  P 6102 1593616 0 24976169
1528780672 5  P 31704 2029539 0 24996663
1534378536 1  P 40312 2298750 0 25086448
1544458043 3  P 11928 1727931 0 25251256
1552514243 4  P 25118 1943213 0 25388532
1553058629 6  P 7792 1638869 0 25400059
1559091176 13  P 6174 1624550 0 25484392
1567750147 10  P 8550 1630845 0 25633992
1569541521 12  P 6241 1638989 0 25665556
1569865246 11  P 5754 1635601 0 25665430
1583617628 2  P 17430 1854293 0 25886150
1584138025 13  P 6228 1650726 0 25894759
1588530585 5  P 33427 2122417 0 25975590
1597058218 8  P 12922 1703954 0 26113097
1597691025 1  P 41811 2392369 0 26123756
1602996120 6  P 7854 1690607 0 26218222
1603092355 4  P 25349 1998046 0 26217191
1612377831 7  P 8526 1716454 0 26371459
1614386434 9  P 21939 1918525 0 26393819
1616895543 3  P 12424 1809883 0 26438056
1634995674 8  P 13070 1745619 0 26734661
1637561100 4  P 25738 2039863 0 26781917
1637566011 1  P 42832 2453172 0 26777057
1639896471 11  P 5823 1708278 0 26812817
1640792731 9  P 22154 1948854 0 26826458
1644171181 5  P 34258 2193893 0 26887183
1648332995 3  P 12515 1843379 0 26953125
1666109519 10  P 8734 1734944 0 27245485
1672768449 7  P 8914 1785201 0 27360885
1677838416 12  P 6319 1751235 0 27439888
1681622408 13  P 6418 1754361 0 27491939
1682293013 6  P 8044 1775645 0 27517411
1683602094 2  P 19166 1983371 0 27524266
1686914494 2  P 19234 1987152 0 27578533
1694047048 10  P 8768 1763804 0 27703198
1695948937 9  P 22959 2019977 0 27730130
1699572787 12  P 6359 1773845 0 27795983
1700292150 8  P 13239 1815970 0 27804461
1703112922 1  P 45505 2572213 0 27850959
1703996138 6  P 8194 1800768 0 27872986
1721455970 7  P 9053 1836119 0 28158576
1722294318 13  P 6465 1796455 0 28158303
1729873617 4  P 26363 2143335 0 28294308
1730770544 3  P 13081 1936874 0 28303762
1733818374 11  P 5876 1805318 0 28351609
1735608701 5  P 36217 2316873 0 28385246
1744690307 7  P 9093 1859917 0 28539241
1760070698 2  P 20450 2074022 0 28777110
1760537117 11  P 5911 1832816 0 28789363
1760551775 3  P 13254 1970550 0 28791692
1761311079 4  P 26538 2177661 0 28809365
1764684133 6  P 8235 1862782 0 28867285
1780081644 1  P 47368 2686647 0 29112001
1781843883 10  P 8823 1853846 0 29141646
1784463983 8  P 13689 1904169 0 29183520
1789996500 9  P 23986 2133796 0 29270996
1793495364 12  P 6406 1870454 0 29334810
1793497387 13  P 6506 1869439 0 29324892
1796937008 5  P 37337 2399433 0 29390027
1803527014 9  P 25515 2177080 0 29492673
1804152369 6  P 8342 1904821 0 29513909
1805078261 10  P 8905 1878835 0 29522296
1817786159 3  P 13722 2036512 0 29729397
1820711359 2  P 23149 2186478 0 29770608
1823900900 12  P 7334 1928667 0 29832907
1824224630 11  P 5965 1898533 0 29832787
1824389216 4  P 27144 2246861 0 29842784
1841624337 5  P 38928 2474359 0 30122166
1844127826 7  P 9203 1962369 0 30168410
1844841168 13  P 6553 1922394 0 30166107
1848831667 1  P 49957 2807900 0 30238383
1862135854 8  P 13753 1984902 0 30456088
1863646486 11  P 5998 1939308 0 30478646
1871921180 5  P 39371 2516285 0 30618536
1874354607 8  P 13853 1999045 0 30656277
1877894161 1  P 50699 2852234 0 30714532
1884888055 13  P 6593 1963515 0 30822230
1888300407 7  P 9566 2012773 0 30892128
1900076702 4  P 28044 2338594 0 31082825
1903474307 3  P 14177 2126817 0 31133297
1903570734 2  P 24687 2296521 0 31128149
1906500149 10  P 9082 1985494 0 31183974
1912355531 6  P 8375 2015636 0 31286659
1919886404 9  P 26542 2311453 0 31399086
1922588366 12  P 7882 2034095 0 31449790
1933084007 11  P 6118 2011989 0 31616305
1933372413 13  P 6655 2014145 0 31616595
1938793041 6  P 8542 2045894 0 31719799
1946644152 1  P 52084 2947976 0 31840926
1948338973 8  P 14165 2080958 0 31868430
1952161146 3  P 14777 2186970 0 31930970
1963999369 5  P 40899 2638159 0 32127120
1964002816 7  P 9850 2094583 0 32132427
1964404828 4  P 28298 2408059 0 32136762
1971057140 12  P 7950 2084871 0 32243899
1971839657 9  P 27334 2377423 0 32250282
1973514748 2  P 26330 2399451 0 32274081
1979859523 10  P 9165 2061904 0 32385873
1989796188 5  P 42088 2687385 0 32549762
1992862596 7  P 10008 2127211 0 32605251
1994620779 9  P 27396 2401440 0 32623527
1997521481 11  P 6158 2078344 0 32672040
2002715442 6  P 8582 2111698 0 32767083
2002754015 1  P 54205 3046311 0 32760219
2003848681 3  P 15048 2244044 0 32777805
2004945715 2  P 27488 2453834 0 32789031
2008936060 4  P 28780 2461295 0 32866333
2012244610 12  P 7997 2127456 0 32918708
2021906393 10  P 9349 2108375 0 33074762
2025653634 13  P 6696 2109213 0 33128506
2030776475 8  P 14314 2168223 0 33219079
2044698324 8  P 14505 2186127 0 33447171
2060055159 2  P 27889 2514939 0 33691935
2063103993 12  P 8029 2179687 0 33751983
2073875156 10  P 9424 2162831 0 33926197
2074468162 5  P 43709 2803274 0 33937010
2075050699 7  P 10361 2216290 0 33951797
2076574276 6  P 8663 2188667 0 33977159
2079081739 1  P 56604 3171735 0 34010760
2085365236 11  P 6520 2168419 0 34111263
2086536210 3  P 15290 2332204 0 34132539
2088826797 4  P 29304 2551033 0 34175225
2093247410 13  P 7055 2178792 0 34235924
2098636440 9  P 28897 2533258 0 34327701
2113586344 2  P 29205 2591480 0 34568970
2117197730 12  P 8084 2235412 0 34638249
2119685354 13  P 7095 2206075 0 34669080
2120144178 1  P 57710 3234530 0 34683520
2132885835 8  P 14587 2277375 0 34892025
2138639964 5  P 45482 2902125 0 34988376
2138734576 10  P 9472 2229237 0 34988825
2142379905 3  P 15333 2389462 0 35047464
2142956366 7  P 10966 2290635 0 35064346
2146303536 11  P 6567 2231491 0 35109666
2146545480 4  P 29774 2617999 0 35120870
2147251754 9  P 29735 2596669 0 35124200
2161121103 6  P 9193 2279043 0 35362320
2165989282 3  P 15589 2417204 0 35434272
2174281430 10  P 9829 2272644 0 35571219
2183105326 8  P 14737 2331461 0 35714813
2184987933 1  P 59371 3331837 0 35745912
2197177733 11  P 7106 2286753 0 35943179
2200686836 5  P 46749 2988368 0 36004937
2201573946 9  P 30017 2655369 0 36014205
2202034498 7  P 11210 2354393 0 36032260
2206090469 6  P 9248 2325571 0 36099083
2209122429 13  P 7279 2301137 0 36134411
2210089867 4  P 30342 2692236 0 36161954
2212635288 12  P 8268 2336457 0 36201887
2221273893 2  P 31800 2744847 0 36333243
2224089449 8  P 14866 2375619 0 36386288
2226020513 3  P 15879 2483411 0 36417814
2239073289 12  P 8343 2364540 0 36635046
2248277394 6  P 9342 2370204 0 36790269
2248968952 10  P 9883 2350005 0 36794857
2252956686 1  P 61354 3439869 0 36859495
2259503241 7  P 11502 2418111 0 36973809
2268167703 9  P 30723 2734011 0 37105256
2270233717 5  P 48852 3100150 0 37144359
2278779845 4  P 31181 2770193 0 37287345
2280602003 2  P 32393 2812907 0 37305256
2281724592 11  P 7210 2375398 0 37328392
2282013015 13  P 7396 2381001 0 37328644
2296942413 3  P 16272 2562772 0 37579789
2298264975 5  P 49567 3141724 0 37603616
2302994679 12  P 8383 2430364 0 37682331
2315386761 6  P 9694 2439014 0 37889768
2325711376 2  P 33331 2875089 0 38044318
2326693358 11  P 7243 2421816 0 38065160
2326981806 13  P 7476 2427926 0 38065408
2328300492 1  P 63219 3554088 0 38093910
2337296034 4  P 31344 2833312 0 38246020
2338526502 8  P 15088 2496652 0 38261214
2338656450 10  P 9951 2442760 0 38264277
2339940784 7  P 11901 2507395 0 38291674
2340542730 9  P 31454 2818132 0 38291014
2346183622 6  P 9763 2471421 0 38394306
2354402051 9  P 31640 2835413 0 38518085
2367895518 3  P 16939 2647471 0 38742254
2376854039 12  P 8423 2506534 0 38892439
2382388487 13  P 7940 2486926 0 38973182
2383344348 10  P 10021 2488945 0 38996428
2384769172 1  P 65083 3648495 0 39019083
2385815728 7  P 12079 2558087 0 39043265
2391448375 8  P 15137 2551231 0 39128276
2394555113 2  P 35312 2979372 0 39172230
2395733698 5  P 52288 3293004 0 39200509
2399482970 4  P 32454 2919486 0 39264850
