243486354 7  P 1982 237008 0 3943921
245591071 4  P 2813 259152 0 3976453
246052641 11  P 2348 241076 0 3976435
246072090 8  P 5663 248831 0 3978752
250384425 12  P 2588 244285 0 4052694
251259110 9  P 5166 267111 0 4060640
255718079 10  P 4740 253768 0 4137957
259479707 6  P 3580 263923 0 4206553
259955455 1  P 2621 278601 0 4206610
260387165 13  P 2999 255374 0 4206585
262310698 5  P 3762 287658 0 4247253
262456828 3  P 2792 275429 0 4247292
262695030 2  P 1953 259470 0 4244499
264067511 11  P 2531 262954 0 4271575
264350706 2  P 1987 261487 0 4271625
264355895 13  P 3152 262090 0 4271605
267673857 7  P 2477 264216 0 4340190
268453180 10  P 4987 270904 0 4346596
269447097 8  P 6018 278823 0 4361708
270245346 6  P 4150 278556 0 4382922
272705386 1  P 4084 320278 0 4415493
272821915 12  P 2954 273824 0 4420306
273216287 4  P 5065 330131 0 4429035
275979090 9  P 6935 311729 0 4465636
279675509 3  P 3114 297055 0 4529391
281264329 5  P 4769 321553 0 4557761
285210078 2  P 2042 282967 0 4613372
286014413 5  P 4883 328250 0 4635575
286206892 3  P 3815 316435 0 4636394
287893064 7  P 3069 289485 0 4671449
288269305 1  P 5337 361217 0 4670486
288495001 9  P 7373 324458 0 4670693
288543407 13  P 3192 286915 0 4667890
288786258 11  P 2700 290941 0 4676562
289666196 12  P 3102 293497 0 4696277
290606849 4  P 5953 364547 0 4713949
293494648 8  P 6498 305858 0 4755689
293780584 10  P 5106 297798 0 4761547
300917132 6  P 5976 341206 0 4885418
307449634 13  P 3289 307622 0 4977627
308757490 2  P 2252 310894 0 4999147
309650201 8  P 6755 325650 0 5020372
310221011 1  P 6893 422416 0 5030127
310238132 3  P 5840 375120 0 5030110
311138021 4  P 6249 391227 0 5050314
312314477 7  P 3109 314251 0 5071551
312896307 11  P 3686 321643 0 5071566
313354805 6  P 7513 370867 0 5089190
316124421 10  P 5729 325341 0 5127616
318076176 5  P 5872 372892 0 5160845
320728923 9  P 8943 381749 0 5198795
322259437 12  P 3137 325868 0 5230280
325557917 6  P 7636 384703 0 5289119
325611393 7  P 3249 329485 0 5289400
328858762 10  P 6364 343109 0 5336251
330540655 12  P 3214 335110 0 5365955
333913201 2  P 2285 336224 0 5411294
333918387 13  P 3469 337409 0 5411280
336044959 5  P 6724 400158 0 5455233
338222381 3  P 6603 414252 0 5488592
340518369 1  P 8980 495441 0 5526502
340556514 8  P 8147 370032 0 5526725
341536287 11  P 5022 357402 0 5540793
342339471 9  P 10137 423491 0 5552838
342872331 4  P 7995 458130 0 5570210
346192483 11  P 5159 364240 0 5617077
347763080 4  P 8180 466879 0 5650335
347845704 7  P 3868 362364 0 5653658
349651376 9  P 10137 430616 0 5672625
350249442 10  P 7195 366548 0 5686702
351003633 3  P 7258 436592 0 5697992
351100740 2  P 2457 357313 0 5692885
351904437 5  P 8017 441962 0 5715050
353306274 12  P 4070 360228 0 5738939
360370490 6  P 9032 440921 0 5859455
361824663 13  P 4659 368788 0 5868487
362166738 8  P 9597 404101 0 5880772
362893292 1  P 10791 553839 0 5893074
363230812 6  P 9032 443903 0 5906313
365916701 8  P 9597 407947 0 5942205
366847584 3  P 8879 483224 0 5957568
368902883 13  P 4740 376784 0 5984452
370720732 7  P 4129 389845 0 6028419
372002683 1  P 11356 574617 0 6042318
372967427 5  P 11130 523561 0 6060115
373506999 2  P 2496 380892 0 6059975
373513092 4  P 9087 513259 0 6072172
375911331 11  P 5249 394857 0 6103981
378229489 9  P 11039 468554 0 6140829
381140004 10  P 8111 401709 0 6192787
381212647 12  P 4761 400979 0 6196139
383186079 5  P 11320 537057 0 6227534
385127042 7  P 4176 404368 0 6264431
385489356 11  P 5867 410359 0 6260900
387566146 3  P 9380 515735 0 6297010
387643295 1  P 12622 619156 0 6298563
388290789 12  P 5077 407688 0 6312100
389835093 2  P 2686 400815 0 6327483
392375167 10  P 8518 419850 0 6376846
392464966 6  P 9756 477600 0 6385247
393260692 9  P 11955 494853 0 6387087
393572736 8  P 11381 461512 0 6395293
397965349 13  P 5569 407887 0 6460599
402747741 4  P 10592 568296 0 6551108
404591468 4  P 10634 570269 0 6581316
404666890 9  P 13219 521306 0 6573962
407838360 8  P 12199 478734 0 6629009
409283362 7  P 6111 453356 0 6660182
409962687 12  P 6395 447861 0 6667158
410647607 2  P 4391 456444 0 6668450
414495399 6  P 9818 500562 0 6746159
414873474 5  P 12624 586051 0 6746667
418347789 3  P 11434 580953 0 6801300
418356054 13  P 6387 430600 0 6794666
419346408 1  P 15903 722983 0 6817961
422520690 11  P 6843 453206 0 6867593
423124451 10  P 9778 459303 0 6880600
423971681 7  P 7706 494352 0 6900823
424604114 12  P 6496 463905 0 6907039
426370061 9  P 13950 555822 0 6929523
427520382 3  P 11504 591484 0 6951575
431121692 13  P 6736 443312 0 7003809
433826613 5  P 12840 609238 0 7057163
433854763 6  P 9899 520309 0 7063316
433904102 4  P 13452 660015 0 7061529
435010157 8  P 13618 536037 0 7074166
435364469 11  P 7170 472454 0 7078020
439350728 2  P 4632 489858 0 7138691
440550046 1  P 18159 793244 0 7165344
441905656 10  P 9860 478062 0 7188285
446418540 13  P 7431 459193 0 7254422
446658914 1  P 18375 803532 0 7265429
448239459 11  P 7569 486050 0 7288953
448776764 8  P 14640 563207 0 7299705
448901362 9  P 14738 586654 0 7298657
449707173 3  P 11608 614341 0 7315071
452377406 7  P 10898 569269 0 7366186
453201592 5  P 12946 630134 0 7374584
457120380 6  P 9899 544263 0 7444486
457935469 4  P 15394 718840 0 7455226
459756974 2  P 4758 515855 0 7473011
462062404 10  P 10756 507665 0 7518503
462478371 12  P 8224 515850 0 7527551
465610143 10  P 10756 511375 0 7576621
466933336 6  P 10011 556274 0 7605247
468948261 9  P 16559 633877 0 7627085
469790847 12  P 9001 525820 0 7647353
473127669 1  P 20217 874590 0 7699069
473315343 8  P 15666 596959 0 7701714
475389831 5  P 13333 659629 0 7738090
478107269 4  P 16090 759532 0 7785709
478565067 7  P 78849 641159 0 7795213
479754224 3  P 12769 664912 0 7807334
480293546 13  P 9176 499909 0 7809404
480913216 2  P 4807 537819 0 7819615
483380055 11  P 9404 529835 0 7864672
488526337 9  P 17304 653184 0 7947839
489325873 4  P 16482 776349 0 7969506
493002683 1  P 23235 954962 0 8024681
493606142 13  P 9498 519388 0 8027510
493884991 12  P 10676 556247 0 8042091
493893195 7  P 79692 667460 0 8046333
498607859 5  P 13472 684853 0 8118473
499745777 6  P 12941 630607 0 8142802
499861483 3  P 80546 724175 0 8136756
500819476 2  P 5434 567094 0 8145737
500896618 11  P 9911 550366 0 8151659
502609785 8  P 17866 653385 0 8181641
503031176 10  P 12132 553779 0 8189683
503604589 9  P 17500 674891 0 8194862
505569511 2  P 5783 577588 0 8223558
506323295 8  P 18270 664423 0 8242476
506469487 10  P 12132 556932 0 8246006
510986893 7  P 80844 696905 0 8326374
511581210 1  P 25275 1017560 0 8329054
512965859 13  P 10288 541300 0 8344678
515261293 6  P 14639 670232 0 8396995
520029042 4  P 16523 807376 0 8472513
520092213 5  P 13881 707678 0 8470443
521191722 3  P 83194 791963 0 8486213
522271144 11  P 10649 572156 0 8501842
523119369 12  P 11380 591768 0 8521057
523912397 11  P 10649 573729 0 8528731
525888475 4  P 16523 813464 0 8568507
525925928 3  P 83258 797129 0 8563775
526714667 6  P 15355 701879 0 8584617
527621022 9  P 18582 714249 0 8588327
528947635 8  P 19845 723688 0 8613124
529181834 12  P 11554 600355 0 8620384
532059563 13  P 10568 564272 0 8657499
535596373 7  P 80978 727863 0 8729544
535909354 1  P 28061 1097375 0 8727629
540335197 2  P 7471 648424 0 8793109
540531255 10  P 13932 614166 0 8804020
542982848 5  P 14017 732831 0 8845464
543284692 7  P 81074 735911 0 8855498
543369474 8  P 21496 757126 0 8849392
543778991 4  P 16604 832378 0 8861612
544691550 3  P 84886 849578 0 8871219
546463839 9  P 19612 746460 0 8897027
546707216 1  P 29054 1133578 0 8904535
548076745 5  P 14585 748736 0 8928917
549041242 12  P 11872 625337 0 8945746
551903363 13  P 10925 590165 0 8982601
554396204 11  P 11543 608728 0 9028156
554757172 2  P 8407 689777 0 9029380
558339549 6  P 18048 784660 0 9102718
561656203 10  P 14930 634679 0 9150102
563482995 5  P 16726 802306 0 9181305
564916213 12  P 12424 648585 0 9205835
566393063 7  P 81656 762253 0 9234081
569279143 13  P 11584 612392 0 9267277
570890581 10  P 15035 645204 0 9301385
574463282 8  P 23069 813418 0 9358799
575380607 11  P 12996 632356 0 9371950
575948254 9  P 21236 802082 0 9380065
577793087 6  P 18552 816980 0 9421418
578022800 2  P 9187 725626 0 9410549
578768743 1  P 31294 1211675 0 9429815
580644802 3  P 88194 939842 0 9460250
582044629 4  P 16807 874700 0 9488506
586710301 2  P 9187 734763 0 9552881
587721310 7  P 81696 783954 0 9583510
587872863 4  P 16807 880702 0 9583984
590873588 5  P 20172 889010 0 9630032
591910294 3  P 89549 975795 0 9644817
593124883 10  P 15744 680111 0 9665648
594333668 11  P 13619 655707 0 9682464
597229808 12  P 12989 686364 0 9735243
597536800 13  P 12425 648535 0 9730235
597948302 9  P 23030 854378 0 9740491
599855856 6  P 18667 840769 0 9782865
601854009 8  P 23579 845387 0 9807546
602534393 1  P 33302 1275526 0 9819174
605908389 5  P 21302 924103 0 9876346
606010860 12  P 13064 695908 0 9879110
606057692 9  P 23391 869224 0 9873346
606791434 8  P 23691 851845 0 9888433
607143195 7  P 82080 804442 0 9901702
607922502 10  P 16381 701416 0 9908082
610542606 6  P 18741 851715 0 9957942
611293975 13  P 12880 664452 0 9955623
613130657 11  P 14010 675225 0 9990426
614223654 3  P 90302 1010946 0 10010367
618913932 1  P 35439 1334328 0 10087514
621841944 4  P 17387 924635 0 10140485
622804670 2  P 10530 796842 0 10144211
624918679 6  P 19100 867461 0 10193457
625026032 12  P 13831 717346 0 10190643
625030216 5  P 22790 974028 0 10189613
625398590 2  P 11252 812287 0 10186706
627047327 8  P 24099 873056 0 10220282
628346713 7  P 82783 832399 0 10249064
629776807 9  P 24292 902937 0 10261927
632331633 1  P 36809 1374488 0 10307338
638687905 10  P 17293 745388 0 10412102
639115455 11  P 14809 703201 0 10416134
642138796 4  P 18036 950366 0 10473003
642332990 3  P 91049 1055357 0 10470873
643622594 13  P 13598 701660 0 10485259
643796137 5  P 23782 1004514 0 10497054
644474749 11  P 15130 708689 0 10503939
644742140 2  P 12926 863762 0 10503619
645463646 8  P 25889 923263 0 10521990
646441024 1  P 38337 1420275 0 10538492
646828442 10  P 17792 756472 0 10545470
647411604 3  P 91103 1060867 0 10554077
648643414 7  P 83284 854825 0 10581585
649746241 6  P 20880 930887 0 10600198
654651818 9  P 25051 934247 0 10669458
655373145 4  P 18908 980079 0 10689825
660919402 13  P 13945 718504 0 10768634
663432358 12  P 14696 764139 0 10819869
663526771 9  P 25553 946322 0 10814861
663691562 6  P 21765 963332 0 10828657
663807281 12  P 14696 764650 0 10826011
664987265 7  P 83401 876139 0 10849339
665827388 5  P 24186 1027713 0 10857987
666031581 10  P 18045 783307 0 10860068
671342000 13  P 14389 735807 0 10939390
674248559 4  P 19576 1010562 0 10999046
674432550 8  P 28913 990770 0 10996592
675395675 3  P 93334 1135745 0 11012535
677210904 2  P 14036 922479 0 11035560
680787363 11  P 16505 751526 0 11098864
682550475 1  P 42288 1534991 0 11130090
683659874 1  P 42463 1539439 0 11148265
686574634 6  P 23006 1009578 0 11203531
688026684 8  P 29473 1010185 0 11219294
689435061 13  P 14844 755945 0 11235812
689440456 7  P 84652 923555 0 11249945
690187844 10  P 18989 810724 0 11255814
691383609 2  P 14700 952733 0 11267733
700099794 11  P 17422 776907 0 11415265
700572819 12  P 16404 820828 0 11428358
700670986 4  P 21002 1066714 0 11431913
701489284 3  P 94276 1178579 0 11440031
701898307 9  P 28486 1026994 0 11443489
703140395 5  P 25897 1097377 0 11469276
706404795 4  P 21177 1076143 0 11525850
707750297 10  P 19093 829214 0 11543540
708445402 2  P 15105 975151 0 11547250
710686846 5  P 25930 1105558 0 11592911
711324067 9  P 28667 1039899 0 11597914
713573041 1  P 46427 1653085 0 11638334
714846794 7  P 85844 970433 0 11666163
715450434 6  P 24335 1061702 0 11676607
715526603 8  P 30557 1051942 0 11669831
716278812 13  P 16332 786029 0 11675604
716430810 3  P 95685 1223848 0 11684826
719256089 11  P 17811 796049 0 11729104
720041670 12  P 17259 856319 0 11747323
724263162 13  P 16445 796199 0 11806412
725008192 2  P 15835 1005480 0 11818590
727425458 1  P 48041 1703275 0 11865277
729143907 7  P 87078 1006662 0 11900377
729156474 10  P 19884 858743 0 11894244
729333143 3  P 96030 1243003 0 11896209
735619781 12  P 17705 874645 0 12002548
737068452 11  P 18962 822759 0 12020928
737121783 6  P 25975 1120977 0 12031641
738889952 5  P 25992 1134908 0 12054964
740074048 9  P 30213 1096142 0 12068927
740620490 8  P 32969 1125991 0 12080939
740623753 4  P 23369 1155833 0 12086450
743464096 8  P 33145 1132599 0 12127526
743791618 12  P 17737 883200 0 12136428
748075606 13  P 17286 835708 0 12196540
748171271 5  P 26820 1160835 0 12207015
750835496 3  P 97031 1284036 0 12248489
751862994 1  P 50071 1767832 0 12265646
752824008 9  P 30511 1114213 0 12277813
758347104 7  P 88885 1078598 0 12378803
758773992 2  P 16970 1060391 0 12371789
759244839 10  P 21365 909566 0 12387173
760701717 4  P 24173 1189597 0 12415387
760793543 6  P 26807 1160882 0 12419456
763474806 11  P 19470 852394 0 12453535
765778759 13  P 17667 853893 0 12486574
766523936 2  P 17561 1079673 0 12498738
768656602 10  P 22138 927477 0 12541365
768718145 5  P 28491 1205860 0 12543630
770847312 1  P 52235 1832204 0 12576665
771349737 11  P 19502 859932 0 12582546
773184146 6  P 27235 1179307 0 12622440
774268887 7  P 89218 1099075 0 12639646
775182850 8  P 34201 1171215 0 12647174
777010437 12  P 20055 949649 0 12680674
777904831 4  P 25120 1224066 0 12697219
778433310 9  P 31936 1148048 0 12697372
781051855 3  P 98830 1352406 0 12743518
783948948 9  P 32336 1154221 0 12787734
785067401 3  P 99234 1363987 0 12809308
785800098 7  P 89591 1111344 0 12828562
786981049 6  P 27697 1201822 0 12848477
788406566 10  P 24187 981400 0 12864906
789822841 12  P 20580 965431 0 12890586
791670536 4  P 25520 1249580 0 12922739
792976944 2  P 18645 1123704 0 12932132
793662177 11  P 20779 896157 0 12948094
797090722 8  P 35077 1197834 0 13006096
800128564 1  P 55493 1938240 0 13056383
802608676 5  P 29950 1268908 0 13098853
803685085 13  P 18877 899869 0 13107599
808528846 13  P 19234 904944 0 13186953
810583398 3  P 100828 1418847 0 13227340
812008410 2  P 19303 1155573 0 13243923
814672487 10  P 25262 1017712 0 13295210
816546312 5  P 31167 1306857 0 13327183
816856471 6  P 28125 1238695 0 13337922
818081503 7  P 92084 1190032 0 13357420
819578830 4  P 27428 1316494 0 13379944
821073488 8  P 35914 1235297 0 13399012
821237894 1  P 57693 2002941 0 13402221
821620954 9  P 34329 1217908 0 13404926
821855256 12  P 21088 1006761 0 13415389
823537974 11  P 21745 932870 0 13437563
824698961 9  P 34917 1232445 0 13455356
824852023 2  P 20217 1186974 0 13454334
825920773 10  P 25408 1034345 0 13479481
828168393 6  P 28172 1250923 0 13523233
828590017 8  P 36232 1242660 0 13522154
829802160 3  P 101392 1447750 0 13542190
831292057 12  P 21192 1018428 0 13569992
833655004 4  P 28993 1360370 0 13610553
835062672 5  P 32795 1346275 0 13630533
835300228 7  P 93524 1231484 0 13639506
835575651 13  P 20606 938521 0 13630071
839831662 1  P 59691 2066056 0 13706844
841412267 11  P 22302 953694 0 13730389
844761471 9  P 35152 1255325 0 13784046
845654360 1  P 60034 2079232 0 13802241
846779835 4  P 29544 1382292 0 13825573
849870227 12  P 21373 1040079 0 13874357
850182924 8  P 37039 1266166 0 13875919
853269018 7  P 95793 1281021 0 13933894
853523840 2  P 20724 1224996 0 13924063
853802311 3  P 101954 1484206 0 13935398
854450731 13  P 20786 959801 0 13939306
855709109 11  P 22620 967672 0 13964616
859781931 10  P 28239 1108647 0 14034229
860436984 5  P 33791 1382618 0 14046206
860606091 6  P 28312 1284997 0 14054649
865987757 7  P 96897 1308170 0 14142265
867724015 3  P 103908 1536995 0 14163480
867932735 12  P 21849 1061273 0 14170285
868043373 6  P 28803 1295518 0 14176497
869136489 9  P 35699 1283508 0 14183385
869185104 13  P 20924 976691 0 14180707
869836433 2  P 20724 1241687 0 14191313
869938185 10  P 28585 1118020 0 14200614
869952543 5  P 34200 1399114 0 14202092
874697875 11  P 23206 990997 0 14275707
877748603 4  P 29798 1417550 0 14332927
879526644 8  P 38807 1315940 0 14356659
882769157 1  P 62355 2174051 0 14410293
886231002 6  P 30833 1345228 0 14474462
886445698 2  P 20846 1259498 0 14463432
887151548 8  P 39287 1326106 0 14481579
887487701 7  P 97584 1335970 0 14494497
888307651 12  P 22486 1085697 0 14504097
889316025 1  P 62527 2184022 0 14517557
889782012 10  P 29347 1144846 0 14525720
892201123 13  P 21525 1004012 0 14557780
893866591 11  P 23634 1011220 0 14589746
895460515 9  P 37867 1337282 0 14614652
898094228 5  P 35051 1438374 0 14663133
901314061 4  P 31213 1474912 0 14718992
901770914 3  P 105436 1599073 0 14721267
904198453 8  P 39390 1343040 0 14760864
905935485 13  P 22041 1021507 0 14782796
906442246 7  P 98093 1357994 0 14805024
907229555 12  P 23748 1109752 0 14814109
910039674 2  P 22727 1317368 0 14849980
913140112 5  P 36120 1466391 0 14909631
913784749 1  P 65909 2269165 0 14918438
914240850 11  P 24384 1032824 0 14923545
916514766 4  P 31853 1501166 0 14968021
918485103 10  P 30201 1173985 0 14995954
921028138 9  P 38693 1372269 0 15033527
922887347 6  P 33974 1439569 0 15075008
924318316 3  P 105558 1623738 0 15090669
925309163 6  P 33974 1442139 0 15114684
925799946 4  P 32995 1533417 0 15120138
927075510 8  P 41054 1396641 0 15135658
928648840 2  P 23562 1351248 0 15154862
929057680 12  P 24147 1137415 0 15171732
932956499 7  P 98490 1391277 0 15239394
935860129 10  P 30350 1193030 0 15280601
938100253 11  P 25806 1072750 0 15314445
939931321 5  P 37225 1507955 0 15348549
940612913 1  P 68479 2351009 0 15357974
940779292 13  P 23188 1058573 0 15353656
940934263 9  P 39275 1396074 0 15359653
943505256 3  P 106256 1654414 0 15405022
946357304 13  P 23631 1066196 0 15445042
946922587 10  P 30848 1206964 0 15461831
947213953 12  P 24519 1161904 0 15469197
947800280 7  P 98490 1406041 0 15482588
949911688 3  P 106360 1663251 0 15509979
950031529 5  P 37803 1530270 0 15514003
951959647 11  P 26238 1087936 0 15541510
953545458 4  P 35072 1599282 0 15574685
953817911 6  P 35775 1492795 0 15581735
954589720 9  P 40229 1421824 0 15583373
959572440 8  P 42840 1458928 0 15668047
961086809 2  P 23637 1384978 0 15686309
961956689 1  P 70656 2415606 0 15707655
964608656 5  P 38873 1562066 0 15752819
965760870 12  P 25383 1183638 0 15773051
966227060 2  P 23637 1390253 0 15770523
970659611 7  P 98998 1431358 0 15857088
972519156 1  P 71444 2441108 0 15880708
976188222 10  P 31258 1241290 0 15941279
976527211 9  P 41896 1476562 0 15942782
978669925 13  P 24173 1101068 0 15974434
979076892 4  P 37749 1681269 0 15992962
979334556 11  P 27219 1120655 0 15990003
982590350 6  P 36273 1524989 0 16053105
982839122 8  P 42984 1483024 0 16049233
983489768 3  P 107613 1724239 0 16060088
983905634 5  P 40456 1611279 0 16068951
985776635 8  P 43303 1485589 0 16097358
986279182 13  P 24534 1108775 0 16099098
986558488 9  P 42759 1496687 0 16107127
994656978 10  P 33283 1283823 0 16243857
994742587 2  P 23803 1420778 0 16237713
994984589 12  P 26738 1225704 0 16251826
994998712 4  P 38129 1706733 0 16253789
995425404 1  P 73220 2506780 0 16255993
997341333 6  P 37483 1559354 0 16294764
997820552 7  P 100644 1477997 0 16302065
1000302148 3  P 109139 1768445 0 16335525
1001725236 11  P 27804 1147771 0 16356832
1005617573 2  P 23873 1432673 0 16415874
1006168517 6  P 38015 1581810 0 16439381
1006691248 7  P 100644 1487011 0 16447399
1007006436 11  P 28151 1160038 0 16443358
1012280653 5  P 41163 1652472 0 16533810
1012989780 3  P 109887 1797168 0 16543384
1013167272 8  P 43718 1512972 0 16546086
1013949079 9  P 43493 1524383 0 16555868
1014406931 10  P 34177 1313486 0 16567417
1015245221 12  P 27373 1250695 0 16583764
1015967497 4  P 39176 1750030 0 16597322
1018097253 1  P 75806 2583320 0 16627419
1021857354 13  P 25838 1149555 0 16681994
1023066121 7  P 101331 1510016 0 16715682
1025351954 2  P 23930 1453261 0 16739182
1025387261 6  P 38860 1613171 0 16754245
1028605324 9  P 43532 1539172 0 16795991
1030426170 1  P 76880 2616206 0 16829408
1031178309 11  P 28940 1185346 0 16839378
1031354781 8  P 44369 1535680 0 16844052
1031902295 12  P 27497 1268852 0 16856668
1033485787 10  P 35015 1347537 0 16879994
1035811815 5  P 41920 1692396 0 16919317
1038099197 3  P 112046 1861451 0 16954751
1039796586 4  P 40893 1809714 0 16987673
1042217667 13  P 26330 1172868 0 17015566
1044023838 2  P 24055 1474429 0 17045090
1044039828 12  P 28468 1298959 0 17055526
1045591770 13  P 26330 1176197 0 17070842
1051331657 1  P 78767 2679004 0 17171909
1051441902 7  P 101492 1541138 0 17180556
1051839748 9  P 44160 1567405 0 17176631
1052906986 10  P 37375 1398430 0 17198166
1057669054 6  P 40768 1676553 0 17283117
1058468223 5  P 44270 1764227 0 17290480
1061443005 3  P 113802 1919875 0 17337185
1061631403 11  P 30234 1221851 0 17338300
1061751012 8  P 45347 1572023 0 17342028
1062576845 4  P 42140 1855363 0 17360880
1063792624 6  P 41388 1694628 0 17383444
1066313271 10  P 38342 1423179 0 17417805
1069178333 11  P 30309 1230282 0 17461945
1069482398 13  P 27143 1202292 0 17462249
1070245345 8  P 45781 1581556 0 17481194
1072784905 7  P 101978 1565177 0 17530213
1074483873 5  P 44599 1786024 0 17552862
1075536607 3  P 115093 1954715 0 17568081
1076196292 2  P 24109 1507573 0 17572175
1078073277 12  P 29290 1341260 0 17613120
1080987898 1  P 82239 2791103 0 17657776
1082796701 9  P 46020 1614982 0 17683799
1083342519 4  P 43236 1901206 0 17701055
1083794808 13  P 27648 1219905 0 17696738
1084061857 5  P 45281 1801764 0 17709774
1085017214 10  P 39358 1457033 0 17724233
1087898872 2  P 24220 1521272 0 17763902
1089542087 12  P 29351 1353642 0 17801016
1090042314 8  P 45989 1604747 0 17805525
1093036564 3  P 116843 2005419 0 17854784
1094280065 4  P 43646 1923620 0 17880237
1095459577 11  P 31183 1260373 0 17892512
1097706661 1  P 83760 2838491 0 17931683
1097934221 6  P 44539 1790314 0 17942768
1100300725 7  P 103271 1617048 0 17981009
1103120923 9  P 47071 1650061 0 18016778
1105277114 9  P 47078 1656206 0 18052104
1105789465 2  P 24359 1542254 0 18057005
1106550392 1  P 84978 2871371 0 18076569
1108639217 4  P 44235 1948314 0 18115483
1108660019 7  P 103271 1625450 0 18117956
1109965359 6  P 44864 1808699 0 18139874
1113927169 3  P 118270 2060864 0 18197043
1115513650 13  P 28737 1260190 0 18216389
1117437002 5  P 46068 1842843 0 18256549
1119475176 11  P 32082 1288291 0 18285956
1119588977 12  P 30211 1385911 0 18293280
1121307920 8  P 47665 1656172 0 18317755
1121828866 10  P 41565 1518880 0 18327318
1126404835 4  P 44422 1969976 0 18406535
1127183507 9  P 47986 1682170 0 18411004
1127185461 13  P 29231 1274571 0 18407612
1128084606 11  P 32399 1296120 0 18427005
1128535031 7  P 104733 1677167 0 18443567
1129735139 10  P 41565 1526538 0 18456843
1132499356 5  P 47109 1872385 0 18503321
1135885917 8  P 48681 1691047 0 18556585
1138211444 2  P 25099 1586915 0 18588171
1138457265 1  P 86453 2935547 0 18599315
1139043515 6  P 45705 1852175 0 18616255
1139458617 3  P 120769 2136554 0 18615334
1140151544 12  P 30708 1411874 0 18630163
1147623596 4  P 44506 1993021 0 18754166
1147935505 13  P 29704 1297385 0 18747569
1148686608 1  P 87411 2967803 0 18766908
1148777153 9  P 48995 1715983 0 18764778
1151770934 3  P 121469 2161331 0 18817050
1151992604 2  P 25179 1601319 0 18813949
1152113154 7  P 106256 1729393 0 18829848
1153558580 12  P 31057 1425411 0 18849816
1155030545 5  P 47503 1895946 0 18872455
1155625788 10  P 43116 1569984 0 18881014
1157996712 6  P 46002 1876572 0 18926763
1158292277 8  P 49357 1726262 0 18923658
1160147132 11  P 34042 1339833 0 18952297
1164522082 11  P 34438 1345139 0 19023972
1165686913 5  P 48700 1933254 0 19047012
1165956800 7  P 107117 1759906 0 19056651
1167206710 1  P 88599 3009923 0 19070325
1167469551 10  P 43486 1582424 0 19075050
1167779857 4  P 44700 2017045 0 19084384
1172480328 9  P 50856 1760664 0 19153106
1173731122 6  P 46307 1897543 0 19184531
1175013639 13  P 30805 1331578 0 19191200
1175323339 12  P 31891 1448707 0 19206392
1175761007 8  P 49735 1743965 0 19209846
1178258214 2  P 26680 1656523 0 19244258
1181646909 3  P 123534 2232039 0 19306513
1184473070 7  P 107557 1780735 0 19360009
1185850184 11  P 34960 1369272 0 19373401
1186682668 12  P 32059 1463146 0 19392497
1187261523 9  P 52438 1793822 0 19395273
1188121651 6  P 46448 1912591 0 19420283
1193284776 1  P 90521 3073666 0 19497580
1194604724 8  P 51418 1769119 0 19518568
1196985063 10  P 44008 1618769 0 19558601
1198967348 4  P 44790 2049839 0 19595330
1199436885 5  P 51401 2026632 0 19599895
1199586351 2  P 28411 1709465 0 19593677
1199997973 13  P 31157 1361922 0 19600522
1203253728 7  P 108137 1813854 0 19667696
1204286578 3  P 124885 2282191 0 19677425
1206355915 6  P 47266 1938273 0 19719015
1210964134 8  P 51804 1791856 0 19786581
1212373597 4  P 44845 2064140 0 19814957
1212792915 9  P 53579 1827595 0 19813560
1216781971 10  P 45452 1646607 0 19882926
1217948400 12  P 32653 1497035 0 19904733
1220155073 13  P 31931 1383818 0 19930762
1221472323 1  P 93882 3173813 0 19959373
1223053369 11  P 36007 1413145 0 19982903
1223081110 5  P 52636 2073703 0 19987245
1223180170 2  P 29344 1749358 0 19980201
1223516352 10  P 45452 1652922 0 19993253
1223630387 3  P 127179 2344140 0 19994331
1225449076 9  P 54055 1842957 0 20020907
1226292090 12  P 33360 1505563 0 20041430
1226958534 3  P 127487 2352611 0 20048858
1229638595 13  P 32712 1395368 0 20086134
1230295475 4  P 44908 2083209 0 20108569
1230324640 6  P 47299 1966418 0 20111676
1231886015 8  P 53892 1840965 0 20129341
1232062003 5  P 53048 2091053 0 20134367
1232066429 7  P 110347 1889456 0 20139726
1234334598 11  P 36111 1426339 0 20167719
1238032646 2  P 30337 1783629 0 20223523
1240282851 1  P 95305 3220947 0 20267550
1244107424 13  P 32825 1411240 0 20323184
1244355332 12  P 33822 1525318 0 20337373
1244992657 2  P 30985 1806365 0 20337555
1245956659 1  P 96260 3245574 0 20360507
1251578305 5  P 54657 2140617 0 20454092
1255409914 7  P 112099 1946944 0 20522160
1255904096 8  P 55419 1886722 0 20522833
1257168396 6  P 47410 1995238 0 20551451
1257203823 10  P 46106 1689980 0 20545129
1257288655 11  P 36882 1451037 0 20543771
1257433445 9  P 56864 1916811 0 20544916
1257755456 3  P 129881 2425706 0 20553411
1261607963 4  P 44996 2116968 0 20621558
1264652093 12  P 34764 1550180 0 20669899
1268263580 13  P 33551 1441121 0 20718946
1269155693 5  P 55144 2167455 0 20742045
1270826840 4  P 45030 2127156 0 20772587
1271981894 7  P 113892 1998071 0 20793655
1272745914 9  P 59049 1967225 0 20795790
1274667264 8  P 56330 1915225 0 20830230
1274972278 1  P 98215 3323737 0 20835885
1276965364 6  P 48208 2031859 0 20875770
1278509310 2  P 32499 1868465 0 20886657
1279053280 11  P 37809 1477312 0 20900345
1281096084 10  P 46943 1716953 0 20936537
1282021117 3  P 131503 2489650 0 20950954
1285407069 10  P 46943 1721326 0 21007161
1285886799 8  P 58169 1950140 0 21014036
1286910011 7  P 114288 2020072 0 21038221
1286989678 3  P 131745 2499718 0 21032357
1291340272 6  P 48803 2059884 0 21111265
1292023843 2  P 33423 1897882 0 21108068
1292905531 5  P 56408 2213080 0 21131126
1293108758 4  P 45151 2152077 0 21137618
1296610770 1  P 101331 3408105 0 21190376
1298622891 13  P 34863 1481337 0 21216324
1299839027 12  P 35661 1589119 0 21246375
1301605333 9  P 59779 1996486 0 21268595
1303522076 11  P 39099 1514537 0 21301220
1304117592 2  P 33865 1921595 0 21306199
1306452405 5  P 56511 2228838 0 21353055
1307651605 8  P 60688 2027595 0 21370609
1308675839 1  P 102419 3442148 0 21388044
1311685426 13  P 35017 1497434 0 21430327
1311949729 6  P 50446 2113875 0 21448905
1312287657 11  P 39417 1523130 0 21444830
1313688315 10  P 47243 1757454 0 21470479
1314074071 9  P 60268 2011951 0 21472871
1316061083 4  P 45358 2178826 0 21513648
1316385858 12  P 36394 1612614 0 21517463
1321474219 3  P 135541 2612718 0 21597324
1322191149 7  P 115258 2077480 0 21616241
1327139251 4  P 45425 2190752 0 21695147
1329698485 8  P 61555 2068304 0 21731813
1333358694 5  P 56701 2259826 0 21793855
1333826433 6  P 51023 2150422 0 21807319
1335298442 10  P 48033 1780823 0 21824514
1335747994 13  P 35722 1521541 0 21824550
1337394589 1  P 104716 3521148 0 21858551
1338773866 2  P 33989 1957769 0 21873983
1339105377 9  P 62391 2068875 0 21882962
1339106234 12  P 37587 1638795 0 21889699
1341097409 7  P 117215 2128535 0 21925989
1342615843 11  P 41114 1564984 0 21941696
1343717002 3  P 137977 2678244 0 21961725
1344510822 12  P 37594 1644315 0 21978243
1345091754 13  P 36072 1530702 0 21977637
1347133391 2  P 34377 1974058 0 22010935
1347214683 9  P 63044 2088804 0 22015814
1347769334 7  P 118175 2153496 0 22035295
1348813329 10  P 48040 1795277 0 22045926
1352732972 4  P 45465 2217044 0 22114454
1352840435 6  P 52305 2193033 0 22118823
1355218556 1  P 105920 3570228 0 22150558
1355733749 5  P 56936 2287509 0 22160417
1356201992 3  P 139819 2725336 0 22166267
1356511084 8  P 62225 2100582 0 22171080
1363429049 11  P 42195 1593662 0 22282681
1365495228 12  P 38310 1665650 0 22322043
1366898423 11  P 42195 1596803 0 22339521
1367222702 1  P 106633 3596551 0 22347232
1371711352 2  P 34900 2014561 0 22413596
1372279855 4  P 45583 2238946 0 22434696
1372324008 9  P 64367 2136420 0 22427183
1372864877 3  P 140670 2761318 0 22439262
1375442058 7  P 119751 2212110 0 22488664
1378388655 13  P 37035 1568420 0 22523154
1379408120 6  P 53586 2244391 0 22554084
1379796187 5  P 56984 2311464 0 22554630
1381828883 10  P 50586 1860384 0 22586819
1382452348 8  P 63287 2133151 0 22596069
1388168571 6  P 53920 2260983 0 22697599
1391339237 3  P 143620 2837270 0 22741930
1392889221 4  P 45623 2260201 0 22772347
1394318987 11  P 43996 1633692 0 22788748
1394773906 10  P 52588 1909852 0 22798883
1395764941 5  P 57117 2330330 0 22816238
1395993342 2  P 35009 2040187 0 22811416
1397432869 8  P 63968 2153939 0 22841489
1401294893 13  P 37666 1595870 0 22898414
1402706779 7  P 120530 2254062 0 22935347
1403245983 12  P 39597 1722128 0 22940525
1403495935 9  P 65788 2180861 0 22937867
1403613397 1  P 111632 3737093 0 22943409
1405770096 1  P 111632 3739172 0 22978744
1406624322 5  P 57278 2344288 0 22994132
1407057712 12  P 39597 1726225 0 23002974
1408715374 6  P 56343 2327421 0 23034211
1409013609 13  P 37983 1603579 0 23024876
1409164559 2  P 35656 2065035 0 23027200
1409456785 7  P 120757 2265576 0 23045939
1410921209 4  P 45793 2281939 0 23067757
1412464113 8  P 64071 2170206 0 23087748
1412881454 11  P 44765 1654124 0 23092863
1418730200 9  P 66118 2201056 0 23187452
1423517237 10  P 54348 1960566 0 23269789
1423896028 3  P 146618 2934085 0 23275300
1425932714 12  P 40375 1746441 0 23312211
1426443878 11  P 45415 1672540 0 23315054
1428019277 7  P 121131 2291755 0 23350056
1430548377 10  P 54523 1970418 0 23384973
1431444665 1  P 114141 3816702 0 23399374
1432344505 8  P 64983 2199447 0 23413444
1432527140 9  P 67484 2234144 0 23413491
1434262234 6  P 58980 2404946 0 23452741
1436006398 3  P 147928 2970819 0 23473704
1437561676 4  P 45940 2311653 0 23504213
1437602006 2  P 35710 2094777 0 23493103
1440718065 5  P 57311 2378670 0 23552667
1442482409 13  P 38867 1639841 0 23573213
1444574788 6  P 60137 2437093 0 23621690
1446763604 13  P 38867 1643984 0 23643351
1447402204 9  P 68531 2269175 0 23657197
1450858717 5  P 57460 2392199 0 23718800
1452914514 2  P 36192 2117712 0 23743966
1454136584 12  P 40890 1777516 0 23774293
1455485205 10  P 55224 2004983 0 23793508
1456404883 4  P 46088 2333873 0 23812921
1457589105 8  P 65259 2227896 0 23827037
1459271088 3  P 149117 3015145 0 23854861
1459631534 11  P 46384 1711525 0 23858785
1462738053 7  P 121251 2328890 0 23918862
1463519594 1  P 117036 3906937 0 23924868
1465878948 1  P 117458 3917604 0 23963522
1467020957 3  P 150210 3042682 0 23981831
1467365811 11  P 47162 1721124 0 23985499
1469195726 2  P 36237 2134680 0 24010705
1469972391 7  P 121284 2336294 0 24037376
1470792237 8  P 66356 2261274 0 24043349
1471529251 13  P 39800 1672313 0 24049093
1471620278 12  P 41352 1797436 0 24060739
1475982956 4  P 46456 2354176 0 24133672
1477436836 5  P 57557 2420599 0 24154218
1479949104 9  P 69568 2321293 0 24190428
1482293621 6  P 62603 2532516 0 24239635
1482547629 10  P 56528 2044778 0 24236872
1486391375 10  P 56528 2048882 0 24299848
1490088966 12  P 42171 1818720 0 24363325
1490311831 5  P 57711 2437115 0 24365140
1492286668 3  P 151770 3093939 0 24395771
1492324672 6  P 63857 2566819 0 24403971
1493492611 2  P 36817 2170746 0 24408759
1494144630 1  P 119032 3977527 0 24426612
1494214698 9  P 69998 2336115 0 24424139
1498198540 8  P 67737 2316503 0 24492335
1498569013 11  P 47202 1753215 0 24496704
1501113084 7  P 121460 2371138 0 24547563
1503123914 13  P 41018 1715042 0 24566721
1503154809 4  P 46489 2382385 0 24578838
1505284984 7  P 121593 2377857 0 24615910
1505406983 10  P 57347 2070955 0 24611382
1505809135 6  P 65010 2600321 0 24624883
1506279214 13  P 41087 1722618 0 24618416
1506373571 4  P 46529 2386096 0 24631573
1507019614 1  P 119771 4004443 0 24637548
1507990750 11  P 47605 1769498 0 24651064
1510401430 12  P 42602 1840551 0 24696117
1510724231 3  P 153291 3139118 0 24697834
1511042795 9  P 71428 2379052 0 24699835
1519226995 2  P 37014 2199393 0 24830368
1522343086 5  P 57885 2472574 0 24889905
1522464112 8  P 69009 2362937 0 24889881
1526005519 3  P 154364 3173371 0 24948194
1526995874 9  P 72415 2412137 0 24961197
1527182783 12  P 42979 1858139 0 24971053
1530865837 11  P 47913 1798296 0 25025838
1530956932 7  P 121890 2408417 0 25036512
1531894591 1  P 121397 4068791 0 25045090
1533983697 5  P 57982 2485903 0 25080612
1534385967 8  P 69789 2383446 0 25085201
1534953887 10  P 58154 2109116 0 25095455
1540664504 2  P 37551 2230364 0 25181577
1542263575 13  P 42426 1764193 0 25207967
1542481225 6  P 67063 2672121 0 25225676
1543061771 4  P 46612 2424746 0 25232626
1544156969 10  P 58323 2120812 0 25246231
1545102003 2  P 37838 2240214 0 25254271
1547201057 13  P 42426 1769076 0 25288862
1548756193 3  P 156460 3234577 0 25320916
1549902902 9  P 73932 2473995 0 25336480
1551691446 1  P 123201 4131282 0 25369424
1552153834 6  P 67896 2698877 0 25384136
1552218084 5  P 58228 2512556 0 25379324
1553160072 7  P 123150 2455024 0 25400279
1554749293 4  P 46773 2439835 0 25424100
1554803301 11  P 48564 1828384 0 25418015
1560042310 8  P 70980 2425855 0 25505530
1561121115 12  P 44219 1909663 0 25527079
1563883239 2  P 38219 2265836 0 25561954
1566907029 10  P 58851 2152770 0 25618943
1568196346 1  P 124335 4167842 0 25639822
1569035029 7  P 124474 2496405 0 25660362
1570169886 13  P 43134 1800951 0 25665160
1570639288 4  P 46824 2456783 0 25684426
1572730328 9  P 74574 2501487 0 25710456
1574287770 11  P 49106 1850997 0 25737233
1576062018 5  P 60040 2564909 0 25769945
1578026667 8  P 72725 2477692 0 25800161
1578317980 3  P 159297 3315645 0 25805237
1580527920 6  P 68383 2739299 0 25848977
1581652323 12  P 44765 1933446 0 25863446
1585324047 9  P 74900 2513328 0 25916776
1585470403 10  P 59312 2172044 0 25923067
1589357307 13  P 44318 1823041 0 25979520
1589714073 8  P 73769 2502922 0 25991636
1591324779 6  P 68383 2750159 0 26025858
1592015043 5  P 60885 2597669 0 26031298
1595529819 4  P 47045 2485956 0 26092200
1599239677 3  P 161750 3380731 0 26148000
1599638710 1  P 127698 4273336 0 26154938
1600894454 7  P 127042 2582005 0 26182313
1602023993 2  P 40051 2343391 0 26186806
1602662714 11  P 50632 1883158 0 26202110
1602698377 12  P 45429 1962022 0 26208250
1604456860 7  P 127042 2585630 0 26240671
1604557716 12  P 45754 1963941 0 26238710
1605106027 6  P 68623 2767385 0 26251630
1606589727 8  P 74720 2529851 0 26268111
1608105793 13  P 44915 1846393 0 26286689
1609586881 2  P 40706 2363182 0 26310711
1609811068 4  P 47208 2503612 0 26326163
1612988279 1  P 129633 4330123 0 26373647
1613792838 9  P 75489 2545410 0 26383187
1615298547 10  P 60902 2217342 0 26411735
1619349203 3  P 163374 3433682 0 26477452
1619490894 11  P 50954 1899056 0 26477811
1622686961 5  P 62119 2651899 0 26533788
1624408034 10  P 60928 2226483 0 26560976
1626824241 12  P 46184 1987967 0 26603517
1629625115 4  P 47401 2532099 0 26650776
1631464079 8  P 76809 2593125 0 26675626
1632499333 5  P 62160 2661738 0 26694540
1634226977 2  P 41971 2414210 0 26714370
1637381451 11  P 51073 1919087 0 26770919
1641145928 3  P 164565 3479202 0 26834559
1641527885 9  P 76439 2576773 0 26837571
1642222681 1  P 132778 4423612 0 26852600
1642225413 7  P 129150 2664153 0 26859440
1642497935 13  P 46260 1892475 0 26850151
1643074848 6  P 70705 2847213 0 26873679
1644139885 4  P 47498 2547578 0 26888581
1644902092 9  P 76439 2580106 0 26892855
1645514928 5  P 62216 2675288 0 26907782
1645891349 10  P 61003 2248481 0 26912937
1649568984 11  P 51505 1932955 0 26970596
1652793690 6  P 71651 2874674 0 27032901
1654300791 1  P 133681 4453875 0 27050482
1654700135 3  P 165482 3508046 0 27056620
1656932870 8  P 78110 2647704 0 27092864
1657419905 13  P 46492 1911822 0 27094624
1658816155 7  P 129944 2696654 0 27131252
1659464013 12  P 47399 2031779 0 27138274
1660336363 2  P 42253 2445215 0 27142124
1663480991 6  P 72283 2897703 0 27207997
1665090559 9  P 76934 2609536 0 27223608
1667286553 3  P 166966 3547239 0 27262830
1668360832 10  P 61793 2285397 0 27281053
1669758268 2  P 42639 2463330 0 27296488
1672772869 11  P 52484 1961843 0 27350754
1673511712 8  P 79412 2682720 0 27364470
1673560508 13  P 46977 1930447 0 27359061
1674479598 12  P 47807 2047933 0 27384280
1676722505 7  P 130968 2733712 0 27424611
1678894553 1  P 135892 4529148 0 27453415
1679921226 5  P 62371 2713392 0 27471453
1680498568 4  P 47539 2585040 0 27484258
1684012276 6  P 72840 2928458 0 27544358
1685026558 8  P 80192 2708415 0 27553121
1685503840 7  P 131314 2749774 0 27568483
1686906320 5  P 62609 2725128 0 27585894
1688647043 11  P 52930 1979308 0 27610828
1688651462 12  P 48418 2066078 0 27616464
1689404251 13  P 47079 1946625 0 27618630
1691289577 2  P 43574 2506380 0 27649226
1693593033 4  P 47709 2601665 0 27698782
1695785191 1  P 136741 4563045 0 27730141
1697580516 3  P 169315 3623948 0 27759149
1701719572 10  P 62649 2329487 0 27827564
1702574043 9  P 79069 2671216 0 27837704
1703253657 7  P 132842 2796150 0 27859275
1703951099 13  P 47233 1963772 0 27856951
1708983825 5  P 63496 2764247 0 27947571
1709258379 2  P 43718 2528644 0 27943618
1716432800 8  P 82002 2774453 0 28067648
1716436066 4  P 47900 2628561 0 28073018
1716917061 12  P 49703 2099616 0 28079547
1717453949 10  P 63381 2352819 0 28085337
1717597681 1  P 138930 4627910 0 28087497
1719449102 9  P 80079 2706627 0 28114173
1720511030 11  P 53837 2015855 0 28132870
1722590315 6  P 73782 2983791 0 28176374
1725753973 3  P 172561 3712791 0 28220713
1727101977 2  P 45242 2573810 0 28235949
1727675547 7  P 134929 2861655 0 28259383
1727888669 13  P 48068 1990624 0 28249138
1730390012 5  P 64266 2806502 0 28298244
1730583446 3  P 173346 3732256 0 28299833
1730678390 11  P 53972 2028582 0 28299443
1730889246 4  P 47900 2643638 0 28309796
1733314992 12  P 49858 2119197 0 28348200
1734981589 6  P 73837 2996940 0 28379365
1739261619 9  P 81381 2750999 0 28438764
1739613366 1  P 141316 4695428 0 28448187
1740307743 8  P 82284 2802811 0 28458798
1742266373 10  P 64355 2384221 0 28491829
1744699036 8  P 82473 2810779 0 28530741
1744843200 5  P 65732 2849914 0 28535029
1748745949 9  P 82335 2778100 0 28594147
1749823347 12  P 50502 2142661 0 28618665
1752147024 11  P 54581 2053919 0 28651171
1753715380 6  P 73942 3017853 0 28686278
1754128920 1  P 141352 4714577 0 28686004
1755735974 10  P 64403 2397911 0 28712497
1755972511 7  P 135446 2900346 0 28722976
1758779813 4  P 48042 2673993 0 28766733
1759341750 13  P 48714 2025891 0 28764446
1762695729 2  P 47023 2646179 0 28819088
1763115950 3  P 174628 3793284 0 28832819
1763793582 6  P 73989 3032499 0 28851372
1767055190 2  P 47023 2650598 0 28890502
1770464818 8  P 84492 2870240 0 28952862
1772620935 9  P 83689 2820142 0 28985278
1775771517 3  P 175739 3827554 0 29040154
1776022743 11  P 55498 2081526 0 29042322
1776828857 10  P 65199 2421699 0 29058046
1777638611 13  P 49718 2043674 0 29064200
1778691280 7  P 137283 2958708 0 29095172
1778802917 1  P 143130 4780764 0 29090242
1781124274 4  P 48204 2699970 0 29132803
1782156424 5  P 67400 2918877 0 29146316
1783203967 12  P 51925 2180954 0 29165542
1783534973 7  P 137592 2963306 0 29174524
1786037655 11  P 56225 2093310 0 29206396
1787451074 13  P 49765 2052700 0 29224964
1787579701 10  P 65520 2431867 0 29234173
1791120214 12  P 52028 2190673 0 29295238
1791805855 2  P 48292 2699392 0 29295995
1796702628 5  P 67757 2940544 0 29384621
1797089128 8  P 87267 2926076 0 29389052
1798528675 6  P 75505 3084101 0 29420436
1800144579 1  P 145154 4850265 0 29439894
1800699102 9  P 84881 2856054 0 29445281
1800989709 3  P 177099 3875969 0 29453306
1802655019 4  P 48544 2728067 0 29485526
1803278839 6  P 76384 3099274 0 29498258
1806347424 7  P 139297 3020628 0 29548261
1807631484 11  P 56925 2114162 0 29560174
1811069789 4  P 49157 2748514 0 29623381
1811099922 3  P 177890 3902282 0 29618939
1813172629 10  P 66016 2467870 0 29653447
1813542902 9  P 85076 2872504 0 29655700
1815472729 1  P 146672 4895896 0 29691022
1816120409 8  P 88373 2971946 0 29700833
1817873061 13  P 50893 2084381 0 29723369
1818285038 2  P 49906 2757242 0 29729798
1819854606 12  P 53195 2227674 0 29766002
1820343185 5  P 68414 2976271 0 29771915
1825975204 11  P 57290 2131808 0 29860701
1829851998 2  P 50852 2789403 0 29919293
1830317141 7  P 141189 3081910 0 29940943
1831698476 8  P 89721 3009139 0 29956040
1831731025 6  P 78517 3158693 0 29964385
1832026861 4  P 50954 2807730 0 29966700
1833138561 13  P 51649 2101440 0 29973472
1833655644 5  P 68819 2997201 0 29990013
1835469491 10  P 68020 2515841 0 30018730
1836683568 9  P 85261 2898322 0 30034816
1838488328 1  P 149999 4984440 0 30068096
1839917072 12  P 54270 2261646 0 30094696
1845583424 3  P 179910 3972290 0 30183886
1847397065 11  P 58132 2156751 0 30211664
1847607346 13  P 52373 2123586 0 30210519
1849530642 5  P 69115 3019029 0 30250097
1849863304 1  P 150696 5008842 0 30254454
1849886539 9  P 85718 2918749 0 30251121
1853042304 8  P 90484 3046270 0 30305712
1855838968 12  P 54681 2279066 0 30355555
1857067799 3  P 180295 3989955 0 30372031
1858529910 4  P 52843 2866849 0 30400889
1859445731 2  P 51730 2838877 0 30404127
1860159908 7  P 142181 3135240 0 30429856
1862266431 10  P 68688 2548311 0 30457744
1862367675 6  P 81531 3247152 0 30466289
1867373079 13  P 52963 2147907 0 30534356
1869211356 2  P 51926 2852262 0 30564108
1869630366 3  P 180739 4010303 0 30577839
1869701774 11  P 58630 2182079 0 30577094
1869732944 4  P 53456 2888682 0 30584424
1872421188 5  P 69713 3047260 0 30625107
1872421557 6  P 82777 3274287 0 30631007
1873534904 7  P 142286 3150424 0 30648980
1874641616 12  P 55452 2298642 0 30663602
1875745912 9  P 86103 2951208 0 30674773
1877198497 8  P 92377 3100618 0 30701452
1878191260 1  P 153524 5093866 0 30718551
1881857314 10  P 70029 2587730 0 30778702
1884010816 12  P 55606 2310633 0 30817106
1885670547 4  P 55316 2937033 0 30845524
1886199652 6  P 83959 3311824 0 30856735
1886238022 7  P 142406 3165022 0 30857095
1887117566 2  P 52628 2880442 0 30857469
1887328550 3  P 181549 4043442 0 30867785
1889513622 13  P 53633 2170032 0 30897087
1895147084 11  P 59387 2209264 0 30993975
1895843049 5  P 69903 3074395 0 31008830
1897203789 10  P 71131 2622356 0 31030126
1897523904 1  P 155573 5154385 0 31035283
1897792675 9  P 86812 2979789 0 31035976
1902557769 8  P 92810 3133731 0 31116907
1903762025 9  P 87038 2989811 0 31133776
1904497992 13  P 53792 2187433 0 31142579
1904952432 5  P 70030 3085500 0 31158069
1906406346 4  P 56358 2979639 0 31185236
1906909922 7  P 142549 3188955 0 31195772
1910925808 1  P 156514 5187507 0 31254854
1917192907 3  P 182319 4091632 0 31357057
1918104577 12  P 56897 2356391 0 31375675
1918226076 11  P 59880 2234377 0 31372085
1920789652 2  P 53701 2933309 0 31409118
1921750743 10  P 72023 2662583 0 31432263
1921948547 8  P 95308 3183686 0 31434582
1922090365 6  P 87938 3418456 0 31444571
1924485061 10  P 72196 2668512 0 31477057
1925148841 2  P 54344 2948724 0 31480534
1925503668 7  P 142640 3209235 0 31500393
1927292863 9  P 87970 3023332 0 31519284
1930840777 6  P 88448 3430702 0 31587926
1933294891 13  P 55099 2226792 0 31614362
1933561913 5  P 71304 3137525 0 31626772
1933733000 4  P 57278 3024539 0 31632930
1934441442 1  P 158566 5250246 0 31640114
1938178412 11  P 60678 2256601 0 31698958
1938273191 8  P 95897 3208118 0 31702028
1939786546 3  P 182626 4119002 0 31727201
1940996147 12  P 57677 2385742 0 31750710
1944414582 2  P 56460 3007355 0 31796176
1944529834 4  P 57380 3037291 0 31809808
1946233811 5  P 71792 3162208 0 31834374
1950918065 12  P 57996 2395239 0 31913265
1951316460 1  P 160617 5309158 0 31916586
1952078860 10  P 73536 2707959 0 31929129
1952667168 8  P 97421 3249663 0 31937842
1955942793 3  P 182725 4136999 0 31991897
1956058438 9  P 90365 3059483 0 31990549
1956311573 13  P 56157 2250826 0 31991441
1958463631 6  P 91057 3500851 0 32040457
1961472407 7  P 142723 3245335 0 32089670
1963054452 11  P 61987 2293998 0 32106509
1967082085 1  P 161594 5347540 0 32174881
1967529184 13  P 56620 2263756 0 32175217
1968340521 6  P 91473 3518829 0 32202268
1968370385 8  P 99402 3296956 0 32195111
1971037676 11  P 62687 2309409 0 32237303
1975389203 4  P 57454 3073269 0 32315373
1975914690 2  P 59507 3093823 0 32312251
1976536667 3  P 183318 4173531 0 32329290
1977878643 7  P 142834 3263424 0 32358455
1981656989 10  P 74601 2744843 0 32413711
1981979505 12  P 59352 2437847 0 32422161
1982417785 9  P 90847 3093107 0 32422404
1982890017 5  P 72808 3218284 0 32434923
1984354506 12  P 59429 2441215 0 32461072
1985527163 9  P 90879 3096329 0 32473345
1986983838 5  P 72808 3222642 0 32501995
1988020909 3  P 184159 4200857 0 32517442
1991211515 2  P 60903 3136088 0 32562861
1992016386 10  P 74924 2755059 0 32583433
1992513584 13  P 57111 2291756 0 32584552
1992660162 1  P 164659 5453360 0 32593931
1994778015 6  P 93400 3583102 0 32635379
1995323935 8  P 101144 3354675 0 32636690
1996300603 7  P 143012 3285578 0 32660266
1997193991 11  P 63049 2342041 0 32665829
2003623562 4  P 57843 3109363 0 32777936
2006018183 13  P 57876 2307017 0 32805805
2006568984 11  P 63375 2351488 0 32819426
2007495835 8  P 101714 3372128 0 32836098
2010543500 6  P 94842 3627219 0 32893663
2011076691 4  P 57953 3118949 0 32900031
2011093120 5  P 74042 3269852 0 32896978
2011149639 2  P 63170 3203580 0 32889506
2012042046 12  P 60047 2477096 0 32914685
2013599291 3  P 185146 4244177 0 32936501
2017277098 9  P 91636 3129362 0 32993505
2017738112 7  P 144178 3329434 0 33011474
2019813258 10  P 76142 2792091 0 33038819
2021425781 1  P 166964 5530629 0 33065214
2024248005 13  P 58555 2325194 0 33104467
2026356000 6  P 95533 3649093 0 33152711
2026761510 9  P 91636 3138283 0 33148891
2028374269 4  P 58065 3138496 0 33183415
2030459818 3  P 186367 4286476 0 33212732
2031753920 1  P 168141 5565126 0 33234421
2034386625 12  P 60522 2506698 0 33280768
2035796382 5  P 75406 3324229 0 33301680
2036297713 8  P 105250 3463905 0 33307949
2040956964 7  P 146111 3389603 0 33391859
2041191693 10  P 76696 2819172 0 33389046
2041986512 2  P 64977 3276096 0 33394702
2043190951 11  P 64346 2392018 0 33419421
2046694656 11  P 64664 2394706 0 33476824
2051160106 7  P 146835 3412765 0 33559014
2052136641 9  P 92358 3164852 0 33564598
2052983801 4  P 59544 3190994 0 33586589
2053055092 2  P 65394 3293409 0 33576043
2056182810 12  P 61278 2529822 0 33637860
2056183985 13  P 60548 2380365 0 33627675
2057957136 1  P 170838 5644722 0 33663721
2059637377 6  P 97440 3709931 0 33697948
2060375297 5  P 76301 3367523 0 33704345
2061703866 10  P 78088 2853340 0 33725096
2063364732 3  P 187647 4346874 0 33751811
2064636521 8  P 107036 3521880 0 33772198
2068137096 8  P 107877 3542652 0 33829541
2070088930 12  P 61685 2544589 0 33865689
2073195830 2  P 66646 3339469 0 33906015
2074343100 5  P 76905 3392996 0 33933172
2076160219 1  P 172845 5703597 0 33961953
2076353639 6  P 99122 3759268 0 33971803
2076527120 9  P 93392 3199984 0 33964182
2077357358 13  P 61106 2405156 0 33974565
2080872132 10  P 78813 2879619 0 34039120
2082389278 4  P 60984 3250187 0 34068322
2082644291 7  P 148728 3485467 0 34074819
2083600203 11  P 66573 2451824 0 34081451
2084005303 3  P 188937 4390474 0 34089965
2084823951 9  P 93757 3208799 0 34100112
2084840310 6  P 99563 3775233 0 34110839
2085047579 10  P 78821 2883781 0 34107530
2085576037 13  P 61460 2413449 0 34109218
2089917631 8  P 108814 3582410 0 34186365
2090664481 2  P 66755 3358517 0 34192206
2092358819 5  P 76905 3411407 0 34228321
2094870258 12  P 61828 2571174 0 34271697
2096565893 7  P 150181 3527066 0 34302899
2097613394 1  P 174476 5765032 0 34313420
2097772117 11  P 66613 2466398 0 34313635
2098256842 3  P 190320 4430396 0 34323444
2104139351 4  P 61955 3289944 0 34424638
2106443757 9  P 94641 3239831 0 34454310
2106604600 12  P 62384 2586111 0 34463945
2109059049 8  P 110705 3637774 0 34499958
2109279822 13  P 62551 2444460 0 34497569
2113029983 4  P 62206 3307323 0 34570285
2114035070 7  P 150510 3551077 0 34589092
2114990891 11  P 66794 2486635 0 34595741
2116864877 3  P 191018 4464959 0 34628308
2117095473 2  P 67758 3403445 0 34625227
2117843757 5  P 77617 3451569 0 34645844
2117872957 6  P 101280 3839184 0 34651999
2120408478 10  P 79294 2920653 0 34686845
2123320360 1  P 176938 5839127 0 34734585
2125811289 4  P 62594 3325746 0 34779678
2125895537 11  P 67435 2504332 0 34774399
2126573844 8  P 111539 3671055 0 34786913
2126810265 6  P 101486 3852335 0 34798421
2126914484 2  P 67901 3414754 0 34786091
2131483755 5  P 78173 3482313 0 34869298
2133263601 13  P 63067 2472017 0 34890502
2133954663 10  P 80117 2937954 0 34908775
2135988337 1  P 178336 5883311 0 34942127
2139019447 7  P 152137 3610679 0 34998402
2140557734 12  P 63561 2623422 0 35020223
2142917844 9  P 95787 3290966 0 35051871
2143505542 3  P 192663 4527114 0 35064758
2144263616 13  P 63604 2485708 0 35070716
2145607992 4  P 63379 3359277 0 35103991
2146370280 12  P 63609 2629692 0 35115449
2146691273 7  P 152846 3632198 0 35124087
2150226988 2  P 68813 3455036 0 35168016
2154548532 10  P 80917 2971068 0 35246153
2155669008 6  P 101831 3887991 0 35271193
2159808498 9  P 96668 3317137 0 35328589
2160948919 8  P 113507 3733083 0 35350073
2161003965 1  P 181250 5974824 0 35351964
2163390144 5  P 81587 3590172 0 35391996
2163834639 11  P 68913 2552047 0 35395957
2166177345 3  P 194052 4576873 0 35436189
2167162772 11  P 69268 2555458 0 35450482
2167482997 4  P 63426 3382163 0 35462359
2168867727 2  P 69944 3498116 0 35473384
2171980090 8  P 113984 3752650 0 35530793
2174137735 6  P 101831 3906861 0 35573750
2177245302 12  P 64517 2666296 0 35621275
2178016425 10  P 82116 3003759 0 35630608
2179030717 5  P 81986 3612867 0 35648232
2180910126 7  P 155668 3726120 0 35684697
2181886594 9  P 98262 3361481 0 35690294
2183373000 13  P 65242 2534279 0 35711439
2184738418 1  P 183089 6039885 0 35740819
2184786753 3  P 195751 4627654 0 35741066
2186012742 6  P 101891 3918961 0 35768297
2187824126 9  P 98580 3366709 0 35787568
2192766438 10  P 82742 3023224 0 35872252
2193486428 1  P 184712 6084957 0 35884135
2194421219 5  P 82941 3646671 0 35900365
2195534931 7  P 156781 3761639 0 35924287
2195599225 3  P 196269 4647227 0 35918206
2195636506 8  P 115841 3800008 0 35918351
2196289487 2  P 71201 3547857 0 35922637
2196881465 11  P 70889 2596159 0 35937363
2196983184 13  P 65990 2549025 0 35934413
2197467445 4  P 64404 3435050 0 35953559
2198479587 12  P 65518 2692592 0 35969162
2204284975 7  P 156781 3770646 0 36067635
2204417756 9  P 99361 3391087 0 36059423
2207285201 1  P 185650 6117786 0 36110208
2207622076 6  P 102207 3946552 0 36122311
2209016393 12  P 66345 2705588 0 36141788
2210561935 5  P 84766 3699385 0 36164798
2211764363 4  P 65128 3464463 0 36187787
2211961512 2  P 72121 3585773 0 36179394
2212179362 11  P 71903 2611329 0 36187992
2214498003 13  P 66514 2569892 0 36221362
2217145943 3  P 197034 4680410 0 36271208
2223516281 10  P 83924 3061138 0 36376015
2224152042 8  P 117050 3837161 0 36385519
2226483820 5  P 85127 3726169 0 36425636
2226607365 13  P 67282 2590599 0 36419755
2228576917 4  P 65793 3497533 0 36463215
2230188225 10  P 83924 3068083 0 36485324
2231045669 9  P 100271 3441125 0 36495671
2231099255 3  P 198205 4714693 0 36499809
2232918880 6  P 102919 3976867 0 36536742
2234903370 8  P 117655 3859546 0 36561656
2236647118 11  P 72487 2640666 0 36588862
2238742619 2  P 72709 3626698 0 36618129
2241292927 12  P 68062 2752130 0 36670588
2242081820 7  P 160426 3883302 0 36686837
2244144574 1  P 190328 6248057 0 36714085
2246655920 5  P 86000 3750278 0 36756100
2248000594 10  P 84449 3097123 0 36777139
2250473606 7  P 161710 3920783 0 36824313
2250495204 12  P 68138 2762382 0 36821352
2251683248 8  P 119298 3903695 0 36836563
2252482379 13  P 68094 2625799 0 36843678
2253950131 6  P 103088 4000416 0 36881306
2254855741 9  P 101658 3476397 0 36885749
2255747768 1  P 191387 6284979 0 36904180
2256849063 3  P 200873 4787538 0 36921668
2259264408 4  P 66869 3547620 0 36965975
2261102007 2  P 72907 3652788 0 36984432
2261412727 11  P 73406 2670440 0 36994603
2267309094 8  P 121397 3959642 0 37092558
2267825057 6  P 103268 4016667 0 37108608
2267827638 5  P 86352 3772053 0 37102946
2269818799 4  P 67296 3563904 0 37138884
2273173233 12  P 68877 2792182 0 37192897
2273364088 7  P 163467 3986794 0 37199318
2274110570 10  P 85321 3127431 0 37204877
2277347761 1  P 193253 6346402 0 37258059
2278357365 13  P 68994 2655693 0 37267589
2279678345 11  P 74108 2696640 0 37293849
2280433867 9  P 102920 3520231 0 37304797
2280977015 2  P 72974 3673953 0 37310052
2281537084 3  P 202418 4840448 0 37326135
2284155733 5  P 86890 3793021 0 37370447
2284175623 7  P 164560 4017655 0 37376447
2285747931 6  P 103709 4042131 0 37402241
2288240453 3  P 202575 4850296 0 37435960
2288496214 9  P 103621 3534265 0 37436885
2290608192 4  P 68273 3604240 0 37479470
2294989648 1  P 194739 6396942 0 37547098
2296232442 13  P 69350 2673654 0 37560442
2296289723 12  P 70428 2831876 0 37571617
2296506528 11  P 74616 2716767 0 37569547
2300153120 8  P 122349 3996645 0 37630627
2300313256 10  P 86435 3170973 0 37634139
2301648987 2  P 73090 3702643 0 37648722
2306816166 7  P 165788 4067366 0 37747366
2308027616 9  P 105949 3588720 0 37756861
2311135738 12  P 71261 2849637 0 37814838
2311258371 2  P 73090 3712414 0 37806152
2311982363 13  P 69939 2692976 0 37818470
2312361170 10  P 86751 3182972 0 37831515
2312386405 8  P 122794 4010794 0 37831045
2313216580 6  P 105951 4110916 0 37852245
2315553288 1  P 196978 6465471 0 37884000
2316734072 4  P 69680 3660390 0 37907482
2316921439 5  P 88023 3835157 0 37907226
2318069076 11  P 75111 2741506 0 37922801
2320364715 3  P 203836 4907672 0 37962253
2324039503 11  P 75144 2747844 0 38020617
2324722523 7  P 167335 4115744 0 38040727
2324762718 6  P 105993 4123223 0 38041407
2325514978 4  P 69877 3670619 0 38051341
2325560404 13  P 70935 2718449 0 38040920
2329817087 1  P 198225 6504243 0 38117688
2334371369 9  P 107538 3636712 0 38188456
2336088969 12  P 72172 2885634 0 38223660
2336133244 2  P 74890 3770296 0 38213687
2339140038 5  P 89391 3878467 0 38271227
2340808296 8  P 123653 4054199 0 38296682
2343391337 10  P 88302 3235895 0 38339875
2343917996 12  P 72885 2901387 0 38351924
2344006423 3  P 204792 4956460 0 38349572
2344412684 11  P 75938 2773884 0 38354394
2349774603 2  P 75077 3790960 0 38437174
2351232355 13  P 72140 2747838 0 38461519
2357232989 4  P 71464 3731751 0 38570964
2357464561 8  P 124687 4087655 0 38569567
2358856515 6  P 107212 4183221 0 38599963
2359097522 7  P 169249 4194052 0 38603894
2359845475 10  P 88703 3253223 0 38609434
2361574480 9  P 108567 3669727 0 38634129
2363108715 5  P 90535 3926591 0 38663903
2364566452 1  P 201636 6615514 0 38686995
2365974224 3  P 205900 5003697 0 38709467
2368635076 9  P 108784 3679994 0 38749800
2371839073 12  P 74097 2932848 0 38809366
2372871861 11  P 77690 2809835 0 38820648
2373160041 7  P 169900 4220263 0 38834283
2374433232 8  P 125482 4105112 0 38847563
2375201865 4  P 72408 3770444 0 38865330
2376610600 5  P 91229 3945903 0 38885103
2377172620 10  P 89368 3282241 0 38893306
2378337477 2  P 77006 3861095 0 38905105
2379154135 6  P 108273 4231019 0 38932466
2379451134 13  P 73250 2780226 0 38923833
2379941470 1  P 203839 6674269 0 38938888
2382942828 3  P 206525 5031168 0 38987461
2389445871 2  P 77624 3887005 0 39087087
2392964569 8  P 126599 4151402 0 39151146
2393154226 13  P 73760 2796686 0 39148329
2393162666 11  P 78649 2842117 0 39153078
2394998792 4  P 73057 3801889 0 39189648
2396313199 10  P 90655 3313131 0 39206880
2397261985 9  P 109445 3712825 0 39218795
2397452678 5  P 94803 4030189 0 39226555
2398255558 3  P 207256 5059691 0 39238332
2398895098 1  P 205865 6741116 0 39249407
