246072090 8  P 5663 248831 0 3978752
250384427 12  P 2588 244278 0 4052696
255718078 10  P 4740 253760 0 4137963
262310609 5  P 3016 274070 0 4247270
262456827 3  P 2346 266091 0 4247296
262694502 2  P 1953 259525 0 4244497
263486948 7  P 2299 256306 0 4271600
265591130 4  P 3328 287734 0 4304120
266052632 11  P 2348 261567 0 4304113
270838375 9  P 5366 290638 0 4381416
279479671 6  P 3900 284329 0 4534237
279955476 1  P 3590 317552 0 4534280
280387171 13  P 2999 275591 0 4534265
285557005 9  P 5623 308870 0 4622562
287128615 3  P 2936 295565 0 4651513
292705387 1  P 4035 338882 0 4743171
293145664 11  P 2525 291928 0 4747986
302401512 6  P 4074 310445 0 4909778
302866338 2  P 2000 300969 0 4902654
303743826 12  P 3738 307514 0 4926931
304355915 13  P 3217 303396 0 4926962
306060605 5  P 5144 350727 0 4964042
308525291 8  P 6598 326226 0 5001965
310283247 7  P 2455 306251 0 5038279
312763727 4  P 5324 369912 0 5076967
313405550 10  P 5221 313993 0 5083076
325217252 5  P 5381 372827 0 5277885
326142899 1  P 6210 416407 0 5291002
329903587 4  P 5741 393040 0 5357776
330432010 9  P 6039 358745 0 5357777
339220705 7  P 3041 339482 0 5512381
341839012 6  P 4834 363337 0 5555902
342400223 8  P 6812 366648 0 5556964
342696897 12  P 4509 349433 0 5565131
344067500 11  P 2888 343793 0 5582269
348762835 13  P 3265 349022 0 5654515
349519369 3  P 4746 396265 0 5673696
351147569 2  P 2593 355157 0 5693667
357374374 10  P 5376 361324 0 5803454
366837539 12  P 4673 377140 0 5960634
369561920 10  P 5552 376901 0 6003130
370197168 5  P 6519 438853 0 6014823
370198407 6  P 5585 404972 0 6020532
370331776 3  P 5155 423853 0 6014681
372314484 7  P 3094 374167 0 6054579
373913220 2  P 2704 380129 0 6066654
383017785 13  P 3769 387106 0 6215743
384239827 4  P 7696 474964 0 6247993
388474312 11  P 3068 392355 0 6309827
395096063 1  P 9595 552346 0 6420708
397837753 8  P 7581 437430 0 6465244
398416464 9  P 7079 445960 0 6471622
405204788 4  P 7968 500323 0 6591471
405573394 6  P 5846 445048 0 6600094
410171188 10  P 5585 418217 0 6668467
410580802 1  P 10292 581591 0 6674400
411442488 11  P 3444 416171 0 6686135
412571918 12  P 4706 423946 0 6709916
413918384 13  P 3803 418698 0 6722013
416044951 5  P 7693 510099 0 6765966
419009600 8  P 7844 462871 0 6812113
419288183 2  P 2773 427730 0 6810070
420955081 7  P 3404 429128 0 6851476
422338293 9  P 7805 482771 0 6863548
424473066 3  P 5948 489830 0 6901713
444137952 4  P 9524 570131 0 7229311
446475691 2  P 2883 457290 0 7255506
447644037 1  P 12441 661761 0 7281628
450493818 12  P 5006 467812 0 7331222
451105905 13  P 3879 457258 0 7331289
451166391 9  P 8308 514890 0 7335865
459035346 3  P 6176 528143 0 7467973
459801865 11  P 3477 465873 0 7478422
464384616 8  P 8323 510700 0 7555524
465607429 5  P 9371 594618 0 7577975
467808697 6  P 6733 522805 0 7619733
471108687 10  P 6046 482227 0 7666855
472643110 7  P 3549 484516 0 7698317
484202431 10  P 6394 502004 0 7881382
487994000 8  P 8412 536329 0 7942338
489745318 6  P 6849 545751 0 7979119
498681311 12  P 5110 518807 0 8120723
499624165 5  P 10074 641745 0 8135283
503322707 9  P 8784 575046 0 8190383
505626975 7  P 3682 520677 0 8238716
508902788 13  P 4027 518992 0 8278223
509835089 2  P 2951 522930 0 8293573
519739384 11  P 3726 531472 0 8460433
520597451 3  P 7124 606203 0 8476567
521190268 1  P 15183 783349 0 8486576
522857198 4  P 12200 695550 0 8519010
523581764 3  P 7193 610140 0 8525461
525525776 9  P 9144 602455 0 8554153
525772597 2  P 3005 539863 0 8554691
525868798 12  P 5529 547815 0 8566151
532217244 5  P 11144 692878 0 8669270
535698430 6  P 7475 603596 0 8731990
536124778 10  P 6434 555323 0 8732066
545315201 1  P 16418 831041 0 8881822
545759613 8  P 8823 601567 0 8888747
546333112 11  P 3760 558880 0 8896140
546496538 13  P 4217 561197 0 8894153
547798864 7  P 3787 565380 0 8929646
558700910 4  P 14048 765803 0 9106255
565983667 10  P 6540 587421 0 9221264
569173946 7  P 3962 590646 0 9279840
573051197 3  P 7972 666676 0 9335952
574256977 2  P 3045 589429 0 9349050
575587558 12  P 5562 598977 0 9380714
581752693 1  P 17684 891984 0 9478801
583885914 6  P 8214 659091 0 9521475
583916399 9  P 9648 670388 0 9510816
590372249 13  P 4257 606516 0 9613009
594676888 11  P 3800 608827 0 9688196
600868991 8  P 9124 662516 0 9791650
601764078 5  P 12928 788347 0 9808697
602389953 4  P 15034 825902 0 9822039
607665884 8  P 9214 670998 0 9903008
610043559 13  P 4298 626645 0 9935299
610530626 10  P 6721 635778 0 9951105
611527033 6  P 8549 691058 0 9974335
613393583 7  P 4038 636304 0 10004319
614096930 1  P 19425 959248 0 10008710
622279418 4  P 16323 863898 0 10147874
626514511 5  P 13387 820369 0 10214184
628056723 12  P 5631 653782 0 10240358
633224247 11  P 3983 651465 0 10319747
634020903 9  P 10615 737426 0 10331692
638241773 2  P 3369 660177 0 10397325
643285308 3  P 9172 760990 0 10486616
644216880 4  P 17015 897459 0 10507278
644620350 9  P 11108 751412 0 10505353
645166072 12  P 5784 674130 0 10520677
661707155 3  P 9459 784512 0 10788433
665515358 10  P 7090 692359 0 10851949
666208554 11  P 4127 687556 0 10860144
668889608 5  P 14526 886463 0 10908441
671591457 13  P 4481 693033 0 10943688
677377394 7  P 4446 703068 0 11052614
677769153 1  P 21398 1062225 0 11051893
678632404 2  P 3462 702984 0 11059073
678855098 6  P 9111 767277 0 11077386
679353756 8  P 9845 751753 0 11077498
683495322 9  P 11524 800590 0 11142261
691952831 10  P 7260 722544 0 11285088
698041318 8  P 9886 770940 0 11383669
698621284 6  P 9587 795215 0 11401223
699519142 1  P 22174 1098827 0 11408236
704788660 2  P 3532 730515 0 11487609
706770076 3  P 10189 841443 0 11526713
707779815 4  P 19164 1001070 0 11548652
707920756 5  P 15611 944045 0 11547903
708646055 11  P 4212 732401 0 11555431
709759853 12  P 5839 740672 0 11578979
710721128 7  P 4528 738589 0 11598915
718637620 13  P 4555 741444 0 11714489
725489838 11  P 4379 752549 0 11831389
726619828 8  P 10028 801201 0 11851877
731987915 1  P 24611 1180609 0 11940194
733199279 6  P 10220 847951 0 11967717
733650936 12  P 6348 768456 0 11970406
735736785 7  P 4619 766017 0 12008765
745432912 9  P 12397 879036 0 12157037
745991798 2  P 3593 773451 0 12162666
750671184 5  P 16541 1003192 0 12248294
753170445 4  P 21391 1090368 0 12292269
757723218 3  P 11334 914574 0 12361506
760796644 10  P 7427 795997 0 12413010
762121993 13  P 4708 788668 0 12426933
766287421 11  P 4420 794287 0 12499817
766370343 9  P 12437 904403 0 12500074
766465775 13  P 4913 797074 0 12498102
767593465 10  P 7509 804049 0 12524357
779351144 2  P 3706 809385 0 12709199
781386768 6  P 10482 900388 0 12757207
781886120 8  P 10843 869824 0 12757342
782455531 7  P 4774 816825 0 12774185
787535744 3  P 11761 951932 0 12849939
788300382 1  P 28160 1309633 0 12862800
797634882 12  P 6381 834188 0 13018710
799561802 5  P 17687 1071098 0 13049300
800920549 4  P 22902 1164062 0 13074578
803027364 6  P 11004 933946 0 13111760
803494773 8  P 11309 900186 0 13111374
803612992 1  P 28587 1333731 0 13113670
805827830 10  P 7863 849872 0 13150779
807533617 7  P 4947 845833 0 13185049
808069881 2  P 3875 841908 0 13179712
810364789 11  P 4483 840333 0 13221974
811012592 13  P 5016 843578 0 13227949
818806702 12  P 6571 859365 0 13365588
825311070 4  P 24047 1208847 0 13474184
838718049 5  P 18596 1127436 0 13690816
840598644 3  P 12726 1021948 0 13719298
842104744 9  P 13390 996608 0 13740885
847346855 7  P 5074 888272 0 13837335
849364270 3  P 12796 1031889 0 13862913
852464889 6  P 11314 988532 0 13921726
855183289 9  P 13431 1010059 0 13955150
859847287 1  P 31147 1441299 0 14034998
860717341 4  P 24789 1256098 0 14054259
863538671 2  P 3974 900165 0 14088502
865624315 5  P 19070 1162764 0 14131637
866168862 13  P 5063 900467 0 14131627
869671640 10  P 7934 915882 0 14196791
878025525 12  P 6603 920266 0 14335825
880661728 11  P 4524 912568 0 14373717
882791693 8  P 12055 994272 0 14410567
884396055 11  P 4557 916535 0 14434899
891387594 13  P 5104 926468 0 14544802
892370201 8  P 12151 1005695 0 14567491
897968471 10  P 8033 946622 0 14660394
907325134 6  P 12156 1052606 0 14820527
910726145 2  P 4007 948563 0 14861601
916826707 4  P 26255 1337526 0 14973519
918597269 1  P 33549 1541857 0 14997525
918893032 7  P 5136 962529 0 15009522
920120758 9  P 14182 1088087 0 15019060
921208027 3  P 13875 1122493 0 15039983
921374287 5  P 20758 1248399 0 15045025
921509845 12  P 6650 965117 0 15048268
924635873 8  P 12416 1043238 0 15096125
924877384 7  P 5178 969049 0 15107561
925854330 12  P 6684 969876 0 15119448
929155537 5  P 20940 1259834 0 15172508
933957990 3  P 14692 1149348 0 15248870
935379201 1  P 35043 1587486 0 15272466
936058748 9  P 14230 1104682 0 15280174
938777772 6  P 13001 1103700 0 15335834
939356374 13  P 5144 976075 0 15330716
939623589 4  P 27419 1379101 0 15346999
955239813 11  P 4605 989607 0 15595598
960437660 10  P 8225 1014384 0 15683839
960914068 2  P 4097 1001406 0 15683858
965144812 1  P 36367 1644791 0 15760131
968857964 4  P 28111 1420434 0 15825964
970098623 3  P 14962 1190404 0 15840991
970400898 12  P 6731 1015770 0 15849287
973625638 10  P 8316 1029110 0 15899903
983544304 13  P 5221 1022146 0 16054679
987824042 8  P 12951 1115737 0 16131392
996559724 6  P 13604 1173510 0 16282507
997089544 9  P 14846 1176629 0 16280094
998561912 5  P 22662 1367821 0 16309611
1000049696 7  P 5239 1046614 0 16339156
1000820317 2  P 4453 1042238 0 16337666
1001834013 11  P 4682 1038182 0 16358987
1003898382 2  P 4632 1048756 0 16388094
1006074625 6  P 13769 1186580 0 16438394
1006182687 8  P 13102 1137423 0 16432175
1008889187 4  P 29352 1484398 0 16481814
1009035442 1  P 38935 1738537 0 16479218
1011239222 3  P 16114 1254903 0 16515015
1023268428 7  P 5285 1070840 0 16719563
1024505846 11  P 4716 1061509 0 16730443
1026609379 5  P 23316 1407879 0 16769131
1029230152 9  P 15028 1210618 0 16806680
1030153617 13  P 5583 1070400 0 16818323
1033484494 10  P 8356 1090633 0 16880611
1035369642 12  P 6905 1085219 0 16913731
1043965256 6  P 14124 1230298 0 17059178
1044836437 2  P 4672 1090885 0 17058814
1050724585 11  P 4756 1088457 0 17160002
1058450479 13  P 5623 1099453 0 17281933
1062904851 4  P 31244 1571939 0 17366792
1065557093 12  P 7273 1116431 0 17408319
1065784771 1  P 40998 1838744 0 17408982
1068786669 3  P 16975 1328581 0 17457852
1071983676 5  P 24012 1466940 0 17512498
1077578281 10  P 8397 1135722 0 17603032
1079955952 7  P 5449 1131833 0 17648310
1080402044 9  P 15760 1274768 0 17645073
1083198335 8  P 13283 1217503 0 17693991
1083929676 2  P 4822 1133591 0 17699316
1090775877 12  P 7306 1142113 0 17821500
1100184880 13  P 5656 1142417 0 17965707
1101424713 7  P 5564 1155717 0 18000046
1105708981 11  P 5123 1144950 0 18060858
1106331668 1  P 42460 1908689 0 18073294
1108261482 9  P 15944 1304106 0 18101512
1113000232 10  P 8429 1172231 0 18183374
1115895547 3  P 17536 1386253 0 18229668
1117135866 8  P 13564 1256927 0 18250019
1118546235 5  P 25101 1530907 0 18275357
1118654872 4  P 33082 1658377 0 18280178
1121637170 6  P 14571 1314423 0 18331732
1131099591 11  P 5186 1171724 0 18476858
1134106762 13  P 5725 1178062 0 18521480
1135074043 8  P 13597 1275555 0 18543915
1136343068 5  P 25511 1554973 0 18566932
1138230990 6  P 14836 1335779 0 18603598
1138714530 9  P 16399 1342480 0 18600452
1138744628 12  P 7347 1191541 0 18607416
1143426801 3  P 17954 1420081 0 18680722
1145570330 2  P 4973 1199767 0 18709223
1148732969 4  P 34288 1709109 0 18772943
1151187661 10  P 8483 1212027 0 18809030
1152627836 7  P 5626 1208679 0 18838916
1158081674 1  P 45298 2017592 0 18921138
1163971590 7  P 5810 1223589 0 19024772
1164406414 10  P 8537 1225711 0 19025605
1168029853 4  P 34986 1739160 0 19089094
1172355144 9  P 16761 1376967 0 19151613
1173242189 2  P 5133 1231100 0 19162595
1176161142 3  P 18909 1471260 0 19217029
1179068353 11  P 5227 1221035 0 19262775
1180370196 8  P 13861 1325648 0 19286044
1181483751 5  P 26528 1617220 0 19306493
1182932101 12  P 7387 1236847 0 19331378
1186934038 6  P 15707 1400004 0 19401527
1193831656 1  P 47470 2096693 0 19506856
1193966139 13  P 5765 1239704 0 19502213
1203065334 7  P 5844 1263991 0 19665277
1204042633 9  P 17280 1417634 0 19670777
1205561431 4  P 36178 1799130 0 19703979
1207927742 11  P 5288 1251429 0 19735601
1217999309 5  P 27207 1664994 0 19904742
1219105412 8  P 13993 1366242 0 19920671
1219680298 2  P 5214 1279531 0 19923420
1219713050 6  P 16360 1439676 0 19938574
1220238296 1  P 48532 2144350 0 19939498
1225614318 3  P 19811 1535581 0 20027244
1230120332 12  P 7449 1286147 0 20104507
1232375206 10  P 8577 1295291 0 20139182
1238059916 13  P 5827 1285453 0 20224638
1243234516 10  P 8718 1308809 0 20317092
1243355888 6  P 16895 1473368 0 20325934
1247723651 3  P 20214 1563945 0 20389475
1250253546 1  P 49783 2199498 0 20431262
1251789054 2  P 5340 1314672 0 20449482
1257308755 9  P 17524 1474551 0 20543459
1266745253 8  P 14488 1423318 0 20701192
1271654862 4  P 37278 1884062 0 20786812
1271987203 7  P 6005 1337564 0 20794464
1273481755 13  P 5946 1323755 0 20804987
1279474616 11  P 5415 1326762 0 20907819
1280307164 12  P 7561 1339322 0 20926763
1282983699 5  P 28885 1765322 0 20969411
1284841139 13  P 5988 1335881 0 20991097
1285458954 11  P 5456 1333061 0 21005861
1292823344 8  P 14754 1453860 0 21128449
1295398439 2  P 5396 1360125 0 21163970
1297333002 3  P 20941 1629741 0 21202251
1302573906 9  P 18508 1540884 0 21285057
1304847278 1  P 52505 2308534 0 21325711
1308590282 6  P 18162 1563915 0 21394696
1316733489 4  P 39197 1967549 0 21525346
1316940316 7  P 6038 1383724 0 21530960
1317329029 10  P 8751 1384974 0 21530997
1321010267 12  P 7730 1383826 0 21593637
1321546211 5  P 30118 1826383 0 21601197
1323934899 13  P 6213 1379820 0 21631585
1326109549 10  P 8891 1395940 0 21674850
1329972292 1  P 53846 2361041 0 21737347
1330208025 3  P 21588 1674876 0 21740865
1335434035 6  P 18398 1594664 0 21834487
1335949393 9  P 18665 1576351 0 21831872
1340695323 2  P 5559 1409568 0 21906085
1341682889 12  P 7784 1405507 0 21932334
1343248634 4  P 40793 2024074 0 21959742
1343849632 11  P 5648 1396582 0 21962527
1344784100 7  P 6124 1413498 0 21987135
1349120249 8  P 15558 1519235 0 22050806
1359374345 5  P 31184 1884252 0 22220948
1363900881 12  P 7817 1428210 0 22296343
1364810515 6  P 18900 1632953 0 22315771
1367394162 1  P 55307 2426470 0 22350456
1372377847 7  P 6205 1443114 0 22439220
1372778660 13  P 6355 1432591 0 22431837
1377136409 9  P 19019 1622970 0 22506671
1378807725 8  P 15831 1553839 0 22537200
1379203797 10  P 8931 1450472 0 22544724
1381661133 3  P 22611 1743482 0 22583858
1385139210 4  P 42230 2089466 0 22646054
1389164077 2  P 5692 1461471 0 22700173
1400686824 5  P 31750 1937854 0 22897785
1401333980 11  P 5785 1457826 0 22904349
1403495195 8  P 16020 1582750 0 22941671
1405323873 9  P 19527 1660961 0 22968486
1409409797 1  P 57139 2505477 0 23038829
1412170470 4  P 42779 2129834 0 23088906
1416273945 2  P 5796 1490732 0 23144333
1418815312 7  P 6260 1491405 0 23200042
1419364269 3  P 22981 1788389 0 23201575
1425449646 6  P 19821 1711357 0 23309261
1425575509 13  P 6389 1486971 0 23296857
1432885253 12  P 7886 1499524 0 23426578
1433677738 11  P 5844 1491609 0 23434266
1434843154 5  P 32394 1981993 0 23457389
1441843947 10  P 8978 1515144 0 23571005
1443615237 11  P 5949 1503547 0 23597079
1444229012 12  P 7926 1511405 0 23612433
1444867189 2  P 5858 1520942 0 23612779
1445044270 13  P 6429 1507336 0 23615831
1445078296 10  P 9061 1519641 0 23623992
1446887154 6  P 20015 1735810 0 23660485
1446913614 5  P 33368 2012317 0 23655145
1446973679 3  P 23731 1830111 0 23653916
1452729593 8  P 16391 1639544 0 23748319
1454863451 1  P 59956 2608194 0 23783526
1465964533 9  P 21015 1750485 0 23961995
1472326734 4  P 44680 2224844 0 24074456
1482737242 7  P 6358 1558557 0 24247313
1483104000 12  P 7993 1551890 0 24249352
1484552737 11  P 6025 1546016 0 24267773
1487402032 9  P 21380 1778423 0 24313222
1488417661 5  P 34568 2076262 0 24335143
1497842353 4  P 45356 2263400 0 24492498
1506152773 6  P 20553 1807529 0 24631462
1508231770 13  P 6928 1581670 0 24651088
1508687667 10  P 9170 1586453 0 24666151
1514338974 8  P 17294 1722502 0 24757719
1514757814 2  P 6109 1597778 0 24757825
1518894116 1  P 62910 2728667 0 24832581
1521612200 7  P 6482 1600533 0 24884202
1523647163 11  P 6387 1586474 0 24908289
1524348650 3  P 24851 1925435 0 24921597
1524846578 7  P 6553 1604783 0 24937189
1525676868 3  P 24851 1926898 0 24943354
1528981580 6  P 20856 1835575 0 25005477
1529683276 9  P 21960 1830958 0 25005946
1531951259 13  P 7019 1607549 0 25039706
1534303067 4  P 47280 2335971 0 25089838
1540042105 8  P 17354 1749766 0 25178829
1544222253 1  P 64885 2793750 0 25247546
1547619638 12  P 8191 1620797 0 25306359
1553726548 2  P 6230 1639726 0 25396282
1554281408 10  P 9597 1641186 0 25413143
1558374318 5  P 36106 2173092 0 25481282
1568249339 5  P 36256 2185786 0 25643074
1570223656 3  P 25592 1984441 0 25673202
1571338384 12  P 8282 1646674 0 25694966
1574419265 13  P 7061 1651243 0 25735499
1575702480 4  P 47917 2386844 0 25768099
1580479589 8  P 17562 1792179 0 25841349
1584284825 7  P 6623 1666909 0 25910997
1589445352 2  P 6344 1678039 0 25981486
1592568342 11  P 6478 1658302 0 26037489
1592597273 1  P 66634 2877813 0 26040110
1593250161 10  P 9631 1681302 0 26051602
1594620818 9  P 22675 1908991 0 26069872
1601496558 6  P 21874 1926824 0 26193532
1609495770 9  P 22836 1927166 0 26313580
1611179699 2  P 6391 1700716 0 26337570
1611917079 8  P 17594 1824553 0 26356409
1618656401 10  P 9991 1713064 0 26467849
1624801746 3  P 26375 2052329 0 26567393
1625287060 11  P 6533 1692588 0 26573547
1628455940 7  P 6802 1719625 0 26634667
1631905586 5  P 37899 2276745 0 26685979
1632842341 4  P 49898 2478160 0 26704244
1632949632 6  P 22157 1962968 0 26708835
1633025875 12  P 8408 1711737 0 26705649
1643300873 1  P 69309 2980726 0 26870820
1643606791 13  P 7116 1722674 0 26869063
1647042644 9  P 23396 1974377 0 26928743
1648510281 12  P 8497 1727913 0 26959344
1651237886 1  P 69829 2999312 0 27000856
1652307717 8  P 18078 1877437 0 27018157
1653874319 5  P 38187 2302452 0 27045905
1655565321 7  P 6863 1748414 0 27078814
1672813075 10  P 10024 1768867 0 27355136
1677521936 11  P 6622 1747507 0 27429356
1677591146 13  P 7215 1758994 0 27425860
1677849393 3  P 26903 2112814 0 27436513
1680617153 2  P 6783 1776351 0 27475219
1682170501 4  P 51269 2555250 0 27512395
1682824648 6  P 22699 2022637 0 27525965
1685684880 13  P 7477 1772162 0 27558465
1688308281 9  P 24164 2032736 0 27604809
1691182161 12  P 8682 1775057 0 27658473
1692296399 4  P 52096 2583823 0 27678280
1693129902 3  P 27390 2136455 0 27686861
1703031831 10  P 10506 1802257 0 27850216
1703507825 2  P 6873 1801201 0 27850257
1706362218 7  P 7098 1804583 0 27911048
1706621526 6  P 22904 2049588 0 27915838
1707943361 11  P 7105 1788790 0 27927768
1713578481 5  P 39707 2392908 0 28024054
1718144200 1  P 73342 3136935 0 28097021
1719792134 8  P 18383 1951026 0 28123808
1725159764 1  P 73490 3146879 0 28211961
1727106773 13  P 7510 1814853 0 28237117
1734791506 12  P 8772 1821054 0 28372966
1738453698 10  P 10725 1842393 0 28430544
1738929659 2  P 7051 1840733 0 28430594
1739396459 11  P 7523 1828309 0 28443091
1743395529 3  P 28066 2197653 0 28510396
1746762157 6  P 23326 2096944 0 28573495
1748229582 8  P 18640 1984106 0 28589723
1758218065 5  P 40300 2444964 0 28755410
1759045561 4  P 54382 2685134 0 28771862
1761831643 7  P 7543 1863072 0 28819844
1763340233 9  P 25089 2128410 0 28834091
1772094294 10  P 10900 1880118 0 28981707
1775370207 8  P 18710 2012840 0 29034378
1778652019 9  P 25173 2145343 0 29084956
1779480899 6  P 23839 2138334 0 29109544
1779773441 2  P 7147 1883946 0 29099772
1780825529 13  P 7693 1873537 0 29117240
1784036167 3  P 29099 2255858 0 29176237
1784378523 1  P 75661 3249828 0 29182172
1784385247 12  P 8813 1872255 0 29185507
1786702524 5  P 40888 2481625 0 29222082
1793018441 7  P 7640 1896637 0 29330797
1794240229 11  P 7556 1884599 0 29341649
1799826726 4  P 56445 2767030 0 29439993
1805817409 3  P 29223 2279269 0 29533095
1807563172 10  P 10982 1917356 0 29562816
1825057723 8  P 19123 2070461 0 29848446
1828340045 9  P 25355 2196721 0 29899034
1828545476 4  P 56557 2796614 0 29910515
1828557163 12  P 8876 1917863 0 29909216
1828737202 7  P 7772 1935468 0 29916008
1829294280 13  P 8103 1924506 0 29911348
1829394661 1  P 77183 3325830 0 29919698
1835077463 5  P 41448 2536737 0 30014641
1840122041 6  P 24571 2212801 0 30103072
1840648456 2  P 7553 1961623 0 30097130
1842037119 11  P 7639 1934763 0 30124749
1851505830 11  P 7722 1945871 0 30279882
1856403628 13  P 8253 1954907 0 30355506
1864393935 7  P 7868 1973671 0 30500184
1866108081 4  P 57646 2848852 0 30525915
1866463412 12  P 8917 1957302 0 30530265
1866680369 2  P 7638 1989578 0 30523630
1871233674 5  P 42892 2609631 0 30607004
1872573916 9  P 26659 2271080 0 30623741
1874262143 6  P 24972 2255295 0 30662403
1876503602 1  P 79664 3427808 0 30691518
1877745257 8  P 19762 2135919 0 30711665
1880172441 10  P 11023 1991922 0 30752429
1881333960 3  P 30494 2378002 0 30770330
1886469306 10  P 11056 1998331 0 30855593
1893432730 8  P 19939 2154758 0 30968684
1894871531 6  P 25379 2283276 0 31000054
1897523421 2  P 7721 2021948 0 31028953
1897948918 9  P 26856 2300270 0 31039463
1901724617 11  P 7762 1997717 0 31102659
1902799705 7  P 7914 2013447 0 31129399
1905114282 3  P 32060 2430490 0 31159933
1906582120 1  P 81781 3500000 0 31184305
1907200505 13  P 8782 2017956 0 31187754
1909202619 5  P 45146 2677626 0 31229061
1916697769 12  P 8949 2008522 0 31353297
1920904843 4  P 58512 2920279 0 31423650
1925621588 6  P 26232 2321290 0 31503844
1926398422 2  P 7791 2051614 0 31502019
1927323939 9  P 27963 2336772 0 31520736
1932541529 12  P 8982 2024663 0 31612874
1934222345 1  P 82818 3548728 0 31637152
1938451754 4  P 59488 2954181 0 31711128
1940952493 5  P 45797 2714906 0 31749239
1943784058 7  P 8084 2056978 0 31800861
1944708991 11  P 7925 2044113 0 31806903
1946203752 10  P 11726 2058904 0 31834261
1949864271 3  P 34028 2509341 0 31893099
1954888728 13  P 8973 2069974 0 31969066
1956698366 8  P 20294 2223588 0 32005195
1967635911 8  P 20455 2237406 0 32184390
1973879534 5  P 46285 2750692 0 32288709
1979590861 6  P 29076 2414330 0 32388061
1983545467 4  P 61111 3027720 0 32449913
1985870817 9  P 28875 2405664 0 32479961
1987127824 7  P 8125 2100849 0 32510990
1988838376 12  P 9037 2082645 0 32535238
1988844379 10  P 12133 2103249 0 32532879
1988872361 13  P 9042 2105294 0 32525852
1991992155 2  P 8088 2123820 0 32576682
1996551728 3  P 34313 2561282 0 32658001
2000053209 11  P 8098 2103621 0 32713655
2002972283 1  P 86334 3688097 0 32763530
2005063092 10  P 12574 2120842 0 32798592
2009808279 9  P 29489 2440086 0 32872144
2015286107 3  P 34476 2582854 0 32964936
2016164027 2  P 8228 2150687 0 32972694
2018248569 4  P 62864 3091263 0 33018459
2019262996 13  P 9202 2139375 0 33023762
2021105887 6  P 30778 2481303 0 33068217
2022100281 11  P 8175 2127146 0 33074866
2022827411 5  P 46790 2803934 0 33090663
2023174746 7  P 8158 2137313 0 33101557
2024034752 1  P 87351 3729770 0 33108608
2035307119 12  P 9537 2133106 0 33296574
2042182705 8  P 21012 2322278 0 33405746
2043266171 10  P 12676 2160218 0 33424500
2046514289 4  P 63908 3142835 0 33481553
2048723635 3  P 34791 2622064 0 33512765
2049465321 6  P 31401 2523077 0 33532850
2049656049 5  P 46847 2831929 0 33530216
2051862199 7  P 8277 2168403 0 33571559
2054068345 11  P 8293 2161612 0 33598630
2063167114 8  P 21195 2347028 0 33749545
2065382873 2  P 8304 2202231 0 33779083
2072878600 1  P 89759 3826392 0 33908857
2074839568 9  P 30909 2520270 0 33937589
2077416502 12  P 9570 2176438 0 33986492
2080747395 13  P 9313 2204401 0 34031117
2083867169 2  P 8490 2224523 0 34081920
2086237960 7  P 8324 2204356 0 34134757
2088902763 6  P 33286 2590516 0 34178971
2098264225 4  P 65960 3228679 0 34329379
2099625587 10  P 12769 2218868 0 34347887
2103558754 9  P 31135 2552459 0 34408106
2106787101 11  P 8395 2217143 0 34462365
2109942394 3  P 35108 2689749 0 34515756
2116472306 1  P 91223 3899137 0 34623081
2117624320 5  P 47028 2905227 0 34643794
2120010258 12  P 9762 2223544 0 34684342
2121091150 13  P 9416 2247554 0 34692106
2121604591 8  P 21762 2416398 0 34706968
2124726576 2  P 8560 2267170 0 34751346
2128498678 4  P 66859 3273824 0 34824719
2129385836 8  P 21902 2426626 0 34834452
2132447733 12  P 9795 2236505 0 34888113
2132483723 5  P 47200 2923684 0 34887244
2134344297 10  P 13265 2258042 0 34916707
2134356019 6  P 34960 2670685 0 34923646
2137880420 3  P 35663 2726199 0 34973477
2140823961 9  P 31698 2599943 0 35018646
2141331670 1  P 92349 3953383 0 35030365
2143638650 13  P 9505 2271619 0 35061516
2145971685 7  P 8698 2271412 0 35113404
2157021524 11  P 8471 2269359 0 35285388
2168262756 6  P 36050 2710893 0 35479152
2170284809 1  P 93914 4012929 0 35504721
2173308355 9  P 32889 2640757 0 35550860
2177085962 2  P 8601 2320603 0 35609176
2183094346 10  P 14343 2308106 0 35715418
2184622422 13  P 9672 2315836 0 35732988
2188348675 3  P 38120 2822381 0 35800323
2193354670 8  P 23228 2495779 0 35882497
2193443383 11  P 8654 2309202 0 35882114
2194311115 4  P 68592 3381781 0 35902937
2199409098 7  P 9053 2329741 0 35988887
2200562364 5  P 48914 3024745 0 36002603
2202291518 12  P 9892 2308053 0 36032423
2212686099 4  P 68811 3403449 0 36203984
2222080985 7  P 9206 2354985 0 36360327
2222132828 2  P 8856 2371199 0 36347217
2223173133 10  P 14730 2349528 0 36372061
2224335726 1  P 96077 4110220 0 36390277
2225246595 6  P 37127 2770221 0 36412755
2227966911 13  P 9790 2361662 0 36443138
2235630877 11  P 8791 2353214 0 36573304
2237589479 12  P 10055 2347151 0 36610733
2237639920 5  P 50144 3078520 0 36610061
2239307817 3  P 39761 2901272 0 36635220
2239995312 8  P 24061 2551439 0 36646650
2243573931 9  P 34448 2734075 0 36702061
2252055441 2  P 9110 2405846 0 36837434
2253409753 1  P 97313 4163448 0 36866613
2255214519 9  P 34482 2745884 0 36892776
2258323143 12  P 10169 2370088 0 36950421
2260624332 5  P 51341 3123569 0 36986625
2264013767 13  P 9858 2399572 0 37033725
2265268485 7  P 9358 2400252 0 37067899
2267682772 8  P 24486 2586819 0 37100275
2268110026 10  P 14861 2397537 0 37108298
2274262169 6  P 37815 2820881 0 37215789
2277740278 11  P 8903 2397953 0 37263193
2280411152 3  P 41946 2982195 0 37308648
2282373622 4  P 69503 3484291 0 37345715
2283537852 11  P 8957 2404347 0 37358180
2284018481 7  P 9562 2422210 0 37375093
2284201743 4  P 69608 3487819 0 37375665
2294011349 8  P 24837 2613595 0 37531633
2295598678 3  P 42352 3003696 0 37557474
2297195356 2  P 9412 2456910 0 37576984
2299166921 12  P 10276 2413420 0 37619600
2300497448 13  P 9920 2437246 0 37631459
2302089590 9  P 35564 2812427 0 37660766
2309329991 5  P 53973 3224804 0 37784597
2318641250 10  P 14902 2449455 0 37936192
2319847723 1  P 100409 4291571 0 37955094
2322449754 6  P 37847 2870466 0 38005273
2324531030 5  P 54155 3243233 0 38033647
2328169266 13  P 9960 2465844 0 38084823
2334676769 3  P 43990 3064628 0 38197715
2336027069 9  P 35973 2853813 0 38216787
2337904888 4  P 70113 3550712 0 38255519
2339393459 7  P 9729 2480640 0 38282314
2341637170 6  P 38241 2891036 0 38319629
2346104445 12  P 10323 2461603 0 38388614
2348885838 8  P 25321 2677442 0 38430683
2353005877 11  P 9004 2475586 0 38496330
2356597713 1  P 101906 4358232 0 38557194
2361313091 10  P 15326 2494263 0 38635321
2361929702 2  P 9858 2529437 0 38637563
2363651299 12  P 10357 2479567 0 38676099
2364922429 10  P 15519 2501481 0 38694454
2374629878 3  P 45065 3122253 0 38852292
2375957077 1  P 102682 4393315 0 38874370
2379792662 9  P 36394 2899102 0 38933834
2383570333 2  P 9998 2554571 0 38992105
2387561868 5  P 56009 3341673 0 39066323
2387581394 7  P 10205 2537137 0 39071808
2391279864 4  P 70857 3615946 0 39129987
2395824650 6  P 38431 2950150 0 39207416
