253486381 7  P 1982 246905 0 4107760
255718078 10  P 4740 253760 0 4137964
256072146 8  P 5663 259072 0 4142593
262694505 2  P 1953 259552 0 4244495
265591124 4  P 3234 287388 0 4304126
266052634 11  P 2348 261556 0 4304114
272310561 5  P 3206 285160 0 4411102
272456833 3  P 2508 280095 0 4411136
279479723 6  P 3580 283951 0 4534238
279955416 1  P 3232 308213 0 4534280
280387169 13  P 2999 275639 0 4534266
290384451 12  P 2703 286944 0 4708031
291037398 9  P 5580 307897 0 4712358
298167735 6  P 3687 304503 0 4840411
299074640 13  P 3230 298324 0 4840437
300273167 2  P 2207 301843 0 4860168
302388063 4  P 4617 348148 0 4906976
306165830 8  P 6322 314985 0 4963315
306353882 9  P 6007 330777 0 4963297
313405550 10  P 5286 315769 0 5083093
314533574 1  P 4694 371828 0 5100795
322821909 12  P 2882 323252 0 5239478
330098722 11  P 2853 329629 0 5353404
333503612 3  P 3478 352020 0 5411308
337892597 7  P 2975 338585 0 5490634
338732423 5  P 4992 380243 0 5499325
352401533 6  P 4233 363165 0 5728962
353303822 2  P 2693 359170 0 5729011
353309089 13  P 3270 353799 0 5729001
353743817 12  P 3269 355231 0 5746099
353853326 8  P 6672 363244 0 5744624
354067546 11  P 2916 354281 0 5746105
355747509 4  P 5737 418725 0 5781199
356093078 10  P 5363 359695 0 5782478
357814744 1  P 5552 432063 0 5809904
358025910 9  P 7173 397385 0 5809881
361409998 3  P 3823 385873 0 5868519
388076210 5  P 6362 453931 0 6307763
391876997 7  P 3114 396186 0 6375094
399009568 8  P 6769 411168 0 6484455
407931284 12  P 3468 414453 0 6633905
408613446 9  P 7554 454860 0 6638703
418519239 3  P 4252 451485 0 6804188
420200478 4  P 8110 529001 0 6837153
421100712 2  P 2810 430855 0 6839789
422327434 10  P 5820 430191 0 6867658
429138657 5  P 7261 512181 0 6980522
432892903 1  P 8427 564249 0 7039960
436542174 6  P 4802 458401 0 7107493
438473785 11  P 2978 441451 0 7129006
439220744 7  P 3155 444906 0 7150761
442746576 13  P 3409 447696 0 7194345
449120296 6  P 4929 473249 0 7313566
454749312 10  P 5902 464544 0 7398850
454816112 3  P 4863 498793 0 7398870
458924134 1  P 9278 607104 0 7466446
462369528 9  P 8340 524427 0 7519412
464095718 7  P 3218 471481 0 7558296
464960104 2  P 2975 478910 0 7558378
482982423 5  P 8309 585274 0 7862684
483918423 13  P 3545 492146 0 7868905
486197885 8  P 6809 500879 0 7912936
488150078 12  P 3543 497748 0 7948206
488591551 4  P 10053 629137 0 7957641
492458171 11  P 3018 497054 0 8013479
495112993 3  P 5024 541552 0 8059072
498936810 10  P 5942 510062 0 8122806
503137153 13  P 3917 512564 0 8183778
506475694 2  P 3144 524578 0 8238559
510917150 6  P 5191 540642 0 8326013
516056488 8  P 6993 534655 0 8402136
526279073 4  P 11520 687997 0 8575094
527529360 5  P 9163 643268 0 8592520
531862106 1  P 12005 734991 0 8661427
533478898 9  P 9004 606910 0 8684461
533630548 11  P 3093 539852 0 8688042
540189556 7  P 3279 550149 0 8804998
542134939 12  P 3598 553397 0 8832690
546333142 11  P 3149 553463 0 8896158
546621530 13  P 3987 557852 0 8896218
550603360 8  P 7033 570147 0 8968141
555573415 6  P 5569 591737 0 9057617
555626998 7  P 3347 566711 0 9057910
557377696 1  P 13336 788095 0 9079462
558385564 9  P 10209 655987 0 9092507
559835127 2  P 3299 581832 0 9112766
579284899 3  P 6305 648922 0 9438097
582717988 5  P 10918 738493 0 9496679
584294662 4  P 13931 794978 0 9525583
588156372 10  P 6032 601975 0 9584556
589478163 12  P 4056 604077 0 9608358
605759631 8  P 7066 626375 0 9871809
606481624 13  P 4384 625898 0 9876961
607798902 7  P 3524 622485 0 9912682
611213353 12  P 4117 627059 0 9964459
613881985 2  P 3639 643282 0 9998259
614677391 11  P 3771 628594 0 10015889
621902063 6  P 7333 684313 0 10144304
627995441 9  P 12082 744855 0 10232975
628420051 4  P 14345 846311 0 10248510
629769889 3  P 7730 728286 0 10265223
629811416 5  P 11191 790390 0 10268233
641640395 10  P 6412 663296 0 10460795
641893733 1  P 16887 948004 0 10464147
647846138 7  P 3565 663795 0 10568806
650979286 8  P 7164 673987 0 10612674
652714145 9  P 12129 770767 0 10637959
655587961 12  P 4261 674680 0 10691480
656192918 11  P 3898 673245 0 10696073
656569875 2  P 3729 688520 0 10697625
659840732 13  P 4533 683117 0 10751160
664312962 10  P 6488 687807 0 10832241
665558199 6  P 8509 746151 0 10859547
684629056 3  P 9151 807855 0 11164018
691858279 5  P 11673 861757 0 11284777
691956655 1  P 18596 1033108 0 11284360
692404528 4  P 15264 925165 0 11296788
699198495 9  P 13281 836444 0 11399551
700480086 6  P 8905 788591 0 11431703
700530988 10  P 6550 725342 0 11425616
703202029 5  P 11937 877021 0 11470625
703393029 7  P 3664 722068 0 11478863
710435679 4  P 15967 954386 0 11592207
713275436 12  P 4767 736980 0 11636624
713599206 11  P 4107 735459 0 11636597
717666315 8  P 7569 743254 0 11705253
718316023 1  P 19878 1085397 0 11716219
718934494 13  P 4566 743325 0 11719314
722804283 2  P 3799 756848 0 11782800
729926363 3  P 10498 876784 0 11906141
745389516 5  P 12140 923513 0 12161803
747244201 12  P 4828 772202 0 12193165
749755503 11  P 4211 773261 0 12228971
756575109 13  P 4606 782059 0 12335992
758241774 2  P 3947 795450 0 12363401
760551896 3  P 10540 908148 0 12407900
762154839 4  P 17307 1031101 0 12439545
762574268 6  P 11475 879028 0 12449020
765900651 8  P 7749 795540 0 12495519
773814896 7  P 4165 797064 0 12632630
777769894 1  P 22325 1193777 0 12690292
788859132 10  P 6733 818444 0 12872764
793542247 9  P 14714 949770 0 12945264
794658640 7  P 4219 818793 0 12974130
799431746 12  P 4927 827202 0 13048197
809373580 4  P 18415 1095116 0 13213158
820322509 8  P 8099 851313 0 13387158
822809496 13  P 4717 851119 0 13421172
824679237 2  P 4298 863814 0 13451892
825527403 9  P 15145 988693 0 13469301
830364806 11  P 4624 857119 0 13549663
833098222 3  P 10711 985351 0 13596486
834577427 5  P 12402 1017874 0 13623002
834746564 6  P 12858 968033 0 13631476
839941019 1  P 24335 1296657 0 13708889
840796605 10  P 7237 874311 0 13723690
851302309 11  P 4772 880607 0 13892691
852206658 1  P 24682 1315907 0 13909847
853650451 12  P 5054 884587 0 13936514
858246995 13  P 4837 889357 0 14001774
860436848 5  P 12498 1044393 0 14046669
864795503 4  P 20728 1190237 0 14121161
866074663 6  P 14392 1027545 0 14144729
866460499 2  P 4530 910424 0 14136424
867593481 10  P 7277 901849 0 14162719
874995810 9  P 15666 1049045 0 14279772
880510732 8  P 8140 912876 0 14373248
888067410 3  P 10765 1041805 0 14497079
891252423 7  P 4252 916837 0 14556697
893358678 5  P 13756 1089258 0 14586054
893697503 8  P 8202 927034 0 14589300
901590744 13  P 4871 934119 0 14711909
902824748 6  P 15462 1080346 0 14746817
904886437 9  P 15970 1084281 0 14769492
907634817 12  P 5087 940170 0 14820980
912362889 1  P 27362 1422841 0 14895428
913924263 7  P 4308 940057 0 14928147
917426774 3  P 10805 1071864 0 14978096
924396065 11  P 4805 955595 0 15090207
926319871 2  P 4929 975779 0 15117140
933061093 4  P 23706 1306792 0 15239576
933062251 10  P 7459 971676 0 15235344
943473624 3  P 10950 1101374 0 15404842
950143010 7  P 4684 984345 0 15521551
950978589 12  P 5135 984634 0 15531118
953556868 8  P 8382 990829 0 15570023
956507798 2  P 5075 1007975 0 15611724
960058994 6  P 16970 1168005 0 15684507
965112899 1  P 29303 1517210 0 15759665
985230159 9  P 17253 1181182 0 16085832
986318362 11  P 4864 1020231 0 16104732
987515000 5  P 14677 1190125 0 16128680
987607965 4  P 24971 1384076 0 16133234
988638013 13  P 5239 1023417 0 16138082
989672030 10  P 7585 1032013 0 16162824
996154997 4  P 25123 1394160 0 16273259
1005300343 7  P 5132 1048657 0 16425221
1007968870 10  P 7746 1053556 0 16462590
1009746538 6  P 17580 1227488 0 16498566
1014394131 1  P 30621 1592294 0 16567077
1016177702 11  P 4939 1051371 0 16593940
1018414025 2  P 6034 1092521 0 16625965
1023494793 8  P 8574 1065712 0 16715871
1026421204 5  P 15475 1244791 0 16766099
1032161189 3  P 11382 1197744 0 16857879
1033183264 9  P 17962 1245653 0 16871479
1036606748 13  P 5279 1072970 0 16923972
1038026335 12  P 5182 1074361 0 16957288
1052108668 5  P 15894 1272584 0 17186952
1053222294 1  P 31433 1646877 0 17203231
1054476537 2  P 6407 1134820 0 17216788
1057652774 6  P 18369 1286771 0 17283453
1058115191 11  P 4981 1094858 0 17281039
1063849152 3  P 11430 1230508 0 17377049
1064794717 13  P 5325 1102193 0 17385785
1067964566 9  P 18435 1291213 0 17441317
1077373609 4  P 27621 1521429 0 17603901
1079703250 10  P 7786 1127280 0 17637865
1082792135 8  P 8607 1126578 0 17687382
1085994645 12  P 5238 1124219 0 17743198
1090409113 7  P 5317 1138818 0 17819622
1101833017 3  P 11479 1269976 0 17999366
1102855891 6  P 19585 1353730 0 18024046
1104304674 2  P 6638 1189261 0 18033157
1105880825 11  P 5042 1144674 0 18063626
1108403612 13  P 5414 1147743 0 18100265
1109593090 5  P 16234 1337519 0 18128751
1114182097 12  P 5285 1153558 0 18205019
1114972273 1  P 34570 1772142 0 18214927
1117205953 7  P 5386 1167109 0 18258647
1117795496 4  P 29231 1588660 0 18266142
1121260439 8  P 8674 1166823 0 18317631
1126547624 10  P 7833 1175598 0 18405349
1132698926 9  P 19136 1366768 0 18501906
1145639934 5  P 16762 1384559 0 18719325
1153484503 10  P 8193 1203343 0 18846679
1154273530 2  P 7418 1251978 0 18851822
1155176764 3  P 11520 1324770 0 18873337
1156169255 13  P 5462 1196965 0 18882852
1157791516 12  P 5338 1198782 0 18919515
1159186087 4  P 29847 1641375 0 18944268
1162447930 8  P 8858 1212154 0 18992440
1163918407 6  P 21786 1451898 0 19024459
1171355191 9  P 19963 1420653 0 19135244
1182674716 7  P 5426 1234242 0 19331265
1188644174 1  P 37124 1896860 0 19421945
1190990243 11  P 5077 1231922 0 19458047
1201388018 13  P 5638 1246525 0 19623694
1202762187 9  P 20279 1456737 0 19649812
1207401137 8  P 9042 1261733 0 19728948
1209708033 3  P 11591 1381596 0 19766769
1217787121 11  P 5244 1262641 0 19897069
1223934020 6  P 23239 1536876 0 20007732
1227578296 10  P 8250 1279879 0 20060620
1228749294 5  P 17655 1479667 0 20080969
1229088424 12  P 5498 1275094 0 20087636
1232534792 1  P 38509 1968908 0 20141039
1235914082 2  P 7876 1342937 0 20189404
1238373633 4  P 33011 1777896 0 20241633
1239284110 7  P 5611 1295480 0 20258728
1245425401 1  P 39047 1992590 0 20352237
1250775890 12  P 5598 1302291 0 20442962
1254010955 8  P 9075 1309853 0 20492590
1257581465 7  P 5702 1315472 0 20558508
1258683292 9  P 21141 1527735 0 20566017
1262379892 3  P 11749 1438065 0 20629733
1263000138 10  P 8435 1319350 0 20640961
1267874049 4  P 33895 1813358 0 20724949
1279686823 5  P 17889 1535350 0 20915517
1283256365 11  P 5284 1329891 0 20969680
1283585929 2  P 8490 1402043 0 20970446
1288341041 6  P 23800 1609076 0 21062954
1289872386 13  P 5821 1340678 0 21073418
1295824742 9  P 21636 1574045 0 21174534
1299474609 11  P 5389 1348176 0 21235397
1303967310 4  P 34801 1863544 0 21316284
1304359485 10  P 8476 1362029 0 21318586
1307105910 6  P 24720 1644700 0 21370386
1308744614 12  P 5660 1362723 0 21392719
1313624309 5  P 18334 1578367 0 21471531
1318216136 13  P 5912 1370943 0 21537795
1323229206 8  P 9191 1382722 0 21626656
1323976555 2  P 8830 1447467 0 21632177
1329315346 7  P 5758 1389452 0 21733766
1334987927 1  P 42590 2152923 0 21819606
1335989293 3  P 11839 1514833 0 21835734
1346561795 5  P 18489 1615141 0 22011172
1348802725 11  P 5574 1402266 0 22043584
1349763012 13  P 5945 1403424 0 22054656
1351233030 4  P 35683 1927163 0 22090661
1353453252 10  P 8517 1412386 0 22122924
1360543417 6  P 25874 1718738 0 22245894
1361583025 3  P 11872 1541119 0 22255058
1367320333 2  P 9140 1496165 0 22342302
1372034764 1  P 44160 2225698 0 22426578
1376159091 7  P 5952 1441294 0 22501233
1377480165 9  P 22789 1680575 0 22512346
1378713569 8  P 9373 1443284 0 22535700
1382932132 12  P 5843 1441686 0 22608196
1393818362 11  P 5942 1447631 0 22781109
1395135260 12  P 6193 1453670 0 22808129
1395754894 3  P 11906 1576277 0 22814919
1403886448 9  P 23491 1706849 0 22944968
1404138045 13  P 6668 1458463 0 22945523
1407668476 6  P 27044 1780554 0 23017966
1412375820 10  P 8664 1472502 0 23088268
1416909772 1  P 45829 2305077 0 23161789
1419577421 5  P 19288 1703099 0 23207419
1428760855 8  P 11282 1513108 0 23355652
1432627856 7  P 6898 1512230 0 23426374
1437404838 4  P 37978 2055379 0 23502447
1439555109 2  P 10884 1601011 0 23525771
1447777796 6  P 27777 1823038 0 23675110
1453966167 13  P 7013 1509325 0 23761894
1454488658 1  P 46837 2363630 0 23777469
1454746681 8  P 11795 1549620 0 23781402
1457328290 10  P 8719 1517916 0 23824757
1461010281 12  P 7053 1525066 0 23887420
1474224626 11  P 7029 1530641 0 24098475
1477362230 7  P 7204 1560247 0 24159284
1480952451 5  P 20063 1772742 0 24212973
1481217343 4  P 39085 2119395 0 24220238
1485445718 2  P 12127 1661992 0 24277623
1486308292 9  P 24303 1792726 0 24295355
1487661162 3  P 12151 1673770 0 24320691
1496107962 4  P 39266 2138052 0 24464197
1497745763 9  P 24423 1806488 0 24482742
1503354792 12  P 7508 1570604 0 24581189
1504317394 3  P 12258 1692406 0 24593583
1504418385 6  P 28638 1889473 0 24603089
1504690334 7  P 7548 1593799 0 24607016
1513242585 2  P 12905 1703010 0 24733034
1516347284 1  P 49812 2485125 0 24790944
1523903685 13  P 7397 1581453 0 24907744
1525682767 8  P 12880 1634666 0 24943607
1527750163 10  P 9015 1594079 0 24978532
1529186786 5  P 20418 1828460 0 25003227
1532912676 11  P 7104 1590855 0 25060013
1551074682 6  P 28884 1942358 0 25367495
1553124283 5  P 20974 1863566 0 25395417
1553207206 1  P 50590 2537823 0 25394847
1553417085 8  P 12984 1664588 0 25398002
1553646465 11  P 7474 1612280 0 25399714
1554228991 12  P 7941 1624431 0 25414706
1554504883 3  P 12307 1744487 0 25415841
1554841152 13  P 7514 1614866 0 25414619
1557842337 4  P 40675 2225875 0 25475624
1562636416 9  P 24778 1872869 0 25545897
1574002836 7  P 8334 1674811 0 25742582
1579758227 2  P 14096 1788244 0 25822802
1593125146 10  P 9464 1667667 0 26049611
1594276545 12  P 8040 1667087 0 26070844
1596508248 2  P 14338 1812506 0 26097234
1597045453 4  P 41571 2281338 0 26117915
1597889906 5  P 21784 1924132 0 26128838
1602490711 11  P 7775 1666739 0 26199966
1603893466 7  P 8608 1713124 0 26232290
1611723646 3  P 12443 1805504 0 26353303
1621448839 8  P 15187 1770780 0 26512617
1630140761 10  P 9989 1714128 0 26656057
1634902076 9  P 24900 1947728 0 26729884
1635575686 13  P 8001 1699242 0 26737358
1635698708 6  P 29943 2042750 0 26753944
1637894167 1  P 53807 2690335 0 26782341
1647207996 3  P 12616 1844824 0 26934667
1647607946 4  P 42317 2343636 0 26946307
1652956694 7  P 9276 1774947 0 27036129
1660245245 8  P 15743 1820905 0 27148247
1662476959 2  P 15988 1908637 0 27178047
1668449711 6  P 30288 2086517 0 27290517
1672468049 5  P 22250 2007996 0 27350703
1679839549 9  P 25076 1996949 0 27466135
1683247411 13  P 8290 1753558 0 27518406
1684157277 10  P 10180 1772601 0 27541045
1684755865 11  P 8098 1756172 0 27547792
1685041537 12  P 9529 1762941 0 27557926
1692166747 1  P 56318 2794805 0 27671525
1694199095 8  P 16564 1871034 0 27704535
1697828687 10  P 10510 1791540 0 27765033
1697879899 3  P 12787 1899976 0 27764866
1703800107 7  P 10349 1845886 0 27869114
1703807127 12  P 9569 1782587 0 27865378
1704545461 4  P 43269 2416169 0 27879151
1706302736 11  P 8180 1779101 0 27900812
1706591143 13  P 8330 1777433 0 27900865
1711383203 2  P 16972 1970873 0 27979309
1729402815 6  P 30704 2155833 0 28289139
1733933812 9  P 25116 2051856 0 28352395
1740722304 1  P 57998 2881016 0 28467046
1740905558 5  P 23374 2102009 0 28471934
1751769634 7  P 11435 1916070 0 28655030
1753777051 9  P 25198 2073407 0 28677506
1754012144 6  P 31303 2185071 0 28692328
1758351967 2  P 18049 2037668 0 28748842
1759082408 1  P 58359 2906940 0 28767853
1759396466 11  P 8911 1841369 0 28770694
1770233665 5  P 23662 2137304 0 28952436
1771967315 4  P 44067 2496884 0 28983754
1781067397 3  P 12854 1985844 0 29127798
1782859941 10  P 11498 1899798 0 29158134
1785995248 8  P 17147 1975329 0 29208502
1791713921 12  P 9602 1872462 0 29305640
1791794238 13  P 8698 1865429 0 29296819
1793918412 6  P 31558 2230333 0 29346137
1796026498 8  P 17776 1996760 0 29372845
1798577415 5  P 24260 2177751 0 29416815
1804948280 12  P 9650 1886388 0 29522468
1807691328 7  P 12283 1985228 0 29571231
1816982463 13  P 8732 1891655 0 29709501
1824426786 3  P 13016 2033316 0 29838181
1825761434 9  P 26104 2159238 0 29856861
1838281845 10  P 11574 1957157 0 30066122
1838378579 1  P 60766 3034773 0 30067016
1839555121 2  P 19559 2144045 0 30079244
1842795491 4  P 45318 2588756 0 30144172
1843318364 11  P 8965 1928045 0 30145660
1847440752 7  P 12452 2027704 0 30222476
1852590292 6  P 31965 2297852 0 30307393
1858581704 1  P 61360 3066496 0 30398016
1859245781 9  P 26193 2195073 0 30405465
1866370073 12  P 10013 1949420 0 30528791
1867641216 10  P 11839 1991588 0 30547126
1870367693 2  P 20192 2185184 0 30584068
1877396493 11  P 9073 1964656 0 30703989
1880341121 13  P 8773 1956871 0 30747566
1881520510 3  P 13436 2093210 0 30773598
1882436875 5  P 25203 2280690 0 30790750
1887667142 8  P 19245 2111000 0 30874268
1892170462 4  P 46402 2657937 0 30953101
1901943368 11  P 9143 1990685 0 31106165
1903683301 9  P 26383 2243593 0 31133525
1904323881 8  P 19364 2130061 0 31147169
1905112918 1  P 63053 3145980 0 31160374
1907582108 7  P 13090 2097734 0 31207809
1918842808 4  P 46701 2690213 0 31390088
1921656801 10  P 12359 2055079 0 31432109
1924280580 5  P 25941 2338052 0 31476295
1924815933 2  P 21296 2257725 0 31476122
1926278664 13  P 8907 2006083 0 31500200
1929301761 3  P 13767 2148477 0 31556437
1929729448 12  P 10055 2014323 0 31566867
1938762241 6  P 32725 2399571 0 31719202
1944464549 9  P 26417 2285791 0 31801677
1944927746 11  P 9184 2034969 0 31810414
1952999421 5  P 26265 2373380 0 31946817
1957075526 13  P 8940 2037716 0 32004773
1958019718 1  P 65149 3239703 0 32027187
1959949690 6  P 33281 2431847 0 32066325
1968823174 12  P 10187 2056346 0 32207375
1969695697 2  P 22493 2323057 0 32211411
1973972006 7  P 13817 2175967 0 32295522
1977748605 4  P 47232 2756211 0 32355158
1985776497 8  P 20534 2234333 0 32481672
1987844303 10  P 12721 2132772 0 32516514
1988833012 3  P 13929 2212613 0 32531780
1997857968 4  P 47511 2781327 0 32684623
1997987633 7  P 13939 2201588 0 32688989
2002544270 13  P 8987 2084494 0 32749731
2010453691 10  P 12797 2157039 0 32886944
2014417131 8  P 20954 2271394 0 32950911
2014483707 5  P 27019 2450070 0 32954165
2020476963 2  P 23288 2388419 0 33043404
2024260671 12  P 10371 2116555 0 33115657
2025224104 3  P 14084 2252549 0 33128003
2028511418 9  P 26587 2374775 0 33178685
2036137167 6  P 33533 2513874 0 33314565
2038081624 1  P 68152 3373170 0 33338902
2042318381 11  P 9265 2135497 0 33406059
2043593767 5  P 27414 2487633 0 33431094
2046425388 1  P 68232 3382988 0 33475605
2051932558 12  P 10433 2145804 0 33569030
2053961399 2  P 24288 2438765 0 33592005
2055391184 10  P 12915 2203492 0 33623184
2057005869 11  P 9298 2150711 0 33646696
2057143932 7  P 15118 2276547 0 33658188
2058708088 3  P 14200 2288265 0 33676588
2065139283 4  P 48542 2865657 0 33786921
2070747124 6  P 33608 2550358 0 33881599
2081073403 8  P 21662 2352448 0 34042995
2088480193 9  P 26771 2439328 0 34161208
2093153679 13  P 9021 2177391 0 34234268
2097240225 11  P 9338 2192096 0 34305895
2104151337 12  P 10790 2199624 0 34424577
2104567396 3  P 14255 2335991 0 34427923
2105260951 8  P 22574 2394838 0 34439280
2107254267 1  P 70606 3491824 0 34472206
2115684055 6  P 33889 2601223 0 34617833
2115795496 4  P 49420 2931099 0 34616849
2121468072 5  P 28237 2582393 0 34706961
2122117696 2  P 25791 2533213 0 34708669
2126091677 13  P 9068 2211270 0 34773921
2137328745 10  P 13108 2287755 0 34965628
2137487629 7  P 16514 2383765 0 34974507
2139198925 9  P 27169 2492447 0 34992170
2146034532 7  P 16554 2392548 0 35114530
2148839542 12  P 10973 2248688 0 35156746
2151621548 6  P 34259 2644096 0 35206605
2153577452 4  P 50040 2978197 0 35235850
2153662115 11  P 9379 2249976 0 35230308
2156266217 10  P 13246 2308401 0 35275891
2159003549 1  P 72510 3580156 0 35320051
2161184912 13  P 9101 2247284 0 35348886
2167433998 9  P 27267 2522997 0 35454765
2168286134 3  P 14729 2403943 0 35471885
2171686848 5  P 29255 2652897 0 35529728
2190477017 2  P 27164 2625481 0 35828649
2190964018 8  P 23226 2493036 0 35843425
2195307574 12  P 11021 2296350 0 35918073
2196855363 8  P 23514 2504270 0 35939947
2197539467 2  P 27275 2634570 0 35944360
2198065788 7  P 17194 2452427 0 35966991
2199380865 11  P 9460 2297721 0 35979361
2201864265 3  P 14776 2438961 0 36022011
2204608724 5  P 29402 2688880 0 36069112
2204998614 4  P 50926 3043513 0 36078316
2215598027 1  P 74251 3670700 0 36247281
2225855165 9  P 27351 2583914 0 36411934
2232559027 6  P 35072 2734843 0 36532669
2235106759 13  P 9133 2323215 0 36560020
2236203737 10  P 13357 2390647 0 36585577
2243654847 4  P 51228 3091047 0 36711649
2247416945 12  P 11054 2349992 0 36771826
2255430085 2  P 28597 2716967 0 36892824
2260362630 7  P 17559 2521317 0 36987643
2260966179 13  P 9188 2350065 0 36983697
2261115262 11  P 9499 2361078 0 36990813
2261573892 9  P 27468 2622381 0 36997142
2265409848 1  P 75187 3739191 0 37063376
2269542132 8  P 24629 2599176 0 37130832
2275188076 10  P 13745 2437521 0 37224281
2288801774 3  P 14866 2529163 0 37446381
2288843092 5  P 30325 2791925 0 37449185
2289106647 6  P 35317 2796782 0 37459122
2296421202 5  P 30359 2800015 0 37573342
2298120263 8  P 24662 2628624 0 37599053
2303213794 12  P 11088 2407294 0 37685998
2303755928 11  P 9665 2408158 0 37689434
2309925129 7  P 18385 2584844 0 37799652
2318332983 3  P 14965 2561082 0 37930213
2319159830 1  P 77255 3834076 0 37943996
2319261409 9  P 27509 2681903 0 37942289
2333513035 13  P 9228 2424436 0 38172301
2336527801 6  P 35791 2854204 0 38236038
2337876154 10  P 14035 2506124 0 38251350
2338045492 4  P 53178 3221284 0 38258083
2339399628 2  P 30536 2833817 0 38268564
2349230144 9  P 27565 2712866 0 38433294
2351385862 8  P 25208 2692439 0 38471744
2354428124 11  P 10024 2460127 0 38519634
2357504896 3  P 15014 2601568 0 38571983
2359566040 1  P 78669 3902403 0 38605990
2363953703 10  P 14527 2544813 0 38678595
2367450359 6  P 36035 2889944 0 38742658
2384831919 7  P 18759 2666352 0 39026910
2388481773 13  P 9574 2480744 0 39072906
2388937583 5  P 31336 2912251 0 39089106
2389414489 2  P 31546 2898153 0 39087999
2391609513 4  P 53921 3289307 0 39135653
2392682566 12  P 11510 2499505 0 39151851
2397417714 9  P 27606 2762255 0 39222789
2399154875 4  P 54030 3297135 0 39259268
