253436303 10  P 136 4057958 0 4100598
253509085 8  P 179 4057913 0 4100607
259104117 6  P 188 4157740 0 4200452
259141656 7  P 81 4157850 0 4200441
259262420 4  P 259 4157671 0 4200461
259450223 5  P 81 4157852 0 4200455
259596426 3  P 81 4157850 0 4200449
259869026 9  P 125 4159088 0 4201725
260006011 2  P 81 4157849 0 4200450
262087086 12  P 129 4201839 0 4244475
262267418 1  P 243 4072184 0 4244491
262410795 11  P 126 4201841 0 4244485
262699207 13  P 128 4201840 0 4244481
266736122 1  P 272 4145370 0 4317706
268110874 7  P 100 4304776 0 4347374
268324935 4  P 476 4305929 0 4348936
268419440 5  P 100 4304778 0 4347387
270581238 3  P 100 4337799 0 4380404
270990823 2  P 100 4337798 0 4380408
272526060 6  P 337 4377490 0 4420342
272962786 9  P 144 4373597 0 4416248
279545668 10  P 155 4485714 0 4528365
279774520 12  P 148 4491610 0 4534266
280098246 11  P 145 4491612 0 4534272
280386656 13  P 147 4491611 0 4534265
281415331 8  P 396 4514906 0 4557813
283743278 12  P 167 4556615 0 4599289
284067004 11  P 164 4556617 0 4599292
284355414 13  P 166 4556616 0 4599283
285470216 7  P 119 4589172 0 4631769
285778784 5  P 119 4589174 0 4631780
285924988 3  P 118 4589173 0 4631780
286139423 10  P 173 4593727 0 4636383
286334573 2  P 118 4589172 0 4631782
288493455 8  P 513 4630755 0 4673773
290244767 6  P 719 4667405 0 4710630
290884651 9  P 163 4667209 0 4709859
292434742 4  P 1052 4700351 0 4743930
293001790 1  P 617 4575352 0 4748036
305731598 4  P 1071 4918188 0 4961784
308259080 8  P 531 4954576 0 4997608
308461996 12  P 196 4961577 0 5004278
308785718 11  P 193 4961579 0 5004281
309074132 13  P 195 4961577 0 5004271
309845463 1  P 699 4851233 0 5024003
312563982 7  P 138 5033057 0 5075655
312872548 5  P 137 5033060 0 5075667
313018753 3  P 136 5033059 0 5075674
313428338 2  P 136 5033058 0 5075672
314483194 10  P 191 5058092 0 5100754
319119791 6  P 934 5140273 0 5183705
321603373 9  P 193 5170474 0 5213142
323485841 7  P 157 5211982 0 5254590
323794406 5  P 156 5211985 0 5254601
323923587 1  P 829 5081757 0 5254657
323940611 3  P 155 5211984 0 5254611
324350195 2  P 155 5211983 0 5254605
325572877 6  P 986 5245948 0 5289428
327930735 12  P 215 5280534 0 5323252
328254458 11  P 212 5280536 0 5323249
328542870 13  P 214 5280534 0 5323247
329294209 4  P 1583 5303715 0 5347822
329962181 8  P 760 5309929 0 5353183
330576897 10  P 222 5321741 0 5364426
330837746 9  P 211 5321751 0 5364429
345998826 10  P 240 5574396 0 5617096
346259639 9  P 229 5574405 0 5617097
348149511 12  P 233 5611779 0 5654512
348204635 7  P 175 5616956 0 5659565
348473235 11  P 230 5611781 0 5654510
348513158 5  P 174 5616959 0 5659579
348653824 1  P 1058 5486694 0 5659827
348659362 3  P 173 5616958 0 5659585
348761646 13  P 232 5611779 0 5654509
349068947 2  P 173 5616957 0 5659578
350243474 8  P 876 5642097 0 5685459
355856608 4  P 1963 5738525 0 5783010
356948319 6  P 1401 5759574 0 5803459
364274726 8  P 895 5871965 0 5915346
364336802 6  P 1463 5880564 0 5924510
364783387 1  P 1170 5750845 0 5924094
368591003 4  P 2080 5947047 0 5991647
369358212 10  P 259 5957097 0 5999804
369619060 9  P 248 5957107 0 5999813
382133953 12  P 251 6168562 0 6211305
382439001 7  P 194 6177834 0 6220446
382457675 11  P 248 6168564 0 6211306
382746089 13  P 250 6168562 0 6211304
382747568 5  P 193 6177837 0 6220461
382893744 3  P 203 6177824 0 6220465
383303329 2  P 203 6177823 0 6220459
385559793 4  P 2297 6224841 0 6269659
388111530 1  P 1287 6132935 0 6306301
388451944 10  P 277 6269909 0 6312630
388712791 9  P 266 6269919 0 6312638
390282727 7  P 213 6306326 0 6348949
390591295 5  P 230 6306310 0 6348966
390737472 3  P 221 6306318 0 6348971
391147056 2  P 221 6306317 0 6348965
393305793 12  P 269 6351582 0 6394339
393629517 11  P 266 6351584 0 6394341
393917927 13  P 286 6351563 0 6394341
394620334 6  P 1726 6376462 0 6420657
402915783 8  P 1174 6504771 0 6548419
406621023 13  P 316 6559660 0 6602463
408792012 6  P 1932 6608440 0 6652841
410150258 9  P 285 6621132 0 6663854
410493246 12  P 310 6633139 0 6675936
410816969 11  P 307 6633141 0 6675935
412025149 8  P 1303 6653887 0 6697663
413356888 5  P 303 6679227 0 6721935
417373814 10  P 296 6743747 0 6786467
419220233 7  P 297 6780353 0 6823034
420872197 4  P 2964 6802716 0 6848198
422331230 3  P 334 6823835 0 6866570
422740817 2  P 239 6823931 0 6866572
422877161 1  P 1662 6702149 0 6875894
428233168 10  P 314 6921647 0 6964385
429822230 9  P 303 6943419 0 6986148
430720885 1  P 1692 6830631 0 7004405
430919081 4  P 3049 6967238 0 7012805
432721843 3  P 352 6994056 0 7036801
433912670 2  P 257 7006952 0 7049608
434352644 12  P 328 7024032 0 7066843
434676368 11  P 325 7024034 0 7066844
439292893 13  P 356 7094912 0 7137748
440954597 7  P 326 7136418 0 7179119
441263162 5  P 344 7136401 0 7179139
442635817 6  P 2275 7162582 0 7207317
443134536 8  P 1434 7163451 0 7207344
444294094 4  P 3232 7186186 0 7231935
448290133 12  P 372 7252339 0 7295192
448902268 13  P 374 7252333 0 7295186
450188951 7  P 344 7287695 0 7330405
450497525 5  P 363 7287678 0 7330428
451299049 1  P 1907 7167563 0 7341553
453131431 2  P 275 7321813 0 7364470
453223310 11  P 354 7327877 0 7370713
454040904 9  P 337 7340183 0 7382929
458040797 8  P 1561 7407544 0 7451562
460010817 6  P 2488 7447034 0 7491977
461409355 3  P 499 7463921 0 7506792
462326959 10  P 332 7480222 0 7522957
463604557 6  P 2540 7505861 0 7550855
464748825 10  P 351 7519882 0 7562636
465009674 9  P 355 7519876 0 7562637
465610855 7  P 363 7540348 0 7583056
465919422 5  P 382 7540331 0 7583085
466207632 11  P 372 7540594 0 7583445
471100194 2  P 293 7616193 0 7658859
472887857 4  P 3612 7654281 0 7700401
473096855 3  P 583 7655323 0 7698268
473697012 8  P 1624 7663991 0 7708070
475587031 12  P 390 7699553 0 7742415
476199166 13  P 392 7699547 0 7742410
482314679 1  P 2183 7675441 0 7849706
484103220 8  P 1708 7834403 0 7878562
488055781 12  P 421 7903810 0 7946699
488667915 13  P 422 7903804 0 7946695
488970237 7  P 392 7923038 0 7965765
489551387 11  P 402 7923027 0 7965907
491369057 9  P 374 7951730 0 7994493
491948305 6  P 2916 7969857 0 8015223
494653493 4  P 3926 8010568 0 8057007
495638155 5  P 411 8027213 0 8069980
495784358 3  P 667 8026949 0 8069966
499658424 1  P 2327 7959454 0 8133865
500467603 10  P 370 8105080 0 8147835
501818961 2  P 312 8119470 0 8162139
504122215 4  P 3978 8165650 0 8212135
504201924 10  P 389 8166244 0 8209017
504431345 8  P 1824 8167340 0 8211613
504462777 9  P 392 8166239 0 8209017
507323272 6  P 3069 8221606 0 8267120
508063933 7  P 410 8235852 0 8278585
508372505 5  P 430 8235834 0 8278608
508645083 11  P 421 8235840 0 8278736
513274492 12  P 440 8316975 0 8359878
513471840 3  P 749 8316657 0 8359748
513486579 1  P 2485 8185853 0 8360421
513886626 13  P 441 8316969 0 8359875
519287737 2  P 331 8405660 0 8448331
525216269 5  P 448 8511783 0 8554569
525340992 4  P 4226 8513041 0 8559777
526475192 2  P 349 8523400 0 8566088
529628188 3  P 800 8581310 0 8624451
529758925 12  P 459 8587037 0 8629953
530371041 13  P 460 8587030 0 8629952
532705286 1  P 2614 8500598 0 8675297
532962624 8  P 2005 8634609 0 8679061
535045682 10  P 407 8671568 0 8714350
536384646 9  P 410 8689228 0 8732010
536985903 7  P 428 8709690 0 8752420
537567021 11  P 439 8709677 0 8752587
541417064 6  P 3384 8779876 0 8825698
544815623 3  P 851 8830088 0 8873274
545243876 8  P 2056 8835772 0 8880269
546013165 5  P 467 8852500 0 8895286
548426385 11  P 458 8887577 0 8930506
548714798 13  P 478 8887555 0 8930492
549173431 7  P 447 8909352 0 8952085
549430862 12  P 478 8909323 0 8952254
552309749 4  P 4609 8954509 0 9001620
556193960 2  P 368 9010293 0 9052963
559595929 1  P 2831 8940956 0 9115869
559792087 6  P 3536 9080778 0 9126747
561639419 10  P 437 9107250 0 9150050
563103411 9  P 439 9126958 0 9169759
565983148 10  P 455 9178399 0 9221215
566167076 6  P 3653 9185105 0 9231192
568662711 2  P 387 9214562 0 9257244
570689670 1  P 2918 9122628 0 9297627
573392123 7  P 466 9306132 0 9348872
573649504 12  P 508 9306091 0 9349052
574009512 8  P 2205 9306916 0 9351557
574261636 13  P 508 9306085 0 9349046
578184752 4  P 4890 9378156 0 9425554
579003150 3  P 969 9390097 0 9433379
582247524 5  P 497 9446133 0 9488921
582337748 9  P 458 9442075 0 9484891
582520160 11  P 477 9446151 0 9489089
584942006 11  P 495 9485811 0 9528769
585182699 6  P 3865 9496437 0 9542731
585230394 13  P 526 9485778 0 9528754
588181588 9  P 477 9537801 0 9580630
588712649 8  P 2357 9547658 0 9592446
590091296 5  P 516 9574626 0 9617419
593881445 2  P 406 9627727 0 9670405
597376486 7  P 485 9699072 0 9741813
597633890 12  P 526 9699032 0 9742008
599903501 4  P 5174 9733706 0 9781391
601408421 1  P 3189 9625646 0 9800917
601706664 3  P 1087 9761943 0 9805331
602076976 10  P 474 9769741 0 9812567
605514450 10  P 492 9826042 0 9868885
609478456 9  P 496 9886710 0 9929552
610365853 2  P 425 9897789 0 9940478
610720251 7  P 503 9917678 0 9960424
610977657 12  P 545 9917637 0 9960632
613857048 4  P 5323 9962164 0 10009993
614549459 1  P 3305 9840824 0 10016212
620058542 6  P 4149 10067541 0 10114113
620389003 5  P 534 10070992 0 10113789
620661633 11  P 514 10071009 0 10113981
620949998 13  P 545 10070975 0 10113965
621604095 8  P 2521 10086373 0 10131317
622145006 3  P 1172 10096705 0 10140164
623814820 7  P 522 10132186 0 10174947
624072228 12  P 564 10132146 0 10175156
624395975 11  P 532 10132173 0 10175162
624684363 13  P 563 10132140 0 10175146
625582468 3  P 1234 10152961 0 10196480
625687153 10  P 511 10156518 0 10199364
626933536 6  P 4399 10179923 0 10226744
630038609 2  P 443 10220075 0 10262764
632213604 9  P 514 10259170 0 10302016
634951188 4  P 5670 10307410 0 10355577
638857716 5  P 553 10373565 0 10416359
638878023 1  P 3536 10239179 0 10414799
639932203 8  P 2640 10386540 0 10431600
644463419 8  P 2659 10460761 0 10505840
647136706 6  P 4516 10510813 0 10557748
649466811 4  P 5788 10545115 0 10593399
650905861 10  P 530 10569683 0 10612543
650973065 3  P 1285 10568908 0 10612465
653096750 1  P 3636 10472035 0 10647757
654257271 2  P 461 10616854 0 10659555
655736706 7  P 552 10655165 0 10697934
655994094 12  P 582 10655135 0 10698162
656317818 11  P 562 10655151 0 10698164
656606231 13  P 581 10655129 0 10698151
658076521 5  P 572 10688427 0 10731225
661057344 9  P 532 10731726 0 10774578
665226030 2  P 480 10796547 0 10839261
665596037 7  P 571 10816681 0 10859459
667660592 3  P 1402 10842195 0 10885857
668487363 1  P 3779 10724048 0 10899913
668511627 6  P 4699 10860830 0 10907949
669651102 9  P 550 10872507 0 10915376
672744713 8  P 2776 10923999 0 10969195
674169970 4  P 6070 10949564 0 10998119
678874640 10  P 548 11027905 0 11070776
681560901 5  P 591 11073176 0 11115985
682712894 12  P 600 11092877 0 11135921
683036597 11  P 580 11092892 0 11135921
683325013 13  P 599 11092870 0 11135907
684232759 5  P 609 11116932 0 11159753
684505348 11  P 598 11116938 0 11159982
684793758 13  P 617 11116916 0 11159968
686065501 1  P 3952 11011872 0 11187909
687544940 4  P 6287 11168480 0 11217246
687593379 10  P 567 11170734 0 11213615
687994866 9  P 568 11173032 0 11215917
689738715 3  P 1486 11203838 0 11247570
691585400 2  P 498 11228400 0 11271111
695510324 8  P 2957 11296806 0 11342178
699214796 6  P 5083 11363481 0 11410979
701689803 7  P 589 11408022 0 11450802
701947246 12  P 619 11407993 0 11451049
703416584 8  P 3008 11426288 0 11471711
704679166 2  P 516 11442910 0 11485629
705527277 6  P 5166 11466819 0 11514401
706081138 1  P 4122 11339632 0 11515838
706088597 9  P 587 11469461 0 11512361
707533561 7  P 607 11503747 0 11546538
707790993 12  P 637 11503719 0 11546790
710451489 5  P 628 11546481 0 11589298
710724077 11  P 616 11546488 0 11589546
711012492 13  P 635 11546466 0 11589534
718107447 4  P 6667 11668831 0 11717972
718676208 3  P 1603 11677832 0 11721667
723062153 10  P 585 11751836 0 11794725
725127348 7  P 626 11791985 0 11834784
725384765 12  P 656 11791957 0 11835043
726613736 3  P 1656 11807827 0 11851715
727402293 6  P 5382 11824999 0 11872792
730510505 9  P 605 11869572 0 11912483
735420282 5  P 647 11955551 0 11998375
735522920 2  P 545 11948224 0 11990946
735692892 11  P 635 11955558 0 11998632
735784288 1  P 4349 11826054 0 12002491
735981294 13  P 654 11955536 0 11998616
739280932 10  P 603 12017546 0 12060445
741482473 4  P 6917 12051555 0 12100933
742494737 8  P 3222 12066325 0 12111961
745265280 10  P 622 12115574 0 12158491
745299177 7  P 644 12122461 0 12165265
745556609 12  P 675 12122433 0 12165535
748518632 1  P 4464 12034574 0 12211127
749052231 11  P 653 12174420 0 12217508
749139056 5  P 666 12180299 0 12223130
749340633 13  P 672 12174396 0 12217491
753551209 3  P 1772 12249051 0 12293049
754260353 8  P 3340 12258972 0 12304725
758869866 9  P 624 12334192 0 12377113
759576206 4  P 7165 12347749 0 12397370
761230398 6  P 5764 12378852 0 12427019
762116669 2  P 563 12383917 0 12426639
763488713 3  P 1790 12411848 0 12455857
764788514 2  P 581 12427674 0 12470412
765607738 5  P 684 12450104 0 12492945
768996007 6  P 5783 12506065 0 12554249
770517935 7  P 663 12535626 0 12578436
770775368 12  P 694 12535598 0 12578714
771099085 11  P 672 12535616 0 12578723
771387503 13  P 691 12535593 0 12578700
772166584 8  P 3458 12552227 0 12598098
773471766 1  P 4724 12443140 0 12619954
773591849 4  P 7384 12577161 0 12626996
779963620 9  P 643 12679773 0 12722704
780437156 10  P 641 12691811 0 12734730
783655897 10  P 660 12744528 0 12787465
785362380 1  P 4781 12637897 0 12814769
786560587 4  P 7500 12789522 0 12839472
786807365 9  P 662 12791882 0 12834831
789583440 11  P 690 12838446 0 12881568
791007259 2  P 599 12857222 0 12899962
791254328 3  P 1875 12866674 0 12910750
793871007 6  P 6100 12913296 0 12961790
798486683 7  P 682 12993847 0 13036658
798744111 12  P 712 12993819 0 13036947
799356266 13  P 710 12993815 0 13036936
800244711 8  P 3574 13012139 0 13058123
800717118 5  P 702 13025317 0 13068161
802746043 6  P 6217 13058585 0 13107191
807205415 7  P 700 13136676 0 13179501
807462838 12  P 731 13136648 0 13179793
807927193 11  P 708 13138972 0 13182108
808215601 13  P 729 13138947 0 13182086
809010318 8  P 3690 13155636 0 13201732
809310856 5  P 720 13166098 0 13208949
809956121 1  P 5042 13040574 0 13217708
812441824 3  P 2026 13213656 0 13257867
813624626 10  P 678 13235517 0 13278461
815976012 2  P 617 13266291 0 13309034
819279311 4  P 7916 13325163 0 13375524
820604229 9  P 681 13345591 0 13388546
824629336 3  P 2044 13413318 0 13457541
826020942 11  P 726 13435401 0 13478553
827621004 6  P 6465 13465885 0 13514736
827654610 5  P 738 13466624 0 13509485
828299858 1  P 5158 13340999 0 13518250
828916569 8  P 3740 13481728 0 13527869
829694762 2  P 635 13491040 0 13533794
836154304 4  P 8080 13601476 0 13651994
839762492 13  P 747 13655792 0 13698948
840343390 10  P 696 13673258 0 13716216
842072979 9  P 699 13697316 0 13740285
842674185 7  P 718 13717778 0 13760598
842931635 12  P 749 13717750 0 13760907
844074137 6  P 6667 13735249 0 13784298
844291733 9  P 717 13733649 0 13776635
845994736 8  P 3824 13761450 0 13807674
846163516 2  P 654 13760845 0 13803610
847816862 3  P 2128 13793138 0 13837431
849029331 4  P 8329 13812169 0 13862926
849540993 12  P 768 13826019 0 13869193
849628019 1  P 5372 13690218 0 13867688
849864713 11  P 744 13826040 0 13869203
850731264 13  P 765 13835487 0 13878658
858892978 7  P 737 13983488 0 14026313
859201523 5  P 782 13983445 0 14026338
861812184 10  P 714 14024985 0 14067953
863421512 10  P 733 14051333 0 14094317
864877307 7  P 756 14081516 0 14124353
865134730 12  P 786 14081487 0 14124678
865458454 11  P 762 14081508 0 14124687
865498059 4  P 8541 14081776 0 14132740
865964765 6  P 6983 14093582 0 14142947
866025954 8  P 4006 14089458 0 14135857
870170255 5  P 800 14163137 0 14206045
873260484 9  P 735 14208255 0 14251250
879090628 13  P 784 14300107 0 14343292
879269995 3  P 2279 14308311 0 14352732
881272871 2  P 672 14336058 0 14378819
882393649 1  P 5631 14226784 0 14404517
889866631 2  P 690 14476839 0 14519618
890237376 1  P 5645 14355280 0 14533029
890542884 6  P 7099 14496151 0 14545629
897666562 8  P 4067 14607797 0 14654254
897888996 5  P 829 14617250 0 14660180
900049171 7  P 786 14657742 0 14700596
900184408 13  P 813 14645678 0 14688893
900306649 12  P 815 14657715 0 14700926
900630381 11  P 791 14657736 0 14700940
901716828 4  P 8887 14674830 0 14726135
901910602 3  P 2361 14679171 0 14723665
902718371 10  P 762 14695144 0 14738137
902979247 9  P 753 14695149 0 14738155
903267900 7  P 805 14710459 0 14753319
904322845 8  P 4184 14716732 0 14763299
904815491 1  P 5832 14593937 0 14771875
906415973 12  P 834 14757791 0 14801016
906739696 11  P 809 14757811 0 14801033
908210387 2  P 708 14777365 0 14820139
911187115 10  P 780 14833878 0 14876876
911447982 9  P 783 14833871 0 14876902
916591852 4  P 9136 14918287 0 14969839
918199133 6  P 7491 14948871 0 14998726
919623422 5  P 848 14973328 0 15016255
921598092 3  P 2444 15001645 0 15046209
921621864 13  P 832 14996890 0 15040121
924405880 10  P 799 15050435 0 15093450
925775977 8  P 4301 15068099 0 15114780
926304143 2  P 727 15073794 0 15116572
931013719 4  P 9287 15154419 0 15206120
932557365 9  P 801 15179708 0 15222754
933545252 5  P 867 15201404 0 15244340
933965656 13  P 850 15199112 0 15242359
939292904 6  P 7672 15294286 0 15344314
940285622 3  P 2495 15307769 0 15352372
940534286 1  P 6102 15178872 0 15357087
940752310 7  P 824 15324584 0 15367440
941009740 12  P 852 15324557 0 15367797
941333461 11  P 827 15324577 0 15367811
944512495 13  P 869 15371892 0 15415156
945354208 9  P 819 15389353 0 15432409
946279326 4  P 9536 15404277 0 15456223
950147886 2  P 746 15464431 0 15507217
951174932 1  P 6202 15353106 0 15531422
952374633 10  P 817 15508656 0 15551678
953096051 7  P 843 15526805 0 15569668
953353483 12  P 870 15526778 0 15570033
953677204 11  P 845 15526798 0 15570047
954416609 8  P 4515 15537128 0 15584014
957667896 6  P 7952 15595056 0 15645354
960264002 5  P 886 15639145 0 15682080
961973111 3  P 2613 15662977 0 15707676
963900365 12  P 888 15699560 0 15742831
964268603 1  P 6344 15567488 0 15745948
964732470 4  P 9753 15706395 0 15758554
964822967 9  P 838 15708310 0 15751374
965093369 10  P 836 15717021 0 15760056
965741688 2  P 765 15719901 0 15762685
966660614 3  P 2631 15739759 0 15784469
971072860 8  P 4565 15809973 0 15856907
973481281 13  P 887 15846498 0 15889776
974683508 6  P 8137 15873652 0 15924125
977189841 7  P 874 15921527 0 15964394
977771020 11  P 863 15921533 0 15964795
981732792 5  P 904 15990871 0 16033809
983342108 5  P 922 16017219 0 16060174
984840616 13  P 906 16032590 0 16075884
988623072 4  P 9999 16097566 0 16149972
989041701 9  P 856 16105092 0 16148165
992611662 7  P 892 16174180 0 16217057
992884731 12  P 906 16174421 0 16217705
993192839 11  P 882 16174185 0 16217460
994348109 3  P 2779 16193238 0 16238092
997327730 10  P 855 16245130 0 16288179
998221733 1  P 6628 16123485 0 16302231
1000913524 2  P 784 16296137 0 16338914
1001525993 8  P 4752 16308728 0 16355841
1001589179 6  P 8390 16314218 0 16364935
1003201595 4  P 10217 16336193 0 16388815
1003934364 13  P 924 16345404 0 16388712
1004132246 2  P 803 16348854 0 16391647
1004228473 12  P 924 16360258 0 16403556
1005171480 10  P 874 16373623 0 16416685
1009307182 8  P 4836 16436129 0 16483327
1013026072 9  P 875 16498033 0 16541113
1015112321 1  P 6774 16400071 0 16578963
1015504334 3  P 2798 16539843 0 16584702
1016433481 6  P 8573 16557240 0 16608134
1022330429 7  P 911 16661073 0 16703952
1022638999 5  P 941 16661040 0 16703992
1022911583 11  P 901 16661079 0 16704367
1023064773 7  P 930 16673086 0 16715981
1023167852 6  P 8625 16667524 0 16718464
1023322225 12  P 943 16673071 0 16716386
1023410629 3  P 2914 16669259 0 16714232
1023645951 11  P 919 16673092 0 16716397
1026369835 9  P 893 16716639 0 16759734
1031107739 5  P 960 16799773 0 16842727
1032717252 4  P 10609 16819379 0 16872394
1032765225 10  P 892 16825699 0 16868776
1032778107 13  P 943 16817961 0 16861284
1041616699 2  P 821 16962980 0 17005761
1041706119 1  P 7007 16835545 0 17014669
1041822828 8  P 5003 16968695 0 17016053
1044326489 5  P 979 17016330 0 17059292
1046108986 10  P 911 17044304 0 17087398
1049639111 4  P 10774 17096458 0 17149634
1051908532 7  P 949 17145643 0 17188541
1052165983 12  P 961 17145627 0 17188957
1052489707 11  P 937 17145648 0 17188968
1053371874 13  P 962 17155350 0 17198688
1055229091 8  P 5118 17188225 0 17235699
1058054159 2  P 840 17232272 0 17275056
1061199148 6  P 9054 17290190 0 17341555
1062909274 1  P 7164 17182776 0 17362056
1063098119 3  P 3045 17319366 0 17364451
1063385470 9  P 911 17323084 0 17366183
1063715610 13  P 980 17324803 0 17368159
1064377995 1  P 7206 17206795 0 17386120
1066014094 4  P 11032 17364479 0 17417916
1072295260 5  P 997 17474551 0 17517508
1072502288 7  P 967 17483032 0 17525936
1072759744 12  P 980 17483016 0 17526360
1073083476 11  P 956 17483037 0 17526370
1073476037 2  P 858 17484926 0 17527717
1074996052 6  P 9204 17516087 0 17567595
1077785635 3  P 3130 17559920 0 17605079
1079202769 10  P 929 17586494 0 17629593
1081385313 8  P 5234 17616650 0 17664238
1082104212 9  P 929 17629754 0 17672861
1082846026 7  P 986 17652485 0 17695397
1083103491 12  P 998 17652469 0 17695829
1083427204 11  P 974 17652490 0 17695841
1084835421 2  P 876 17671020 0 17713812
1085014414 5  P 1016 17682916 0 17725874
1088640262 10  P 947 17741100 0 17784215
1089262532 13  P 999 17743345 0 17786710
1091573007 9  P 947 17784873 0 17827992
1092357867 4  P 11413 17795709 0 17849520
1096667912 6  P 9486 17870870 0 17922660
1098291612 8  P 5349 17893526 0 17941223
1099363773 3  P 3215 17913371 0 17958597
1102143668 1  P 7539 17825206 0 18004863
1103042901 6  P 9538 17975265 0 18027108
1103929166 2  P 894 17983834 0 18026636
1104483161 5  P 1035 18001873 0 18044841
1104783948 7  P 1005 18011890 0 18054798
1105041400 12  P 1016 18011875 0 18055243
1105364715 11  P 992 18011896 0 18055261
1106760466 9  P 966 18033685 0 18076812
1107748468 4  P 11626 18047652 0 18101677
1107979080 8  P 5433 18052160 0 18099940
1107987369 1  P 7655 17920831 0 18100604
1111312135 10  P 966 18112537 0 18155661
1112160621 3  P 3298 18122948 0 18168245
1113247286 13  P 1017 18136285 0 18179664
1125092549 5  P 1054 18339518 0 18382489
1126591047 13  P 1035 18354890 0 18398288
1128807188 8  P 5528 18393311 0 18441185
1132377703 7  P 1024 18463967 0 18506875
1132635127 12  P 1045 18463942 0 18507335
1132772912 2  P 913 18456391 0 18499185
1132958854 11  P 1021 18463962 0 18507351
1134921482 10  P 996 18499323 0 18542472
1135565480 1  P 7837 18372483 0 18552440
1137417906 6  P 9919 18538079 0 18590294
1139826596 4  P 11940 18572897 0 18627237
1140238741 3  P 3383 18582893 0 18628264
1140479229 9  P 985 18586114 0 18629244
1144670340 4  P 11991 18652205 0 18706595
1145176244 3  P 3401 18663771 0 18709158
1145581104 1  P 7925 18536489 0 18716535
1145721444 7  P 1043 18682572 0 18725488
1145978879 12  P 1064 18682547 0 18725955
1146302597 11  P 1040 18682567 0 18725970
1148948401 9  P 1004 18724847 0 18767992
1152686305 5  P 1073 18791595 0 18834563
1153366676 2  P 932 18793780 0 18836579
1155322827 8  P 5674 18827590 0 18875606
1155793350 6  P 10104 18838947 0 18891336
1160218775 10  P 1015 18913768 0 18956932
1163606650 13  P 1064 18961324 0 19004745
1163710419 2  P 950 18963234 0 19006048
1163810970 4  P 12242 18965550 0 19020183
1166030045 5  P 1092 19010200 0 19053179
1166168314 6  P 10190 19008844 0 19061317
1168687542 10  P 1033 19052501 0 19095678
1169284236 1  P 8137 18924622 0 19104885
1174191896 3  P 3517 19139044 0 19184540
1177510349 8  P 5726 19191057 0 19239120
1178815198 7  P 1062 19224761 0 19267675
1179072624 12  P 1082 19224736 0 19268156
1179396345 11  P 1058 19224756 0 19268173
1182167155 9  P 1022 19269084 0 19312233
1182325395 13  P 1082 19267993 0 19311430
1185559762 13  P 1100 19320966 0 19364420
1185647962 2  P 968 19322640 0 19365456
1188924881 1  P 8266 19246281 0 19426676
1193658957 7  P 1081 19467942 0 19510864
1193916392 12  P 1100 19467917 0 19511354
1194135898 9  P 1040 19465161 0 19508324
1194240109 11  P 1076 19467937 0 19511372
1197183969 6  P 10539 19516651 0 19569467
1199123776 5  P 1122 19552378 0 19595363
1200607843 4  P 12654 19568014 0 19623044
1201906311 10  P 1051 19596738 0 19639917
1202379387 3  P 3635 19600748 0 19646340
1202557202 8  P 5942 19601204 0 19649472
1205566901 3  P 3653 19652954 0 19698561
1206854688 9  P 1058 19673527 0 19716707
1206981652 13  P 1119 19671923 0 19715394
1212018630 1  P 8455 19624456 0 19805040
1213241699 2  P 986 19774718 0 19817540
1213875048 10  P 1069 19792815 0 19836010
1213967611 5  P 1141 19795560 0 19838558
1214072846 8  P 5993 19789824 0 19838141
1218998608 4  P 12856 19869126 0 19924357
1220387084 6  P 10758 19896589 0 19949621
1221455859 7  P 1100 19923347 0 19966267
1221713285 12  P 1119 19923322 0 19966771
1222037009 11  P 1095 19923342 0 19966793
1223357846 4  P 12927 19940476 0 19995776
1224973119 3  P 3738 19970818 0 20016494
1225762167 6  P 10806 19984606 0 20037681
1226585832 2  P 1005 19993322 0 20036154
1228525944 8  P 6079 20026538 0 20074938
1230924585 7  P 1119 20078464 0 20121399
1231181996 12  P 1137 20078439 0 20121904
1231505718 11  P 1113 20078459 0 20121928
1236905034 5  P 1179 20171329 0 20214352
1237089030 9  P 1077 20168867 0 20212051
1238734397 10  P 1088 20200092 0 20243294
1240700394 13  P 1137 20224352 0 20267837
1240862355 1  P 8717 20096766 0 20277610
1243332510 3  P 4053 20271297 0 20317288
1243387127 6  P 11049 20273125 0 20326441
1244385162 12  P 1167 20294729 0 20338222
1244998791 5  P 1198 20303918 0 20346951
1246693260 11  P 1143 20327261 0 20370756
1252932810 9  P 1128 20428398 0 20471623
1256278647 13  P 1168 20479555 0 20523064
1256828134 10  P 1107 20496521 0 20539726
1258076560 4  P 12945 20509289 0 20564579
1258940490 1  P 8903 20392767 0 20573797
1259679573 2  P 1023 20535511 0 20578337
1260307178 8  P 6248 20547069 0 20595617
1261143314 7  P 1138 20573549 0 20616465
1265838435 8  P 6281 20637659 0 20686238
1266112064 7  P 1157 20654938 0 20697869
1268557001 12  P 1207 20690719 0 20734250
1269456089 1  P 8990 20564966 0 20746082
1269488745 3  P 4557 20699314 0 20745825
1272671911 10  P 1126 20756086 0 20799303
1274523325 2  P 1041 20778692 0 20821529
1274842514 5  P 1231 20792845 0 20835894
1275545338 4  P 12964 20795478 0 20850775
1275698395 9  P 1245 20801270 0 20844604
1279216073 13  P 1216 20855313 0 20898865
1280052601 11  P 1183 20873778 0 20917311
1281918357 6  P 11558 20903904 0 20957722
1284436255 5  P 1250 20950010 0 20993072
1284885888 9  P 1296 20951746 0 20995128
1287659229 1  P 9147 20863044 0 21044317
1288265638 10  P 1144 21011555 0 21054786
1293558908 6  P 11652 21094525 0 21148436
1294762908 13  P 1235 21110013 0 21153575
1295010313 8  P 6332 21115559 0 21164171
1297764098 4  P 12983 21159491 0 21214795
1299146420 11  P 1215 21186578 0 21230141
1299830831 7  P 1176 21207367 0 21250295
1301775797 12  P 1237 21234945 0 21278498
1302320198 2  P 1060 21234097 0 21276927
1303160625 3  P 5071 21250472 0 21297488
1304887043 6  P 11802 21279972 0 21334028
1305609402 10  P 1162 21295697 0 21338938
1306463246 12  P 1256 21311725 0 21355295
1306748462 4  P 13002 21306672 0 21361986
1306786999 11  P 1234 21311742 0 21355322
1307799857 1  P 9363 21192809 0 21374293
1309450400 13  P 1265 21350622 0 21394204
1311788946 2  P 1079 21389214 0 21432056
1312839015 9  P 1460 21409561 0 21453100
1313269987 3  P 5289 21415882 0 21463114
1318565189 7  P 1195 21514292 0 21557223
1319780011 5  P 1268 21529063 0 21572122
1323119696 8  P 6415 21576018 0 21624699
1324276516 9  P 1478 21596934 0 21640491
1325909253 1  P 9478 21489395 0 21670996
1332920345 4  P 13020 21735454 0 21790775
1335408985 7  P 1214 21790242 0 21833184
1335919166 13  P 1284 21784268 0 21827867
1337308926 6  P 12081 21810886 0 21865213
1338656292 10  P 1180 21837119 0 21880368
1338873797 5  P 1287 21841877 0 21884947
1341932036 12  P 1274 21892827 0 21936409
1342007724 2  P 1097 21884301 0 21927142
1342057212 8  P 6433 21886272 0 21934959
1342255763 11  P 1264 21892832 0 21936437
1342582518 3  P 5701 21895717 0 21943363
1344625029 10  P 1198 21934892 0 21978149
1346205834 7  P 1233 21967118 0 22010067
1346976424 2  P 1127 21965678 0 22008539
1352129367 3  P 5785 22052047 0 22099777
1352541455 12  P 1293 22066632 0 22110232
1352865174 11  P 1282 22066638 0 22110258
1353795638 5  P 1306 22086337 0 22129408
1354604089 8  P 6517 22091755 0 22140523
1358714035 9  P 1595 22161037 0 22204704
1359137878 13  P 1314 22164653 0 22208278
1359362362 1  P 9782 22037182 0 22219088
1361027703 6  P 12426 22199140 0 22253807
1362139103 4  P 13039 22214155 0 22269468
1363343766 10  P 1216 22241561 0 22284832
1365291578 8  P 6535 22266840 0 22315622
1366107844 4  P 13058 22279160 0 22334490
1366514390 5  P 1325 22294702 0 22337780
1368838278 12  P 1312 22333620 0 22377236
1369162000 11  P 1301 22333626 0 22377260
1369753001 1  P 9897 22207305 0 22389327
1377902685 6  P 12577 22475469 0 22530283
1379613759 3  P 6228 22501897 0 22550072
1380151544 9  P 1680 22512184 0 22555929
1380622304 13  P 1333 22516635 0 22560276
1380695192 2  P 1145 22518107 0 22560963
1381674599 7  P 1251 22548219 0 22591154
1384042155 9  P 1732 22575874 0 22619671
1390331102 1  P 9997 22544354 0 22726479
1390826587 4  P 13076 22684133 0 22739464
1392283950 7  P 1270 22722024 0 22764976
1392812539 10  P 1235 22724358 0 22767640
1393059754 13  P 1363 22720380 0 22764049
1395307029 12  P 1331 22767265 0 22810895
1395630755 11  P 1320 22767271 0 22810920
1396748772 5  P 1344 22790043 0 22833121
1398777706 6  P 12826 22817228 0 22872281
1399429556 2  P 1163 22825032 0 22867890
1399785617 3  P 6605 22832003 0 22880561
1400025959 8  P 6620 22835842 0 22884692
1405347152 1  P 10155 22790208 0 22972494
1406729649 9  P 1815 22947501 0 22991373
1407877697 7  P 1289 22977493 0 23020449
1408730814 6  P 12911 22980213 0 23035347
1412592496 5  P 1363 23049608 0 23092699
1413463432 8  P 6639 23055983 0 23104851
1414395004 3  P 6821 23071140 0 23119917
1415060957 4  P 13095 23081170 0 23136505
1416273323 2  P 1182 23100981 0 23143852
1418525750 12  P 1361 23147650 0 23191307
1418849477 11  P 1349 23147657 0 23191332
1422421905 10  P 1254 23209459 0 23252744
1422903507 13  P 1382 23209321 0 23253005
1424015660 10  P 1272 23235552 0 23278852
1424494501 12  P 1380 23245423 0 23289097
1424497269 13  P 1401 23235414 0 23279117
1424527693 6  P 13128 23238808 0 23294156
1424818223 11  P 1367 23245430 0 23289120
1427070186 2  P 1200 23277858 0 23320733
1428889440 5  P 1382 23316598 0 23359689
1429900963 8  P 6724 23325208 0 23374147
1432191899 3  P 7197 23362335 0 23411490
1432417146 9  P 1967 23368210 0 23412227
1435049606 7  P 1308 23422658 0 23465610
1438050301 1  P 10485 23325677 0 23508296
1438904731 4  P 13114 23471807 0 23527140
1445754398 3  P 7283 23584457 0 23633696
1447359420 10  P 1291 23617997 0 23661309
1447841035 13  P 1420 23617859 0 23661578
1449104691 9  P 2018 23641568 0 23685632
1449996439 6  P 13423 23655788 0 23711423
1450623799 5  P 1411 23672664 0 23715779
1452682028 12  P 1399 23707228 0 23750915
1453005752 11  P 1386 23707235 0 23750935
1454322842 8  P 6786 23725272 0 23774267
1458268371 7  P 1327 23803056 0 23846011
1460519036 1  P 10642 23693641 0 23876424
1462498494 4  P 13132 23858348 0 23913685
1462538986 2  P 1218 23858961 0 23901835
1463887888 13  P 1439 23880752 0 23924486
1464237104 7  P 1345 23900828 0 23943801
1464545656 5  P 1430 23900741 0 23943867
1466182782 9  P 2103 23921290 0 23965429
1467842218 4  P 13151 23945881 0 24001234
1473148308 2  P 1236 24032766 0 24075651
1473871470 6  P 13606 24046772 0 24102581
1474316879 3  P 7761 24051933 0 24101650
1474682200 8  P 6804 24058822 0 24107831
1478453156 10  P 1309 24127418 0 24170735
1479784634 1  P 10816 24009110 0 24192069
1482900825 12  P 1417 24202314 0 24246016
1483224546 11  P 1405 24202321 0 24246034
1483737765 1  P 10846 24073848 0 24256837
1483885158 12  P 1435 24218422 0 24262140
1484208882 11  P 1424 24218429 0 24262159
1484410648 3  P 7977 24217090 0 24267023
1488742058 2  P 1254 24288235 0 24331126
1491775943 8  P 6890 24338799 0 24387891
1491856713 13  P 1458 24338974 0 24382719
1492424602 7  P 1364 24362633 0 24405606
1494889117 4  P 13169 24388998 0 24444355
1495120311 9  P 2221 24395284 0 24439529
1499296908 10  P 1327 24468903 0 24512229
1500405038 5  P 1449 24488242 0 24531368
1502230859 6  P 13953 24511055 0 24567201
1504416571 8  P 6908 24545884 0 24594988
1504965201 6  P 14005 24555801 0 24611999
1506085826 2  P 1273 24572376 0 24615270
1506628396 1  P 11063 24448670 0 24631870
1506716022 13  P 1477 24582410 0 24626172
1507228864 12  P 1466 24600855 0 24644600
1507552589 11  P 1454 24600862 0 24644617
1517135902 9  P 2305 24755901 0 24800227
1518373480 4  P 13188 24773747 0 24829115
1519890676 10  P 1346 24806292 0 24849631
1520441878 3  P 8455 24806941 0 24857344
1522643353 7  P 1383 24857718 0 24900697
1522951894 5  P 1468 24857631 0 24900756
1523275760 12  P 1485 24863748 0 24907509
1523599479 11  P 1472 24863755 0 24907523
1525650953 8  P 6991 24893703 0 24942873
1526176266 3  P 8637 24900706 0 24951294
1527562615 10  P 1365 24931970 0 24975326
1527612109 7  P 1402 24939107 0 24982098
1527920653 5  P 1487 24939020 0 24982154
1528089036 9  P 2357 24935305 0 24979673
1530717223 4  P 13206 24975968 0 25031334
1531179563 2  P 1292 24983493 0 25026375
1531840197 6  P 14357 24995764 0 25052303
1540809818 13  P 1495 25140984 0 25184760
1541222156 1  P 11365 25015144 0 25198650
1543781291 10  P 1384 25197678 0 25241048
1544510905 9  P 2409 25204308 0 25248728
1545072834 8  P 7009 25211892 0 25261076
1549598146 3  P 8955 25284128 0 25335031
1551231698 13  P 1513 25311716 0 25355511
1551244520 12  P 1504 25321969 0 25365745
1551264111 4  P 13225 25312589 0 25367967
1551568246 11  P 1490 25321976 0 25365758
1557330861 7  P 1421 25426000 0 25468985
1557639421 5  P 1506 25425913 0 25469039
1558023342 2  P 1310 25423282 0 25466162
1558715190 6  P 14621 25435818 0 25492608
1560425319 1  P 11536 25329594 0 25513271
1563820203 2  P 1329 25518239 0 25561135
1564432212 8  P 7060 25529023 0 25578256
1565964039 9  P 2511 25555692 0 25600209
1566950432 13  P 1531 25569234 0 25613043
1568457524 3  P 9269 25592800 0 25644010
1570750055 10  P 1402 25639516 0 25682894
1571963267 12  P 1523 25661406 0 25705197
1572286991 11  P 1509 25661413 0 25705212
1574108159 5  P 1525 25695718 0 25738849
1574248471 4  P 13262 25689127 0 25744527
1577590196 6  P 14836 25744845 0 25801850
1578065229 7  P 1439 25765694 0 25808683
1581894052 1  P 11710 25681160 0 25865008
1583326882 5  P 1543 25846739 0 25889884
1584112779 1  P 11725 25717496 0 25901359
1584479069 8  P 7112 25857418 0 25906697
1585109412 10  P 1421 25874760 0 25918150
1585293281 6  P 14918 25870967 0 25928051
1586684783 13  P 1550 25892542 0 25936363
1587401538 9  P 2629 25906803 0 25951432
1587432568 12  P 1542 25914836 0 25958642
1587755803 11  P 1528 25914835 0 25958649
1593288937 2  P 1348 26001036 0 26043930
1598908998 7  P 1458 26107178 0 26150179
1601592228 4  P 13281 26137108 0 26192513
1602770016 3  P 9802 26154431 0 26206182
1602887043 6  P 15105 26159031 0 26216299
1605785626 3  P 9854 26203787 0 26255589
1606203129 10  P 1454 26220326 0 26263739
1608685941 4  P 13299 26253313 0 26308728
1608963416 8  P 7162 26258518 0 26307843
1611635136 12  P 1592 26311319 0 26355174
1612014395 5  P 1576 26316722 0 26359880
1613081557 1  P 11985 26191854 0 26375974
1617528525 13  P 1568 26397868 0 26441704
1619502716 7  P 1477 26444567 0 26487572
1620365089 11  P 1547 26449087 0 26492913
1622292145 9  P 2746 26478332 0 26523071
1623507665 2  P 1366 26496121 0 26539019
1624978856 12  P 1611 26529924 0 26573794
1625846484 7  P 1495 26548485 0 26591499
1627483223 5  P 1595 26570144 0 26613314
1628476432 2  P 1385 26577510 0 26620422
1628854043 8  P 7215 26584353 0 26633724
1631958844 11  P 1566 26639020 0 26682863
1636979669 9  P 2799 26718920 0 26763706
1637529710 4  P 13317 26725870 0 26781283
1639629872 3  P 10332 26757794 0 26810076
1639640643 10  P 1487 26768133 0 26811571
1640122278 13  P 1587 26768025 0 26811874
1642152659 6  P 15516 26801938 0 26859606
1642800263 1  P 12230 26678518 0 26862882
1643027653 6  P 15535 26816255 0 26873941
1643393357 7  P 1513 26835954 0 26878972
1643701888 5  P 1614 26835852 0 26879023
1644440882 1  P 12274 26705353 0 26889762
1646072618 12  P 1629 26875506 0 26919387
1647835794 2  P 1404 26894675 0 26937588
1649130709 11  P 1585 26920345 0 26964204
1650123446 4  P 13336 26932187 0 26987602
1654557773 9  P 2883 27006832 0 27051702
1655984402 10  P 1506 27035890 0 27079337
1656466028 13  P 1606 27035782 0 27079646
1659707907 3  P 10714 27086367 0 27139026
1660838447 8  P 7300 27108299 0 27157745
1666010311 8  P 7319 27193016 0 27242481
1668078147 10  P 1525 27234015 0 27277477
1668559782 13  P 1625 27233907 0 27277786
1669495261 9  P 2967 27251483 0 27296430
1671269021 1  P 12462 27144712 0 27329310
1671377728 7  P 1531 27294431 0 27337454
1671686269 5  P 1632 27294328 0 27337497
1672349468 11  P 1604 27300742 0 27344617
1673994497 12  P 1647 27332959 0 27376851
1675795343 4  P 13355 27352776 0 27408192
1678929571 2  P 1423 27404096 0 27447005
1679902681 6  P 15948 27419993 0 27478084
1682926677 3  P 11062 27466427 0 27519430
1683432796 9  P 3019 27479783 0 27524772
1683560991 1  P 12592 27345969 0 27530697
1684721485 7  P 1549 27513036 0 27556071
1685030022 5  P 1650 27512933 0 27556112
1685348569 3  P 11177 27505990 0 27559110
1685921921 10  P 1544 27526348 0 27569818
1685981673 13  P 1654 27519317 0 27563224
1688713261 12  P 1665 27574092 0 27618000
1691851470 2  P 1442 27615790 0 27658705
1692014105 4  P 13373 27618485 0 27673906
1694318237 11  P 1623 27660659 0 27704547
1696777680 6  P 16131 27696286 0 27754553
1702119717 8  P 7404 27784545 0 27834083
1704487773 1  P 12748 27688674 0 27873560
1705815222 7  P 1567 27858618 0 27901658
1706123761 5  P 1668 27858513 0 27901699
1706710798 2  P 1461 27859226 0 27902155
1708198405 9  P 3104 27885457 0 27930525
1709036973 11  P 1642 27901792 0 27945695
1711515656 10  P 1563 27945657 0 27989135
1713057199 8  P 7456 27963693 0 28013279
1713652698 6  P 16313 27972582 0 28031028
1715207922 3  P 11625 27994748 0 28048315
1715700396 13  P 1673 28006210 0 28050128
1718982843 4  P 13392 28060322 0 28115738
1722181997 12  P 1683 28122426 0 28166348
1729604071 8  P 7475 28234778 0 28284377
1730701594 4  P 13411 28252303 0 28307733
1732456536 1  P 12950 28146709 0 28331794
1733254801 3  P 11741 28290308 0 28343993
1733385917 9  P 3189 28298042 0 28343185
1735687546 10  P 1582 28341670 0 28385160
1736169161 13  P 1691 28341551 0 28385486
1736658990 7  P 1585 28363943 0 28406985
1736967528 5  P 1686 28363838 0 28407019
1740400819 12  P 1701 28420904 0 28464842
1740804585 2  P 1480 28417799 0 28460717
1742105860 6  P 16564 28438505 0 28497196
1742505793 11  P 1661 28450126 0 28494037
1744906289 10  P 1600 28492691 0 28536193
1746115132 11  P 1679 28509242 0 28553171
1748764403 5  P 1704 28557099 0 28600289
1751226451 2  P 1499 28588531 0 28631461
1751385160 12  P 1719 28600852 0 28644806
1751996450 6  P 16713 28600399 0 28659236
1752972158 1  P 13183 28482600 0 28667916
1756588452 8  P 7558 28676805 0 28726474
1759239187 3  P 12217 28715549 0 28769713
1759252745 7  P 1603 28734101 0 28777152
1759278585 13  P 1709 28720157 0 28764104
1761170359 4  P 13430 28751484 0 28806899
1761573425 9  P 3340 28759715 0 28805002
1765175248 1  P 13225 28682491 0 28867851
1766945166 2  P 1517 28846049 0 28888983
1767025932 8  P 7576 28847794 0 28897476
1772574558 6  P 16883 28937378 0 28996380
1774728899 12  P 1738 28983297 0 29027264
1775279715 4  P 13448 28982632 0 29038057
1775412020 11  P 1697 28989224 0 29033167
1776875025 10  P 1618 29016448 0 29059961
1778075431 13  P 1727 29028106 0 29072068
1778707915 3  P 12580 29034155 0 29088679
1781924609 7  P 1641 29105518 0 29148593
1782233168 5  P 1802 29105349 0 29148623
1782776537 9  P 3449 29106993 0 29152384
1783315883 1  P 13455 28979472 0 29165065
1784775784 12  P 1756 29147886 0 29191867
1785533974 7  P 1660 29164635 0 29207720
1785873463 4  P 13467 29156181 0 29211616
1786146377 11  P 1715 29165076 0 29209035
1786679554 2  P 1536 29169358 0 29212289
1787942256 3  P 12806 29185220 0 29239970
1788309796 13  P 1745 29195766 0 29239745
1788854650 9  P 3534 29206490 0 29251963
1789734476 10  P 1648 29227107 0 29270640
1795139398 5  P 1981 29316620 0 29360067
1796230821 6  P 17001 29324843 0 29383930
1798807264 8  P 7683 29368390 0 29418161
1803311257 5  P 2033 29450456 0 29493954
1803671927 10  P 1677 29455428 0 29498986
1803676627 3  P 13052 29442758 0 29497757
1804153541 13  P 1763 29455332 0 29499327
1806217244 4  P 13486 29489474 0 29544908
1808090217 6  P 17051 29519098 0 29578229
1811127724 7  P 1689 29583934 0 29627025
1816744554 12  P 1774 29671645 0 29715638
1817409662 1  P 13743 29537767 0 29723652
1817523332 2  P 1555 29674683 0 29717615
1818932802 9  P 3631 29699194 0 29744749
1818990133 11  P 1746 29703157 0 29747141
1820744747 8  P 7747 29727750 0 29777575
1823583842 11  P 1764 29778402 0 29822405
1824170661 5  P 2247 29791994 0 29835708
1826027694 6  P 17069 29812966 0 29872102
1827968790 10  P 1708 29853477 0 29897051
1828862775 1  P 13857 29725298 0 29911297
1829603919 12  P 1793 29882313 0 29926321
1831870331 9  P 3693 29911098 0 29956711
1834471464 7  P 1708 29966379 0 30009470
1837091057 13  P 1782 29994961 0 30038965
1840117064 2  P 1574 30044840 0 30087776
1842067289 3  P 13595 30071196 0 30126734
1842310993 4  P 13505 30080815 0 30136246
1842775985 8  P 7799 30088656 0 30138526
1845253417 1  P 13971 29993725 0 30179836
1845565231 7  P 1741 30148106 0 30191224
1846184822 13  P 1801 30143934 0 30187955
1847697667 12  P 1812 30178742 0 30222762
1849927611 11  P 1783 30209999 0 30254014
1852301658 3  P 13776 30238692 0 30294411
1852697844 8  P 7863 30251151 0 30301082
1853324584 6  P 17121 30260145 0 30319311
1856460823 2  P 1592 30312597 0 30355537
1858885934 9  P 3811 30353600 0 30399324
1859545663 5  P 2559 30371260 0 30415272
1861656314 10  P 1727 30405394 0 30448973
1861732862 4  P 13538 30398989 0 30454439
1863002696 7  P 1760 30433783 0 30476908
1864119552 12  P 1830 30447779 0 30491817
1864557210 8  P 7881 30445437 0 30495376
1867073416 9  P 3863 30487691 0 30533462
1867451608 4  P 13557 30492666 0 30548128
1867831548 1  P 14215 30363397 0 30549750
1868021367 11  P 1801 30506428 0 30550458
1868554570 2  P 1611 30510722 0 30553670
1869342540 5  P 2707 30531619 0 30575780
1871114156 3  P 14157 30546529 0 30602623
1874058965 6  P 17172 30599804 0 30659013
1879625046 10  P 1757 30699763 0 30743363
1880106653 13  P 1831 30699680 0 30743724
1884443238 11  P 1819 30775465 0 30819510
1885976443 2  P 1629 30796143 0 30839102
1886276514 9  P 3914 30802262 0 30848077
1886341766 5  P 2824 30810014 0 30854289
1887920341 4  P 13575 30828007 0 30883476
1889346455 7  P 1779 30865380 0 30908496
1889582878 3  P 14406 30848867 0 30905208
1891550283 1  P 14418 30751797 0 30938352
1894343786 10  P 1775 30940896 0 30984513
1894494770 8  P 7965 30935848 0 30985864
1894825394 13  P 1850 30940813 0 30984873
1894980829 6  P 17258 30942502 0 31001785
1896478916 12  P 1849 30977936 0 31021988
1903248777 5  P 2943 31086897 0 31131286
1905572677 12  P 1867 31126909 0 31170979
1905840213 6  P 17277 31120403 0 31179697
1906190920 1  P 14532 30991553 0 31178219
1907432247 8  P 7984 31147796 0 31197821
1907440213 7  P 1797 31161810 0 31204934
1908162012 11  P 1838 31164054 0 31208110
1908294159 13  P 1868 31161467 0 31205541
1909139127 4  P 13593 31175636 0 31231103
1909895393 3  P 14821 31181243 0 31238001
1911578192 10  P 1804 31223234 0 31266872
1913667163 9  P 4073 31250864 0 31296827
1915695210 2  P 1648 31283036 0 31325981
1923283967 7  P 1815 31421376 0 31464509
1925896389 11  P 1856 31454595 0 31498667
1927387104 6  P 17329 31473375 0 31532709
1929692293 3  P 15000 31505409 0 31562349
1931000061 10  P 1823 31541423 0 31585077
1933123811 5  P 3160 31576149 0 31620749
1934019058 1  P 14746 31447270 0 31634149
1936163988 2  P 1666 31618378 0 31661332
1936416456 12  P 1886 31632235 0 31676320
1937107873 4  P 13611 31633857 0 31689331
1938354694 9  P 4125 31655292 0 31701300
1939479136 8  P 8070 31672767 0 31722871
1942512923 13  P 1886 31722089 0 31766175
1942877730 7  P 1834 31742381 0 31785520
1945826601 4  P 13630 31776686 0 31832172
1950074587 6  P 17381 31845034 0 31904405
1950432779 9  P 4189 31853114 0 31899180
1951254795 3  P 15314 31858368 0 31915619
1951481686 13  P 1905 31869014 0 31913118
1954213313 12  P 1904 31923800 0 31967899
1955963495 8  P 8089 31942827 0 31992944
1956718774 10  P 1842 31962780 0 32006445
1956740145 11  P 1874 31959920 0 32004004
1959273315 2  P 1684 31996983 0 32039930
1959284650 1  P 14977 31860984 0 32048100
1961233137 5  P 3473 32036373 0 32081277
1963867053 2  P 1703 32072228 0 32115194
1966060955 4  P 13649 32108187 0 32163680
1966406274 10  P 1861 32121481 0 32165161
1967333848 11  P 1893 32133469 0 32177571
1968848518 3  P 15596 32146333 0 32203864
1969808941 6  P 17466 32168276 0 32227716
1971447649 12  P 1923 32206149 0 32250266
1973237795 1  P 15106 32089461 0 32276707
1973780034 5  P 3560 32241854 0 32286841
1974049583 7  P 1852 32253081 0 32296217
1974841023 13  P 1924 32251715 0 32295833
1975370255 9  P 4339 32261538 0 32307743
1979635425 8  P 8175 32330582 0 32380774
1985538937 2  P 1722 32427281 0 32470252
1987677617 11  P 1912 32466762 0 32510881
1988655030 5  P 3707 32485415 0 32530550
1988720539 3  P 15910 32471595 0 32529440
1989291396 12  P 1952 32498471 0 32542618
1990890659 10  P 1879 32522614 0 32566297
1992385894 9  P 4390 32540270 0 32586523
1992482854 4  P 13667 32541064 0 32596556
1996244744 8  P 8226 32602656 0 32652895
1999246459 6  P 17517 32650528 0 32710000
2001268356 7  P 1871 32699014 0 32742156
2001934787 13  P 1942 32695601 0 32739733
2003206548 1  P 15363 32580202 0 32767711
2005182220 8  P 8244 32749068 0 32799326
2008722144 1  P 15378 32670555 0 32858078
2009234386 10  P 1897 32823140 0 32866835
2010889377 5  P 3887 32849516 0 32894825
2013757687 2  P 1740 32889598 0 32932565
2014778500 13  P 1961 32906014 0 32950165
2015020380 3  P 16312 32902082 0 32960331
2016588236 12  P 1970 32945685 0 32989845
2017918322 6  P 17569 32956395 0 33015911
2018842185 4  P 13706 32972897 0 33028419
2019237064 7  P 1890 32993395 0 33036541
2020573368 9  P 4506 33001974 0 33048340
2022224482 11  P 1930 33032760 0 33076890
2023328157 10  P 1916 33054033 0 33097742
2023742045 2  P 1759 33053163 0 33096138
2024332885 3  P 16527 33054439 0 33112897
2025056998 12  P 1989 33084418 0 33128595
2027935973 4  P 13724 33121871 0 33177405
2029119723 8  P 8307 33141196 0 33191502
2029527710 6  P 17620 33146552 0 33206110
2031372251 13  P 1980 33177867 0 33222029
2033955837 7  P 1908 33234527 0 33277678
2034061266 5  P 4136 33228911 0 33274455
2037776521 9  P 4592 33283743 0 33330185
2041925297 1  P 15693 33214231 0 33402068
2043208875 11  P 1949 33376549 0 33420698
2044916596 8  P 8358 33399960 0 33450313
2045380738 11  P 1968 33412114 0 33456281
2046275761 12  P 2007 33432047 0 33476234
2046465199 6  P 17639 33424037 0 33483599
2048551654 3  P 16936 33450820 0 33509686
2049716042 13  P 1998 33478392 0 33522566
2051190215 7  P 1926 33516875 0 33560032
2051394107 1  P 15807 33369251 0 33557204
2051857860 4  P 13743 33513788 0 33569317
2054914002 2  P 1778 33563865 0 33606840
2056342532 5  P 4354 33593746 0 33639505
2060214040 9  P 4676 33651275 0 33697795
2061750100 10  P 1935 33683519 0 33727230
2066402692 6  P 17690 33750639 0 33810248
2066599479 11  P 1987 33759743 0 33803926
2067262900 13  P 2016 33765862 0 33810049
2068109438 10  P 1954 33787691 0 33831413
2069033944 7  P 1945 33809208 0 33852370
2069217516 5  P 4473 33804570 0 33850436
2069994687 8  P 8452 33810746 0 33861175
2073651541 9  P 4728 33871381 0 33917948
2075442297 3  P 17381 33890940 0 33950253
2077023322 2  P 1796 33926086 0 33969060
2077717237 4  P 13762 33937449 0 33992974
2078244492 12  P 2025 33955805 0 34000008
2081612862 1  P 16051 33864106 0 34052304
2087617072 2  P 1815 34099635 0 34142625
2089176695 3  P 17432 34115914 0 34175276
2089950400 13  P 2034 34137555 0 34181757
2090089029 9  P 4814 34140606 0 34187257
2090092520 5  P 4623 34146434 0 34192444
2093199566 6  P 17742 34189626 0 34249262
2093203192 10  P 1973 34198808 0 34242541
2093810993 4  P 13781 34201110 0 34256647
2095003412 1  P 16165 34083377 0 34271693
2095291580 8  P 8471 34225191 0 34275634
2096330826 7  P 1963 34256421 0 34299583
2098568234 11  P 2006 34283500 0 34327699
2102963266 12  P 2043 34360779 0 34404993
2104799593 7  P 1981 34395154 0 34438330
2106581547 1  P 16236 34273002 0 34461388
2107654734 4  P 13800 34427907 0 34483458
2107960825 2  P 1834 34432928 0 34475920
2108046937 10  P 1992 34441989 0 34485738
2108419129 13  P 2052 34440128 0 34484344
2109989162 3  P 17847 34456483 0 34516259
2110432035 12  P 2062 34483128 0 34527361
2114025937 8  P 8522 34532083 0 34582574
2116887062 6  P 17825 34577635 0 34637337
2118229664 9  P 4931 34601542 0 34648296
2122076904 5  P 4906 34670176 0 34716462
2123286984 11  P 2025 34688473 0 34732688
2124597165 1  P 16395 34568007 0 34756553
2126018331 7  P 1999 34742783 0 34785965
2129248488 4  P 13819 34781680 0 34837241
2130755756 11  P 2044 34810822 0 34855055
2130869705 8  P 8609 34807964 0 34858534
2131457925 3  P 18164 34807903 0 34867997
2132054595 2  P 1853 34827662 0 34870650
2134871450 6  P 17843 34872271 0 34931981
2135637892 13  P 2070 34886061 0 34930291
2138635127 12  P 2080 34945190 0 34989440
2138640664 10  P 2022 34943207 0 34986970
2139917153 9  P 5026 34956772 0 35003618
2140233155 5  P 5122 34967430 0 35013922
2144592255 4  P 13838 35033053 0 35088619
2144604650 9  P 5044 35033554 0 35080416
2145135327 8  P 8627 35041673 0 35092256
2145608164 5  P 5206 35055409 0 35101983
2147978887 12  P 2098 35098260 0 35142527
2151476473 2  P 1872 35145850 0 35188838
2153308960 6  P 17894 35174298 0 35234042
2153606657 13  P 2089 35180442 0 35224683
2153770425 3  P 18575 35173048 0 35233561
2154984427 10  P 2040 35210965 0 35254742
2157987087 7  P 2018 35266540 0 35309718
2158958859 11  P 2063 35272883 0 35317126
2159940931 1  P 16740 35146725 0 35335620
2164921925 10  P 2059 35373762 0 35417554
2166639135 4  P 13857 35394251 0 35449823
2167067313 3  P 18725 35390752 0 35451412
2167744711 8  P 8678 35412054 0 35462681
2168302630 11  P 2081 35425952 0 35470213
2168769069 1  P 16813 35291291 0 35480259
2171230849 6  P 17977 35467845 0 35527664
2172994537 12  P 2116 35508098 0 35552377
2175682789 9  P 5164 35542618 0 35589583
2177195258 2  P 1890 35567208 0 35610198
2180325438 13  P 2107 35618185 0 35662433
2182705870 7  P 2036 35671514 0 35714696
2182983183 5  P 5487 35667473 0 35714315
2184620262 9  P 5215 35688998 0 35736013
2188682221 8  P 8730 35755041 0 35805715
2189301692 3  P 19072 35754686 0 35815691
2190174633 7  P 2054 35793863 0 35837060
2193318250 11  P 2100 35835789 0 35880063
2194530025 5  P 5606 35856536 0 35903493
2198218801 10  P 2078 35919279 0 35963084
2198607882 4  P 13876 35918007 0 35973572
2199034709 1  P 17028 35786941 0 35976129
2199090192 6  P 18028 35924239 0 35984093
2199713273 12  P 2134 35945839 0 35990133
2201929598 2  P 1908 35972436 0 36015427
2203559790 13  P 2126 35998837 0 36043101
2204667130 9  P 5300 36017361 0 36064455
2205403522 13  P 2144 36029026 0 36073305
2206687519 10  P 2096 36058012 0 36101833
2209061281 5  P 5757 36094462 0 36141563
2211467235 4  P 13894 36128676 0 36184249
2213637041 6  P 18091 36162510 0 36222419
2213729073 8  P 8781 36165357 0 36216071
2214773328 2  P 1926 36182850 0 36225846
2215878416 1  P 17201 36062731 0 36252092
2218377718 7  P 2073 36255924 0 36299124
2219223559 3  P 19552 36244437 0 36305915
2220036997 11  P 2118 36273530 0 36317819
2221182043 12  P 2152 36297564 0 36341875
2224791386 12  P 2171 36356681 0 36401010
2226621447 6  P 18109 36375226 0 36435141
2227721461 7  P 2091 36408993 0 36452204
2227906293 10  P 2115 36405641 0 36449473
2229561012 4  P 13913 36425106 0 36480676
2231367078 2  P 1945 36454703 0 36497708
2232936277 5  P 5907 36485475 0 36532721
2233956555 1  P 17357 36358762 0 36548283
2234286052 3  P 19798 36490966 0 36552693
2235213470 8  P 8832 36517305 0 36568062
2236823392 9  P 5418 36544090 0 36591288
2241505767 11  P 2136 36625255 0 36669559
2242997284 13  P 2163 36644943 0 36689234
2244472213 1  P 17427 36530977 0 36720569
2245115124 11  P 2154 36684373 0 36728694
2246895446 3  P 19983 36697370 0 36759284
2247875060 10  P 2134 36732790 0 36776628
2249710864 2  P 1964 36755229 0 36798243
2252737095 7  P 2109 36818831 0 36862044
2254341015 13  P 2181 36830781 0 36875088
2256998482 4  P 13932 36874622 0 36930197
2259650935 8  P 8917 36917602 0 36968438
2260010892 9  P 5501 36923909 0 36971183
2260311293 5  P 6189 36933699 0 36981220
2262012079 6  P 18192 36954981 0 37014954
2262385202 12  P 2189 36972600 0 37016940
2266198395 9  P 5553 37025232 0 37072556
2266342255 4  P 13951 37027691 0 37083278
2266557031 12  P 2208 37040932 0 37085289
2267257716 2  P 1982 37042698 0 37085719
2268387929 13  P 2199 37060906 0 37105228
2268734432 10  P 2153 37074531 0 37118383
2270692303 3  P 20398 37086837 0 37149167
2278412011 11  P 2172 37229890 0 37274224
2278496457 6  P 18242 37225010 0 37285021
2278815930 1  P 17729 37093352 0 37283250
2279072883 8  P 8970 37235758 0 37286632
2279455832 7  P 2127 37256572 0 37299788
2279686269 5  P 6405 37250921 0 37298644
2286872311 13  P 2217 37363736 0 37408073
2286880785 11  P 2191 37368624 0 37412976
2287436029 4  P 13970 37373273 0 37428865
2287775813 12  P 2226 37388562 0 37432927
2288901555 9  P 5704 37397047 0 37444514
2293260395 8  P 9021 37468154 0 37519070
2298168347 6  P 18261 37547296 0 37607307
2300281345 10  P 2171 37591377 0 37635233
2300924628 7  P 2146 37608298 0 37651521
2301426718 3  P 20844 37589937 0 37652707
2301983184 5  P 6590 37616045 0 37663945
2302144085 1  P 17930 37475355 0 37665455
2302226492 2  P 2001 37615608 0 37658622
2304533969 7  P 2165 37667414 0 37710653
2306447846 8  P 9039 37684198 0 37735130
2307744526 12  P 2245 37715710 0 37760094
2308099511 11  P 2210 37716252 0 37760618
2309216053 13  P 2236 37729796 0 37774148
2309357880 4  P 13988 37732422 0 37788015
2309467524 5  P 6737 37738516 0 37786560
2309945230 2  P 2019 37742052 0 37785076
2314777718 6  P 18313 37819370 0 37879420
2315250091 10  P 2190 37836605 0 37880475
2316909687 1  P 18086 37717114 0 37907370
2321339056 9  P 5790 37928415 0 37975962
2322239195 3  P 21193 37930571 0 37993691
2326889423 5  P 6789 38023903 0 38071996
2328068267 11  P 2229 38043401 0 38087783
2328076627 4  P 14007 38039091 0 38094698
2328413978 2  P 2037 38044624 0 38087659
2328463305 12  P 2263 38055149 0 38099542
2330968814 10  P 2208 38094123 0 38138008
2331715200 6  P 18397 38096787 0 38156915
2334051658 3  P 21392 38123907 0 38187224
2334362845 1  P 18228 38002920 0 38193319
2336776564 9  P 5843 38181291 0 38228884
2340762936 13  P 2254 38246641 0 38291007
2341307248 8  P 9123 38255248 0 38306255
2342127730 7  P 2183 38283332 0 38326563
2344730850 6  P 18415 38310017 0 38370157
2346697698 12  P 2282 38353881 0 38398291
2346854135 8  P 9142 38346109 0 38397128
2348787034 11  P 2248 38382839 0 38427234
2350167149 9  P 5926 38400595 0 38448271
2353331564 1  P 18357 38313572 0 38504098
2353471452 7  P 2201 38469170 0 38512408
2353601477 2  P 2056 38457277 0 38500311
2354973519 3  P 21739 38466337 0 38529999
2355731676 13  P 2273 38491870 0 38536253
2357437595 10  P 2227 38527769 0 38571659
2357545375 4  P 14026 38521888 0 38577488
2361998784 5  P 7139 38598779 0 38647208
2366590190 6  P 18466 38668109 0 38728286
2366854661 9  P 5977 38673950 0 38721678
2367021396 11  P 2266 38681571 0 38725985
2368347189 1  P 18502 38559440 0 38750112
2371450429 13  P 2292 38749387 0 38793788
2373332903 3  P 21987 38766881 0 38830795
2375764142 4  P 14045 38820365 0 38875976
2377545687 5  P 7254 38853380 0 38901921
2378541413 12  P 2300 38875589 0 38920015
2379546945 10  P 2245 38889989 0 38933888
2380320226 2  P 2074 38895017 0 38938060
2380565209 7  P 2219 38913055 0 38956298
2382838511 8  P 9226 38935590 0 38986681
2384420672 5  P 7338 38965934 0 39014560
2385879789 3  P 22201 38972227 0 39036357
2386542171 9  P 6061 38996424 0 39044235
2389050321 1  P 18677 38898463 0 39089309
2394140704 10  P 2263 39129075 0 39172988
2395229116 8  P 9245 39138578 0 39189684
2396748517 4  P 14063 39164155 0 39219760
2397919197 13  P 2311 39183032 0 39227449
2398135183 12  P 2319 39196594 0 39241034
2398865143 11  P 2284 39203279 0 39247709
2399137191 6  P 18550 39201273 0 39261515
