259869026 9  P 125 4159088 0 4201726
262087086 12  P 129 4201839 0 4244475
262267425 1  P 130 4072300 0 4244495
262410795 11  P 126 4201841 0 4244485
262699207 13  P 128 4201840 0 4244480
279104187 6  P 255 4485352 0 4528133
279141729 7  P 81 4485531 0 4528116
279262483 4  P 322 4485287 0 4528138
279450295 5  P 81 4485533 0 4528130
279596497 3  P 81 4485531 0 4528127
280006084 2  P 81 4485530 0 4528130
293436345 10  P 136 4713318 0 4755956
293509127 8  P 278 4713172 0 4755967
309369779 6  P 339 4981136 0 5023998
328324945 4  P 472 5288973 0 5331970
332915933 9  P 155 5355857 0 5398515
339545712 10  P 166 5468744 0 5511406
339774495 12  P 160 5474638 0 5517305
340098220 11  P 157 5474640 0 5517309
340386637 13  P 158 5474639 0 5517310
341415366 8  P 407 5497937 0 5540851
350126489 7  P 100 5648520 0 5691105
350435053 5  P 100 5648522 0 5691121
350581257 3  P 100 5648520 0 5691120
350990844 2  P 100 5648519 0 5691127
353001743 1  P 457 5558558 0 5731079
366298372 7  P 119 5913461 0 5956064
366606936 5  P 119 5913463 0 5956080
366753140 3  P 119 5913461 0 5956080
367162725 2  P 119 5913460 0 5956083
374744075 9  P 174 6041150 0 6083823
382258955 12  P 178 6170685 0 6213363
382582679 11  P 175 6170687 0 6213367
382871091 13  P 176 6170686 0 6213366
386087229 8  P 524 6229721 0 6272747
392387482 4  P 992 6338038 0 6381551
398811318 10  P 185 6439733 0 6482395
399954911 1  P 616 6327676 0 6500357
410822900 6  P 769 6642911 0 6686179
433030030 10  P 215 7000342 0 7043035
433290872 9  P 204 7000351 0 7043042
442439238 1  P 660 7023694 0 7196419
443485817 7  P 149 7178070 0 7220682
443794385 5  P 149 7178072 0 7220699
443940589 3  P 149 7178070 0 7220699
444350174 2  P 149 7178069 0 7220702
449962213 8  P 554 7276218 0 7319267
455450365 4  P 1241 7371001 0 7414760
465713499 6  P 886 7542118 0 7585497
482696434 12  P 196 7816234 0 7858928
483020158 11  P 193 7816236 0 7858928
483308572 13  P 194 7816235 0 7858930
504345212 7  P 167 8175172 0 8217794
504653776 5  P 167 8175174 0 8217805
504782977 1  P 836 8044955 0 8217856
504799980 3  P 167 8175172 0 8217806
505209567 2  P 167 8175171 0 8217812
506014415 10  P 233 8196101 0 8238804
506275243 9  P 222 8196109 0 8238805
507995165 6  P 1068 8234666 0 8278227
531118310 12  P 215 8609559 0 8652269
531442034 11  P 212 8609561 0 8652270
531730446 13  P 213 8609560 0 8652272
533512945 4  P 1659 8649556 0 8693733
533852854 8  P 766 8650463 0 8693719
559477658 12  P 233 9074179 0 9116905
559801382 11  P 230 9074181 0 9116905
560089794 13  P 231 9074180 0 9116907
567892102 7  P 185 9216306 0 9258929
568200670 5  P 185 9216308 0 9258936
568346874 3  P 185 9216306 0 9258935
568756459 2  P 185 9216305 0 9258948
581809764 4  P 1873 9440632 0 9485020
584274706 8  P 884 9476454 0 9519825
587807703 6  P 1349 9542029 0 9585861
588452002 10  P 251 9546738 0 9589449
588712830 9  P 240 9546747 0 9589447
602877205 1  P 1155 9651800 0 9825021
604384098 8  P 902 9805907 0 9849297
606092572 10  P 270 9835743 0 9878469
609122270 4  P 2087 9887900 0 9932504
630151142 9  P 259 10225640 0 10268355
632525400 12  P 264 10270949 0 10313699
632849126 11  P 260 10270952 0 10313697
633137539 13  P 261 10270951 0 10313703
641877314 7  P 215 10428435 0 10471063
642185880 5  P 216 10428437 0 10471068
642332084 3  P 216 10428435 0 10471069
642741669 2  P 215 10428434 0 10471087
650721772 1  P 1311 10435511 0 10608889
658511655 6  P 1633 10700141 0 10744245
663886625 6  P 1651 10788185 0 10832309
667018613 1  P 1339 10702490 0 10875895
680169969 4  P 2368 11051643 0 11096531
682327790 10  P 289 11084748 0 11127482
685588457 8  P 1020 11136218 0 11179723
706009749 12  P 283 11474898 0 11517663
706333476 11  P 279 11474901 0 11517661
706621887 13  P 280 11474900 0 11517665
709823065 9  P 278 11530966 0 11573681
713049148 7  P 233 11594495 0 11637126
713357716 5  P 234 11594497 0 11637135
713503920 3  P 234 11594495 0 11637136
713913505 2  P 233 11594494 0 11637148
730447262 12  P 301 11875263 0 11918047
730770984 11  P 297 11875266 0 11918045
731059396 13  P 299 11875265 0 11918044
731527280 6  P 1968 11896092 0 11940521
750432408 9  P 297 12196290 0 12239017
752267962 7  P 251 12237037 0 12279674
752576520 5  P 252 12237039 0 12279686
752722724 3  P 252 12237037 0 12279685
752783770 1  P 1613 12107389 0 12281062
753132311 2  P 251 12237036 0 12279697
772748075 4  P 2891 12567914 0 12613321
777765274 10  P 318 12648365 0 12691113
780869729 8  P 1246 12697076 0 12740798
785402263 6  P 2085 12778658 0 12823202
791108973 10  P 336 12866970 0 12909737
797060540 4  P 3040 12966095 0 13011654
803135347 8  P 1264 13061857 0 13105595
819596708 1  P 1738 13201927 0 13375722
820729223 9  P 315 13348015 0 13390754
820955402 7  P 269 13362393 0 13405032
821263966 5  P 271 13362395 0 13405041
821410172 3  P 271 13362393 0 13405052
821819755 2  P 269 13362392 0 13405052
825869102 12  P 320 13438635 0 13481432
826192831 11  P 316 13438638 0 13481428
826481244 13  P 318 13438637 0 13481431
849228509 12  P 338 13821338 0 13864151
849552232 11  P 334 13821341 0 13864146
849840644 13  P 336 13821340 0 13864147
850189805 7  P 287 13841351 0 13883991
850498362 5  P 289 13841353 0 13884003
850644567 3  P 289 13841351 0 13884010
851054152 2  P 287 13841350 0 13884020
862857435 4  P 3452 14043686 0 14089657
866121042 6  P 2397 14100831 0 14145685
878155930 10  P 355 14293128 0 14335903
884463628 9  P 333 14392221 0 14434968
886190489 1  P 2010 14292722 0 14466785
898682231 8  P 1478 14627078 0 14671024
928033546 7  P 305 15116724 0 15159373
928342112 5  P 307 15116726 0 15159386
928420023 4  P 3668 15117642 0 15163831
928488318 3  P 307 15116724 0 15159392
928897901 2  P 305 15116723 0 15159405
935307375 9  P 351 15225226 0 15267991
941393625 1  P 2110 15197066 0 15371232
941640240 10  P 374 15333236 0 15376029
952589807 6  P 2581 15517346 0 15562381
953275348 12  P 368 15526011 0 15568848
953599072 11  P 364 15526014 0 15568844
953887484 13  P 367 15526012 0 15568843
961213446 8  P 1593 15651468 0 15695529
965962848 12  P 386 15733864 0 15776717
965984046 10  P 393 15732065 0 15774869
966286572 11  P 382 15733867 0 15776713
966574984 13  P 385 15733865 0 15776710
972982440 4  P 4050 15847365 0 15893934
984667906 6  P 2866 16042625 0 16087941
995330444 7  P 323 16219298 0 16261935
995639013 5  P 325 16219300 0 16261955
995785214 3  P 325 16219298 0 16261963
996194801 2  P 323 16219297 0 16261978
998862389 1  P 2340 16138400 0 16312791
1003104302 9  P 370 16335992 0 16378753
1003494681 8  P 1710 16344083 0 16388262
1042197219 12  P 405 16982869 0 17025737
1042520944 11  P 401 16982872 0 17025734
1042809356 13  P 404 16982870 0 17025732
1044479078 8  P 1827 17015450 0 17059747
1048471755 1  P 2427 16951110 0 17125589
1050530880 10  P 411 17117262 0 17160071
1050791732 9  P 388 17117283 0 17160057
1052545000 4  P 4430 17150530 0 17197481
1065683518 6  P 3166 17369676 0 17415292
1073017990 7  P 342 17492111 0 17534752
1073326556 5  P 344 17492113 0 17534771
1073472760 3  P 344 17492111 0 17534775
1073882347 2  P 342 17492110 0 17534792
1084635311 8  P 1846 17673351 0 17717663
1105776181 9  P 417 18018120 0 18060919
1106065513 1  P 2570 17894580 0 18069204
1109218454 10  P 429 18078781 0 18121606
1127846094 7  P 361 18390396 0 18433051
1128154660 5  P 363 18390398 0 18433068
1128300866 3  P 363 18390396 0 18433072
1128710449 2  P 360 18390396 0 18433086
1131107470 4  P 4710 18437412 0 18484643
1137634730 12  P 423 18546499 0 18589379
1137958456 11  P 419 18546502 0 18589375
1138246868 13  P 422 18546500 0 18589372
1141105385 6  P 3387 18605165 0 18650990
1149409264 1  P 2712 18604579 0 18779341
1159275964 8  P 1963 18896145 0 18940565
1168669976 4  P 4892 19052649 0 19100062
1169783543 7  P 391 19077469 0 19120145
1170092112 5  P 393 19077471 0 19120154
1170238310 3  P 393 19077469 0 19120164
1170647895 2  P 390 19077468 0 19120168
1181480369 6  P 3439 19266616 0 19312491
1190905890 10  P 448 19417128 0 19459965
1191166740 9  P 436 19417139 0 19459945
1198806644 12  P 442 19548721 0 19591614
1199130369 11  P 438 19548724 0 19591611
1199418778 13  P 441 19548722 0 19591608
1209390289 10  P 467 19719958 0 19762805
1209651137 9  P 455 19719969 0 19762789
1212246014 6  P 3687 19770427 0 19816550
1225232494 4  P 5271 19978981 0 20026778
1234916033 12  P 460 20140317 0 20183227
1235239752 11  P 456 20140322 0 20183225
1235528164 13  P 459 20140320 0 20183224
1237057240 8  P 2177 20170293 0 20214922
1240080464 7  P 410 20229195 0 20271859
1240389032 5  P 412 20229197 0 20271875
1240535234 3  P 412 20229195 0 20271881
1240944819 2  P 409 20229194 0 20271891
1248503026 1  P 3068 20227767 0 20402882
1266143598 1  P 3068 20516790 0 20691905
1267734009 10  P 486 20675842 0 20718698
1267994860 9  P 474 20675853 0 20718687
1287560566 4  P 5554 20999875 0 21047952
1302712880 12  P 479 21251082 0 21294007
1303036604 11  P 474 21251087 0 21294005
1303325016 13  P 477 21251085 0 21294003
1303814779 7  P 429 21273399 0 21316072
1304123342 5  P 431 21273401 0 21316089
1304269548 3  P 431 21273399 0 21316089
1304588455 8  P 2294 21276604 0 21321349
1304679712 2  P 428 21273407 0 21316111
1317121007 6  P 4036 21488346 0 21534799
1347574143 6  P 4055 21987271 0 22033742
1354658572 7  P 447 22106404 0 22149089
1354967141 5  P 449 22106406 0 22149104
1355113345 3  P 449 22106404 0 22149105
1355522918 2  P 446 22106405 0 22149121
1355869749 8  P 2312 22116778 0 22161538
1361947277 12  P 497 22221560 0 22264500
1362271001 11  P 492 22221565 0 22264500
1362559411 13  P 495 22221563 0 22264498
1369612484 1  P 3369 22211714 0 22387132
1379280924 10  P 504 22503409 0 22546268
1379375904 4  P 6076 22503642 0 22552243
1379541771 9  P 492 22503420 0 22546256
1404919938 4  P 6128 22922102 0 22970755
1419464767 6  P 4271 23164906 0 23211592
1422455436 7  P 466 23217168 0 23259861
1422764003 5  P 467 23217170 0 23259867
1422910207 3  P 467 23217168 0 23259873
1423319791 2  P 464 23217169 0 23259885
1433831125 1  P 3498 23263739 0 23439289
1435369137 12  P 516 23424485 0 23467439
1435692860 11  P 511 23424490 0 23467440
1435981273 13  P 514 23424488 0 23467435
1436900991 8  P 2529 23444172 0 23489138
1437968409 10  P 523 23464925 0 23507793
1438229277 9  P 511 23464937 0 23507785
1444683495 6  P 4486 23577869 0 23624771
1459702787 10  P 542 23821003 0 23863886
1459963636 9  P 529 23821015 0 23863879
1462904344 4  P 6544 23871695 0 23920760
1464799878 1  P 3643 23770984 0 23946676
1465556617 12  P 547 23919045 0 23962024
1465682251 8  P 2581 23915671 0 23960686
1465880344 11  P 541 23919051 0 23962031
1466168753 13  P 544 23919049 0 23962021
1470142943 7  P 485 23998461 0 24041154
1470451509 5  P 486 23998463 0 24041158
1470597711 3  P 486 23998461 0 24041167
1471007298 2  P 483 23998462 0 24041177
1523104101 8  P 2730 24856316 0 24901482
1525127316 7  P 518 24899291 0 24941997
1525435879 5  P 519 24899294 0 24942011
1525582081 3  P 519 24899291 0 24942009
1525991669 2  P 502 24899307 0 24942030
1526546547 10  P 561 24916152 0 24959044
1526807396 9  P 548 24916164 0 24959032
1540518626 1  P 3875 25011324 0 25187247
1541044936 4  P 6946 25151540 0 25201005
1541886642 6  P 4833 25170091 0 25217330
1550775367 12  P 565 25315250 0 25358246
1551099095 11  P 559 25315256 0 25358252
1551387507 13  P 562 25315254 0 25358237
1567432237 8  P 2847 25582470 0 25627748
1569259717 12  P 584 25618079 0 25661087
1569583438 11  P 578 25618085 0 25661098
1569871849 13  P 581 25618083 0 25661082
1571564791 7  P 537 25660104 0 25702807
1571873360 5  P 538 25660107 0 25702833
1572019562 3  P 538 25660104 0 25702812
1572429146 2  P 521 25660120 0 25702849
1584480417 6  P 5080 25867696 0 25915179
1607607415 4  P 7327 26241709 0 26291557
1613484020 10  P 580 26340517 0 26383418
1613744863 9  P 567 26340529 0 26383399
1618987355 1  P 4121 26296706 0 26472875
1623824120 6  P 5163 26512216 0 26559783
1627603456 12  P 603 26573964 0 26616989
1627927184 11  P 597 26573970 0 26617000
1628215592 13  P 600 26573968 0 26616984
1644030891 10  P 599 26840978 0 26883890
1651341807 4  P 7578 26958001 0 27008095
1652166582 8  P 3059 26970536 0 27016024
1657838631 9  P 586 27062942 0 27105825
1658486663 7  P 556 27084213 0 27126908
1658795231 5  P 557 27084216 0 27126941
1658941435 3  P 557 27084213 0 27126914
1659351020 2  P 540 27084229 0 27126959
1664252988 1  P 4292 27038162 0 27214506
1689541012 12  P 622 27588730 0 27631765
1689864738 11  P 616 27588736 0 27631781
1690153148 13  P 619 27588734 0 27631765
1707205428 7  P 575 27882402 0 27925108
1707513989 5  P 576 27882405 0 27925140
1707660199 3  P 576 27882402 0 27925114
1708069781 2  P 559 27882418 0 27925160
1710822867 8  P 3176 27931442 0 27977041
1715096770 1  P 4408 27871069 0 28047530
1733276131 9  P 604 28298891 0 28341788
1733917897 6  P 5544 28315603 0 28363544
1736154354 4  P 7990 28347149 0 28397652
1742718424 10  P 618 28457855 0 28500774
1745439788 7  P 594 28508815 0 28551531
1745748356 5  P 595 28508818 0 28551557
1745894558 3  P 595 28508815 0 28551535
1746304145 2  P 578 28508831 0 28551577
1779966829 4  P 8107 29064852 0 29115473
1781690491 1  P 4537 28962008 0 29138598
1784619879 9  P 622 29140086 0 29183000
1791187165 10  P 636 29251948 0 29294885
1792229134 8  P 3194 29265183 0 29310799
1797837874 12  P 640 29363046 0 29406094
1798161610 11  P 634 29363051 0 29406113
1798450019 13  P 637 29363050 0 29406097
1802589766 6  P 5792 29440469 0 29488654
1806034254 1  P 4636 29360753 0 29537443
1809283565 7  P 612 29554812 0 29597527
1809592134 5  P 613 29554815 0 29597559
1809738336 3  P 613 29554812 0 29597534
1810147923 2  P 596 29554828 0 29597581
1811857456 4  P 8422 29587025 0 29637962
1819572228 12  P 658 29719122 0 29762188
1819895952 11  P 653 29719128 0 29762206
1820184364 13  P 655 29719128 0 29762188
1824666791 9  P 640 29796196 0 29839115
1832374659 10  P 655 29926745 0 29969686
1842385364 8  P 3408 30086723 0 30132547
1848808540 6  P 6007 30197496 0 30245896
1864362366 1  P 4810 30316224 0 30493086
1867683527 6  P 6025 30506724 0 30555143
1873151146 9  P 659 30590544 0 30633480
1885093417 10  P 673 30790471 0 30833428
1911588497 8  P 3426 31220527 0 31266369
1913494100 12  P 676 31257919 0 31300999
1913817820 11  P 671 31257925 0 31301018
1914106230 13  P 673 31257925 0 31300999
1918221078 7  P 631 31339625 0 31382325
1918529645 5  P 632 31339628 0 31382363
1918675849 3  P 632 31339625 0 31382337
1919085434 2  P 615 31339641 0 31382385
1919685597 4  P 8971 31353122 0 31404605
1936947872 8  P 3543 31635897 0 31681850
1937588649 9  P 678 31646270 0 31689214
1940998093 4  P 9058 31702219 0 31753786
1943267935 7  P 649 31749975 0 31792686
1943576504 5  P 651 31749977 0 31792727
1943722709 3  P 651 31749974 0 31792700
1944132303 2  P 634 31749990 0 31792750
1950581172 1  P 5079 31728551 0 31905689
1960886652 6  P 6305 32033477 0 32082171
1968780905 10  P 702 32161578 0 32204556
1973353478 12  P 694 32238636 0 32281732
1973677199 11  P 689 32238642 0 32281750
1973965611 13  P 691 32238642 0 32281731
2005565492 1  P 5150 32629342 0 32806548
2007900971 8  P 3660 32798274 0 32844339
2009544918 4  P 9342 32825001 0 32876855
2017447211 12  P 713 32961049 0 33004164
2017770937 11  P 708 32961055 0 33004178
2018059349 13  P 710 32961055 0 33004160
2020527242 6  P 6587 33010338 0 33059310
2031468383 10  P 720 33188631 0 33231613
2033026104 9  P 707 33209887 0 33252848
2040752299 7  P 668 33347140 0 33389852
2041060868 5  P 670 33347142 0 33389879
2041207071 3  P 670 33347139 0 33389861
2041616659 2  P 652 33347154 0 33389908
2045775982 8  P 3777 33418697 0 33464877
2052869136 12  P 732 33541383 0 33584512
2053192857 11  P 727 33541389 0 33584526
2053481270 13  P 729 33541389 0 33584510
2059202774 10  P 739 33643013 0 33686005
2059463606 9  P 726 33643020 0 33685993
2065737414 1  P 5410 33614934 0 33792403
2068623115 4  P 9820 33792452 0 33844782
2081424255 7  P 687 34013491 0 34056205
2081732824 5  P 689 34013493 0 34056239
2081879027 3  P 689 34013490 0 34056215
2082288615 2  P 671 34013505 0 34056262
2086402340 6  P 6874 34089346 0 34138605
2112611668 7  P 717 34524434 0 34567177
2112920229 5  P 719 34524436 0 34567211
2113066438 3  P 719 34524433 0 34567186
2113476017 2  P 701 34524449 0 34567233
2119121021 6  P 6893 34625389 0 34674661
2122936012 4  P 10036 34682086 0 34734629
2123385475 9  P 745 34690297 0 34733287
2141843455 10  P 758 34996978 0 35039986
2144228484 12  P 750 35038195 0 35081339
2144552207 11  P 745 35038201 0 35081352
2144840617 13  P 747 35038201 0 35081338
2154416652 8  P 4002 35198435 0 35244834
2160846778 1  P 5669 35172942 0 35350668
2165077753 10  P 788 35377619 0 35420652
2173574188 6  P 7143 35517296 0 35566812
2174432254 8  P 4021 35526352 0 35572766
2184275466 12  P 769 35694306 0 35737465
2184599191 11  P 764 35694312 0 35737481
2184887603 13  P 766 35694312 0 35737467
2191573019 9  P 764 35807463 0 35850458
2196248518 4  P 10481 35882785 0 35935766
2198924918 1  P 5784 35796698 0 35974538
2203971070 7  P 736 36021247 0 36063986
2204279616 5  P 738 36021249 0 36064018
2204425840 3  P 738 36021246 0 36063989
2204835407 2  P 720 36021262 0 36064036
2227784272 1  P 5841 36269471 0 36447370
2244017949 7  P 755 36677356 0 36720111
2244326515 5  P 757 36677358 0 36720144
2244472719 3  P 757 36677355 0 36720111
2244882302 2  P 739 36677371 0 36720159
2244962883 12  P 787 36688589 0 36731766
2245286610 11  P 782 36688595 0 36731783
2245575020 13  P 784 36688595 0 36731765
2256560978 4  P 10728 36870688 0 36923920
2264949180 6  P 7423 37014099 0 37063882
2266499621 10  P 807 37039296 0 37082331
2278447868 8  P 4237 37230325 0 37276944
2281791769 9  P 782 37285588 0 37328588
2285878046 1  P 6014 37221102 0 37399173
2292502330 7  P 773 37471705 0 37514460
2292810898 5  P 775 37471707 0 37514503
2292957100 3  P 775 37471704 0 37514460
2293366687 2  P 758 37471720 0 37514521
2297197272 12  P 805 37544380 0 37587572
2297520996 11  P 801 37544385 0 37587586
2297809406 13  P 802 37544386 0 37587569
2300218422 10  P 826 37591726 0 37634773
2324776150 9  P 801 37989825 0 38032834
2326854128 8  P 4356 38023293 0 38070029
2327076668 4  P 11139 38025593 0 38079240
2332042943 6  P 7736 38113043 0 38163136
2356939805 7  P 791 38527429 0 38570194
2357248374 5  P 793 38527432 0 38570237
2357394574 3  P 793 38527428 0 38570188
2357804151 2  P 776 38527445 0 38570251
2358185998 4  P 11255 38535169 0 38588933
2381558544 6  P 7755 38924287 0 38974398
2381905882 10  P 845 38930074 0 38973137
2388010354 8  P 4374 39025257 0 39072010
2392634780 12  P 823 39108009 0 39151216
2392958507 11  P 819 39108014 0 39151233
2393246918 13  P 821 39108015 0 39151211
2399331181 1  P 6343 39079578 0 39257980
