253436303 10  P 136 4057958 0 4100598
253509085 8  P 179 4057913 0 4100607
259869026 9  P 125 4159088 0 4201725
262087086 12  P 129 4201839 0 4244474
262267424 1  P 158 4072272 0 4244494
262410795 11  P 126 4201841 0 4244485
262699207 13  P 128 4201840 0 4244481
279104178 6  P 320 4485286 0 4528128
279141729 7  P 81 4485531 0 4528114
279262488 4  P 389 4485216 0 4528139
279450293 5  P 81 4485533 0 4528128
279596497 3  P 81 4485531 0 4528121
280006082 2  P 81 4485530 0 4528125
286736130 1  P 273 4473051 0 4645387
289369743 6  P 349 4653448 0 4696314
290126479 7  P 100 4665479 0 4708079
290435042 5  P 100 4665481 0 4708095
290581246 3  P 100 4665479 0 4708084
290990831 2  P 100 4665478 0 4708086
292915905 9  P 144 4700508 0 4743158
301415335 8  P 297 4842687 0 4885496
308324949 4  P 604 4961155 0 5004292
319545644 10  P 166 5141063 0 5183726
319774485 12  P 160 5146958 0 5189622
320098212 11  P 156 5146961 0 5189632
320386623 13  P 158 5146960 0 5189629
326298336 7  P 118 5258100 0 5300708
326606903 5  P 119 5258102 0 5300717
326753107 3  P 119 5258100 0 5300713
327162691 2  P 119 5258099 0 5300716
330822868 6  P 564 5332397 0 5375468
332387446 4  P 854 5355138 0 5398529
343743245 12  P 179 5539643 0 5582323
344066970 11  P 175 5539646 0 5582332
344355382 13  P 177 5539645 0 5582330
346139481 10  P 185 5576757 0 5619424
346400310 9  P 174 5576767 0 5619434
348493510 8  P 524 5613785 0 5656815
359954855 1  P 627 5672301 0 5844992
369407751 7  P 137 5964386 0 6007006
369716319 5  P 138 5964388 0 6007013
369845508 1  P 656 5834319 0 6007039
369862521 3  P 138 5964386 0 6007001
370197900 6  P 779 5977297 0 6020578
370272108 2  P 138 5964385 0 6007011
384602660 12  P 209 6209054 0 6251756
384926381 11  P 204 6209058 0 6251767
385214793 13  P 206 6209057 0 6251767
385747246 4  P 1278 6228949 0 6272760
390576962 10  P 203 6304802 0 6347478
390837810 9  P 192 6304812 0 6347489
393477869 8  P 640 6350690 0 6393833
405572847 6  P 998 6556659 0 6600154
409634141 8  P 658 6615376 0 6658537
422059701 4  P 1459 6823706 0 6867701
422439223 1  P 844 6695823 0 6868729
428149481 12  P 227 6922506 0 6965222
428204638 7  P 155 6927694 0 6970319
428420682 10  P 221 6924815 0 6967506
428473208 11  P 222 6922510 0 6965237
428513159 5  P 156 6927696 0 6970316
428659363 3  P 156 6927694 0 6970312
428681511 9  P 210 6924824 0 6967515
428761619 13  P 224 6922509 0 6965233
429068948 2  P 157 6927693 0 6970311
446836994 12  P 246 7228663 0 7271396
447160718 11  P 241 7228667 0 7271410
447449129 13  P 243 7228666 0 7271408
453354609 6  P 1358 7339139 0 7382992
455717562 10  P 239 7372027 0 7414727
455856593 4  P 1751 7377135 0 7421411
464783392 1  P 1073 7389346 0 7562482
466275303 9  P 228 7540743 0 7583440
467673341 7  P 185 7574320 0 7616953
468128113 3  P 398 7574106 0 7616953
468200636 5  P 223 7577868 0 7620528
468537698 2  P 187 7574318 0 7616945
477837251 8  P 875 7732595 0 7775960
490262878 4  P 1834 7940760 0 7985115
492622561 5  P 266 7977953 0 8020653
492721890 3  P 496 7976951 0 8019894
493305768 12  P 264 7989989 0 8032732
493629495 11  P 259 7989993 0 8032750
493917905 13  P 261 7989992 0 8032748
495698307 6  P 1599 8032652 0 8076735
508111533 1  P 1262 8099043 0 8272364
508447179 9  P 247 8231668 0 8274373
508451936 10  P 258 8236009 0 8278718
510282708 7  P 203 8272413 0 8315050
511147066 2  P 205 8272411 0 8315038
515118475 8  P 995 8343291 0 8386772
525295693 10  P 277 8511957 0 8554684
525556537 9  P 266 8511968 0 8554687
526579596 7  P 221 8539403 0 8582048
527443952 2  P 223 8539401 0 8582036
528591004 4  P 1919 8568643 0 8613062
528792039 6  P 1794 8574662 0 8618934
530544391 5  P 308 8599222 0 8641943
542150128 8  P 1014 8786151 0 8829650
548330313 1  P 1447 8757798 0 8931302
549425016 3  P 914 8905552 0 8948903
559415133 12  P 282 9073106 0 9115864
559738861 11  P 277 9073110 0 9115878
560027272 13  P 279 9073109 0 9115878
566092527 10  P 307 9180343 0 9223094
567307691 6  P 1977 9205515 0 9249967
569290760 8  P 1130 9230705 0 9274313
571299034 1  P 1558 9134004 0 9307619
572267098 7  P 240 9287928 0 9330580
573131452 2  P 242 9287926 0 9330560
578731906 5  P 338 9388695 0 9431430
582394186 3  P 1164 9445458 0 9489052
586008898 12  P 301 9508799 0 9551572
586332610 11  P 296 9508803 0 9551586
586621022 13  P 298 9508802 0 9551588
590150339 9  P 296 9570243 0 9612981
600528524 4  P 1972 9747214 0 9791658
610235880 7  P 258 9909990 0 9952652
611100238 2  P 261 9909988 0 9952629
613780502 10  P 325 9961637 0 10004400
618681593 12  P 320 10044076 0 10086864
619005321 11  P 314 10044080 0 10086878
619293736 13  P 316 10044079 0 10086879
622315104 1  P 1771 9969626 0 10143455
622588636 9  P 315 10101680 0 10144430
622795012 4  P 2023 10111962 0 10156450
628342152 5  P 357 10201477 0 10244210
629463476 8  P 1356 10216331 0 10260158
640011657 6  P 2367 10396284 0 10441116
641707496 3  P 1580 10416810 0 10460818
644998060 4  P 2041 10475718 0 10520223
648926229 3  P 1599 10535062 0 10579090
655638987 5  P 376 10648689 0 10691436
659659203 1  P 1901 10581333 0 10755289
660955445 7  P 276 10740946 0 10783615
661819802 2  P 279 10740944 0 10783584
665010482 9  P 334 10796700 0 10839467
668290962 12  P 339 10856857 0 10899663
668614688 11  P 333 10856861 0 10899675
668903100 13  P 335 10856860 0 10899676
677152260 6  P 2519 11004641 0 11049621
677765280 10  P 343 11009938 0 11052704
679354049 8  P 1486 11033607 0 11077558
683980378 6  P 2602 11116428 0 11161491
693487356 1  P 2048 11135425 0 11309527
695587852 12  P 357 11304070 0 11346891
695911577 11  P 351 11304074 0 11346907
696199989 13  P 353 11304073 0 11346907
698682200 8  P 1604 11350159 0 11394225
698937147 10  P 362 11356798 0 11399576
708373341 5  P 405 11512659 0 11555419
710189782 7  P 305 11547571 0 11590243
711054139 2  P 309 11547569 0 11590224
719348108 3  P 2106 11688334 0 11732867
720169946 4  P 2135 11707238 0 11751804
720729233 9  P 364 11709566 0 11752345
724463595 9  P 382 11770731 0 11813528
732753011 1  P 2220 11778577 0 11952852
733691894 3  P 2190 11923257 0 11967872
747324176 6  P 2850 12153997 0 12199309
748033569 7  P 323 12167585 0 12210269
748056645 12  P 375 12163701 0 12206538
748380369 11  P 369 12163705 0 12206552
748668782 13  P 371 12163704 0 12206552
748897923 2  P 327 12167583 0 12210243
757295282 5  P 424 12314177 0 12356940
758155927 10  P 380 12327020 0 12369805
760873082 4  P 2186 12374066 0 12418670
761213447 8  P 1722 12374550 0 12418726
764104055 8  P 1740 12421891 0 12466085
765165981 12  P 394 12444001 0 12486854
765489704 11  P 388 12444005 0 12486868
765778117 13  P 390 12444004 0 12486867
775330415 7  P 341 12614797 0 12657480
776194770 2  P 345 12614795 0 12657456
788154628 5  P 443 12819758 0 12862522
795307324 9  P 400 12931416 0 12974217
797310570 4  P 2236 12971005 0 13015642
799596721 1  P 2506 12873449 0 13048014
801640266 10  P 399 13039448 0 13082241
802699122 6  P 3240 13060864 0 13106560
802785789 3  P 2700 13054769 0 13099890
805983985 10  P 418 13110597 0 13153409
806074229 6  P 3291 13116109 0 13161856
810092113 5  P 462 13179162 0 13221940
810674851 1  P 2564 13054894 0 13229517
828064761 7  P 359 13478778 0 13521468
828929113 2  P 363 13478776 0 13521446
829759723 12  P 424 13502274 0 13545153
830083447 11  P 417 13502279 0 13545170
830371858 13  P 419 13502278 0 13545166
831260301 8  P 1957 13521955 0 13566359
832748063 4  P 2287 13551561 0 13596240
837394977 3  P 2977 13621523 0 13666917
841901097 9  P 419 13694789 0 13737600
843185535 4  P 2306 13722550 0 13767247
844908578 7  P 377 13754729 0 13797423
845772932 2  P 381 13754727 0 13797405
849431664 12  P 443 13824561 0 13867455
849755391 11  P 436 13824566 0 13867471
850043801 13  P 438 13824565 0 13867465
852963475 8  P 2075 13877421 0 13921938
861393624 1  P 2839 13885590 0 14060490
862077798 10  P 436 14029619 0 14072436
864572982 9  P 437 14066226 0 14109048
866167899 6  P 3690 14100279 0 14146414
880389033 5  P 492 14330877 0 14373661
881910616 3  P 3294 14350545 0 14396250
884123345 5  P 510 14392041 0 14434842
890040953 12  P 461 14489885 0 14532792
890364669 11  P 454 14489890 0 14532812
890653078 13  P 456 14489889 0 14532800
890791714 9  P 456 14495775 0 14538610
898862353 1  P 2983 14499331 0 14674375
905183492 6  P 3840 14739357 0 14785637
905244691 8  P 2193 14733877 0 14778507
907846031 7  P 396 14785877 0 14828566
908710383 2  P 400 14785875 0 14828541
908754360 3  P 3545 14790098 0 14836052
912107417 4  P 2390 14851681 0 14896438
915499643 10  P 455 14904863 0 14947686
929218392 10  P 473 15129613 0 15172454
932738735 3  P 3629 15182971 0 15229010
933392916 7  P 414 15204419 0 15247120
934010319 8  P 2211 15205155 0 15249800
934257271 2  P 418 15204417 0 15247094
945776112 9  P 474 15396621 0 15439467
950627998 1  P 3171 15347268 0 15522501
954967104 5  P 528 15552726 0 15595526
957060551 4  P 2440 15588141 0 15632946
960058546 6  P 4037 15638232 0 15684701
960337851 12  P 479 15641610 0 15684533
960661577 11  P 472 15641615 0 15684552
960949987 13  P 474 15641614 0 15684541
963410589 3  P 3878 15685247 0 15731531
964072213 12  P 498 15702775 0 15745716
964395937 11  P 491 15702780 0 15745735
964684348 13  P 493 15702779 0 15745724
971952779 10  P 502 15829744 0 15872600
972213607 9  P 492 15829754 0 15872607
978027279 6  P 4320 15932343 0 15979091
984361681 7  P 433 16039473 0 16082166
985226039 2  P 437 16039471 0 16082154
987482430 4  P 2491 16086520 0 16131359
988471756 1  P 3399 15967064 0 16142532
1001560967 5  P 547 16316101 0 16358907
1001916596 8  P 2430 16317508 0 16362363
1005841785 4  P 2510 16387301 0 16432158
1006049850 1  P 3442 16255020 0 16430531
1014994691 8  P 2449 16531761 0 16576635
1018874584 10  P 520 16598492 0 16641361
1019902239 6  P 4437 16618303 0 16665165
1021998355 5  P 566 16650928 0 16693747
1030721039 7  P 451 16799005 0 16841704
1031585453 2  P 455 16799004 0 16841698
1034254391 3  P 4289 16845530 0 16892228
1034915946 12  P 516 16863460 0 16906416
1035239670 11  P 509 16863465 0 16906433
1035528082 13  P 511 16863464 0 16906424
1041057345 9  P 511 16957671 0 17000533
1047593361 10  P 539 17069001 0 17111881
1047854211 9  P 530 17069012 0 17111890
1055768627 1  P 3627 17069421 0 17245117
1059025925 8  P 2568 17253049 0 17298038
1065777251 6  P 4688 17369665 0 17416774
1070816857 3  P 4570 17444280 0 17491261
1074658579 7  P 470 17518858 0 17561559
1075420257 5  P 584 17526173 0 17568992
1075522934 2  P 474 17518856 0 17561550
1081509724 12  P 534 17626834 0 17669805
1081833448 11  P 527 17626839 0 17669822
1082121860 13  P 529 17626838 0 17669814
1082857466 4  P 2595 17649040 0 17693956
1085827755 10  P 557 17695415 0 17738306
1089139045 5  P 603 17750923 0 17793748
1091044962 4  P 2614 17783165 0 17828098
1103323052 9  P 548 17977795 0 18020679
1104181612 12  P 553 17998271 0 18041257
1104505336 11  P 546 17998276 0 18041273
1104793746 13  P 548 17998275 0 18041265
1106666655 8  P 2788 18033371 0 18078577
1108503023 1  P 3887 17933155 0 18109111
1108910651 3  P 4952 18068019 0 18115382
1120105416 6  P 5003 18259453 0 18306865
1121252335 7  P 489 18282232 0 18324934
1122116690 2  P 493 18282230 0 18324922
1125596068 7  P 508 18353380 0 18396101
1126460421 2  P 512 18353378 0 18396089
1130400342 12  P 571 18427820 0 18470823
1130724066 11  P 564 18427825 0 18470839
1131012476 13  P 566 18427824 0 18470829
1131873374 5  P 622 18451063 0 18493890
1134654318 4  P 2698 18497574 0 18542581
1146019999 3  P 5134 18675829 0 18723374
1148338461 8  P 2906 18716001 0 18761326
1149932387 9  P 566 18741424 0 18784310
1150249646 10  P 575 18750884 0 18793778
1153456141 1  P 4101 18669448 0 18845616
1158370998 6  P 5216 18886175 0 18933799
1163824138 6  P 5235 18975500 0 19023142
1164316886 3  P 5316 18975419 0 19023148
1166143641 1  P 4144 18877275 0 19053488
1169087873 12  P 590 19061657 0 19104674
1169411596 11  P 583 19061662 0 19104693
1169700006 13  P 585 19061661 0 19104681
1170142947 7  P 527 19083217 0 19125931
1171007302 2  P 530 19083215 0 19125926
1177968400 10  P 594 19205009 0 19247918
1178229247 9  P 585 19205020 0 19247914
1178729080 8  P 3022 19213802 0 19259237
1199591831 4  P 2750 19561458 0 19606504
1200717151 5  P 641 19578981 0 19621803
1206714759 6  P 5452 19678001 0 19725848
1207514011 5  P 660 19690322 0 19733162
1207577328 3  P 5629 19683878 0 19731919
1208830462 7  P 546 19717055 0 19759782
1209694816 2  P 549 19717053 0 19759764
1211822276 12  P 609 19761799 0 19804833
1212145998 11  P 601 19761804 0 19804851
1212434410 13  P 604 19761803 0 19804837
1219702787 10  P 613 19888767 0 19931685
1219963635 9  P 604 19888778 0 19931684
1221638752 4  P 2802 19922622 0 19967704
1228284297 1  P 4447 19895077 0 20071594
1232885372 8  P 3139 20100979 0 20146526
1246546528 10  P 632 20328555 0 20371489
1246807351 9  P 634 20328554 0 20371491
1251564834 7  P 565 20417195 0 20459931
1252429191 2  P 568 20417193 0 20459913
1253831140 1  P 4520 20313561 0 20490151
1256292852 6  P 5732 20490000 0 20538121
1258744111 12  P 628 20530547 0 20573595
1259067830 11  P 620 20530552 0 20573615
1259356241 13  P 623 20530551 0 20573601
1262982746 5  P 678 20599102 0 20641940
1264088449 8  P 3260 20612089 0 20657751
1266326208 4  P 2852 20654730 0 20699843
1281520011 3  P 6110 20894865 0 20943385
1287462833 12  P 646 21001057 0 21044121
1287786566 11  P 638 21001062 0 21044140
1288074969 13  P 641 21001061 0 21044125
1290221759 1  P 4677 20909621 0 21086375
1298486677 7  P 584 21185944 0 21228682
1299351032 2  P 586 21185942 0 21228667
1299369732 8  P 3378 21190018 0 21235793
1302667868 6  P 6015 21249519 0 21297921
1314013701 4  P 2904 21435988 0 21481143
1319201510 5  P 697 21520172 0 21563023
1320343384 10  P 651 21537624 0 21580563
1320604208 9  P 653 21537623 0 21580559
1321816884 3  P 6391 21554798 0 21603606
1325185913 5  P 716 21618201 0 21661068
1325697242 12  P 664 21627471 0 21670552
1326020961 11  P 656 21627476 0 21670569
1326309378 13  P 659 21627475 0 21670554
1327205458 7  P 603 21656454 0 21699196
1328069811 2  P 605 21656452 0 21699178
1329042888 6  P 6197 21681460 0 21730041
1341812158 10  P 669 21889350 0 21932300
1342072977 9  P 671 21889349 0 21932296
1347998116 4  P 2955 21992737 0 22037926
1357815521 1  P 4951 22016800 0 22193824
1359910662 3  P 6640 22178673 0 22227728
1360244766 8  P 3496 22187275 0 22233163
1364030890 10  P 687 22253362 0 22296329
1364291711 9  P 689 22253363 0 22296324
1365439805 7  P 622 22282866 0 22325617
1366304166 2  P 623 22282864 0 22325595
1370435596 4  P 3008 22360300 0 22405536
1386275965 8  P 3514 22613751 0 22659656
1389540992 12  P 682 22673467 0 22716565
1389864720 11  P 674 22673473 0 22716580
1390153131 13  P 677 22673471 0 22716565
1394558519 6  P 6509 22754544 0 22803439
1400357782 5  P 734 22849798 0 22892652
1400518659 1  P 5139 22716259 0 22893470
1401020009 3  P 6954 22851887 0 22901254
1405134747 12  P 700 22928937 0 22972051
1405458469 11  P 692 22928942 0 22972066
1405746881 13  P 696 22928940 0 22972050
1406467099 5  P 764 22949863 0 22992742
1418738770 3  P 7101 23142036 0 23191558
1418987390 1  P 5225 23018760 0 23196059
1426261644 6  P 6625 23273846 0 23322858
1428916596 8  P 3731 23312154 0 23358277
1429283529 7  P 651 23328853 0 23371608
1430147912 2  P 641 23328862 0 23371587
1433015281 10  P 705 23383584 0 23426556
1433276101 9  P 708 23383584 0 23426548
1439873103 4  P 3060 23497910 0 23543180
1444253005 1  P 5324 23432610 0 23610011
1444359021 10  P 724 23569421 0 23612409
1444619842 9  P 727 23569421 0 23612402
1444877307 7  P 669 23584322 0 23627090
1445741688 2  P 660 23584332 0 23627067
1445994757 8  P 3749 23591945 0 23638078
1465410667 3  P 7351 23906456 0 23956217
1466402362 6  P 6842 23931293 0 23980511
1472545001 4  P 3112 24033154 0 24078472
1480264014 5  P 783 24158932 0 24201820
1480306642 12  P 719 24160535 0 24203662
1480630368 11  P 710 24160541 0 24203678
1480918778 13  P 714 24160539 0 24203660
1483452777 10  P 742 24209914 0 24252915
1483713597 9  P 745 24209914 0 24252909
1499121046 6  P 7026 24467167 0 24516567
1501732817 5  P 801 24510657 0 24553555
1503525359 12  P 738 24540931 0 24584076
1503849080 11  P 729 24540937 0 24584094
1504137495 13  P 733 24540935 0 24584072
1506026006 8  P 3967 24575274 0 24621619
1507732441 4  P 3130 24609646 0 24654965
1518206152 1  P 5626 24643951 0 24821651
1520049171 7  P 687 24815919 0 24858680
1520254398 3  P 7796 24804559 0 24854769
1520913550 2  P 679 24815928 0 24858652
1523342122 5  P 820 24864685 0 24907592
1536174885 1  P 5684 24938291 0 25116048
1540816886 3  P 7848 25141401 0 25191662
1543267927 7  P 706 25196316 0 25239093
1544132300 2  P 697 25196325 0 25239068
1547091823 4  P 3215 25254423 0 25299825
1549807236 8  P 3986 25292566 0 25338928
1552374673 10  P 760 25339111 0 25382122
1552635495 9  P 764 25339111 0 25382115
1553574165 6  P 7274 25359070 0 25408717
1561009778 12  P 756 25482738 0 25525896
1561333503 11  P 747 25482744 0 25525916
1561621914 13  P 751 25482742 0 25525892
1564322867 8  P 4104 25530272 0 25576743
1581681633 12  P 774 25821408 0 25864581
1582005357 11  P 766 25821413 0 25864604
1582293769 13  P 769 25821412 0 25864577
1583138729 4  P 3233 25844997 0 25890406
1584949167 6  P 7519 25872869 0 25922758
1585093445 10  P 779 25875157 0 25918165
1585354266 9  P 782 25875157 0 25918168
1600752327 7  P 724 26138122 0 26180894
1601616714 2  P 716 26138131 0 26180872
1601690530 1  P 5984 26011391 0 26189449
1602051271 3  P 8324 26144181 0 26194910
1602639007 5  P 850 26163854 0 26206774
1603900364 12  P 793 26185420 0 26228608
1604224088 11  P 785 26185425 0 26228629
1604512499 13  P 788 26185424 0 26228606
1607294983 4  P 3285 26240722 0 26286167
1608780873 10  P 798 26263233 0 26306253
1609041687 9  P 800 26263233 0 26306258
1621424169 7  P 742 26476790 0 26519570
1621729080 8  P 4316 26470598 0 26517268
1622288548 2  P 734 26476799 0 26519547
1622893630 1  P 6142 26358618 0 26536836
1625339772 6  P 7802 26534340 0 26584505
1631107713 5  P 868 26630267 0 26673190
1640019994 3  P 8637 26765937 0 26816979
1643642891 7  P 761 26840803 0 26883597
1644507274 2  P 753 26840812 0 26883574
1652217091 5  P 886 26976103 0 27019042
1657738738 3  P 8690 27056188 0 27107281
1664362371 1  P 6243 27037937 0 27216256
1667749628 10  P 828 27229347 0 27272392
1667885353 8  P 4334 27226804 0 27273489
1668010476 9  P 819 27229358 0 27272396
1672884739 12  P 812 27315641 0 27358845
1673208463 11  P 804 27315646 0 27358864
1673496873 13  P 807 27315645 0 27358842
1677214770 6  P 8018 27384039 0 27434421
1679904356 4  P 3371 27430266 0 27475775
1684228495 12  P 831 27501478 0 27544699
1684410627 3  P 8974 27492891 0 27544269
1684552219 11  P 823 27501483 0 27544716
1684840628 13  P 826 27501482 0 27544697
1686109004 10  P 847 27530128 0 27573178
1686369854 9  P 838 27530139 0 27573187
1688669965 4  P 3389 27573864 0 27619384
1690581155 1  P 6455 27467289 0 27645817
1692810876 5  P 905 27641172 0 27684107
1712627317 7  P 780 27971024 0 28013810
1713491698 2  P 772 27971034 0 28013789
1714432238 8  P 4556 27989206 0 28036107
1717089810 6  P 8231 28037129 0 28087724
1723167898 6  P 8250 28136693 0 28187307
1723322245 12  P 850 28141971 0 28185210
1723645968 11  P 842 28141976 0 28185221
1723934378 13  P 845 28141975 0 28185206
1723971052 7  P 799 28156861 0 28199661
1724835434 2  P 790 28156871 0 28199636
1727971764 1  P 6610 28079735 0 28258420
1736779335 4  P 3473 28362002 0 28407593
1739202760 10  P 866 28399997 0 28443060
1739463586 9  P 857 28400008 0 28443071
1744473110 3  P 9430 28476486 0 28528325
1757248359 5  P 923 28696898 0 28739831
1758447855 8  P 4673 28710236 0 28757248
1763064783 7  P 818 28797354 0 28840166
1763400975 8  P 4692 28791369 0 28838398
1763929162 2  P 808 28797363 0 28840137
1769268631 1  P 6740 28756211 0 28935023
1781238741 3  P 9545 29078734 0 29130689
1785092112 5  P 941 29153072 0 29196020
1792244122 12  P 869 29271168 0 29314424
1792567849 11  P 861 29271173 0 29314432
1792856259 13  P 864 29271172 0 29314421
1795716834 4  P 3526 29327581 0 29373207
1797542936 6  P 8598 29354897 0 29405846
1803103478 12  P 887 29449069 0 29492344
1803124680 10  P 885 29447274 0 29490345
1803385482 9  P 876 29447285 0 29490357
1803427208 11  P 879 29449074 0 29492350
1803715616 13  P 882 29449072 0 29492340
1805654352 4  P 3545 29490379 0 29536016
1811389011 5  P 959 29583902 0 29626850
1825737407 1  P 6942 29681192 0 29860196
1828707492 3  P 9926 29856076 0 29908407
1828714807 6  P 8779 29865428 0 29916561
1831986684 7  P 837 29926551 0 29969360
1832851060 2  P 827 29926561 0 29969333
1833276025 8  P 4911 29935981 0 29983224
1841843419 10  P 904 30081624 0 30124707
1842104264 9  P 895 30081635 0 30124720
1842846047 7  P 855 30104452 0 30147274
1843710423 2  P 846 30104461 0 30147249
1845077755 10  P 922 30134597 0 30177695
1845338605 9  P 913 30134607 0 30177710
1848754777 3  P 10144 30184302 0 30236846
1852003036 1  P 7112 30111353 0 30290528
1853857735 5  P 978 30279691 0 30322648
1854607464 4  P 3629 30292338 0 30338047
1863933534 6  P 8964 30442264 0 30493572
1877197276 12  P 906 30663002 0 30706291
1877520999 11  P 898 30663007 0 30706298
1877809411 13  P 901 30663005 0 30706283
1879916608 8  P 5028 30700020 0 30747376
1884994723 8  P 5046 30783201 0 30830575
1894921506 10  P 941 30951218 0 30994322
1895182354 9  P 932 30951228 0 30994339
1896136663 6  P 9213 30969626 0 31021181
1904654326 4  P 3659 31112275 0 31157999
1905041022 12  P 924 31119175 0 31162477
1905364745 11  P 917 31119180 0 31162484
1905653158 13  P 920 31119178 0 31162471
1913076518 5  P 996 31249913 0 31292861
1916939806 7  P 874 31318385 0 31361204
1917804164 2  P 876 31318383 0 31361171
1920739167 3  P 10626 31363203 0 31416227
1920846750 1  P 7394 31238999 0 31418454
1923138692 4  P 3711 31415070 0 31460837
1924551645 3  P 10644 31425647 0 31478690
1928561298 5  P 1015 31503590 0 31546555
1931337895 12  P 943 31550005 0 31593321
1931661621 11  P 935 31550010 0 31593328
1931950033 13  P 939 31550008 0 31593316
1938924900 1  P 7480 31535103 0 31714643
1940218408 10  P 959 31693343 0 31736454
1944776149 9  P 950 31763754 0 31806874
1944783580 7  P 892 31774558 0 31817382
1945511716 6  P 9493 31778302 0 31830130
1945647935 2  P 894 31774556 0 31817347
1946760400 8  P 5263 31794949 0 31842529
1968666572 8  P 5282 32153841 0 32201440
1971080412 7  P 911 32205387 0 32248223
1971233148 5  P 1033 32202708 0 32245672
1971944765 2  P 912 32205386 0 32248189
1973806580 12  P 974 32245781 0 32289126
1974130304 11  P 965 32245787 0 32289134
1974418715 13  P 969 32245785 0 32289123
1987576204 4  P 3797 32470728 0 32516564
1988687125 10  P 977 32487436 0 32530554
1988947961 9  P 968 32487446 0 32530579
1989440509 1  P 7707 32362516 0 32542281
1998520432 3  P 11156 32637028 0 32690582
2000652297 6  P 9743 32681471 0 32733544
2006527242 6  P 9762 32777707 0 32829800
2007716771 4  P 3815 32800692 0 32846544
2007784253 1  P 7764 32663002 0 32842824
2013549136 7  P 929 32901176 0 32944020
2014413508 2  P 930 32901175 0 32943982
2015796483 10  P 995 32931578 0 32974712
2016057323 9  P 986 32931588 0 32974735
2018744705 8  P 5400 32974199 0 33021908
2021451877 5  P 1051 33025474 0 33068440
2033025351 12  P 992 33216001 0 33259364
2033349075 11  P 983 33216007 0 33259370
2033637486 13  P 987 33216005 0 33259360
2039832905 3  P 11473 33313570 0 33367439
2045877988 1  P 7905 33286982 0 33466949
2046420653 5  P 1069 33434543 0 33477523
2048510141 12  P 1011 33469678 0 33513058
2048833861 11  P 1002 33469684 0 33513062
2049122273 13  P 1006 33469682 0 33513054
2056402728 6  P 10079 33594538 0 33646939
2061404373 4  P 3867 33680256 0 33726135
2064775969 8  P 5627 33728146 0 33776074
2066593795 10  P 1014 33763815 0 33806960
2066854642 9  P 1005 33763825 0 33806981
2072768030 7  P 948 33871399 0 33914238
2073632383 2  P 949 33871398 0 33914196
2082379846 3  P 11754 34010372 0 34064518
2087232449 4  P 3918 34103371 0 34149296
2090864162 3  P 11772 34149361 0 34203524
2091182000 12  P 1030 34168795 0 34212189
2091505717 11  P 1021 34168801 0 34212194
2091794135 13  P 1025 34168799 0 34212182
2094230813 6  P 10296 34214091 0 34266707
2102557216 8  P 5744 34347034 0 34395076
2109721762 1  P 8177 34332722 0 34512955
2119780026 5  P 1087 34636445 0 34679414
2121455472 7  P 966 34669075 0 34711927
2122062566 10  P 1033 34672596 0 34715749
2122319827 2  P 967 34669074 0 34711876
2122323410 9  P 1024 34672606 0 34715774
2124689807 7  P 985 34722047 0 34764917
2125315507 1  P 8264 34588122 0 34768441
2125554159 2  P 986 34722046 0 34764865
2126088517 8  P 5763 34732552 0 34780605
2132671964 10  P 1052 34846402 0 34889569
2132932814 9  P 1043 34846412 0 34889596
2133996451 6  P 10512 34865392 0 34918217
2138873790 5  P 1106 34949258 0 34992237
2141400763 12  P 1049 34991560 0 35034967
2141724488 11  P 1040 34991566 0 35034970
2142012899 13  P 1044 34991564 0 35034964
2159332950 3  P 12317 35270596 0 35325304
2161779333 4  P 4003 35324661 0 35370641
2166369579 12  P 1067 35400630 0 35444052
2166693303 11  P 1058 35400636 0 35444059
2166981715 13  P 1062 35400634 0 35444053
2169369758 8  P 5978 35441452 0 35489715
2173795687 5  P 1125 35521400 0 35564378
2174534008 7  P 1004 35538669 0 35581536
2175398360 2  P 1005 35538668 0 35581480
2175879824 3  P 12499 35541514 0 35596401
2178018676 1  P 8538 35451332 0 35631924
2182763737 4  P 4055 35668417 0 35714439
2182871472 6  P 10764 35665906 0 35718969
2188968847 10  P 1070 35768750 0 35811924
2189229694 9  P 1061 35768761 0 35811954
2222473572 3  P 12617 36304787 0 36359788
2224127774 7  P 1022 36351195 0 36394072
2224992126 2  P 1023 36351194 0 36394018
2226154353 4  P 4106 36379277 0 36425348
2228557053 12  P 1086 36419491 0 36462926
2228880780 11  P 1077 36419497 0 36462936
2229169189 13  P 1081 36419495 0 36462928
2233854078 8  P 6105 36497830 0 36546216
2235437594 10  P 1089 36530075 0 36573260
2235698433 9  P 1080 36530086 0 36573283
2235764116 6  P 11054 36532203 0 36585555
2238655032 5  P 1144 36584036 0 36627023
2240487407 1  P 8767 36474585 0 36655408
2255666422 12  P 1104 36863630 0 36907085
2255990146 11  P 1095 36863638 0 36907092
2256278557 13  P 1099 36863634 0 36907084
2259753017 1  P 8809 36790189 0 36971054
2262832915 3  P 12992 36965641 0 37021023
2262841831 4  P 4124 36980346 0 37026420
2268299594 7  P 1052 37074876 0 37117755
2269163947 2  P 1052 37074875 0 37117710
2273699537 6  P 11170 37153618 0 37207083
2275182219 8  P 6222 37174829 0 37223332
2276748797 5  P 1163 37208145 0 37251143
2277546953 10  P 1107 37219975 0 37263172
2277807799 9  P 1098 37219987 0 37263189
2284260148 12  P 1134 37332080 0 37375562
2284583871 11  P 1125 37332087 0 37375567
2284872284 13  P 1130 37332083 0 37375561
2286529350 4  P 4175 37368391 0 37414500
2286596789 1  P 8996 37229808 0 37410858
2295408998 7  P 1071 37519017 0 37561904
2296273350 2  P 1071 37519016 0 37561851
2301074580 6  P 11386 37601911 0 37655589
2311051730 3  P 13309 37755336 0 37811030
2313170691 5  P 1181 37804863 0 37847865
2317713483 8  P 6337 37871541 0 37920158
2320140738 10  P 1126 37917813 0 37961020
2320401591 9  P 1117 37917825 0 37961038
2326965195 6  P 11504 38025984 0 38079777
2329216859 4  P 4226 38067729 0 38113878
2332578202 10  P 1145 38121569 0 38164793
2332839042 9  P 1136 38121581 0 38164810
2334604079 8  P 6356 38148258 0 38196889
2337864196 3  P 13591 38194346 0 38250315
2345530059 5  P 1200 38335019 0 38378029
2346205865 7  P 1089 38351254 0 38394145
2347070216 2  P 1089 38351253 0 38394088
2361190535 1  P 9239 38451703 0 38632997
2361932028 12  P 1153 38604637 0 38648130
2362255746 11  P 1144 38604644 0 38648137
2362544158 13  P 1149 38604640 0 38648133
2365760313 8  P 6472 38658603 0 38707350
2370623778 5  P 1219 38746136 0 38789154
2374332960 3  P 13807 38791629 0 38847813
2374904332 4  P 4277 38816218 0 38862408
2387543320 6  P 11751 39018240 0 39072277
2393534286 1  P 9352 38981504 0 39162916
2394150765 12  P 1171 39132490 0 39176000
2394474488 11  P 1162 39132497 0 39176008
2394762900 13  P 1167 39132493 0 39176000
