262087086 12  P 129 4201839 0 4244476
262267426 1  P 115 4072315 0 4244494
262410795 11  P 126 4201841 0 4244486
262699207 13  P 128 4201840 0 4244480
269104188 6  P 225 4321547 0 4364292
269141724 7  P 81 4321691 0 4364275
269262488 4  P 288 4321482 0 4364297
269450290 5  P 81 4321693 0 4364292
269596494 3  P 81 4321691 0 4364279
270006078 2  P 81 4321690 0 4364287
283436336 10  P 136 4549478 0 4592115
283509118 8  P 278 4549332 0 4592126
289869054 9  P 125 4650608 0 4693240
298324947 4  P 436 4797489 0 4840451
299369771 6  P 343 4817299 0 4860155
299545673 10  P 154 4813395 0 4856045
299806518 9  P 143 4813405 0 4856051
311415341 8  P 296 5006529 0 5049336
323001746 1  P 353 5067141 0 5239558
329774493 12  P 160 5310798 0 5353462
330098218 11  P 156 5310801 0 5353473
330386630 13  P 158 5310800 0 5353470
340126493 7  P 100 5484680 0 5527264
340435058 5  P 100 5484682 0 5527281
340581265 3  P 100 5484680 0 5527271
340990851 2  P 100 5484679 0 5527271
349278094 4  P 751 5631981 0 5675258
353743268 12  P 178 5703482 0 5746162
354066993 11  P 174 5703485 0 5746176
354355405 13  P 176 5703484 0 5746171
356071592 8  P 523 5737948 0 5780978
361342571 10  P 185 5825845 0 5868515
364744043 9  P 173 5877311 0 5919972
376298387 7  P 119 6077301 0 6119892
376606954 5  P 119 6077303 0 6119907
376753158 3  P 119 6077301 0 6119902
377162743 2  P 119 6077300 0 6119902
379954911 1  P 611 5999997 0 6172672
380822912 6  P 766 6151397 0 6194659
399407729 7  P 138 6455905 0 6498511
399716293 5  P 138 6455907 0 6498524
399862497 3  P 138 6455905 0 6498522
400272084 2  P 138 6455904 0 6498518
403923598 1  P 682 6392626 0 6565371
407930742 12  P 208 6591259 0 6633966
408254467 11  P 203 6591263 0 6633977
408542879 13  P 206 6591262 0 6633973
409090980 4  P 1235 6611459 0 6655209
410916606 6  P 885 6644331 0 6687706
413477849 8  P 639 6678373 0 6721515
433290902 9  P 192 7000364 0 7043033
440576963 10  P 204 7124002 0 7166674
448204561 7  P 168 7255363 0 7297983
448513129 5  P 168 7255365 0 7297997
448642353 1  P 827 7125151 0 7298038
448659331 3  P 168 7255363 0 7297985
449068916 2  P 169 7255361 0 7297987
453852846 8  P 658 7339857 0 7383012
455292059 6  P 1035 7371219 0 7414733
455998797 10  P 222 7376654 0 7419340
456259644 9  P 210 7376665 0 7419348
479903495 4  P 1592 7771286 0 7815387
480540141 12  P 226 7780872 0 7823592
480863861 11  P 221 7780876 0 7823604
481152273 13  P 224 7780875 0 7823602
499009096 8  P 775 8079578 0 8122844
505717558 10  P 240 8191227 0 8233929
507673330 7  P 186 8229680 0 8272308
507981897 5  P 186 8229682 0 8272313
508111508 1  P 1030 8099281 0 8272367
508128100 3  P 186 8229680 0 8272309
508537688 2  P 187 8229678 0 8272304
509619036 9  P 228 8250887 0 8293582
515715951 4  P 1875 8357752 0 8402137
521901483 6  P 1319 8462259 0 8506050
536837006 12  P 245 8703221 0 8745954
537160729 11  P 240 8703225 0 8745967
537449141 13  P 243 8703224 0 8745965
544620188 6  P 1435 8834363 0 8878269
558606614 4  P 2058 9060286 0 9104853
563665902 9  P 258 9136359 0 9179078
568451906 10  P 270 9219037 0 9261759
580860867 7  P 204 9428764 0 9471394
581169431 5  P 204 9428766 0 9471407
581315635 3  P 204 9428764 0 9471389
581725222 2  P 205 9428762 0 9471394
583305776 12  P 263 9464547 0 9507292
583629503 11  P 258 9464551 0 9507308
583917915 13  P 261 9464550 0 9507307
588330302 1  P 1316 9413294 0 9586663
591712675 8  P 1003 9598195 0 9641686
595088947 6  P 1650 9661020 0 9705141
597373810 10  P 288 9692875 0 9735605
598341003 4  P 2402 9710938 0 9755853
598494040 9  P 276 9706964 0 9749693
599415121 12  P 281 9728464 0 9771226
599738847 11  P 277 9728468 0 9771243
600027257 13  P 280 9728467 0 9771240
607993921 8  P 1117 9864828 0 9908430
631299860 1  P 1444 10117163 0 10290657
636580438 7  P 234 10341630 0 10384264
636889004 5  P 234 10341632 0 10384284
637035208 3  P 234 10341630 0 10384268
637444793 2  P 234 10341629 0 10384277
648233994 10  P 307 10526136 0 10568878
649158513 7  P 252 10547691 0 10590341
649467079 5  P 252 10547693 0 10590361
649613283 3  P 252 10547691 0 10590343
650022869 2  P 252 10547690 0 10590352
654041720 9  P 295 10617025 0 10659766
661212870 12  P 300 10740926 0 10783697
661536597 11  P 296 10740930 0 10783717
661825007 13  P 299 10740929 0 10783715
662025926 8  P 1245 10749944 0 10793669
667167900 6  P 2062 10841525 0 10886043
673154322 4  P 2946 10936110 0 10981575
692315494 1  P 1674 11116610 0 11290331
695752280 7  P 270 11311064 0 11353718
696060846 5  P 270 11311066 0 11353740
696207049 3  P 270 11311064 0 11353722
696616634 2  P 270 11311063 0 11353724
703780893 10  P 325 11436197 0 11478950
708026111 9  P 313 11501486 0 11544238
717666579 8  P 1263 11661541 0 11705281
722966798 4  P 3141 11752039 0 11797697
730011676 6  P 2178 11871038 0 11915667
739659232 1  P 1802 11892161 0 12066008
740447281 12  P 318 12039083 0 12081871
740771005 11  P 315 12039087 0 12081891
741059416 13  P 317 12039086 0 12081887
751369868 9  P 332 12211611 0 12254372
755869096 12  P 336 12291735 0 12334540
756192821 11  P 333 12291739 0 12334559
756481233 13  P 335 12291738 0 12334553
757765227 10  P 355 12320647 0 12363417
770322833 8  P 1480 12524041 0 12567996
772888672 4  P 3490 12569602 0 12615613
781386677 6  P 2487 12712447 0 12757383
783487355 1  P 1961 12610079 0 12784084
788424135 7  P 288 12829381 0 12872023
788732701 5  P 288 12829383 0 12872044
788878906 3  P 288 12829381 0 12872031
789288491 2  P 288 12829380 0 12872038
794248042 4  P 3605 12919436 0 12965565
801108994 10  P 374 13030772 0 13073559
802706100 1  P 2049 12924870 0 13098962
803027240 6  P 2550 13066942 0 13111938
805587862 12  P 354 13106308 0 13149132
805911587 11  P 351 13106312 0 13149146
806199999 13  P 353 13106311 0 13149142
826619697 8  P 1596 13446291 0 13490357
832642924 7  P 307 13553842 0 13596488
832951495 5  P 307 13553844 0 13596511
833097696 3  P 307 13553842 0 13596499
833507281 2  P 307 13553841 0 13596499
838416726 9  P 351 13637768 0 13680524
846560563 4  P 3915 13776204 0 13822648
849596738 1  P 2206 13692966 0 13867217
855627294 7  P 326 13930399 0 13973059
855935852 5  P 326 13930401 0 13973082
856082065 3  P 326 13930399 0 13973072
856491650 2  P 326 13930398 0 13973072
856902257 6  P 2734 13949444 0 13994613
868322218 12  P 383 14134117 0 14176966
868645942 11  P 380 14134122 0 14176981
868934354 13  P 383 14134120 0 14176978
874104101 8  P 1714 14224156 0 14268334
888155901 10  P 393 14456930 0 14499720
891901122 9  P 369 14514039 0 14556805
893620989 6  P 2952 14550823 0 14596204
896190473 1  P 2378 14456181 0 14630602
903525940 8  P 1733 14706184 0 14750374
907799174 7  P 344 14785165 0 14827830
908107736 5  P 344 14785167 0 14827854
908253938 3  P 344 14785165 0 14827841
908663529 2  P 344 14785164 0 14827836
915165981 12  P 401 14901586 0 14944451
915489711 11  P 398 14901591 0 14944467
915778117 13  P 401 14901589 0 14944460
916244871 9  P 387 14912869 0 14955646
919873053 4  P 4496 14976765 0 15023781
941640257 10  P 412 15333198 0 15375995
948103461 12  P 419 15441215 0 15484097
948427188 11  P 416 15441220 0 15484112
948715598 13  P 419 15441218 0 15484106
950791715 9  P 416 15478854 0 15521657
958185578 4  P 4677 15604292 0 15651487
961393599 1  P 2606 15524235 0 15698886
964908557 7  P 363 15720826 0 15763490
965217126 5  P 363 15720828 0 15763516
965363329 3  P 363 15720826 0 15763504
965772912 2  P 363 15720825 0 15763498
965983998 10  P 431 15732027 0 15774836
966074232 6  P 3334 15737507 0 15783262
985166588 8  P 1952 16043562 0 16087965
1003650334 12  P 438 16351276 0 16394174
1003974055 11  P 435 16351281 0 16394184
1004262470 13  P 438 16351279 0 16394181
1005705378 7  P 381 16389223 0 16431883
1006013948 5  P 381 16389225 0 16431917
1006160151 3  P 395 16389209 0 16431905
1006569734 2  P 381 16389222 0 16431899
1022077734 10  P 450 16651048 0 16693874
1026201188 4  P 5078 16718253 0 16765839
1027822815 8  P 2070 16742320 0 16786838
1029479205 9  P 435 16768051 0 16810861
1038308541 6  P 3614 16920705 0 16966734
1038862409 1  P 2892 16793190 0 16968128
1045011637 6  P 3633 17030509 0 17076556
1053392955 7  P 399 17170518 0 17213184
1053701518 5  P 399 17170520 0 17213214
1053847717 3  P 413 17170504 0 17213203
1054257311 2  P 399 17170517 0 17213195
1058246852 13  P 456 17235739 0 17278658
1059275938 8  P 2123 17257594 0 17302163
1062213583 9  P 484 17304322 0 17347173
1070337828 12  P 470 17443850 0 17486774
1070661550 11  P 467 17443855 0 17486785
1075499622 10  P 468 17526294 0 17569129
1083081159 1  P 3050 17517509 0 17692599
1085654371 4  P 5489 17691911 0 17739909
1098806591 12  P 489 17910263 0 17953206
1099130317 11  P 486 17910268 0 17953214
1101590596 13  P 474 17945864 0 17988795
1105687174 10  P 486 18020868 0 18063715
1106049890 1  P 3123 17893753 0 18068914
1107377319 7  P 418 18054979 0 18097637
1107685886 5  P 418 18054981 0 18097671
1107832089 3  P 431 18054965 0 18097660
1108241674 2  P 418 18054978 0 18097653
1127057285 8  P 2310 18367935 0 18412685
1129466790 4  P 5752 18409468 0 18457726
1132152251 6  P 4011 18457833 0 18504249
1141057405 9  P 503 18596080 0 18638935
1145528117 13  P 493 18665717 0 18708663
1148549188 7  P 437 18729519 0 18772185
1148857753 5  P 437 18729521 0 18772226
1149003958 3  P 450 18729505 0 18772211
1149413543 2  P 437 18729518 0 18772202
1155768630 1  P 3308 18708155 0 18883502
1158027282 6  P 4095 18881685 0 18928180
1161388685 4  P 5969 18932254 0 18980725
1183323009 9  P 521 19288541 0 19331409
1185994110 12  P 508 19338724 0 19381680
1186317834 11  P 505 19338729 0 19381686
1190291583 8  P 2436 19403835 0 19448709
1190796530 10  P 505 19415281 0 19458134
1194658569 7  P 456 19484956 0 19527627
1194967136 5  P 456 19484958 0 19527665
1195113339 3  P 469 19484942 0 19527658
1195522925 2  P 456 19484955 0 19527639
1216451226 4  P 6219 19834146 0 19882866
1217593417 10  P 524 19854302 0 19897174
1218503036 1  P 3493 19735805 0 19911337
1220324173 6  P 4309 19902138 0 19948841
1220510513 9  P 540 19897802 0 19940682
1225869736 8  P 2454 19986729 0 20031614
1232712916 12  P 527 20104146 0 20147119
1233036639 11  P 524 20104151 0 20147125
1242121920 13  P 511 20248291 0 20291250
1248869871 9  P 559 20362422 0 20405318
1254354055 8  P 2572 20453297 0 20498292
1259214759 6  P 4559 20539065 0 20586018
1263456155 1  P 3620 20472186 0 20647847
1264793743 13  P 529 20619727 0 20662704
1271947252 12  P 545 20746944 0 20789931
1272270976 11  P 543 20746948 0 20789933
1281482424 4  P 6664 20899164 0 20948325
1283062146 10  P 543 20926922 0 20969797
1291252326 7  P 475 21067530 0 21110199
1291560894 5  P 475 21067532 0 21110232
1291707101 3  P 488 21067516 0 21110233
1292116678 2  P 475 21067529 0 21110208
1294792881 6  P 4707 21121824 0 21168920
1301012496 13  P 547 21213116 0 21256111
1303916748 9  P 578 21264292 0 21307196
1304716794 4  P 6879 21279614 0 21328993
1306143616 1  P 3806 21171388 0 21347235
1313924180 7  P 494 21438966 0 21481648
1314232746 5  P 493 21438969 0 21481685
1314378955 3  P 506 21438953 0 21481680
1314788537 2  P 493 21438966 0 21481656
1325369131 12  P 564 21622189 0 21665190
1325682210 8  P 2753 21621750 0 21666923
1325692856 11  P 562 21622193 0 21665194
1339671557 10  P 561 21854392 0 21897280
1349612461 1  P 3920 21883466 0 22059421
1350142958 7  P 513 22032356 0 22075047
1350451526 5  P 512 22032359 0 22075080
1350597727 3  P 524 22032343 0 22075081
1351007315 2  P 512 22032356 0 22075050
1355556626 12  P 583 22116761 0 22159781
1355880350 11  P 581 22116765 0 22159782
1357968400 10  P 580 22154148 0 22197047
1361401117 9  P 596 22206097 0 22249012
1364636657 6  P 5054 22265788 0 22313227
1370213458 8  P 2871 22351230 0 22396514
1379700024 13  P 565 22502315 0 22545322
1387607447 4  P 7391 22637172 0 22687058
1400775361 12  P 602 22857606 0 22900643
1401099087 11  P 600 22857610 0 22900640
1403831135 1  P 4122 22771578 0 22947733
1404011656 6  P 5204 22910754 0 22958342
1407169942 4  P 7507 22957566 0 23007569
1412434379 13  P 584 23038615 0 23081637
1428830436 7  P 543 23321541 0 23364243
1429139005 5  P 542 23321544 0 23364275
1429285209 3  P 554 23321528 0 23364278
1429694791 2  P 542 23321540 0 23364241
1429702772 10  P 598 23329425 0 23372333
1432073007 9  P 615 23363967 0 23406889
1433104092 8  P 3021 23381476 0 23426911
1443624641 10  P 616 23557502 0 23600429
1446154346 4  P 7757 23596035 0 23646281
1454260335 8  P 3039 23728081 0 23773535
1461564819 7  P 561 23857842 0 23900552
1461873383 5  P 560 23857845 0 23900582
1462019592 3  P 572 23857829 0 23900590
1462429172 2  P 560 23857841 0 23900548
1463260545 9  P 634 23874924 0 23917862
1480221805 1  P 4378 24022901 0 24199316
1481152302 6  P 5452 24174373 0 24222203
1489259776 12  P 621 24307316 0 24350365
1489583499 11  P 619 24307320 0 24350361
1491278160 13  P 602 24330374 0 24373408
1504619869 9  P 652 24552537 0 24595487
1507815510 1  P 4450 24474924 0 24651410
1509966808 4  P 8069 24641217 0 24691773
1510343363 10  P 646 24650591 0 24693536
1517603498 12  P 639 24771679 0 24814748
1517927217 11  P 637 24771684 0 24814743
1518075005 13  P 620 24769394 0 24812441
1531027283 6  P 5735 24991235 0 25039344
1537635405 8  P 3257 25093879 0 25139535
1540408567 7  P 579 25149599 0 25192306
1540717121 5  P 578 25149602 0 25192333
1540863333 3  P 591 25149586 0 25192347
1541272922 2  P 578 25149598 0 25192300
1546355379 6  P 5797 25242306 0 25290478
1549150371 12  P 658 25288524 0 25331609
1549474095 11  P 656 25288529 0 25331602
1551857447 4  P 8450 25327164 0 25378104
1553713624 9  P 671 25356870 0 25399823
1567205445 7  P 598 25588620 0 25631336
1567514005 5  P 597 25588623 0 25631369
1567660209 3  P 610 25588607 0 25631376
1568069800 2  P 597 25588619 0 25631335
1570518656 1  P 4745 25501948 0 25678735
1576541585 8  P 3342 25731232 0 25776969
1577577782 10  P 664 25752142 0 25795094
1583543758 13  P 649 25842004 0 25885076
1594197810 8  P 3393 26020457 0 26066246
1595134748 12  P 677 26041913 0 26085015
1595458470 11  P 675 26041918 0 26085008
1598987362 1  P 4831 25968290 0 26145162
1612635480 9  P 690 26322227 0 26365191
1612999607 10  P 682 26332474 0 26375435
1620731212 13  P 668 26451264 0 26494350
1624730386 6  P 6210 26525977 0 26574560
1632674179 7  P 617 26661241 0 26703957
1632982745 5  P 616 26661244 0 26703985
1633128950 3  P 629 26661228 0 26703998
1633538534 2  P 616 26661240 0 26703950
1635419914 4  P 8963 26695732 0 26747180
1648478494 12  P 695 26915880 0 26958995
1648802218 11  P 693 26915885 0 26958991
1649090581 13  P 687 26915885 0 26958987
1654074131 6  P 6326 27006625 0 27055322
1654358982 10  P 701 27010087 0 27053059
1663982431 4  P 9142 27163517 0 27215142
1670604061 8  P 3609 27272077 0 27318075
1673494866 9  P 709 27319328 0 27362300
1674253000 1  P 5073 27201193 0 27378308
1689283589 7  P 636 27588711 0 27631433
1689592154 5  P 635 27588714 0 27631458
1689738349 3  P 648 27588698 0 27631474
1690147943 2  P 635 27588710 0 27631421
1695096729 1  P 5132 27542637 0 27719809
1695760309 8  P 3628 27684218 0 27730232
1703452730 10  P 720 27814420 0 27857408
1703525361 12  P 714 27817748 0 27860876
1703849086 11  P 712 27817753 0 27860875
1704137489 13  P 706 27817754 0 27860868
1707580417 7  P 654 27888468 0 27931198
1707588610 9  P 728 27877901 0 27920886
1707888974 5  P 653 27888469 0 27931224
1708035179 3  P 666 27888454 0 27931239
1708444770 2  P 653 27888465 0 27931182
1737449142 6  P 6639 28372322 0 28421323
1739544939 4  P 9586 28401082 0 28453149
1753463449 8  P 3745 28629507 0 28675633
1761009757 12  P 733 28759554 0 28802696
1761333481 11  P 731 28759559 0 28802695
1761621846 13  P 725 28759559 0 28802690
1762374623 10  P 739 28779777 0 28822771
1766029308 4  P 9768 28834815 0 28887067
1767839742 6  P 6822 28870056 0 28919234
1779314790 7  P 673 29063745 0 29106480
1779623359 5  P 672 29063746 0 29106504
1779769561 3  P 685 29063731 0 29106527
1780179146 2  P 672 29063742 0 29106462
1785432396 9  P 747 29153275 0 29196269
1791690510 1  P 5473 29124878 0 29302394
1793714762 6  P 6875 29293939 0 29343167
1806369880 9  P 765 29496296 0 29539308
1813744732 8  P 3862 29617036 0 29663273
1815842238 4  P 10019 29650688 0 29703190
1816034241 1  P 5530 29523667 0 29701241
1823234014 10  P 758 29776878 0 29819888
1826158580 7  P 692 29831215 0 29873955
1826467146 5  P 691 29831216 0 29873984
1826613351 3  P 704 29831201 0 29873999
1827022933 2  P 691 29831212 0 29873942
1831681668 12  P 751 29917424 0 29960578
1832005391 11  P 749 29917429 0 29960581
1832293777 13  P 743 29917429 0 29960573
1849292903 6  P 7092 30204310 0 30253750
1853096049 7  P 711 30272539 0 30315290
1853404618 5  P 710 30272540 0 30315317
1853550817 3  P 722 30272526 0 30315334
1853960405 2  P 710 30272536 0 30315278
1854654728 4  P 10335 30286271 0 30339081
1857327769 10  P 777 30335451 0 30378470
1859463633 9  P 783 30366164 0 30409187
1863481244 13  P 761 30428386 0 30471547
1864362366 1  P 5774 30315224 0 30493044
1873291033 12  P 770 30599133 0 30642297
1873614757 11  P 768 30599138 0 30642302
1885775959 8  P 4077 30796975 0 30843423
1896326605 4  P 10551 30968802 0 31021829
1900581127 1  P 5833 30908573 0 31086452
1904840622 13  P 779 31105999 0 31149175
1907667896 6  P 7340 31160472 0 31210159
1927189839 7  P 730 31486473 0 31529227
1927498404 5  P 729 31486474 0 31529249
1927644609 3  P 741 31486460 0 31529269
1928054191 2  P 729 31486470 0 31529209
1932587868 12  P 800 31570622 0 31613817
1932911600 11  P 798 31570627 0 31613818
1935171553 10  P 796 31610825 0 31653844
1937557227 8  P 4195 31645238 0 31691799
1943385534 9  P 812 31741111 0 31784150
1953934382 13  P 798 31910332 0 31953523
1956109010 10  P 814 31953845 0 31996882
1962611677 7  P 748 32066806 0 32109565
1962920245 5  P 747 32066807 0 32109588
1963066450 3  P 759 32066793 0 32109610
1963476034 2  P 747 32066801 0 32109550
1971056600 12  P 819 32200875 0 32244084
1971380321 11  P 816 32200880 0 32244087
1972435971 4  P 11059 32215253 0 32268793
1975549862 1  P 6121 32136564 0 32314733
1977244837 9  P 830 32295843 0 32338896
1981072848 8  P 4312 32358080 0 32404750
1982042906 6  P 7724 32378644 0 32428703
1995451600 4  P 11176 32592220 0 32645879
2003971043 7  P 767 32744419 0 32787189
2004279595 5  P 766 32744420 0 32787210
2004425799 3  P 778 32744406 0 32787226
2004835398 2  P 766 32744414 0 32787170
2005338598 9  P 849 32756112 0 32799182
2009202720 10  P 833 32823714 0 32866765
2009886594 6  P 7809 32834748 0 32884893
2012244073 12  P 837 32875672 0 32918896
2012567798 11  P 834 32875677 0 32918901
2012856203 13  P 817 32875689 0 32918891
2029268623 1  P 6324 33016484 0 33194860
2036479057 8  P 4429 33265736 0 33312521
2053064815 7  P 786 33548752 0 33591527
2053373383 5  P 785 33548753 0 33591543
2053519587 3  P 797 33548739 0 33591563
2053929234 2  P 785 33548748 0 33591511
2055737433 1  P 6396 33450074 0 33628524
2066760472 9  P 868 33762429 0 33805510
2079307234 8  P 4448 33967414 0 34014214
2079527335 6  P 8027 33975519 0 34025880
2084962887 12  P 856 34067078 0 34110319
2085286606 11  P 853 34067083 0 34110321
2085575021 13  P 836 34067095 0 34110309
2088061072 4  P 11752 34108945 0 34163178
2093124662 10  P 852 34198672 0 34241729
2098650346 12  P 874 34291313 0 34334573
2098974070 11  P 871 34291319 0 34334573
2099262479 13  P 854 34291330 0 34334562
2100956138 1  P 6552 34190776 0 34369384
2119373514 4  P 11903 34621816 0 34676198
2126984067 10  P 870 34753405 0 34796479
2129402281 6  P 8309 34792380 0 34843025
2132502305 7  P 805 34850237 0 34893002
2132810872 5  P 804 34850238 0 34893021
2132957078 3  P 816 34850224 0 34893038
2133366658 2  P 804 34850232 0 34892986
2138838518 8  P 4666 34942554 0 34989557
2140479302 9  P 887 34970219 0 35013302
2146121042 6  P 8394 35066214 0 35116938
2148119751 8  P 4684 35094599 0 35141618
2151530920 10  P 888 35155561 0 35198653
2156939817 7  P 824 35250602 0 35293371
2157248384 5  P 823 35250603 0 35293390
2157394588 3  P 835 35250589 0 35293407
2157804175 2  P 823 35250597 0 35293357
2158924903 1  P 6780 35140301 0 35319136
2172639166 4  P 12287 35494131 0 35548891
2182634829 12  P 893 35667296 0 35710569
2182958554 11  P 890 35667302 0 35710567
2183246969 13  P 873 35667313 0 35710560
2192166774 9  P 905 35817048 0 35860141
2194515276 10  P 907 35859798 0 35902898
2203150983 8  P 4802 35996109 0 36043243
2207701617 4  P 12505 36068372 0 36123349
2209072244 12  P 911 36100428 0 36143717
2209395968 11  P 908 36100434 0 36143716
2209684377 13  P 891 36100445 0 36143710
2214996055 6  P 8772 36194278 0 36245379
2234135521 9  P 923 36504645 0 36547750
2234783598 7  P 843 36525976 0 36568736
2235092164 5  P 842 36525977 0 36568766
2235238370 3  P 854 36525963 0 36568774
2235647952 2  P 842 36525971 0 36568729
2239440550 1  P 7023 36459218 0 36638299
2248464779 6  P 8824 36742576 0 36793728
2251080451 7  P 862 36792964 0 36835740
2251389017 5  P 861 36792965 0 36835770
2251535230 3  P 873 36792951 0 36835775
2251944814 2  P 861 36792959 0 36835734
2268291620 8  P 4920 37063252 0 37110498
2279859051 10  P 925 37258052 0 37301159
2283112420 1  P 7122 37174638 0 37353816
2287764157 4  P 12923 37379693 0 37435089
2288994885 9  P 942 37403442 0 37446563
2292994177 12  P 930 37475386 0 37518689
2293317901 11  P 927 37475392 0 37518689
2293606313 13  P 910 37475403 0 37518682
2298029753 4  P 13071 37547732 0 37603274
2299331133 1  P 7206 37440278 0 37619542
2304541751 9  P 960 37658143 0 37701279
2308814829 7  P 880 37738866 0 37781653
2309123399 5  P 879 37738867 0 37781675
2309269599 3  P 891 37738852 0 37781681
2309679159 2  P 891 37738848 0 37781631
2318355452 6  P 9073 37887408 0 37938800
2326853515 12  P 948 38030119 0 38073436
2327177237 11  P 945 38030125 0 38073437
2327465649 13  P 928 38030136 0 38073430
2327979124 8  P 5136 38040953 0 38088407
2341905943 10  P 943 38274609 0 38317723
2345315543 1  P 7363 38193525 0 38372945
2353510494 9  P 979 38460428 0 38503578
2354947247 12  P 966 38490387 0 38533719
2355270971 11  P 963 38490394 0 38533723
2355559382 13  P 946 38490405 0 38533714
2356935996 4  P 13514 38512399 0 38568383
2370354116 8  P 5252 38735106 0 38782677
2374390281 10  P 962 38806813 0 38849941
2382558563 6  P 9454 38938923 0 38990692
2392736740 7  P 898 39113824 0 39156604
2393045309 5  P 897 39113824 0 39156636
2393191513 3  P 909 39113810 0 39156629
2393601072 2  P 910 39113805 0 39156590
