249104126 6  P 124 3993967 0 4036615
249141667 7  P 81 3994010 0 4036602
249262434 4  P 191 3993900 0 4036620
249450234 5  P 81 3994012 0 4036619
249596438 3  P 81 3994010 0 4036611
250006022 2  P 81 3994009 0 4036617
259869026 9  P 125 4159088 0 4201726
262087086 12  P 129 4201839 0 4244475
262267421 1  P 214 4072214 0 4244492
262410795 11  P 126 4201841 0 4244485
262699207 13  P 128 4201840 0 4244480
263436326 10  P 136 4221798 0 4264434
263509106 8  P 278 4221652 0 4264442
276736116 1  P 271 4309210 0 4481546
279369749 6  P 341 4489619 0 4532480
279545668 10  P 154 4485714 0 4528368
279774521 12  P 148 4491610 0 4534264
280098246 11  P 145 4491612 0 4534270
280386657 13  P 147 4491611 0 4534268
281415331 8  P 395 4514909 0 4557815
290126477 7  P 100 4665479 0 4708066
290434628 5  P 99 4665481 0 4708086
290580834 3  P 99 4665479 0 4708082
290990830 2  P 100 4665478 0 4708087
298324951 4  P 703 4797217 0 4840447
302915896 9  P 144 4864348 0 4906990
309954856 1  P 452 4853278 0 5025800
315470227 7  P 118 5080693 0 5123294
315778796 5  P 118 5080695 0 5123316
315924998 3  P 118 5080693 0 5123309
316139422 10  P 172 5085247 0 5127908
316334585 2  P 118 5080692 0 5123312
323168706 4  P 854 5204105 0 5247484
323743235 12  P 178 5211964 0 5254645
324066959 11  P 174 5211966 0 5254647
324355373 13  P 177 5211964 0 5254650
327854142 6  P 688 5283632 0 5326828
328493416 8  P 523 5286106 0 5329132
330884621 9  P 174 5322557 0 5365217
338811289 10  P 202 5456672 0 5499360
339072140 9  P 192 5456682 0 5499357
339517096 7  P 137 5474657 0 5517257
339825659 5  P 137 5474659 0 5517282
339845471 1  P 666 5342787 0 5515526
339971867 3  P 137 5474657 0 5517273
340381452 2  P 137 5474656 0 5517276
345713507 6  P 841 5576085 0 5619426
348524730 8  P 541 5614280 0 5657315
355747227 4  P 1266 5737443 0 5781235
358462020 12  P 196 5780777 0 5823472
358785744 11  P 192 5780779 0 5823476
359074156 13  P 195 5780777 0 5823478
379294224 4  P 1383 6123117 0 6167026
379634188 8  P 659 6123855 0 6167010
383485852 7  P 166 6195011 0 6237628
383794418 5  P 166 6195014 0 6237648
383923626 1  P 853 6064771 0 6237699
383940622 3  P 167 6195011 0 6237649
384350207 2  P 167 6195010 0 6237641
385588946 6  P 1025 6229210 0 6272734
388420701 10  P 221 6269454 0 6312146
388681548 9  P 211 6269464 0 6312149
392696475 12  P 214 6341656 0 6384365
393020199 11  P 210 6341658 0 6384365
393308613 13  P 213 6341656 0 6384371
403934748 4  P 1697 6526506 0 6570729
411118261 12  P 232 6643460 0 6686186
411441984 11  P 228 6643462 0 6686186
411730399 13  P 231 6643460 0 6686192
412439662 1  P 1025 6531795 0 6704896
412979513 6  P 1314 6677679 0 6721492
414821558 8  P 887 6700135 0 6743513
416014383 10  P 251 6721519 0 6764225
416275227 9  P 241 6721529 0 6764233
418204575 7  P 184 6763824 0 6806433
418513141 5  P 184 6763827 0 6806457
418659343 3  P 185 6763824 0 6806446
419068928 2  P 185 6763823 0 6806449
426837026 12  P 250 6900976 0 6943717
427160747 11  P 246 6900979 0 6943720
427449159 13  P 249 6900978 0 6943724
428228259 8  P 1002 6919663 0 6963152
429358151 10  P 269 6940125 0 6982841
429619000 9  P 259 6940135 0 6982849
444783388 1  P 1227 7061508 0 7234810
447338919 6  P 1628 7240300 0 7284424
448590999 4  P 2244 7257598 0 7302369
452438958 7  P 202 7324702 0 7367320
452747526 5  P 202 7324705 0 7367343
452893728 3  P 203 7324702 0 7367323
453303315 2  P 203 7324701 0 7367336
454384480 8  P 1021 7348188 0 7391694
462417046 6  P 1680 7487287 0 7531460
468451936 10  P 287 7580618 0 7623350
468712765 9  P 277 7580628 0 7623356
470282711 7  P 220 7617034 0 7659669
470591276 5  P 220 7617037 0 7659694
470737481 3  P 221 7617034 0 7659666
471147063 2  P 221 7617033 0 7659680
478111536 1  P 1429 7607350 0 7780856
479012905 4  P 2530 7755743 0 7800792
482571428 12  P 268 7814110 0 7856865
482895152 11  P 265 7814113 0 7856865
483183566 13  P 268 7814112 0 7856871
491876465 7  P 238 7970807 0 8013455
492185034 5  P 238 7970810 0 8013478
492331234 3  P 239 7970807 0 8013444
492740820 2  P 239 7970806 0 8013465
503356603 4  P 2724 8154391 0 8199633
505073314 6  P 1864 8185981 0 8230331
505603245 8  P 1137 8187236 0 8230851
508330292 1  P 1588 8102291 0 8275957
509889434 10  P 305 8259512 0 8302246
510150275 9  P 295 8259523 0 8302263
510493296 12  P 287 8271563 0 8314333
510817020 11  P 284 8271566 0 8314336
511105432 13  P 286 8271565 0 8314341
513184704 4  P 2970 8315161 0 8360648
521212002 12  P 318 8447147 0 8489946
521535727 11  P 314 8447151 0 8489949
521824141 13  P 316 8447150 0 8489953
529561349 10  P 323 8581797 0 8624536
529822202 9  P 313 8581809 0 8624554
530993839 8  P 1352 8603013 0 8646834
531299045 1  P 1761 8478434 0 8652272
533048409 7  P 256 8645349 0 8687992
533356960 5  P 257 8645352 0 8688022
533503177 3  P 257 8645349 0 8687984
533912746 2  P 257 8645348 0 8688006
537167117 6  P 2277 8711389 0 8756139
548680761 12  P 336 8897176 0 8939993
549004485 11  P 332 8897180 0 8939991
549292897 13  P 334 8897179 0 8939999
552314673 1  P 1876 8822636 0 8996589
560010823 6  P 2395 9085540 0 9130404
563150115 8  P 1469 9129741 0 9173678
563669123 4  P 3450 9141804 0 9187772
563780054 10  P 341 9142417 0 9185162
564040904 9  P 331 9142430 0 9185186
570235852 7  P 275 9254609 0 9297261
570544413 5  P 276 9254612 0 9297288
570690622 3  P 276 9254609 0 9297253
571100207 2  P 275 9254608 0 9297269
577017791 1  P 2002 9227243 0 9401321
580954606 7  P 294 9430206 0 9472875
581263172 5  P 294 9430209 0 9472901
581385825 6  P 2512 9435629 0 9480602
581409419 3  P 295 9430206 0 9472866
581818958 2  P 294 9430205 0 9472881
585353255 8  P 1487 9493499 0 9537448
586231641 4  P 3730 9511182 0 9557433
597764488 10  P 360 9699199 0 9741958
598025325 9  P 350 9699212 0 9741984
598290146 12  P 354 9709957 0 9752790
598613867 11  P 350 9709961 0 9752788
598902281 13  P 352 9709960 0 9752796
603026445 6  P 2727 9789970 0 9835155
608423375 7  P 313 9880236 0 9922913
608485688 4  P 3982 9875536 0 9922041
608731941 5  P 313 9880239 0 9922935
608878143 3  P 313 9880236 0 9922904
609287730 2  P 313 9880235 0 9922912
623486981 1  P 2269 9988315 0 10162657
623713492 8  P 1604 10121861 0 10165923
625884727 12  P 373 10162034 0 10204885
626208450 11  P 369 10162038 0 10204880
626496863 13  P 371 10162037 0 10204887
628937173 10  P 379 10209900 0 10252667
629198019 9  P 369 10209913 0 10252684
635046505 10  P 398 10309976 0 10352760
635307352 9  P 388 10309989 0 10352776
638056605 12  P 392 10361439 0 10404307
638380323 11  P 388 10361443 0 10404301
638668737 13  P 390 10361442 0 10404305
646902249 6  P 3119 10508418 0 10553988
654119690 8  P 1819 10619813 0 10664086
658033545 7  P 332 10693016 0 10735690
658342114 5  P 332 10693019 0 10735715
658405349 4  P 4528 10692851 0 10739901
658488319 3  P 332 10693016 0 10735678
658897898 2  P 332 10693015 0 10735689
662706085 1  P 2526 10630610 0 10805211
663748063 4  P 4546 10780365 0 10827436
665165973 12  P 410 10805581 0 10848465
665489695 11  P 406 10805585 0 10848457
665778107 13  P 408 10805584 0 10848462
669596713 1  P 2584 10743447 0 10918106
671640275 10  P 417 10909510 0 10952304
671901100 9  P 407 10909522 0 10952310
674447833 8  P 1935 10952749 0 10997139
682730392 6  P 3366 11095173 0 11140984
685627304 7  P 350 11145093 0 11187768
685935873 5  P 350 11145096 0 11187793
686082077 3  P 350 11145093 0 11187756
686491659 2  P 350 11145092 0 11187767
694312130 10  P 435 11280947 0 11323757
694572974 9  P 426 11280959 0 11323762
695962858 12  P 428 11310138 0 11353039
696286582 11  P 424 11310142 0 11353030
696574994 13  P 426 11310141 0 11353035
698971061 7  P 368 11363699 0 11406381
699279620 5  P 368 11363702 0 11406402
699425831 3  P 368 11363699 0 11406372
699835416 2  P 368 11363698 0 11406377
704496004 6  P 3548 11451595 0 11497575
720060575 4  P 5125 11702400 0 11750052
720674878 1  P 2855 11580033 0 11754962
722463465 8  P 2052 11739318 0 11783822
723449114 6  P 3599 11762071 0 11808101
731393614 1  P 2884 11755619 0 11930577
737416603 8  P 2070 11984291 0 12028814
738064834 7  P 386 12004194 0 12046885
738373403 5  P 386 12004197 0 12046909
738519607 3  P 386 12004194 0 12046867
738929189 2  P 386 12004193 0 12046886
742197259 12  P 447 12067624 0 12110541
742520981 11  P 443 12067628 0 12110527
742809395 13  P 445 12067627 0 12110536
743857490 4  P 5407 12092000 0 12139937
750530906 10  P 453 12202016 0 12244826
750791773 9  P 444 12202028 0 12244835
762824138 6  P 3815 12406972 0 12453211
764534242 1  P 3059 12298416 0 12473551
765419939 4  P 5525 12445158 0 12493213
774025970 8  P 2187 12583979 0 12628617
774619110 12  P 466 12598804 0 12641740
774942832 11  P 462 12598808 0 12641725
775231246 13  P 464 12598807 0 12641730
775499674 10  P 472 12611085 0 12653911
775776137 9  P 462 12611353 0 12654165
779502331 7  P 405 12683087 0 12725768
779810900 5  P 405 12683090 0 12725802
779957110 3  P 405 12683087 0 12725749
780366687 2  P 405 12683086 0 12725779
783404330 4  P 5805 12739526 0 12787863
790337828 12  P 496 12856310 0 12899269
790627984 1  P 3246 12725743 0 12901067
790661552 11  P 492 12856314 0 12899256
790949964 13  P 494 12856312 0 12899261
792213591 9  P 481 12880645 0 12923468
798729083 8  P 2404 12988494 0 13033343
799174254 7  P 424 13005373 0 13048064
799482820 5  P 424 13005376 0 13048098
799629022 3  P 424 13005373 0 13048047
800038610 2  P 424 13005372 0 13048072
808859009 10  P 491 13157626 0 13200462
809714724 6  P 4230 13174807 0 13221452
813589730 6  P 4248 13238277 0 13284936
823081099 1  P 3403 13257294 0 13432774
824072199 12  P 515 13408995 0 13451968
824395925 11  P 511 13408999 0 13451957
824684335 13  P 513 13408997 0 13451963
825010350 8  P 2523 13418966 0 13463929
830905891 10  P 509 13518823 0 13561672
833392945 7  P 443 13565993 0 13608688
833701513 5  P 443 13565996 0 13608727
833847715 3  P 443 13565993 0 13608664
834257302 2  P 443 13565992 0 13608699
837216842 4  P 6387 13620603 0 13669512
841057342 9  P 499 13680883 0 13723713
844029304 4  P 6439 13732165 0 13781127
844915953 12  P 533 13750480 0 13793467
845239675 11  P 529 13750484 0 13793459
845528089 13  P 531 13750482 0 13793463
849390285 10  P 527 13821653 0 13864512
849651132 9  P 518 13821665 0 13864507
855808519 6  P 4630 13929599 0 13976632
859041599 8  P 2642 13976413 0 14021490
867377326 7  P 461 14122774 0 14165469
867685897 5  P 461 14122777 0 14165518
867832095 3  P 461 14122774 0 14165448
868241683 2  P 461 14122773 0 14165479
868471766 1  P 3736 14000637 0 14176443
874683501 6  P 4681 14238794 0 14285876
876682217 8  P 2660 14265418 0 14310512
877733999 10  P 557 14286006 0 14328893
877994864 9  P 548 14286018 0 14328885
880721066 7  P 480 14341379 0 14384085
881029636 5  P 480 14341382 0 14384138
881175837 3  P 480 14341379 0 14384066
881509716 12  P 552 14350013 0 14393013
881585422 2  P 480 14341378 0 14384098
881833437 11  P 548 14350017 0 14393008
882121852 13  P 550 14350015 0 14393011
896065466 1  P 3894 14452569 0 14628536
899201204 4  P 7047 14635480 0 14685053
905768601 1  P 3909 14611530 0 14787511
905827721 10  P 576 14746275 0 14789177
905853489 12  P 570 14748843 0 14791857
906177166 11  P 566 14748847 0 14791854
906465578 13  P 568 14748845 0 14791854
907767924 7  P 498 14784495 0 14827203
908076493 5  P 499 14784498 0 14827255
908222704 3  P 499 14784495 0 14827191
908632280 2  P 499 14784494 0 14827221
911886728 6  P 5029 14847977 0 14895403
913338506 8  P 2891 14865758 0 14911081
929541721 9  P 581 15130528 0 15173408
932810594 4  P 7424 15185752 0 15235702
936123072 4  P 7442 15240005 0 15289973
936191466 3  P 517 15242717 0 15285420
936601048 2  P 517 15242715 0 15285450
940249646 10  P 595 15310224 0 15353131
942455460 7  P 535 15352777 0 15395507
942764023 5  P 536 15352780 0 15395560
945526107 9  P 621 15392375 0 15435295
948502997 1  P 4182 15311411 0 15487663
957635457 8  P 2931 15591479 0 15636834
958371017 6  P 5247 15609354 0 15656984
959087895 12  P 644 15620960 0 15664041
960724066 11  P 584 15642525 0 15685540
961012478 13  P 586 15642523 0 15685544
962839745 6  P 5364 15682451 0 15730197
963924188 7  P 554 15704502 0 15747237
964232748 5  P 569 15704490 0 15747287
971822254 12  P 663 15829581 0 15872678
972910207 3  P 561 15844273 0 15887000
973319793 2  P 547 15844285 0 15887028
983456121 1  P 4342 15883921 0 16060330
983655879 10  P 660 16021324 0 16064288
983916714 9  P 718 16021270 0 16064276
985692844 11  P 603 16051595 0 16094625
985981256 13  P 605 16051593 0 16094629
988388713 4  P 8018 16095739 0 16146274
992901021 8  P 3094 16169105 0 16214613
994104097 8  P 3112 16188796 0 16234324
998744110 12  P 703 16270627 0 16313761
1002144557 3  P 608 16323200 0 16365958
1002554143 2  P 565 16323242 0 16365995
1013744821 9  P 779 16509910 0 16552974
1015880289 11  P 621 16546167 0 16589212
1016154280 4  P 8214 16550452 0 16601178
1016168701 13  P 623 16546165 0 16589216
1018830454 7  P 620 16604019 0 16646787
1019139020 5  P 634 16604006 0 16646851
1019199116 6  P 5743 16605457 0 16653576
1019940472 1  P 4588 16481432 0 16658082
1021140285 10  P 679 16635449 0 16678421
1028397885 2  P 583 16746647 0 16789410
1031564804 7  P 638 16812639 0 16855418
1031812141 10  P 698 16810278 0 16853267
1031873374 5  P 652 16812626 0 16855486
1035623211 4  P 8368 16869276 0 16920151
1039385354 8  P 3211 16930585 0 16976197
1039612443 1  P 4674 16803650 0 16980384
1041099063 11  P 639 16959333 0 17002392
1041387468 13  P 641 16959331 0 17002396
1042931648 12  P 721 16994577 0 17037726
1044291708 9  P 830 17010338 0 17053435
1045582116 3  P 757 17034728 0 17077614
1052589828 6  P 5991 17152275 0 17200637
1057650935 8  P 3308 17229751 0 17275452
1058486676 7  P 669 17253696 0 17296498
1059067806 11  P 657 17253714 0 17296788
1059310877 5  P 700 17262112 0 17305004
1059356219 13  P 659 17253712 0 17296792
1060119122 12  P 740 17276157 0 17319317
1062999677 10  P 727 17321225 0 17364230
1067935596 4  P 8763 17398277 0 17449544
1068808517 6  P 6174 17417815 0 17466351
1072378026 1  P 4901 17340245 0 17517211
1079335442 2  P 615 17581175 0 17623942
1080863339 3  P 840 17612690 0 17655646
1082979252 9  P 882 17644142 0 17687281
1085748366 5  P 744 17695219 0 17738147
1087800848 3  P 891 17726304 0 17769308
1094263726 4  P 8848 17829551 0 17880899
1101187162 10  P 746 17946870 0 17989887
1101382334 2  P 634 17942372 0 17985154
1102674267 7  P 699 17977636 0 18020451
1107786593 11  P 676 18051904 0 18094990
1108075005 13  P 678 18051902 0 18094997
1108478516 12  P 758 18068459 0 18111634
1109042911 6  P 6357 18076830 0 18125542
1110221794 1  P 5088 17960085 0 18137240
1111854087 8  P 3460 18117660 0 18163511
1112635512 9  P 935 18129977 0 18173163
1116020933 11  P 694 18186796 0 18229898
1116309346 13  P 696 18186794 0 18229907
1119738339 3  P 943 18249515 0 18292558
1119861694 7  P 718 18259215 0 18302040
1119866669 2  P 652 18245201 0 18287986
1120886651 6  P 6508 18270722 0 18319584
1125185885 5  P 763 18341344 0 18384267
1126291554 8  P 3545 18354118 0 18400048
1129572261 12  P 776 18414040 0 18457230
1133494837 9  P 998 18471672 0 18514921
1134405900 10  P 765 18491106 0 18534129
1137815479 1  P 5287 18411978 0 18589330
1138607451 4  P 9329 18555587 0 18607405
1148210413 2  P 670 18709566 0 18752360
1149729062 8  P 3564 18738099 0 18784042
1150518612 1  P 5331 18620061 0 18797457
1152890254 10  P 794 18793924 0 18836974
1155458474 11  P 713 18832921 0 18876038
1155746886 13  P 715 18832919 0 18876047
1156261651 6  P 6790 18850017 0 18899156
1159042158 9  P 1016 18890214 0 18933470
1160357741 5  P 792 18917570 0 18960509
1160998096 4  P 9545 18922214 0 18974244
1163494135 12  P 794 18969798 0 19013001
1168221082 7  P 736 19051517 0 19094333
1168676280 3  P 1091 19051157 0 19094323
1176010348 8  P 3648 19168605 0 19214626
1176304171 2  P 688 19169835 0 19212632
1181159246 1  P 5503 19121899 0 19299469
1181681618 12  P 823 19267751 0 19310983
1186370318 9  P 1098 19337874 0 19381213
1189314858 7  P 754 19397100 0 19439929
1190630353 11  P 732 19409158 0 19452288
1190918766 13  P 734 19409156 0 19452298
1193234065 10  P 812 19454899 0 19497949
1193576475 5  P 811 19461807 0 19504752
1193691869 3  P 1175 19460927 0 19504172
1201216844 4  P 9794 19580904 0 19633179
1201636728 6  P 7074 19593154 0 19642566
1204277283 6  P 7093 19636398 0 19685830
1210726054 2  P 707 19733785 0 19776584
1211879397 3  P 1193 19758893 0 19802153
1214252991 1  P 5691 19663916 0 19841674
1214947870 8  P 3733 19806471 0 19852574
1218780933 10  P 831 19873440 0 19916503
1223236706 7  P 783 19952845 0 19995692
1223385941 9  P 1116 19944319 0 19987668
1223545279 5  P 830 19952797 0 19995750
1223849119 11  P 751 19953396 0 19996543
1223900428 12  P 841 19959444 0 20002692
1224137533 13  P 753 19953394 0 19996550
1228920384 4  P 10078 20034503 0 20087055
1237245290 9  P 1169 20171337 0 20214736
1238206120 1  P 5834 20056215 0 20234118
1241424193 7  P 802 20250809 0 20293666
1241732764 5  P 848 20250761 0 20293726
1242869141 12  P 859 20270209 0 20313476
1243066919 3  P 1345 20269715 0 20313110
1251468418 10  P 849 20408974 0 20452042
1253817851 11  P 770 20444385 0 20487547
1254106265 13  P 772 20444383 0 20487553
1258605392 6  P 7472 20526125 0 20575927
1258885316 8  P 3894 20526177 0 20572431
1259060989 4  P 10325 20528073 0 20580870
1259085435 2  P 726 20526085 0 20568885
1262980395 6  P 7524 20597753 0 20647607
1263519982 3  P 1364 20604799 0 20648208
1265096712 1  P 6022 20496599 0 20674691
1275182797 9  P 1221 20792853 0 20836295
1279202772 10  P 867 20863355 0 20906434
1280179189 2  P 745 20871667 0 20914481
1281779751 4  P 10410 20900211 0 20953090
1283642927 7  P 820 20942502 0 20985364
1283677202 11  P 789 20933581 0 20976760
1283951496 5  P 866 20942454 0 20985426
1283965616 13  P 790 20933579 0 20976766
1285151020 8  P 3945 20956461 0 21002765
1292587841 12  P 888 21084771 0 21128057
1293322195 12  P 907 21096784 0 21140089
1293354049 8  P 4016 21090787 0 21137160
1296174854 1  P 6209 21005592 0 21183869
1296248476 4  P 10660 21137012 0 21190142
1298059365 13  P 809 21164472 0 21207674
1302920243 5  P 885 21253219 0 21296192
1304046509 10  P 885 21270376 0 21313464
1309214027 9  P 1307 21350334 0 21393849
1309746016 6  P 7936 21363542 0 21413799
1312627308 7  P 857 21417344 0 21460219
1314101058 2  P 764 21427424 0 21470234
1314224082 11  P 827 21434023 0 21477236
1315160622 3  P 1548 21450693 0 21494254
1326057790 9  P 1325 21626285 0 21669816
1331699153 6  P 8023 21723136 0 21773474
1331843399 10  P 903 21725782 0 21768883
1332893647 1  P 6397 21607001 0 21785464
1333192848 11  P 846 21744789 0 21788019
1333903138 13  P 827 21751717 0 21794936
1333971079 7  P 876 21767022 0 21809901
1338848130 3  P 1600 21838737 0 21882340
1341744704 8  P 4166 21883464 0 21929980
1342165982 12  P 925 21897021 0 21940337
1343960442 2  P 782 21916621 0 21959434
1348467260 4  P 11071 21992147 0 22045684
1352639024 5  P 914 22067782 0 22110765
1353373365 5  P 932 22079794 0 22122796
1354362351 1  P 6540 21958600 0 22137205
1358054169 2  P 801 22147513 0 22190340
1358995274 9  P 1375 22165881 0 22209452
1366176242 3  P 1684 22286396 0 22330077
1371074140 6  P 8239 22368032 0 22418585
1373496875 13  P 845 22400402 0 22443638
1374017932 7  P 906 22423119 0 22466017
1374962838 12  P 944 22434346 0 22477678
1377572813 8  P 4217 22470421 0 22516982
1379170362 4  P 11255 22494999 0 22548717
1381312121 10  P 922 22536258 0 22579368
1382911598 11  P 864 22559362 0 22602606
1383645954 11  P 883 22571374 0 22614638
1384431573 12  P 963 22589463 0 22632812
1392502290 7  P 925 22725948 0 22768850
1393897921 2  P 820 22734758 0 22777588
1394113739 3  P 1770 22744037 0 22787786
1394542149 9  P 1460 22748195 0 22791840
1400545379 4  P 11438 22845020 0 22898923
1401668760 13  P 863 22861950 0 22905201
1402217112 5  P 951 22880031 0 22923025
1408449123 6  P 8563 22980053 0 23030928
1409510301 8  P 4332 22993566 0 23040239
1410581107 1  P 6855 22879366 0 23058285
1411530921 10  P 940 23031345 0 23074464
1417051252 3  P 1821 23119793 0 23163587
1417971731 1  P 6884 23000425 0 23179373
1423029757 4  P 11589 23213250 0 23267300
1424447905 8  P 4350 23238284 0 23284974
1424515282 10  P 959 23244061 0 23287199
1428650404 12  P 982 23313925 0 23357289
1430839772 6  P 8746 23346713 0 23397770
1432489715 11  P 901 23371611 0 23414888
1432846058 7  P 944 23386921 0 23429815
1433491690 2  P 838 23383444 0 23426276
1434887509 13  P 882 23406187 0 23449451
1435013990 5  P 969 23417356 0 23460354
1438526607 9  P 1522 23468773 0 23512471
1444482742 5  P 988 23572473 0 23615489
1456566883 3  P 1937 23767097 0 23810995
1458392930 7  P 963 23805462 0 23848368
1461663568 2  P 857 23844993 0 23887834
1462635204 12  P 1001 23870706 0 23914085
1463182252 8  P 4435 23872822 0 23919585
1465286624 11  P 919 23908937 0 23952229
1465565535 1  P 7140 23779936 0 23959142
1468201640 4  P 11939 23952991 0 24007382
1468714770 6  P 8963 23967035 0 24018302
1468917200 9  P 1575 23966640 0 24010386
1469859088 10  P 989 23986944 0 24030093
1472856284 13  P 901 24028249 0 24071526
1474755324 11  P 938 24064053 0 24107363
1477361676 7  P 982 24116227 0 24159138
1481906317 10  P 1008 24184300 0 24227461
1483604689 9  P 1593 24207261 0 24251019
1484574157 6  P 9181 24226655 0 24278138
1486869705 8  P 4564 24260786 0 24307672
1488701962 5  P 1007 24296935 0 24339949
1489072666 12  P 1020 24303838 0 24347231
1493715629 13  P 920 24369989 0 24413283
1494882294 2  P 876 24389229 0 24432065
1495737361 1  P 7354 24274048 0 24453471
1498754384 3  P 2053 24458177 0 24502172
1501717278 4  P 12320 24501722 0 24556486
1503875075 10  P 1026 24544219 0 24587394
1503941884 3  P 2072 24543150 0 24587162
1512002997 1  P 7411 24540485 0 24719966
1513916408 12  P 1039 24710859 0 24754271
1515721489 7  P 1001 24744689 0 24787607
1516667877 6  P 9366 24752291 0 24803953
1517809376 13  P 939 24764722 0 24808033
1518974106 11  P 957 24788514 0 24831837
1522686315 5  P 1026 24853716 0 24896731
1523292166 9  P 1679 24857414 0 24901246
1529557176 8  P 4680 24960058 0 25007055
1532639135 4  P 12568 25008093 0 25063102
1532851038 2  P 905 25011279 0 25054136
1533042889 6  P 9516 25020426 0 25072232
1534276532 9  P 1698 25037363 0 25081212
1535244701 8  P 4698 25053223 0 25100237
1537942841 11  P 976 25099279 0 25142619
1538734438 10  P 1045 25115335 0 25158519
1541713282 12  P 1058 25166264 0 25209690
1545653137 13  P 957 25220896 0 25264222
1547982887 4  P 12818 25259232 0 25314486
1549123802 5  P 1044 25286848 0 25329864
1550956117 1  P 7682 25178411 0 25358171
1552768379 7  P 1020 25351645 0 25394564
1553710399 2  P 924 25353020 0 25395880
1562129413 3  P 2219 25496342 0 25540483
1573967555 5  P 1063 25693870 0 25736902
1577417910 6  P 9732 25747247 0 25799261
1577804171 2  P 942 25747753 0 25790630
1578252733 7  P 1038 25769164 0 25812096
1581949984 13  P 987 25815554 0 25858909
1584130761 11  P 1005 25855985 0 25899350
1585072834 8  P 4849 25869453 0 25916612
1586828220 10  P 1063 25903285 0 25946480
1588076632 4  P 12999 25915940 0 25971369
1588332515 3  P 2305 25925567 0 25969785
1588714049 9  P 1749 25929216 0 25973100
1590846771 1  P 7886 25831772 0 26011735
1591182046 12  P 1077 25976742 0 26020183
1596596475 7  P 1057 26069688 0 26112622
1599440495 1  P 7914 25972542 0 26152533
1601764433 5  P 1082 26149274 0 26192309
1603250048 10  P 1081 26172321 0 26215529
1604092238 4  P 13115 26178222 0 26233761
1605010299 8  P 4867 26196090 0 26243264
1605647883 2  P 961 26203926 0 26246811
1610769982 3  P 2388 26293097 0 26337394
1611635885 9  P 1801 26304715 0 26348647
1613349469 11  P 1023 26334686 0 26378064
1614419132 13  P 1005 26347504 0 26390876
1617433900 6  P 10112 26402473 0 26454862
1621400784 12  P 1096 26471827 0 26515281
1624690206 7  P 1076 26529957 0 26572892
1625060992 4  P 13327 26521556 0 26577304
1627823472 9  P 1853 26569880 0 26613857
1633947830 8  P 4954 26670115 0 26717371
1634385135 12  P 1114 26684543 0 26728017
1638833832 11  P 1042 26752203 0 26795595
1641944765 2  P 980 26798595 0 26841486
1643637900 13  P 1024 26826205 0 26869592
1647643596 1  P 8186 26762024 0 26942287
1648308895 6  P 10331 26908107 0 26960714
1648968811 10  P 1100 26921359 0 26964572
1650207514 3  P 2439 26939189 0 26983507
1651233174 5  P 1100 26959751 0 27002780
1657177595 11  P 1061 27052728 0 27096138
1657183905 6  P 10382 27053463 0 27106122
1657784224 1  P 8259 26928095 0 27108428
1660432778 9  P 1904 27104098 0 27148115
1664533970 7  P 1095 27182738 0 27225677
1667963439 8  P 5072 27227307 0 27274675
1670703182 10  P 1119 27277435 0 27320663
1673098137 3  P 2525 27314141 0 27358535
1673606659 13  P 1043 27317194 0 27360597
1674413524 2  P 999 27330544 0 27373428
1674889115 4  P 13793 27337467 0 27393673
1679728910 12  P 1133 27427436 0 27470923
1681451944 5  P 1118 27454838 0 27497865
1684625067 10  P 1138 27505512 0 27548753
1685271354 11  P 1080 27512997 0 27556426
1685370320 9  P 1956 27512622 0 27556685
1685877997 1  P 8460 27388178 0 27568709
1687466028 13  P 1062 27544247 0 27587663
1694232890 4  P 13991 27654195 0 27710596
1694436314 5  P 1137 27667555 0 27710598
1697785645 3  P 2610 27718537 0 27763005
1698822676 12  P 1151 27740250 0 27783752
1699830882 7  P 1114 27761024 0 27803956
1700152687 6  P 10801 27757037 0 27810107
1703632718 2  P 1018 27809245 0 27852133
1712150983 8  P 5188 27951156 0 27998630
1713744532 12  P 1170 27984710 0 28028229
1715338440 8  P 5207 28003361 0 28050852
1715559767 13  P 1081 28004516 0 28047950
1717307791 9  P 2040 28035799 0 28079940
1723473104 3  P 2671 28139337 0 28183861
1725115090 11  P 1099 28165778 0 28209220
1728980781 6  P 11015 28229137 0 28282426
1729117043 2  P 1037 28226762 0 28269658
1730123515 4  P 14306 28241908 0 28298611
1738299609 7  P 1133 28391276 0 28434214
1739331103 1  P 8745 28263658 0 28444481
1739780055 5  P 1156 28410447 0 28453494
1742812576 10  P 1157 28458837 0 28502074
1744791573 8  P 5293 28485834 0 28533406
1746463287 12  P 1189 28520755 0 28564288
1747460811 2  P 1056 28527287 0 28570192
1747629439 3  P 2756 28535027 0 28579620
1747902679 6  P 11133 28539033 0 28592437
1749721747 1  P 8847 28433795 0 28614719
1751518387 7  P 1152 28607833 0 28650780
1753357864 4  P 14457 28622425 0 28679276
1755403545 13  P 1100 28657297 0 28700747
1758873797 5  P 1175 28723260 0 28766316
1760411978 11  P 1118 28744063 0 28787521
1763031311 10  P 1175 28790082 0 28833330
1769104629 9  P 2093 28884386 0 28928569
1775554547 2  P 1074 28987556 0 29030467
1775717564 5  P 1193 28999210 0 29042281
1780299856 1  P 8977 28934655 0 29115707
1784002742 7  P 1171 29140038 0 29182996
1784560984 4  P 14607 29133507 0 29190497
1785432226 8  P 5377 29151604 0 29199254
1788621415 6  P 11316 29205980 0 29259564
1790700399 13  P 1119 29235582 0 29279050
1790792208 9  P 2112 29239695 0 29283893
1796697674 12  P 1208 29343776 0 29387326
1798000105 10  P 1194 29362992 0 29406252
1798880746 11  P 1136 29374316 0 29417789
1800816863 3  P 2904 29406299 0 29451019
1806514441 5  P 1212 29503767 0 29546840
1807359467 10  P 1213 29516317 0 29559594
1812099511 11  P 1154 29590873 0 29634363
1812541440 12  P 1227 29603342 0 29646909
1815398320 2  P 1093 29640337 0 29683250
1821074563 6  P 11616 29737386 0 29791268
1821776526 9  P 2208 29747245 0 29791532
1823045394 4  P 15038 29763593 0 29821013
1826510331 8  P 5494 29824508 0 29872267
1828659260 1  P 9262 29726681 0 29908024
1829004397 3  P 2954 29868074 0 29912834
1829169183 13  P 1138 29865836 0 29909315
1831674632 7  P 1190 29921076 0 29964020
1835447827 8  P 5544 29970888 0 30018696
1836214022 9  P 2226 29983769 0 30028068
1836278533 13  P 1156 29982296 0 30025793
1839707485 3  P 3006 30043380 0 30088186
1840449550 6  P 11798 30054640 0 30108699
1843893359 7  P 1209 30121248 0 30164204
1844583869 11  P 1173 30123078 0 30166585
1850487385 1  P 9405 30084164 0 30265656
1850695196 2  P 1112 30218622 0 30261539
1852498523 4  P 15287 30245897 0 30303563
1855478913 12  P 1257 30306799 0 30350389
1856748809 5  P 1230 30326787 0 30369860
1858453230 10  P 1232 30353418 0 30396694
1863651524 9  P 2276 30433252 0 30477593
1867075405 13  P 1193 30486833 0 30530363
1868145013 3  P 3089 30509214 0 30554090
1872592595 5  P 1248 30586353 0 30629437
1872862122 7  P 1227 30595853 0 30638819
1875979119 8  P 5661 30634831 0 30682747
1877824558 6  P 12047 30666737 0 30721043
1880572683 12  P 1275 30717916 0 30761522
1880592268 4  P 15505 30705965 0 30763838
1883706132 1  P 9607 30628211 0 30809910
1889163927 2  P 1130 30848875 0 30891801
1892093813 10  P 1251 30904566 0 30947854
1892255744 11  P 1192 30904115 0 30947637
1894494503 12  P 1294 30945993 0 30989618
1897562654 10  P 1270 30994149 0 31037451
1902382713 2  P 1148 31065431 0 31108372
1904474489 11  P 1211 31104288 0 31147827
1904715178 6  P 12260 31107095 0 31161612
1905436018 4  P 15749 31112753 0 31170876
1913674888 1  P 9738 31119086 0 31300913
1913869715 8  P 5746 31255544 0 31303543
1915221472 7  P 1257 31289839 0 31332807
1915286776 3  P 3203 31281467 0 31326431
1915323405 9  P 2361 31279757 0 31324170
1915530067 5  P 1266 31289822 0 31332901
1922544165 13  P 1212 31395614 0 31439157
1923029757 4  P 15869 31400888 0 31459130
1923932779 9  P 2379 31420794 0 31465226
1930171935 10  P 1299 31528390 0 31571713
1933213281 12  P 1312 31580342 0 31623978
1933443246 11  P 1230 31578893 0 31622447
1934762931 13  P 1231 31595787 0 31639348
1934867094 2  P 1167 31597636 0 31640573
1940315264 7  P 1275 31700957 0 31743937
1940623779 5  P 1296 31700928 0 31744027
1942557306 8  P 5861 31725443 0 31773549
1944973125 3  P 3318 31767729 0 31812801
1946590196 6  P 12575 31792852 0 31847671
1951190539 1  P 9998 31733478 0 31915568
1956465167 6  P 12594 31954625 0 32009463
1956870276 9  P 2430 31960390 0 32004871
1959373494 4  P 16180 31996025 0 32054578
1962213471 8  P 5879 32047469 0 32095592
1966468841 10  P 1318 32123060 0 32166392
1969801217 3  P 3337 32174494 0 32219571
1972447675 12  P 1330 32223141 0 32266788
1973534634 1  P 10097 32099454 0 32281645
1977158958 7  P 1294 32304586 0 32347572
1977467529 5  P 1314 32304558 0 32347668
1979161994 11  P 1249 32327930 0 32371499
1979450388 13  P 1250 32327928 0 32371504
1982538939 2  P 1186 32378673 0 32421616
1984316851 3  P 3420 32412233 0 32457388
1985919152 13  P 1268 32433893 0 32477487
1991043299 6  P 12842 32520898 0 32575983
1991862786 1  P 10211 32399624 0 32581932
1994757688 2  P 1205 32578846 0 32621807
1996807815 9  P 2482 32614675 0 32659198
2000401005 8  P 5997 32673014 0 32721247
2002156331 10  P 1336 32707745 0 32751083
2007869504 12  P 1349 32803473 0 32847138
2008467227 4  P 16563 32799987 0 32858911
2008849452 11  P 1267 32814311 0 32857894
2009752757 7  P 1312 32838584 0 32881574
2010061321 5  P 1332 32838556 0 32881662
2014504346 3  P 3505 32906739 0 32951971
2014818197 11  P 1286 32912084 0 32955686
2015418270 6  P 13060 32920036 0 32975335
2016982841 4  P 16682 32939386 0 32998427
2017628380 1  P 10395 32821576 0 33004070
2023726415 2  P 1223 33053451 0 33096417
2027588264 12  P 1368 33126526 0 33170209
2027604096 8  P 6081 33118624 0 33166934
2032190227 7  P 1331 33206180 0 33249183
2032951922 5  P 1350 33213576 0 33256692
2034125066 10  P 1355 33231502 0 33274849
2037745281 9  P 2566 33285310 0 33329908
2038028484 13  P 1287 33287634 0 33331243
2046904722 4  P 16875 33429429 0 33488661
2052034007 7  P 1350 33531282 0 33574295
2053472216 1  P 10537 33408694 0 33591332
2053536982 11  P 1305 33546433 0 33590049
2053793315 6  P 13275 33548551 0 33604059
2054057034 12  P 1387 33560172 0 33603870
2057207558 3  P 3622 33606270 0 33651603
2065984443 10  P 1374 33753468 0 33796830
2067920683 5  P 1368 33786486 0 33829604
2069445261 2  P 1242 33802490 0 33845446
2069682809 9  P 2618 33808522 0 33853166
2070041611 8  P 6165 33813836 0 33862218
2070622277 13  P 1305 33821632 0 33865255
2073627715 7  P 1369 33885054 0 33928071
2075637061 6  P 13457 33906251 0 33961937
2078078197 10  P 1393 33951592 0 33994969
2081967246 4  P 17190 34003569 0 34063112
2083275785 12  P 1405 34038873 0 34082588
2084620273 9  P 2670 34053203 0 34097896
2087639430 5  P 1386 34109539 0 34152662
2090966015 13  P 1324 34154925 0 34198563
2093065935 1  P 10795 34057135 0 34240028
2093479124 8  P 6249 34197750 0 34246210
2098023340 2  P 1261 34270693 0 34313654
2099488751 3  P 3740 34298884 0 34344321
2103005749 11  P 1324 34356910 0 34400540
2105921923 10  P 1412 34407765 0 34451153
2111012075 6  P 13707 34485581 0 34541510
2112615116 11  P 1343 34514331 0 34557979
2113326916 5  P 1404 34530383 0 34573518
2114409659 1  P 10910 34406712 0 34589720
2114426260 3  P 3792 34543567 0 34589050
2116342234 4  P 17472 34566482 0 34626303
2116667146 9  P 2689 34578240 0 34622943
2123512891 13  P 1343 34688154 0 34731805
2128065222 7  P 1387 34776940 0 34819948
2130617092 2  P 1279 34804690 0 34847657
2131369740 8  P 6365 34818432 0 34867002
2131963281 12  P 1423 34836551 0 34880273
2134208850 11  P 1362 34868104 0 34911767
2144697867 8  P 6416 35036747 0 35085368
2148909001 7  P 1406 35118425 0 35161439
2150960842 2  P 1298 35137983 0 35180961
2151151554 9  P 2741 35143180 0 35187927
2151237850 1  P 11094 35009915 0 35193110
2151295690 5  P 1423 35152444 0 35195586
2151515733 10  P 1431 35154755 0 35198146
2153186003 4  P 17758 35169838 0 35229942
2158441877 3  P 3908 35264601 0 35310186
2158481646 13  P 1362 35261063 0 35304727
2160197662 12  P 1442 35299123 0 35342861
2162152710 6  P 14085 35323082 0 35379376
2163503395 1  P 11209 35210758 0 35394066
2165953202 10  P 1450 35391280 0 35434684
2168980835 6  P 14137 35434901 0 35491246
2170041430 12  P 1460 35460385 0 35504140
2174326664 4  P 17975 35515986 0 35576303
2174380836 11  P 1381 35526263 0 35569935
2178200475 13  P 1381 35584117 0 35627796
2180629407 3  P 3927 35628103 0 35673691
2180823460 9  P 2826 35629240 0 35674059
2183054643 2  P 1317 35663789 0 35706768
2191705858 7  P 1436 35819579 0 35862601
2191713519 8  P 6532 35806932 0 35855660
2192014467 5  P 1442 35819562 0 35862700
2195123493 4  P 18124 35856568 0 35917030
2195666596 8  P 6551 35871680 0 35920425
2195746532 6  P 14356 35873209 0 35929763
2197174661 7  P 1455 35909161 0 35952197
2200083911 11  P 1399 35947362 0 35991049
2201816895 3  P 4043 35975120 0 36020816
2202010914 9  P 2845 35976356 0 36021187
2203887894 13  P 1400 36004961 0 36048658
2212347159 1  P 11498 36010720 0 36194314
2218476470 2  P 1336 36244121 0 36287104
2218796941 10  P 1469 36257052 0 36300458
2220248805 5  P 1460 36282134 0 36325279
2221635188 12  P 1479 36305678 0 36349449
2223390691 10  P 1488 36332297 0 36375718
2227755834 11  P 1417 36400720 0 36444421
2228370294 9  P 2897 36408175 0 36453048
2229783955 7  P 1474 36443413 0 36486450
2230092551 5  P 1479 36443395 0 36486552
2230217267 4  P 18475 36431189 0 36491991
2233104098 8  P 6669 36484935 0 36533792
2238195217 2  P 1355 36567174 0 36610164
2240621441 6  P 14670 36608119 0 36664979
2241856686 13  P 1419 36627022 0 36670733
2243270029 3  P 4159 36654168 0 36699966
2248807047 12  P 1498 36750842 0 36794631
2252425314 1  P 11727 36667127 0 36850951
2255417145 9  P 2949 36851259 0 36896174
2257496434 6  P 14786 36884479 0 36941455
2264663955 2  P 1373 37000819 0 37043816
2266080826 7  P 1492 37038082 0 37081121
2266389432 5  P 1497 37038064 0 37081220
2268061001 4  P 18689 37051000 0 37112015
2268707510 3  P 4242 37070851 0 37116723
2269541587 8  P 6721 37081874 0 37130780
2272025778 12  P 1517 37131239 0 37175046
2273974527 11  P 1435 37157948 0 37201665
2275062581 10  P 1507 37178870 0 37222302
2275144028 1  P 11869 37039205 0 37223174
2282575439 13  P 1438 37294140 0 37337863
2286965221 6  P 14967 37367109 0 37424261
2289510180 12  P 1536 37417685 0 37461504
2290654772 4  P 18936 37420925 0 37482185
2293281362 10  P 1525 37477348 0 37520792
2295815233 7  P 1511 37525231 0 37568273
2296123823 5  P 1516 37525214 0 37568377
2299773395 2  P 1392 37576033 0 37619031
2303284678 1  P 11997 37500130 0 37684229
2308979146 8  P 6806 37727934 0 37776917
2310104699 9  P 3033 37747174 0 37792158
2310809830 13  P 1456 37756713 0 37800452
2311958924 11  P 1453 37780264 0 37823997
2313145051 3  P 4327 37798830 0 37844763
2313265702 10  P 1544 37804752 0 37848204
2314612778 1  P 12083 37685640 0 37869828
2315302657 11  P 1472 37835028 0 37878778
2316658970 7  P 1530 37866716 0 37909769
2316967564 5  P 1535 37866698 0 37909872
2320653563 13  P 1474 37917973 0 37961730
2323926263 3  P 4412 37975382 0 38021399
2326710843 2  P 1411 38017357 0 38060358
2328869736 8  P 6957 38053668 0 38102795
2335853947 12  P 1555 38176962 0 38220794
2336840212 6  P 15347 38183867 0 38241400
2337998526 4  P 19319 38196217 0 38257845
2343339060 9  P 3084 38291634 0 38336658
2343557254 8  P 6975 38294289 0 38343432
2344437600 10  P 1562 38315453 0 38358917
2349199582 6  P 15466 38386244 0 38443893
2349252738 7  P 1549 38400713 0 38443775
2349561284 5  P 1554 38400695 0 38443876
2352889128 4  P 19470 38440032 0 38501807
2354760920 9  P 3102 38478752 0 38523791
2356950409 13  P 1492 38512643 0 38556416
2357378439 1  P 12354 38386035 0 38570494
2360400806 12  P 1573 38579118 0 38622967
2362349517 11  P 1490 38605825 0 38649588
2370804622 2  P 1430 38739771 0 38782770
2371863761 3  P 4497 38760703 0 38806787
2380107893 4  P 19619 38885831 0 38947754
2383244729 8  P 7059 38944441 0 38993666
2384120299 9  P 3153 38959723 0 39004809
2385222167 1  P 12453 38842126 0 39026683
2386684804 13  P 1510 38999791 0 39043580
2388801272 3  P 4515 39038188 0 39084288
2391656330 10  P 1580 39089066 0 39132537
2394318298 11  P 1508 39129583 0 39173360
2395369561 12  P 1592 39152027 0 39195894
2395596501 7  P 1568 39159990 0 39203047
2395905099 5  P 1572 39159973 0 39203151
2398293339 6  P 15812 39190241 0 39248228
