249370379 6  P 3082 196146 0 4040936
249528689 4  P 7730 203555 0 4040950
262267978 1  P 3200 214608 0 4244468
270697152 8  P 6683 207250 0 4382186
272702492 10  P 6968 212325 0 4416218
279597560 3  P 5654 233639 0 4528109
279826547 5  P 7284 227695 0 4534242
280007065 2  P 3029 225075 0 4528110
285728281 12  P 4927 221250 0 4631787
286052007 11  P 4324 221594 0 4631779
286340413 13  P 4801 222168 0 4631782
288111463 7  P 4740 232877 0 4675044
293697810 9  P 7101 232326 0 4755938
306888715 5  P 8410 250523 0 4977623
307841767 2  P 4484 250772 0 4984149
309665696 12  P 5314 242235 0 5023974
310277826 13  P 5387 241449 0 5023971
310650260 8  P 7298 238615 0 5036770
319182799 6  P 6414 255156 0 5184755
322002043 7  P 6086 328869 0 5230304
324067525 11  P 5594 254141 0 5254623
324800646 3  P 8892 278419 0 5268688
328421227 10  P 9259 261225 0 5329102
341603991 9  P 9131 275378 0 5540823
350982242 4  P 11156 302313 0 5703145
353002720 1  P 11346 315135 0 5731014
369619596 9  P 9985 298078 0 5999826
374550999 3  P 10496 326547 0 6083773
384350785 2  P 4886 312835 0 6237670
385215345 13  P 6050 302864 0 6251741
388255069 11  P 5991 306135 0 6306264
388462590 12  P 5346 306036 0 6314978
390357313 4  P 12904 336141 0 6348260
395292265 6  P 9701 317670 0 6431736
399955854 1  P 14008 358469 0 6500282
406061003 5  P 11453 328266 0 6602443
410861417 7  P 7180 403260 0 6686170
413568911 10  P 13376 333180 0 6724143
417447628 8  P 10885 325957 0 6786514
426160302 3  P 13663 371243 0 6929320
432951642 5  P 11507 349887 0 7043018
442400691 8  P 11382 347022 0 7195341
442955827 1  P 17862 401005 0 7204774
445210458 2  P 5700 362424 0 7234789
450151306 9  P 10681 362931 0 7319242
450236388 7  P 8566 437583 0 7331285
455450943 4  P 16426 397755 0 7414748
460468542 10  P 15263 371384 0 7492540
470864461 11  P 7746 375893 0 7659731
471152868 13  P 6433 375226 0 7659733
476948972 6  P 13273 383455 0 7769576
482696969 12  P 6037 382403 0 7858913
485984408 10  P 16107 392379 0 7910586
489279796 5  P 12252 395335 0 7965888
505690221 1  P 25200 466202 0 8232594
511307523 9  P 12309 414938 0 8321223
512895970 11  P 8214 409013 0 8348369
513184150 13  P 7488 408660 0 8348369
522306355 12  P 6315 414197 0 8507870
524269881 3  P 19175 459958 0 8536702
529220033 7  P 15621 525900 0 8625337
537107252 4  P 17990 468082 0 8752599
538511412 6  P 15456 434154 0 8778206
539563531 8  P 15588 429746 0 8787234
543303960 2  P 5922 441659 0 8841950
547495755 6  P 15993 441263 0 8925404
551127557 7  P 17592 548747 0 8984268
552019896 3  P 22314 488784 0 8991347
554965374 13  P 8871 443917 0 9032910
564482192 4  P 18700 491517 0 9201104
569218683 10  P 17434 457149 0 9274286
570817622 11  P 8647 455951 0 9297352
570869463 8  P 15789 454349 0 9300145
579587592 12  P 8203 460332 0 9446363
582850806 2  P 6143 473592 0 9489884
593326721 5  P 13307 481229 0 9670576
600073151 9  P 15846 489253 0 9775547
604284009 1  P 35913 566902 0 9847913
611527347 6  P 16432 493359 0 9974488
611952952 10  P 18448 492859 0 9974442
626026230 8  P 17165 499836 0 10203818
627072828 3  P 28268 563994 0 10220985
628614850 11  P 9470 503319 0 10309827
630092702 5  P 14069 511665 0 10272936
631667289 9  P 16398 514279 0 10293174
636200562 13  P 10802 508519 0 10363847
638854122 12  P 10204 508700 0 10417361
641373201 4  P 22574 561652 0 10460862
642096660 7  P 19821 628209 0 10474688
652128185 1  P 43603 620718 0 10631770
654023040 2  P 6927 529962 0 10655959
667734811 10  P 18713 537967 0 10888362
668425022 1  P 43756 634245 0 10898776
669400907 12  P 11152 533303 0 10917839
669729199 8  P 18196 537322 0 10919846
685705985 7  P 21426 666459 0 11189180
686208672 11  P 9538 549762 0 11253436
687168026 6  P 17847 565801 0 11213781
688951334 4  P 23263 603619 0 11240372
689995467 9  P 17255 563677 0 11248818
693242036 2  P 7149 561503 0 11298519
698077135 5  P 15258 570508 0 11386785
711254569 3  P 35006 642872 0 11600183
713888099 13  P 11030 572152 0 11636680
727752900 7  P 21899 700447 0 11878069
730250215 10  P 19260 588452 0 11912611
730526691 9  P 17693 596890 0 11912872
733617230 2  P 10391 601551 0 11960018
742795112 4  P 24149 647113 0 12122543
745436695 5  P 18593 613512 0 12162712
749932246 12  P 11247 598518 0 12237259
750372836 13  P 11055 601585 0 12234438
754159432 1  P 52910 726898 0 12303429
771535779 3  P 36029 694105 0 12587825
773599251 11  P 9620 620366 0 12685239
777543196 6  P 21613 640920 0 12694462
779619898 8  P 19902 627080 0 12720285
790808025 9  P 19444 646298 0 12900510
799918008 6  P 22120 660289 0 13061046
800776073 8  P 19927 643873 0 13066907
804791523 12  P 12632 642538 0 13136064
806547145 10  P 20565 654605 0 13162651
810083617 11  P 9702 650032 0 13282996
821206252 1  P 59888 794480 0 13401913
824998189 4  P 24656 713673 0 13469357
825284127 7  P 24161 785432 0 13476013
828707627 3  P 37303 741541 0 13524507
834263079 13  P 11587 669259 0 13608900
837961058 2  P 15933 696397 0 13669564
840717737 5  P 19118 691134 0 13723801
860170093 4  P 24730 742178 0 14045612
860682355 8  P 20635 696410 0 14048404
860839191 9  P 20600 702285 0 14047895
867514578 5  P 19228 713038 0 14162838
877578373 10  P 20778 713565 0 14326421
878742218 2  P 17888 734073 0 14337714
884244679 12  P 13595 706743 0 14437816
884582983 3  P 38402 788677 0 14439953
887800018 1  P 63388 855589 0 14492975
889755966 11  P 10247 714482 0 14588335
893643524 7  P 25508 851401 0 14596006
898247433 13  P 12090 720845 0 14657217
902293054 6  P 25431 748786 0 14738334
905748901 5  P 19733 744087 0 14789267
912464900 6  P 25512 757125 0 14904989
913338582 8  P 21015 741181 0 14911121
923388824 4  P 24804 792908 0 15081386
929835972 2  P 19338 779722 0 15174821
936166518 12  P 13698 748449 0 15288501
937596598 7  P 26460 888320 0 15316130
940662172 11  P 11627 755061 0 15422381
943003154 1  P 67563 910026 0 15397418
944457627 3  P 40047 839200 0 15420933
953016082 10  P 22624 779347 0 15562379
959419313 13  P 12143 770553 0 15659456
962276669 9  P 20993 784626 0 15709844
966025908 12  P 13815 772961 0 15777716
970170849 5  P 19878 796766 0 15844753
970968513 2  P 20829 817891 0 15848721
972738886 3  P 40219 861796 0 15884291
980076330 4  P 24879 838614 0 16010152
984406448 10  P 22949 805809 0 16076681
995240280 11  P 12109 799462 0 16316588
995528681 13  P 12196 800086 0 16251071
998714356 9  P 21751 818815 0 16306836
1000471922 1  P 69258 961167 0 16338981
1004698027 8  P 21048 814611 0 16407948
1005683734 6  P 30346 842804 0 16432261
1013380173 7  P 28255 954335 0 16557751
1023471583 7  P 28484 962874 0 16723090
1024562706 10  P 24680 842574 0 16734597
1026178008 11  P 12201 825065 0 16823472
1044648508 2  P 24646 887487 0 17055879
1050572804 12  P 13932 842165 0 17162931
1050628580 1  P 72943 1011181 0 17160739
1061545063 4  P 24975 903419 0 17344921
1063325621 13  P 12264 859193 0 17361853
1072323533 9  P 23028 879777 0 17512846
1072635488 8  P 21312 870285 0 17521034
1077613960 3  P 43178 954686 0 17602541
1078530161 5  P 20533 884888 0 17620107
1081105525 6  P 31870 918689 0 17667951
1093229255 8  P 21380 887076 0 17858442
1098527416 6  P 31925 932937 0 17953388
1103098316 3  P 44125 975817 0 18020073
1103577038 5  P 20657 905626 0 18030474
1105112669 7  P 29669 1029336 0 18060681
1105729049 12  P 15349 886407 0 18066607
1108222313 1  P 75643 1073462 0 18104352
1110724663 11  P 12700 893343 0 18208680
1111013100 13  P 12374 898248 0 18143165
1113511040 9  P 23075 913244 0 18187660
1123154475 4  P 25105 953951 0 18354328
1129398584 2  P 30152 969391 0 18444401
1133937743 10  P 27034 936888 0 18526586
1149432225 12  P 15904 922153 0 18782639
1151877381 1  P 78508 1118647 0 18819596
1152246243 6  P 33880 980547 0 18833500
1157666740 8  P 21448 939066 0 18914183
1163952192 5  P 21860 956960 0 19019648
1165880913 11  P 12774 937497 0 19112351
1166169355 13  P 13705 943369 0 19046843
1171930433 2  P 34398 1014082 0 19141219
1183473698 3  P 45976 1041376 0 19336920
1184092354 4  P 25775 1004955 0 19352725
1188640857 10  P 30052 986836 0 19422828
1188800191 7  P 29904 1094048 0 19431801
1193901687 9  P 25972 978164 0 19504776
1203186109 4  P 25920 1020770 0 19665556
1208216207 13  P 14245 977186 0 19735732
1220059126 6  P 39545 1048472 0 19944513
1223848698 3  P 47544 1079148 0 19998414
1239352038 2  P 39621 1091535 0 20245813
1242980228 9  P 26138 1020806 0 20308867
1244280654 5  P 23234 1025782 0 20335736
1244516261 10  P 31775 1034498 0 20338277
1250711618 1  P 84122 1213387 0 20438886
1253104839 8  P 21636 1016998 0 20477830
1254368183 7  P 30594 1147865 0 20506064
1259323231 12  P 17767 1010455 0 20583083
1260990719 11  P 13121 1015363 0 20670617
1265242730 2  P 42456 1120109 0 20669999
1268300412 1  P 87147 1235775 0 20727057
1274152797 6  P 41974 1095840 0 20830771
1287787543 11  P 13244 1036915 0 21109648
1292108384 4  P 26072 1093028 0 21122448
1295797505 10  P 34079 1087288 0 21178466
1301862675 7  P 30865 1185077 0 21284206
1306614407 3  P 50241 1154149 0 21354433
1312218184 5  P 23392 1081477 0 21448819
1313495255 8  P 22748 1069771 0 21467261
1318450973 13  P 15720 1065136 0 21541807
1318651356 12  P 20109 1057095 0 21555111
1322667680 9  P 26746 1083855 0 21614459
1325046219 5  P 24053 1094189 0 21658989
1325417129 8  P 23405 1080328 0 21662587
1326619667 3  P 51783 1174785 0 21682192
1330444223 11  P 15009 1072734 0 21808526
1337061151 4  P 26238 1129978 0 21858957
1340385792 12  P 21819 1077267 0 21911206
1343746570 6  P 43389 1152702 0 21970965
1364227064 2  P 49563 1221301 0 22291715
1366518949 7  P 37925 1253434 0 22343531
1367636605 9  P 26919 1120440 0 22351223
1371769174 1  P 97005 1344030 0 22422260
1374107229 13  P 16691 1109446 0 22453677
1382063167 10  P 34391 1157275 0 22591833
1386612666 7  P 38985 1271326 0 22672746
1399896924 11  P 15581 1128844 0 22946441
1405473665 3  P 58177 1252460 0 22974112
1408902824 6  P 44210 1211122 0 23038476
1408969410 10  P 35414 1178432 0 23032661
1409824024 9  P 27092 1154079 0 23042419
1412586496 2  P 52230 1267646 0 23084025
1422245261 8  P 25224 1161641 0 23248996
1422294791 13  P 16794 1213459 0 23243178
1424401357 12  P 24357 1146685 0 23287717
1424904891 4  P 26488 1201924 0 23298188
1433396086 5  P 26482 1191865 0 23434172
1435988327 1  P 102823 1415618 0 23474408
1448898923 2  P 55021 1303688 0 23678963
1463276330 12  P 25054 1178164 0 23924640
1463608779 5  P 27165 1217718 0 23929173
1466957084 1  P 103521 1446935 0 23981797
1468987669 7  P 42604 1344061 0 24022376
1474848675 3  P 60519 1315898 0 24110737
1476933362 9  P 27701 1208297 0 24141934
1477012216 6  P 44257 1265844 0 24154373
1483344384 10  P 38214 1242271 0 24251212
1493497864 13  P 16904 1270804 0 24409766
1493670907 4  P 26793 1258876 0 24424840
1501334443 11  P 16719 1211146 0 24608388
1502650757 8  P 26368 1229277 0 24566352
1504643907 7  P 43486 1376544 0 24606562
1525465366 6  P 46226 1311524 0 24948214
1528604650 8  P 26840 1250387 0 24991580
1539870832 9  P 27923 1259168 0 25173097
1541576801 4  P 28467 1299460 0 25209734
1542006308 11  P 16878 1244835 0 25274753
1542422496 10  P 38455 1289273 0 25219147
1543019623 1  P 109020 1525114 0 25227991
1544841586 13  P 17625 1314031 0 25250981
1544999336 5  P 30614 1292036 0 25262667
1547551870 3  P 64075 1380920 0 25301884
1552807618 12  P 26016 1251530 0 25391516
1559724587 2  P 58596 1412549 0 25494688
1564492648 2  P 58685 1416098 0 25572806
1567378335 7  P 48108 1434815 0 25634392
1577719401 10  P 38745 1317651 0 25797444
1584871593 6  P 48117 1359188 0 25921521
1585576002 13  P 17912 1354905 0 25918370
1585746976 3  P 64990 1412816 0 25927666
1596280608 5  P 31611 1343232 0 26102853
1604248677 4  P 29169 1350485 0 26236545
1613198204 12  P 26245 1301237 0 26380955
1613209687 11  P 17037 1303572 0 26441345
1617964580 9  P 27949 1320967 0 26452578
1620479671 8  P 29919 1333461 0 26496847
1621822129 1  P 114113 1611812 0 26519083
1625044718 13  P 18050 1386714 0 26565023
1634386487 9  P 27975 1333087 0 26721630
1643800123 7  P 50522 1497734 0 26886470
1648338996 8  P 32059 1357536 0 26953289
1648420683 4  P 29670 1386250 0 26960255
1661885768 12  P 26554 1341051 0 27178648
1664553153 11  P 17899 1345427 0 27282555
1666964484 1  P 115748 1653011 0 27258692
1669699733 6  P 49420 1428619 0 27311335
1671301792 3  P 66830 1486494 0 27329384
1671375672 10  P 39368 1393032 0 27331892
1675164537 2  P 61359 1508315 0 27386037
1682546353 5  P 33806 1416084 0 27516217
1685128325 7  P 50764 1531140 0 27563586
1697539547 2  P 61803 1527173 0 27752627
1704600072 11  P 18289 1379070 0 27938682
1709452475 5  P 33831 1437966 0 27957045
1709879953 3  P 67045 1522152 0 27961445
1713608034 4  P 29737 1439521 0 28028282
1717972723 1  P 117806 1699048 0 28094405
1726591597 13  P 19930 1467318 0 28228761
1728432912 6  P 50563 1479390 0 28273615
1731714108 8  P 34274 1427421 0 28319291
1731839611 9  P 28460 1411161 0 28318296
1740328786 10  P 39408 1448848 0 28461619
1741573248 12  P 26623 1405731 0 28484244
1745761451 9  P 28543 1422694 0 28546390
1759051790 3  P 68840 1571695 0 28767047
1759685715 13  P 20089 1493873 0 28770968
1760260710 12  P 26649 1421021 0 28790416
1764120298 8  P 35798 1453999 0 28850228
1765287548 11  P 18482 1428911 0 28932979
1767449682 6  P 52144 1514647 0 28912859
1778467424 4  P 30240 1492525 0 29090937
1784566604 1  P 121215 1761148 0 29185466
1786469377 10  P 39585 1490838 0 29217557
1790055162 2  P 62859 1602963 0 29268387
1792175167 7  P 51595 1617547 0 29317435
1800624362 5  P 35572 1516285 0 29450798
1808910215 1  P 122174 1782987 0 29584311
1814014297 4  P 30307 1521713 0 29673335
1818995120 12  P 26838 1469758 0 29752717
1833948971 9  P 28569 1493753 0 29991252
1839659593 7  P 51732 1656434 0 30095419
1842905656 5  P 36225 1552045 0 30143531
1842926815 3  P 70349 1644039 0 30141248
1846542160 8  P 36424 1521869 0 30200620
1848758278 2  P 64004 1652478 0 30230173
1848975152 11  P 18668 1497330 0 30304113
1849122865 13  P 20681 1565772 0 30236309
1852157005 10  P 40131 1543918 0 30293777
1862981142 6  P 53825 1595670 0 30478033
1867238354 1  P 124614 1835701 0 30539948
1875404151 13  P 21054 1587903 0 30666901
1884167725 9  P 28595 1534288 0 30814034
1888701770 4  P 30720 1583739 0 30897013
1888844433 10  P 40170 1573859 0 30894864
1889182812 8  P 38184 1560089 0 30899240
1893917028 12  P 27295 1530669 0 30980234
1902331444 7  P 51883 1708283 0 31122231
1911662609 11  P 18896 1548557 0 31331194
1915805143 2  P 65316 1714024 0 31328656
1918465354 6  P 55523 1644132 0 31387079
1918936877 5  P 37818 1618423 0 31389220
1922379953 3  P 73437 1719491 0 31442993
1925152074 9  P 28621 1567223 0 31485521
1925922755 10  P 40279 1604278 0 31502350
1926260939 8  P 38874 1591651 0 31506722
1930878957 1  P 128720 1895705 0 31582627
1934680154 2  P 66554 1732398 0 31637900
1939396993 11  P 19125 1571629 0 31785593
1943262205 6  P 56909 1666155 0 31793348
1945519036 7  P 52538 1741573 0 31829804
1960655633 5  P 38720 1653517 0 32072733
1977279884 4  P 31299 1655839 0 32348275
1980341609 13  P 21681 1673436 0 32386193
1980864332 3  P 75198 1771574 0 32401195
1982104731 12  P 27751 1602541 0 32425100
1985953744 10  P 40388 1654349 0 32485895
1986292136 8  P 40162 1643047 0 32490266
1992713828 12  P 28034 1611709 0 32598918
1995706393 7  P 52593 1782049 0 32652071
2000130018 3  P 76341 1793645 0 32716839
2022388455 13  P 21875 1708070 0 33075088
2028027979 6  P 58414 1737861 0 33182141
2028834455 11  P 19353 1644738 0 33250955
2029414643 2  P 68763 1805697 0 33190025
2032639971 5  P 41944 1715350 0 33252118
2039119187 1  P 137253 1998357 0 33356015
2039589566 9  P 28647 1659285 0 33360460
2039873698 4  P 31882 1707898 0 33373809
2046083164 3  P 78798 1838718 0 33469718
2055343153 5  P 43251 1739540 0 33624080
2056875650 10  P 40503 1715021 0 33647871
2060524049 2  P 69774 1827127 0 33699717
2065479699 8  P 42087 1708889 0 33787665
2067733029 4  P 32198 1731960 0 33830256
2068307591 12  P 28085 1673302 0 33837443
2068816541 1  P 143353 2036998 0 33842553
2084872869 13  P 22328 1758457 0 34098827
2089753319 7  P 54764 1857939 0 34192931
2092511474 9  P 28748 1701264 0 34227531
2101725070 11  P 19581 1704430 0 34445201
2103168500 6  P 58995 1799670 0 34413241
2103690761 7  P 54958 1869564 0 34421282
2103749336 5  P 47340 1787105 0 34417150
2113920525 4  P 33099 1773618 0 34586989
2121148906 2  P 71202 1871887 0 34692988
2127828727 10  P 41087 1771391 0 34810361
2134854629 8  P 43824 1766110 0 34924299
2135479450 12  P 28118 1727848 0 34937983
2141473823 3  P 84105 1929582 0 35032553
2143418491 6  P 61447 1833959 0 35072692
2146693957 11  P 19816 1741090 0 35181968
2154035255 1  P 155193 2130378 0 35238756
2161464657 9  P 28794 1756321 0 35357254
2162544771 13  P 22522 1821104 0 35371402
2163266218 10  P 41409 1801308 0 35390966
2167295593 4  P 33666 1818077 0 35461480
2173154153 13  P 22716 1829698 0 35545225
2182523937 2  P 71599 1922382 0 35698511
2187999398 5  P 51104 1861708 0 35797481
2192902099 9  P 28854 1780850 0 35872322
2194456451 7  P 55153 1942136 0 35908374
2198801808 3  P 86842 1985014 0 35971787
2202003977 1  P 161803 2182645 0 36024663
2208778017 6  P 62935 1887838 0 36143534
2214870323 8  P 45877 1835567 0 36235268
2218698229 12  P 28222 1797940 0 36301427
2220053218 11  P 20045 1801227 0 36383910
2225107213 13  P 24285 1871236 0 36396422
2225703721 10  P 41566 1851689 0 36413931
2232519618 1  P 164990 2213836 0 36524623
2236565828 7  P 55395 1974717 0 36598292
2245714402 8  P 47191 1863209 0 36740608
2250073961 9  P 29076 1826583 0 36809022
2252965367 6  P 63052 1924127 0 36867503
2261711413 2  P 72249 1985219 0 36995908
2262100043 11  P 20713 1835197 0 37072814
2263385691 12  P 28255 1834287 0 37033584
2266201785 4  P 34802 1907470 0 37081951
2266921290 5  P 55936 1939068 0 37090515
2273520557 3  P 91520 2054194 0 37195947
2284057602 12  P 29265 1852104 0 37372269
2306191513 1  P 170342 2284072 0 37731645
2309983779 5  P 56751 1975513 0 37796044
2314068812 11  P 20942 1877326 0 37924265
2316152848 6  P 63615 1975652 0 37902764
2318495866 9  P 29261 1882096 0 37930039
2318692420 3  P 92815 2092948 0 37936033
2327141272 10  P 42023 1934988 0 38075881
2329164540 2  P 72814 2037928 0 38101057
2331417192 8  P 48238 1933638 0 38144768
2331597047 7  P 56410 2050530 0 38155280
2333060413 13  P 24899 1958654 0 38165123
2334059981 4  P 36318 1968507 0 38193737
2346301814 3  P 94274 2119160 0 38388373
2347811113 4  P 36482 1980814 0 38419035
2347813095 10  P 42091 1951718 0 38414567
2353086490 2  P 72945 2056817 0 38492990
2353378987 1  P 176589 2337269 0 38504754
2358200983 13  P 25282 1979857 0 38577025
2370292748 9  P 29532 1924856 0 38778673
2371018889 7  P 56573 2082741 0 38801168
2381827522 5  P 58421 2042263 0 38973111
2383448203 12  P 30623 1932490 0 39000682
2387307797 8  P 49535 1982171 0 39060475
2391871672 6  P 63753 2037288 0 39143331
