249370379 6  P 3082 196146 0 4040936
249528689 4  P 7730 203555 0 4040950
262267978 1  P 3200 214608 0 4244468
265728172 12  P 4927 204890 0 4304106
266051901 11  P 4324 205376 0 4304098
266340316 13  P 4801 205995 0 4304101
269597478 3  P 5636 225077 0 4364267
270007065 2  P 3029 217183 0 4364269
270697154 8  P 6683 207328 0 4382186
278111632 7  P 5548 228499 0 4511207
279826547 5  P 7284 227693 0 4534241
283697743 9  P 6999 225580 0 4592102
292702534 10  P 7742 230264 0 4743898
299665713 12  P 4959 232803 0 4860136
299863065 3  P 7348 255525 0 4860088
300277849 13  P 4939 233803 0 4860131
303486405 7  P 6917 251888 0 4926944
304067555 11  P 5007 237771 0 4926943
312694548 2  P 3552 252778 0 5063656
314483782 10  P 9099 256958 0 5100757
314744733 9  P 9593 253634 0 5100768
323002712 1  P 12237 283977 0 5239508
330823507 6  P 6762 272381 0 5375455
330982205 4  P 10447 280802 0 5375473
331169980 5  P 7801 270066 0 5375439
338884663 8  P 7276 263354 0 5499364
348786298 11  P 5200 274340 0 5659613
356087744 8  P 7892 277515 0 5781219
358448151 9  P 11026 291111 0 5816793
360917196 6  P 7690 298728 0 5868508
368452982 10  P 10178 299788 0 5984977
370691735 3  P 11838 333527 0 6020465
372259611 12  P 4991 291575 0 6049508
372871975 13  P 5091 292370 0 6049502
379955867 1  P 17276 339987 0 6172615
380382051 2  P 4995 309901 0 6172647
386580149 7  P 9264 324400 0 6288345
386888766 5  P 8551 316424 0 6288329
392435388 4  P 11174 331599 0 6382319
395751996 7  P 9603 334350 0 6438598
395873106 4  P 11375 334727 0 6438638
396060632 5  P 9222 324553 0 6438598
398494975 9  P 12685 325421 0 6472912
399562321 10  P 11307 325615 0 6494667
403309136 13  P 6152 320570 0 6548187
405376246 1  P 20431 371002 0 6589091
405431951 6  P 9679 343861 0 6597835
408538257 2  P 5167 332455 0 6633955
413557273 3  P 16523 379265 0 6722752
418525316 8  P 9280 330719 0 6804190
430540687 12  P 6409 338898 0 7004386
438473864 11  P 5837 346647 0 7129049
449004080 3  P 17861 409107 0 7303497
449485478 1  P 24566 414997 0 7311759
455010613 9  P 13202 373783 0 7398861
455667636 6  P 10207 385931 0 7420884
457799600 7  P 12532 393018 0 7455166
470468538 10  P 12676 386966 0 7656388
472400278 8  P 9915 375551 0 7686867
481731004 13  P 6998 385511 0 7833045
482951652 5  P 10865 395190 0 7862205
488544702 4  P 11959 412166 0 7956971
488757029 2  P 5776 397374 0 7948258
489478223 12  P 7707 388075 0 7970012
489801921 11  P 6478 388042 0 7970006
495046649 10  P 14552 414943 0 8059081
505639099 5  P 10960 413332 0 8233914
505705556 7  P 14040 434745 0 8240056
505747822 4  P 12601 426411 0 8238826
507339468 6  P 13677 434473 0 8267470
507838225 8  P 11352 405867 0 8267474
508985471 1  P 32191 480313 0 8286588
511212636 12  P 7810 405648 0 8326105
524463869 9  P 14529 429381 0 8536774
525699098 3  P 22893 493038 0 8559996
542741417 2  P 6581 443324 0 8832733
542895968 11  P 6685 433282 0 8839889
543184125 13  P 7171 435056 0 8839889
563326658 5  P 11493 464481 0 9179054
563886373 6  P 15743 487384 0 9193925
566056985 8  P 14039 456860 0 9221324
569622849 4  P 14414 482330 0 9285350
570080599 7  P 15461 491374 0 9294770
570817535 11  P 6899 456872 0 9297358
571262202 13  P 8187 459973 0 9299914
578431382 12  P 8788 459879 0 9427415
582843555 10  P 17545 490826 0 9497537
583913293 2  P 7745 479460 0 9507289
589096509 1  P 37372 559274 0 9599104
589738708 3  P 25859 556714 0 9609200
591901383 9  P 16208 486516 0 9641668
594658682 7  P 15741 512009 0 9697457
598154744 5  P 11960 492384 0 9749665
603513472 4  P 15110 509559 0 9840609
608184981 9  P 17466 502141 0 9908456
608196992 12  P 9310 484113 0 9915091
614677360 11  P 7127 492838 0 10015947
614960584 2  P 9082 518333 0 10015954
625573069 8  P 14639 504796 0 10196419
629218974 10  P 18941 531684 0 10257337
631879505 3  P 26680 591589 0 10299619
632065640 1  P 41746 609826 0 10303097
638964981 6  P 21691 562771 0 10423990
639450139 13  P 8989 516540 0 10417094
650979226 8  P 15337 526365 0 10612669
656653296 13  P 9632 530348 0 10698947
657686420 5  P 13542 544423 0 10725006
658875193 10  P 19743 560924 0 10743217
663882990 2  P 13558 569106 0 10817468
663924859 7  P 17423 576744 0 10832286
666089219 9  P 21950 556057 0 10857136
670201396 4  P 15695 561573 0 10933204
672338447 12  P 11248 536887 0 10965965
680011855 6  P 25025 610511 0 11096445
682785753 3  P 29122 644164 0 11133649
683224273 11  P 7355 548180 0 11139016
693081267 1  P 47852 680949 0 11302764
709552418 11  P 8473 569344 0 11570370
715828345 10  P 22839 612903 0 11676327
719091192 13  P 10897 579823 0 11721918
724123921 5  P 14193 598380 0 11813517
724213409 12  P 13501 578420 0 11815879
724679729 2  P 18652 631688 0 11813542
728831039 7  P 18405 631590 0 11895697
730698573 9  P 23133 607837 0 11915687
732589997 6  P 29292 663952 0 11957861
733135509 8  P 17402 593583 0 11958697
735160782 3  P 29790 688954 0 11991744
737888837 4  P 16355 616755 0 12042193
740425030 1  P 51472 725297 0 12078439
744967664 5  P 14289 617254 0 12155017
745338793 8  P 17617 603754 0 12158632
745992228 2  P 20283 653981 0 12162716
751535738 3  P 30450 704459 0 12260025
754419306 13  P 11829 608116 0 12300733
756286734 11  P 9150 607567 0 12336060
757651496 6  P 31333 692825 0 12368456
758487668 7  P 20604 659506 0 12381581
776807992 9  P 23529 645005 0 12671141
779703296 10  P 25826 669378 0 12722843
784253149 1  P 54520 766078 0 12796511
785857567 4  P 16416 655787 0 12828112
791650904 12  P 14319 632788 0 12920772
803471868 1  P 54760 781975 0 13111391
803511768 6  P 33030 734785 0 13119820
803974260 11  P 9716 647747 0 13117368
810678206 10  P 27808 698346 0 13230331
814045092 4  P 16505 679060 0 13289935
815994720 12  P 14470 652430 0 13319621
819862233 7  P 21440 709182 0 13387139
821106764 13  P 12912 662455 0 13393339
828707707 3  P 31761 783321 0 13524379
829776108 8  P 17832 671667 0 13542049
832073554 9  P 23953 690380 0 13576610
832764558 5  P 14314 688703 0 13593475
833539067 2  P 27437 742447 0 13597062
843237315 7  P 23641 732345 0 13770110
851302372 11  P 9865 686240 0 13892788
851876658 1  P 60912 833619 0 13904446
854652429 6  P 36022 785386 0 13957690
857654483 4  P 16663 714098 0 14004426
857932160 12  P 15038 686427 0 14006722
861213626 8  P 18586 698366 0 14057116
871998943 5  P 14522 721017 0 14236290
873682935 9  P 24570 724030 0 14258337
875285840 3  P 33780 825953 0 14287492
877023578 2  P 33034 799174 0 14309484
883015848 10  P 29322 760051 0 14415501
888794675 13  P 13127 717759 0 14502331
895240263 11  P 10396 721567 0 14612658
897721878 1  P 66985 882607 0 14655562
900916521 12  P 16322 721460 0 14710975
903557442 8  P 19097 736509 0 14750843
903929783 2  P 35396 826663 0 14750307
905420091 4  P 16744 753865 0 14787013
912375249 10  P 30296 783090 0 14896521
921448556 9  P 25168 762356 0 15040924
926160877 3  P 35372 869661 0 15121006
932331113 7  P 29766 819383 0 15229814
936763083 13  P 13342 755877 0 15288248
938780226 5  P 16101 773382 0 15330427
941480596 6  P 40405 869300 0 15380256
948393464 7  P 32744 836981 0 15492974
949258015 2  P 39691 869436 0 15492950
950638825 4  P 17253 789928 0 15527872
954432334 8  P 21077 777828 0 15584367
962636089 9  P 26232 797266 0 15715736
963782410 1  P 75759 955741 0 15737886
964505891 11  P 11288 776545 0 15747495
966622437 13  P 14003 780025 0 15777461
967839978 6  P 40895 890650 0 15812126
983073126 12  P 16951 787801 0 16057016
985172108 10  P 31168 841343 0 16089220
989311516 5  P 16980 814613 0 16158326
993035781 3  P 36851 929183 0 16216660
999202053 5  P 17711 823883 0 16320370
1000724625 11  P 11745 805955 0 16340900
1002369843 8  P 22109 817403 0 16369770
1006109605 10  P 31671 858575 0 16432257
1007589153 9  P 26825 835005 0 16452239
1008559895 13  P 14653 814104 0 16464562
1010277504 6  P 42305 928052 0 16507421
1011067058 3  P 37018 947606 0 16512082
1017326325 4  P 17941 845679 0 16620476
1026596628 7  P 37680 918126 0 16774235
1039682212 12  P 17607 833893 0 16984500
1040972698 1  P 82872 1035449 0 17002553
1041789151 2  P 48773 964551 0 17008958
1048619661 12  P 17829 841650 0 17130930
1049013873 4  P 18128 871448 0 17139645
1051729766 9  P 27400 870887 0 17175435
1055880887 11  P 11792 850524 0 17244574
1062786142 3  P 38036 990582 0 17359427
1073156469 10  P 31732 912554 0 17530747
1079471662 7  P 40602 965973 0 17640531
1079856790 13  P 14881 872393 0 17632689
1080358316 5  P 18352 890330 0 17650024
1084635823 8  P 23269 886482 0 17717603
1085191090 1  P 86219 1083328 0 17727023
1089211523 2  P 52950 1009549 0 17785909
1092386820 6  P 43902 995439 0 17852695
1098341951 4  P 18804 911945 0 17947834
1101099616 11  P 12257 887284 0 17985435
1101760018 7  P 44334 1002228 0 18005688
1103666550 12  P 18050 897158 0 18032813
1103820899 2  P 54456 1023845 0 18025265
1108159828 1  P 89497 1109155 0 18103341
1111061426 5  P 19134 917518 0 18153063
1112591160 13  P 15109 898767 0 18169008
1117723690 3  P 38689 1038404 0 18259505
1128640796 10  P 32191 956606 0 18439800
1135398041 8  P 24346 927868 0 18549294
1137621549 6  P 44458 1033088 0 18593812
1142104855 9  P 29955 947442 0 18656131
1148268890 7  P 47192 1042991 0 18767682
1153388827 4  P 19005 957078 0 18849722
1153405171 5  P 19160 952266 0 18846818
1154010510 8  P 25431 942744 0 18854238
1154105935 6  P 45399 1048134 0 18863890
1155078617 10  P 32391 977805 0 18872948
1157878584 1  P 92118 1155677 0 18917925
1159773905 2  P 57915 1082327 0 18941989
1160354053 12  P 18973 944050 0 18961575
1167927833 11  P 13697 939987 0 19080339
1178948592 9  P 30780 978317 0 19259772
1190458103 3  P 43037 1119741 0 19451165
1191434925 13  P 15633 962677 0 19460782
1201604245 8  P 27839 982649 0 19634003
1202242659 2  P 59514 1122808 0 19637793
1202927771 3  P 44005 1131794 0 19655466
1210076747 4  P 19847 1002611 0 19778480
1210097058 7  P 47499 1092974 0 19780670
1218372424 13  P 16010 985099 0 19902124
1220443480 11  P 14175 982466 0 19940751
1220612970 1  P 95664 1216083 0 19945753
1220668514 6  P 50750 1116568 0 19954432
1224041993 12  P 19442 1004602 0 20005024
1224652088 9  P 32080 1016821 0 20008560
1229859991 10  P 36480 1045649 0 20098157
1232936858 5  P 20099 1020315 0 20149852
1248803185 11  P 14243 1005638 0 20405389
1249919717 13  P 16035 1010404 0 20418987
1253374323 5  P 20701 1036915 0 20484700
1253511429 9  P 32894 1042146 0 20481388
1255902907 6  P 54038 1165045 0 20531702
1256461388 2  P 62566 1173588 0 20526110
1262732998 4  P 21391 1044133 0 20641193
1265566089 1  P 99939 1265773 0 20682245
1274391236 10  P 39021 1085472 0 20827751
1276052017 3  P 50159 1217469 0 20853485
1278760920 8  P 28946 1046096 0 20898115
1282643926 7  P 48670 1150726 0 20969272
1282729460 12  P 19475 1051511 0 20966556
1293818800 11  P 14382 1042270 0 21142920
1294139255 4  P 21430 1069619 0 21155752
1295904087 13  P 16237 1047105 0 21172391
1303605205 9  P 35490 1085004 0 21302112
1308065779 7  P 48766 1171466 0 21385783
1308253975 1  P 102298 1311148 0 21381625
1308555155 2  P 62774 1215945 0 21379614
1321198201 12  P 19528 1082960 0 21596827
1326793478 6  P 62315 1241959 0 21693158
1330286350 3  P 55020 1281822 0 21742035
1332811862 5  P 22070 1099060 0 21786186
1333948777 8  P 29802 1091685 0 21802298
1334625674 10  P 40225 1133998 0 21814627
1344416940 12  P 20017 1101752 0 21977240
1347958067 3  P 57346 1303186 0 22031559
1351722727 1  P 105957 1355267 0 22093801
1352135880 8  P 30865 1113211 0 22100255
1354277096 9  P 36503 1125960 0 22132317
1360484977 10  P 40818 1154822 0 22238303
1360537599 11  P 14895 1096167 0 22236039
1362580265 6  P 66128 1282902 0 22279478
1375977025 2  P 63693 1271838 0 22484251
1381075943 13  P 16722 1115318 0 22567840
1382623644 4  P 22973 1139621 0 22605473
1384483760 5  P 22256 1140884 0 22632763
1387281470 7  P 51179 1233753 0 22683643
1404295032 13  P 16803 1134092 0 22948256
1405842415 4  P 24178 1159697 0 22985889
1405941486 1  P 109399 1406477 0 22982108
1416495848 9  P 38867 1179359 0 23151705
1418339022 8  P 31241 1170077 0 23184904
1420363075 7  P 51240 1259997 0 23225648
1424225085 11  P 14998 1148256 0 23279491
1424762262 6  P 69175 1341309 0 23298256
1425383581 2  P 64078 1312150 0 23293721
1432270589 3  P 61006 1391416 0 23412916
1435093105 5  P 22807 1181410 0 23461940
1435104720 12  P 20070 1174433 0 23463061
1438000610 10  P 41520 1214102 0 23508311
1447620293 8  P 32528 1195337 0 23664643
1448791989 12  P 20382 1189999 0 23687311
1453858814 5  P 23934 1198267 0 23769392
1453989332 3  P 63484 1417467 0 23768740
1460982219 13  P 16884 1179635 0 23877023
1476717421 4  P 28019 1225985 0 24147100
1476730210 9  P 40229 1231702 0 24138581
1477719411 10  P 42990 1244600 0 24159060
1482332124 1  P 114285 1485185 0 24233676
1482912564 11  P 15554 1195540 0 24241024
1486659534 7  P 53904 1316054 0 24311841
1488070773 2  P 65111 1364784 0 24320785
1489168480 6  P 72177 1399337 0 24353469
1498449728 6  P 72203 1407018 0 24505533
1501452526 5  P 26376 1239141 0 24549164
1502417708 9  P 40527 1253157 0 24559440
1507690811 7  P 54083 1333301 0 24656418
1509925855 1  P 115582 1510770 0 24685764
1513942441 3  P 65780 1468604 0 24750993
1514148866 2  P 65165 1385919 0 24748045
1521381299 11  P 15692 1227100 0 24871294
1527760726 12  P 20695 1254738 0 24981133
1532450952 13  P 17147 1238604 0 25047967
1533104631 8  P 34428 1264344 0 25065215
1539891635 10  P 43016 1294497 0 25177679
1541729348 4  P 32420 1301166 0 25212244
1552490804 11  P 15830 1252518 0 25380990
1553269611 1  P 116814 1550233 0 25395906
1553630461 6  P 72435 1451921 0 25409612
1554089054 8  P 34761 1282091 0 25409023
1555317525 3  P 67325 1508202 0 25428869
1556120103 12  P 20749 1277880 0 25445770
1560328742 10  P 43473 1310547 0 25512525
1562573977 9  P 41292 1303279 0 25545032
1564472083 7  P 55976 1385808 0 25586714
1567998777 4  P 34240 1330694 0 25642639
1574669745 13  P 17257 1272794 0 25739679
1583742627 2  P 65266 1445718 0 25888263
1590140052 5  P 29362 1315565 0 26002211
1593479661 8  P 35178 1314276 0 26054394
1601097708 1  P 119219 1601336 0 26179514
1601766232 10  P 43931 1343726 0 26191434
1602614403 3  P 68788 1548636 0 26203772
1603003250 7  P 56753 1417831 0 26218006
1603076803 4  P 36859 1363532 0 26217355
1604914487 2  P 65320 1463017 0 26235141
1609213833 12  P 20802 1321002 0 26315657
1618621577 6  P 72578 1504336 0 26474425
1624311860 5  P 30971 1346767 0 26562077
1625761436 9  P 42372 1355471 0 26580292
1633084477 11  P 16186 1318814 0 26701430
1633357181 13  P 17367 1320523 0 26701214
1648975040 11  P 16345 1331935 0 26961780
1653862660 7  P 57835 1462904 0 27051280
1654091553 13  P 17669 1337905 0 27040926
1659029895 4  P 39449 1418137 0 27134081
1662133251 2  P 65374 1509357 0 27172611
1671098700 3  P 70935 1608181 0 27325801
1675168048 9  P 43566 1413809 0 27455295
1678651348 12  P 20856 1385610 0 27453319
1678938126 10  P 43981 1406492 0 27455814
1688277874 6  P 73053 1561690 0 27615667
1689964118 8  P 37028 1394450 0 27635183
1690316495 1  P 123698 1685071 0 27641255
1692593161 5  P 32711 1405973 0 27680794
1694125609 10  P 44041 1418919 0 27704646
1695358813 5  P 33247 1409497 0 27726105
1697617616 2  P 65428 1537834 0 27753984
1705520566 3  P 71768 1637815 0 27889761
1710061137 4  P 41487 1468146 0 27970173
1713854673 8  P 37137 1413910 0 28026605
1720684178 6  P 73086 1587378 0 28146608
1727943831 11  P 16518 1396537 0 28255601
1733529071 13  P 18323 1405047 0 28342429
1735315809 7  P 60649 1537503 0 28385738
1737855207 9  P 44347 1465845 0 28482363
1738285211 1  P 127443 1733170 0 28427162
1741323220 12  P 20924 1438138 0 28480133
1747630415 3  P 73172 1675124 0 28579674
1755984999 10  P 44101 1469702 0 28718147
1756303182 11  P 16698 1420047 0 28720237
1757840339 6  P 73479 1617042 0 28755372
1763933313 9  P 44701 1487766 0 28909625
1768576743 4  P 42797 1522080 0 28928877
1770061850 5  P 34024 1472148 0 28950039
1774932577 12  P 20978 1465789 0 29030788
1779010902 8  P 39253 1468425 0 29094119
1781190883 7  P 62169 1578013 0 29137220
1782055133 2  P 65482 1606908 0 29137407
1785200987 13  P 18468 1447305 0 29189020
1793801193 1  P 129696 1784792 0 29336718
1794526345 12  P 21031 1481524 0 29351809
1794543468 6  P 73720 1646858 0 29356712
1795420492 4  P 44185 1551255 0 29368683
1804698971 9  P 45133 1521707 0 29577528
1808078749 10  P 44596 1512534 0 29571644
1809396965 11  P 16878 1463507 0 29590124
1809714027 8  P 39879 1496970 0 29597153
1817189726 7  P 65020 1613571 0 29726891
1826645597 3  P 75722 1750220 0 29874251
1828388478 13  P 19048 1482990 0 29896603
1831477036 2  P 65536 1647269 0 29947134
1832952553 5  P 35687 1527711 0 29980436
1835004006 1  P 133771 1835297 0 30011781
1852848699 3  P 76857 1776905 0 30303555
1854576030 13  P 20072 1503840 0 30325660
1855664489 2  P 65929 1667724 0 30343418
1858374408 5  P 36521 1548569 0 30396941
1863404866 4  P 46556 1613883 0 30482534
1864605296 9  P 47608 1573494 0 30559024
1864932832 8  P 41622 1541921 0 30501852
1866472738 1  P 135673 1865784 0 30527362
1868963862 12  P 21132 1541614 0 30571387
1872706518 7  P 66163 1661996 0 30636470
1875500637 10  P 44663 1565950 0 30676278
1875762232 6  P 74646 1714260 0 30687390
1893318824 11  P 17490 1530985 0 30965092
1896342391 4  P 47111 1641242 0 31022179
1898851998 2  P 66416 1701934 0 31050999
1902769605 1  P 138034 1901312 0 31122050
1903614321 3  P 79452 1820376 0 31135272
1910093094 5  P 40328 1596122 0 31244277
1914860024 10  P 44780 1597354 0 31321141
1919081426 7  P 66399 1699501 0 31396271
1923809156 6  P 75114 1752386 0 31474588
1924620885 9  P 48774 1621460 0 31542310
1927506305 11  P 17684 1559060 0 31525220
1929807803 8  P 42883 1594463 0 31564755
1933885805 12  P 21703 1596008 0 31635067
1942482248 13  P 21471 1575409 0 31765910
1947550151 7  P 67013 1722473 0 31862702
1951965376 6  P 75175 1775273 0 31935899
1952073230 12  P 21757 1610660 0 31933048
1952169786 13  P 21629 1583670 0 31924630
1954323409 8  P 43743 1616293 0 31966419
1955600058 11  P 17878 1582120 0 31985505
1956256621 5  P 43868 1644105 0 32000597
1961039490 2  P 66625 1751479 0 32069877
1977738365 1  P 142965 1973963 0 32350324
1978797518 10  P 44933 1647822 0 32368681
1986280010 4  P 50012 1724395 0 32479318
1986708032 3  P 83704 1897199 0 32496659
1991152167 9  P 51116 1679677 0 32632346
1994879928 3  P 83730 1903737 0 32630545
1996682780 8  P 43789 1650343 0 32660434
1997258250 2  P 66700 1779631 0 32663281
1998370847 9  P 51324 1685970 0 32750617
2002690871 7  P 68820 1772285 0 32766115
2008097765 1  P 144821 2006030 0 32847727
2017021916 11  P 18079 1632583 0 32991836
2027139990 5  P 48198 1707873 0 33161933
2030733100 4  P 53126 1765850 0 33207635
2037594368 10  P 45056 1692643 0 33332002
2040574726 6  P 75257 1850486 0 33387670
2040857241 13  P 22551 1657582 0 33377681
2042682584 12  P 21811 1685492 0 33417588
2052065796 7  P 71494 1818690 0 33575065
2058902091 9  P 52952 1735360 0 33742352
2063672557 10  P 46747 1714186 0 33759258
2064363706 1  P 148932 2060387 0 33769572
2068542038 12  P 23696 1709312 0 33841268
2076435421 13  P 23657 1686809 0 33960593
2081317485 3  P 84807 1977214 0 34046725
2082139705 4  P 59021 1826678 0 34049877
2082871679 6  P 75893 1884868 0 34080659
2083530609 5  P 51937 1760534 0 34085831
2086620355 8  P 45530 1723782 0 34133958
2089242721 2  P 66837 1853896 0 34170348
2090740706 11  P 18422 1691975 0 34199632
2097405584 5  P 52690 1773194 0 34313155
2102701025 13  P 24135 1713696 0 34390921
2103449739 6  P 76595 1902920 0 34417805
2106949363 9  P 56147 1777802 0 34529543
2107920521 4  P 61056 1852604 0 34472264
2111237672 7  P 75651 1876644 0 34544531
2111605048 1  P 152886 2110275 0 34543564
2119495308 8  P 45661 1750220 0 34672578
2133680138 2  P 67357 1890349 0 34898409
2136547499 10  P 49258 1780370 0 34953238
2142428240 11  P 18637 1734000 0 35046477
2143089000 12  P 24618 1768965 0 35062640
2143692725 3  P 86939 2044230 0 35068616
2147081416 7  P 77582 1909645 0 35131791
2159117666 2  P 67488 1911080 0 35315173
2162296257 5  P 53563 1828014 0 35376317
2162713847 12  P 25294 1789138 0 35384174
2166792178 8  P 45799 1788171 0 35447490
2168481007 6  P 77931 1959843 0 35483273
2176652144 9  P 57183 1845895 0 35671553
2178295514 4  P 65919 1921180 0 35625281
2181578834 10  P 49701 1821496 0 35691026
2187083087 3  P 89070 2088838 0 35779498
2189256710 11  P 18852 1772163 0 35813704
2191800909 1  P 159183 2187851 0 35857483
2193310407 13  P 25089 1791981 0 35875458
2193698218 12  P 26547 1817228 0 35891819
2196075952 13  P 25136 1794414 0 35920769
2197350074 11  P 19067 1778829 0 35946308
2205260905 8  P 45965 1818064 0 36077759
2205452573 5  P 55868 1867738 0 36083388
2205461389 2  P 67633 1946976 0 36074457
2211208428 3  P 90230 2112252 0 36174755
2217217360 4  P 68920 1968431 0 36262973
2219277851 6  P 79502 2135742 0 36315525
2220144632 1  P 161181 2214694 0 36321858
2224360051 10  P 51600 1858728 0 36391943
2225511541 9  P 58542 1886716 0 36472048
2226284524 7  P 78747 1975549 0 36429452
2253555179 2  P 67799 1986413 0 36862423
2253771906 11  P 20356 1825039 0 36870718
2255092383 4  P 71167 2004660 0 36883513
2268238720 1  P 163105 2258597 0 37109823
2269808344 9  P 58811 1928228 0 37197797
2271042018 12  P 28145 1879863 0 37159014
2273675233 7  P 79748 2017870 0 37205897
2283328748 10  P 52611 1904724 0 37358078
2284068196 5  P 59762 1939956 0 37371416
2284370293 8  P 46587 1881554 0 37373884
2285263532 13  P 26150 1865970 0 37382013
2288074744 6  P 80679 2195440 0 37442685
2288630581 3  P 92293 2181086 0 37443234
2295605235 9  P 58872 1948509 0 37620449
2299490670 11  P 20585 1862145 0 37619771
2301691502 1  P 166299 2292141 0 37657906
2301831465 7  P 80272 2040562 0 37667206
2317864320 3  P 93266 2206821 0 37922193
2319469406 10  P 53107 1932702 0 37950197
2322992652 2  P 68000 2043163 0 38000086
2325279880 4  P 76457 2076144 0 38033455
2329229508 12  P 28737 1927080 0 38112352
2329432813 8  P 48239 1921302 0 38112185
2333669703 13  P 27210 1905040 0 38175097
2333765112 5  P 62643 1992249 0 38185642
2342106003 6  P 81305 2239972 0 38327926
2344336389 2  P 68222 2060874 0 38349782
2346683354 9  P 59604 1990062 0 38457306
2348047476 10  P 53553 1962618 0 38418415
2349178156 11  P 20814 1902515 0 38433846
2359543600 6  P 83712 2258226 0 38613623
2361018990 7  P 80787 2088333 0 38636930
2369667183 8  P 49428 1956398 0 38771380
2372660265 1  P 173153 2365705 0 38820651
2373077580 5  P 64821 2030248 0 38829728
2374108144 4  P 82926 2146661 0 38833449
2378357257 13  P 28707 1940659 0 38907255
2387338822 12  P 29330 1974629 0 39064407
2390395599 3  P 94339 2264202 0 39110538
2396467513 4  P 84712 2170063 0 39199780
2398472064 7  P 81155 2118284 0 39250554
2399293476 6  P 87506 2294049 0 39264876
