245728216 12  P 4489 189018 0 3976426
246051940 11  P 3900 189618 0 3976418
246340356 13  P 4363 189965 0 3976421
248111481 7  P 3955 198323 0 4019688
249370379 6  P 3082 196146 0 4040936
249528689 4  P 7730 203555 0 4040950
250697160 8  P 6683 191622 0 4054509
252702601 10  P 7567 197874 0 4088541
253697708 9  P 6634 200430 0 4100583
259597406 3  P 4223 214985 0 4200430
259826299 5  P 7173 212913 0 4206563
260006988 2  P 3675 207782 0 4200431
262267981 1  P 3729 216028 0 4244466
264307789 6  P 3583 207773 0 4285665
265925536 3  P 4642 221250 0 4304104
266140209 10  P 8694 210864 0 4308698
266299038 7  P 5257 215944 0 4317668
267211618 1  P 4769 222540 0 4325459
267982444 5  P 7742 219561 0 4340193
270404082 4  P 10382 231978 0 4382959
271107579 2  P 5223 220018 0 4382298
272821949 12  P 4954 214767 0 4420327
273145979 11  P 4608 215426 0 4420315
274556555 8  P 7334 211419 0 4445416
274744560 9  P 8300 218157 0 4445411
280387271 13  P 5917 217967 0 4534242
285160106 11  P 5787 230080 0 4617158
285999861 10  P 11206 230710 0 4634063
286275830 9  P 8449 230165 0 4634334
288494003 8  P 7715 224036 0 4673765
288543440 13  P 6579 224706 0 4667871
290283459 7  P 7008 242437 0 4710622
293002332 1  P 8395 252212 0 4748009
293169711 4  P 11020 249880 0 4755947
299685093 5  P 10872 258973 0 4859580
300382114 2  P 9220 254222 0 4861927
301839118 6  P 4419 236582 0 4900560
302259565 12  P 5416 237307 0 4902629
302722521 3  P 8422 262778 0 4906958
304725124 12  P 6105 239656 0 4943022
306139211 5  P 12119 270986 0 4965319
308260470 8  P 10099 248371 0 4997602
308613147 3  P 8422 267674 0 5003470
308757554 2  P 10768 268567 0 4999142
310752699 1  P 12217 274453 0 5038823
311731036 13  P 7400 246902 0 5047773
313011216 6  P 4536 245473 0 5083595
314587826 9  P 11605 259256 0 5098180
317374943 10  P 12518 256033 0 5148106
319220949 7  P 8823 276974 0 5184730
319279091 4  P 12070 271116 0 5183721
319801974 11  P 6772 261382 0 5184721
324822656 8  P 11810 263906 0 5268959
324830809 1  P 13544 288367 0 5269474
325752150 7  P 8963 282639 0 5291736
325998510 5  P 13394 294149 0 5290673
328901365 9  P 12773 273223 0 5332689
330817551 11  P 7043 270436 0 5365199
333288740 3  P 12962 301424 0 5407740
333306314 12  P 8247 263410 0 5411293
333781204 10  P 13719 270425 0 5416898
339185384 6  P 5887 276345 0 5512428
340304443 2  P 13765 306945 0 5516000
341298553 4  P 14402 293775 0 5544484
341824781 13  P 9406 271808 0 5540828
345589096 6  P 6668 282499 0 5617343
346496645 13  P 9878 276558 0 5617372
348033815 7  P 10364 303548 0 5656788
350299912 1  P 19012 324946 0 5686745
350467332 5  P 16648 324773 0 5691554
350493869 12  P 8375 277323 0 5692892
350770784 11  P 7947 286177 0 5692106
350910333 3  P 14316 320794 0 5696441
352763417 4  P 15107 303516 0 5732321
358228972 8  P 14978 294848 0 5816285
358432699 9  P 15552 304534 0 5816520
362038747 2  P 14922 332315 0 5872092
362843652 10  P 16334 294314 0 5893050
365515524 10  P 16460 296708 0 5936825
366040841 12  P 9562 290744 0 5947612
366440223 1  P 21814 348458 0 5951173
367132517 2  P 15745 338584 0 5955548
368026639 6  P 7347 300847 0 5984955
368380232 11  P 9000 299688 0 5980609
368486587 7  P 12116 322529 0 5991884
368934861 13  P 10703 295043 0 5984985
369691710 3  P 16148 343365 0 6004144
370838376 8  P 15644 304792 0 6022875
373138418 4  P 15258 322817 0 6066141
374358298 5  P 17961 346503 0 6082973
383510818 9  P 17049 325357 0 6227395
384779868 5  P 18317 355284 0 6253722
385825966 4  P 15591 333374 0 6274013
386134912 12  P 11307 308647 0 6276819
386286803 11  P 10706 315415 0 6273980
388073666 6  P 9888 321258 0 6313397
388252648 7  P 12971 340447 0 6315724
388715912 13  P 11723 311176 0 6309077
389095675 3  P 18741 374876 0 6322033
389166562 8  P 16427 319499 0 6323153
389585623 2  P 17926 380237 0 6323415
389885728 9  P 17482 329817 0 6331841
390615687 1  P 26841 387458 0 6347257
398874940 10  P 20665 331230 0 6483379
405268147 7  P 15191 358681 0 6594505
405543997 13  P 12076 327754 0 6584786
407900900 8  P 18224 336511 0 6630096
409366870 2  P 20375 401853 0 6647508
409671784 10  P 21391 341168 0 6660267
410213071 12  P 12683 332543 0 6671311
411302483 11  P 11803 335223 0 6683834
419323139 3  P 21186 402686 0 6817252
420308413 6  P 13040 356676 0 6841505
421464231 9  P 18466 356123 0 6849207
422060379 4  P 17387 374566 0 6867669
423420495 5  P 20211 391972 0 6886794
424721290 7  P 16230 376338 0 6913216
424783973 1  P 33477 442695 0 6907052
425869137 6  P 13407 362408 0 6932610
426264249 5  P 20254 394143 0 6933383
426546808 10  P 22764 355065 0 6936741
430979482 9  P 19095 364168 0 7005108
432627717 1  P 34556 451714 0 7035559
435088152 12  P 13886 352437 0 7078858
438669817 4  P 18752 390318 0 7139789
438898049 2  P 21141 433228 0 7131346
438916517 8  P 21632 370509 0 7138244
438950352 13  P 13627 354931 0 7132111
443036943 11  P 13437 367787 0 7203762
443176024 3  P 22741 430842 0 7208047
444031144 10  P 23080 369215 0 7223202
445106529 13  P 14062 359109 0 7232974
445527102 6  P 15172 382121 0 7254671
447276399 9  P 20063 376339 0 7272115
448254211 3  P 23502 440255 0 7291234
453235469 1  P 38498 477066 0 7373186
453791446 8  P 23684 384949 0 7381953
455693161 11  P 14109 377985 0 7411117
456643196 7  P 17386 402181 0 7436216
459288654 2  P 21237 449892 0 7465425
461732122 5  P 22695 427655 0 7514468
462119397 12  P 15570 374159 0 7521729
462575986 4  P 20816 414144 0 7531460
464760789 9  P 22336 393266 0 7558575
466520211 11  P 14905 390093 0 7588505
467809271 4  P 22239 423222 0 7617201
468716009 13  P 14170 382199 0 7619790
469230218 6  P 16729 408169 0 7643008
469260033 12  P 15729 379623 0 7638721
469722964 3  P 24472 459509 0 7642956
470264280 5  P 22842 434734 0 7654254
472374971 10  P 25232 394222 0 7687576
477257421 2  P 21347 467036 0 7759824
482596408 7  P 18260 424793 0 7861431
483025837 8  P 25330 410741 0 7860925
485126929 1  P 46488 521590 0 7895680
486205672 7  P 18286 427768 0 7920565
488781173 10  P 25513 407096 0 7956372
489770462 11  P 16617 410869 0 7969434
490090029 6  P 18697 429924 0 7984767
492682121 8  P 25916 420248 0 8019132
493026376 9  P 24439 416436 0 8021677
498916382 12  P 16820 405302 0 8124596
500529076 4  P 24957 457731 0 8153266
500682993 3  P 26956 503346 0 8150149
501248557 5  P 24777 464788 0 8161888
501591024 13  P 15178 411579 0 8158411
501876476 1  P 50385 546814 0 8170066
503976521 2  P 21477 489062 0 8197580
504488658 3  P 27603 507266 0 8212500
505444891 2  P 21608 490581 0 8221644
506109287 10  P 26097 424340 0 8240272
506386443 6  P 20433 456450 0 8251764
508057190 8  P 26215 436195 0 8271032
508479475 9  P 24663 429399 0 8274856
508528462 13  P 15607 416775 0 8272074
509982686 4  P 26337 468705 0 8308147
510291340 12  P 17423 417719 0 8310936
510443193 11  P 17992 429736 0 8308133
515876531 1  P 52770 562666 0 8399437
518170786 5  P 26204 482973 0 8439120
522189034 7  P 20217 461117 0 8510114
524863568 3  P 28646 527384 0 8546302
525061090 5  P 26875 490295 0 8552011
526809386 4  P 27467 487632 0 8583839
528874953 10  P 27572 441416 0 8613253
533885838 9  P 25902 449748 0 8691113
533990065 11  P 19734 451731 0 8693919
534166377 12  P 18985 437591 0 8702100
534627735 1  P 57404 587995 0 8706644
536632427 2  P 22271 515541 0 8732618
538625829 6  P 25287 499725 0 8779963
538762796 13  P 17844 442250 0 8767424
539804613 8  P 28675 477321 0 8791173
543580735 7  P 21153 480134 0 8860591
544380971 11  P 20168 458852 0 8864160
544556933 12  P 19444 445403 0 8872336
545191732 3  P 29560 545779 0 8879347
545217383 5  P 28027 511556 0 8882245
545390862 6  P 26015 506901 0 8890799
545998475 7  P 21262 482517 0 8900201
546734261 10  P 29438 461376 0 8905852
549992177 2  P 22708 533013 0 8951492
555651405 9  P 27457 466972 0 9047717
561544685 4  P 30798 530773 0 9152932
562322781 8  P 29488 495037 0 9160106
562810057 13  P 19269 463238 0 9161409
562876547 1  P 62050 625778 0 9169460
563978771 12  P 20569 461856 0 9190541
564722968 3  P 31168 565699 0 9199333
565520202 11  P 21354 479340 0 9210499
567158886 7  P 22250 504812 0 9246888
569108025 5  P 28722 532375 0 9273663
572038766 2  P 22860 551525 0 9312707
573500834 1  P 63257 647760 0 9343491
573794049 13  P 19914 472636 0 9341369
578714640 6  P 29206 551083 0 9436763
579385168 10  P 31168 514186 0 9440775
580697758 8  P 30978 513332 0 9461158
582451076 4  P 34172 555428 0 9495456
582635901 9  P 28451 491160 0 9489828
583771239 11  P 22608 493903 0 9509519
584247128 13  P 21023 483759 0 9512627
587651287 6  P 30018 559467 0 9583179
590523065 2  P 23278 567505 0 9615553
592107172 4  P 34607 569600 0 9653659
594354007 8  P 31262 525041 0 9684902
597853847 12  P 22047 491911 0 9745535
600691702 3  P 33668 609125 0 9788615
602424838 7  P 23634 534800 0 9824669
602792056 9  P 30347 509571 0 9820063
602843709 10  P 34118 538998 0 9825114
603924602 1  P 70621 693796 0 9841926
604278352 13  P 22447 502696 0 9840811
604693865 5  P 30588 565490 0 9856684
606960628 2  P 24618 588195 0 9884863
607482258 4  P 35384 582868 0 9905562
609698340 9  P 30555 515233 0 9933216
612005665 11  P 24388 516435 0 9972101
612918055 3  P 35250 633627 0 9988905
614463647 12  P 23001 504627 0 10017661
616219083 10  P 35715 552776 0 10044243
617065658 1  P 73445 711963 0 10057216
617307684 8  P 32727 545597 0 10060964
618530324 5  P 32025 581680 0 10083366
623331096 7  P 25409 554914 0 10167193
624511951 6  P 31889 593894 0 10187082
625940158 4  P 36528 602204 0 10207966
626042450 9  P 32300 540104 0 10200986
626398492 2  P 25099 611129 0 10203325
630176474 3  P 36752 657542 0 10271640
632699385 6  P 33037 601981 0 10321224
633502971 7  P 25526 562370 0 10333845
633810132 13  P 23991 527607 0 10324648
634584191 11  P 24913 533430 0 10342012
639135627 8  P 34792 566160 0 10418588
641393782 1  P 78217 741089 0 10455795
641985881 5  P 35093 613572 0 10467639
642370245 12  P 24956 528262 0 10474874
643812813 10  P 37024 573108 0 10496327
643823488 8  P 34977 570424 0 10495387
645615441 11  P 25197 542198 0 10522743
645784188 7  P 26644 573242 0 10535055
646499064 5  P 35386 618638 0 10541580
647026047 12  P 25386 531611 0 10551161
648082626 3  P 37040 672990 0 10565007
653995755 9  P 35137 584787 0 10658964
654969043 10  P 38063 581555 0 10679106
655091351 13  P 25238 547697 0 10673317
655612591 1  P 81041 759150 0 10688753
659742474 2  P 25251 638877 0 10749628
661246168 6  P 36676 635709 0 10788914
662857755 4  P 41621 650450 0 10812810
667838697 8  P 37284 593757 0 10888847
668344033 10  P 38159 591772 0 10898238
669224828 11  P 26265 561888 0 10909556
669754514 3  P 38259 713245 0 10920065
671065648 1  P 84137 781191 0 10941929
672356986 13  P 26153 561191 0 10956193
678936681 5  P 35978 646244 0 11073022
679830991 7  P 27638 601853 0 11092871
679870652 9  P 36964 608195 0 11082895
680121347 6  P 37682 662312 0 11098160
680835964 2  P 26182 658521 0 11095227
681263845 4  P 42599 670628 0 11114373
682432367 12  P 27181 566123 0 11131254
684832689 3  P 39359 742494 0 11167088
685068548 11  P 27307 575450 0 11169136
685890911 10  P 39012 609705 0 11185723
688420253 4  P 44151 678927 0 11231621
688751419 1  P 87645 802704 0 11231684
692811510 5  P 37276 659195 0 11300335
694058811 6  P 39746 683515 0 11326509
694674953 7  P 28292 614375 0 11336071
700370288 8  P 40062 627631 0 11421836
701263271 13  P 26406 587554 0 11429787
701308120 9  P 38461 631670 0 11434119
701476727 2  P 26789 677329 0 11433403
702742481 12  P 28345 582387 0 11464010
704435842 4  P 44806 693662 0 11494017
705504523 3  P 40290 763863 0 11505761
708659395 1  P 90753 824942 0 11557849
711400473 8  P 41627 638056 0 11602553
712090077 6  P 40835 701390 0 11621931
712331088 7  P 29445 633290 0 11625350
713183074 9  P 39017 641185 0 11628677
713349890 11  P 28612 598988 0 11632489
714919537 13  P 26972 597606 0 11653527
715374075 5  P 40317 682369 0 11669989
715963644 12  P 28850 592887 0 11680624
717828527 10  P 40864 639914 0 11708980
718710966 2  P 26976 691580 0 11715769
724554723 2  P 27177 696802 0 11811513
724895139 3  P 41254 783482 0 11823443
725939593 7  P 30619 646141 0 11848309
726703446 10  P 41531 646631 0 11854381
731381130 11  P 30198 614108 0 11927907
732635668 8  P 42151 663564 0 11950462
732716992 4  P 46179 723393 0 11957373
738059281 13  P 28214 618090 0 12032644
738464332 9  P 40381 661092 0 12042877
739547810 1  P 95740 861889 0 12063911
740280311 5  P 42062 702855 0 12078041
740666714 12  P 29792 611577 0 12085355
741871365 6  P 42764 727170 0 12109860
745333780 3  P 45313 810756 0 12158291
745967788 5  P 42377 707799 0 12171221
748526053 12  P 30300 617618 0 12214120
748746241 6  P 43528 736711 0 12222495
749013821 4  P 46828 736635 0 12224380
752159404 1  P 97864 880872 0 12270517
753490438 11  P 31458 631654 0 12290141
753716354 13  P 28583 631032 0 12289166
754148460 2  P 27399 724179 0 12296358
756815435 7  P 31540 672150 0 12354178
757031573 10  P 43219 674008 0 12351268
761948723 9  P 41171 684746 0 12427639
762901321 8  P 44168 689450 0 12446331
767885818 12  P 31466 634410 0 12531304
768037428 11  P 32382 645997 0 12528475
770748232 4  P 47056 755041 0 12580474
771078467 10  P 44893 685835 0 12581411
772320447 2  P 28621 741853 0 12594084
772933097 9  P 41829 693778 0 12607603
773480588 6  P 44655 758964 0 12627737
773645139 3  P 48925 851832 0 12622104
775448230 8  P 45416 699179 0 12651898
776482114 13  P 30259 649153 0 12662152
777507608 1  P 101916 921045 0 12685803
782889744 5  P 45923 742315 0 12776135
783165258 7  P 32809 695797 0 12785882
784670073 4  P 47607 768921 0 12808568
786226605 2  P 30701 759672 0 12821923
786760434 12  P 33018 649795 0 12840546
787670929 5  P 46441 747046 0 12854467
787855633 6  P 46453 788811 0 12863252
789003570 1  P 103571 933954 0 12874153
790085549 7  P 33241 702308 0 12899263
792771711 11  P 33666 665708 0 12933709
797463842 8  P 45928 717641 0 13012596
797953537 10  P 46183 708064 0 13021725
799761196 9  P 44826 723508 0 13047144
801185151 13  P 31471 672335 0 13066886
804260602 8  P 47015 723786 0 13123951
804348255 3  P 54452 910513 0 13125073
805060101 13  P 31471 675399 0 13130372
806304825 2  P 32260 779201 0 13150882
806994786 12  P 34918 667439 0 13172064
808485074 10  P 47215 717383 0 13194267
810230720 6  P 49483 816076 0 13229835
810754428 9  P 46262 741808 0 13227251
812443570 11  P 34264 682075 0 13256003
814627363 1  P 109134 970108 0 13293961
820130092 7  P 35678 732952 0 13391510
820529487 4  P 47696 799224 0 13396087
820832786 3  P 57364 933908 0 13395141
824874097 5  P 50621 784873 0 13463992
827114013 3  P 58161 949239 0 13498031
827308753 6  P 51431 843531 0 13509636
829901773 9  P 47567 769148 0 13540956
830072908 12  P 36566 686125 0 13550171
832344100 10  P 48582 737452 0 13585176
832419448 13  P 33188 700004 0 13578622
832691082 1  P 111969 995517 0 13589909
833596689 7  P 36135 745187 0 13612144
835179907 2  P 35431 810138 0 13623969
838311443 5  P 52867 796223 0 13684146
840213841 8  P 48684 751716 0 13712998
840318602 11  P 37638 708801 0 13712695
843076343 4  P 48339 818993 0 13765489
845034143 7  P 36866 755769 0 13799535
846177924 11  P 38069 712943 0 13808691
848889125 4  P 49414 825813 0 13860723
850010670 8  P 49342 759275 0 13873505
854901569 1  P 115535 1023008 0 13953789
855641035 10  P 49961 763649 0 13966857
856252961 5  P 56358 817124 0 13978093
856448005 12  P 37342 707209 0 13982289
856488909 3  P 61724 986531 0 13979271
857074368 6  P 52491 870444 0 13997305
861372571 13  P 34616 724973 0 14052987
863364907 2  P 37650 835145 0 14085749
864672224 10  P 50087 771231 0 14114822
865433114 9  P 49456 797577 0 14123093
865648558 2  P 37909 837320 0 14123165
865776311 8  P 50371 773001 0 14131806
866449291 6  P 52580 878017 0 14150899
867513193 13  P 34616 729913 0 14153595
868248301 4  P 51016 847342 0 14177902
868327147 5  P 57324 827091 0 14175910
869535854 3  P 63408 999632 0 14193030
876365512 11  P 38693 737849 0 14303281
876714313 9  P 50131 814709 0 14307921
879471696 7  P 37744 784034 0 14363754
880026113 12  P 38913 727074 0 14368590
884652417 6  P 52668 895928 0 14449130
887252936 7  P 38398 791659 0 14491240
887550876 1  P 119698 1064606 0 14488704
887958087 3  P 65562 1022471 0 14494831
888451379 4  P 52503 866568 0 14508906
889057379 12  P 38981 734626 0 14516556
890412392 11  P 39354 749295 0 14533423
890812870 10  P 51216 794934 0 14543104
892045959 5  P 60612 855163 0 14564514
892995598 9  P 51444 834449 0 14574665
893200774 13  P 35227 752707 0 14574456
895394607 1  P 120537 1074090 0 14617209
898053835 2  P 41841 870837 0 14654088
903682462 8  P 53335 805908 0 14752850
908526185 8  P 53335 809523 0 14832208
909972725 1  P 123228 1094392 0 14856054
910542465 9  P 52141 848627 0 14862152
911638845 4  P 53355 889998 0 14888806
912862253 7  P 39125 813737 0 14910818
913333208 3  P 68389 1057127 0 14910533
915115504 11  P 40323 769376 0 14938149
915666778 12  P 40043 755603 0 14952522
916920936 5  P 62011 875961 0 14972062
918460980 2  P 43571 890969 0 14988438
922656587 10  P 53817 822830 0 15064819
923043198 6  P 56411 934672 0 15078101
923357026 13  P 36422 776443 0 15068525
928369951 12  P 41437 765904 0 15160646
930034193 7  P 40668 829856 0 15192160
930808792 6  P 56527 940808 0 15205331
932239275 3  P 70402 1083242 0 15220277
933045101 4  P 55850 913296 0 15239520
933497867 5  P 65607 896112 0 15243650
935021678 11  P 41950 786579 0 15264287
935573168 8  P 55196 833170 0 15275338
936263439 13  P 36990 787668 0 15279976
937070367 2  P 43800 907399 0 15293332
937417515 9  P 54470 871597 0 15302469
943859735 10  P 55158 843547 0 15412206
945865397 11  P 42129 795390 0 15441947
946285230 1  P 128740 1141373 0 15450987
949250426 10  P 55324 849406 0 15500525
955746307 6  P 57325 962237 0 15613903
955936603 5  P 70108 923162 0 15611272
957948011 12  P 42404 794035 0 15645245
958809200 13  P 39540 808488 0 15649366
960289132 2  P 44304 927662 0 15673747
960651923 9  P 56141 892672 0 15683137
962614432 3  P 72000 1132777 0 15717899
963104380 8  P 57746 867271 0 15726397
963201590 4  P 61136 959188 0 15733596
963409151 7  P 42097 856977 0 15738970
965877679 1  P 133907 1170385 0 15771984
966768564 7  P 42613 860616 0 15794010
969013370 13  P 39700 816936 0 15816548
970434678 5  P 70577 938996 0 15848800
970675840 1  P 133971 1174665 0 15850596
975526117 12  P 44308 809869 0 15933243
976107771 4  P 62011 971941 0 15945053
979052937 11  P 43439 821870 0 15985677
981394699 3  P 75413 1155607 0 16025582
981625374 10  P 57009 876933 0 16030944
981773568 2  P 45320 945959 0 16025741
982385595 8  P 59808 886829 0 16042291
984006056 11  P 43439 825611 0 16066826
984480559 6  P 58718 987070 0 16084680
984964398 9  P 58349 914572 0 16081468
986047203 10  P 57079 880434 0 16103388
988010459 12  P 44474 820091 0 16137783
988345501 13  P 40380 833999 0 16133286
989995571 9  P 58979 919689 0 16163896
990645670 3  P 75961 1164549 0 16177150
997025842 7  P 44510 894406 0 16289741
998483052 4  P 63875 1002986 0 16311637
1000870066 8  P 60800 902260 0 16345138
1003340406 6  P 59385 1002913 0 16393669
1003686766 5  P 72349 972570 0 16393587
1004054681 2  P 45423 964241 0 16390789
1004295517 4  P 64755 1009414 0 16406868
1005517781 1  P 140648 1222084 0 16421429
1005648487 2  P 45904 966475 0 16416901
1007948704 9  P 60386 937469 0 16458037
1008787257 11  P 44900 846625 0 16472833
1008812846 10  P 59201 900320 0 16476375
1009245004 8  P 61370 908188 0 16482349
1009338543 12  P 45663 836823 0 16487216
1009699956 6  P 59971 1009158 0 16497859
1011003018 7  P 45475 906010 0 16518741
1011327035 5  P 72395 981197 0 16518768
1012044519 13  P 41351 852209 0 16521442
1022627929 1  P 143434 1241516 0 16701757
1023122393 3  P 78637 1197911 0 16709236
1027401287 8  P 63073 923539 0 16779819
1027450754 13  P 41834 863677 0 16773853
1030437843 10  P 61167 922901 0 16830670
1031426835 3  P 79428 1209864 0 16845265
1033802956 11  P 45780 867168 0 16882673
1035820389 2  P 46096 998266 0 16911233
1036213586 12  P 47420 858276 0 16927532
1036746651 6  P 61359 1038823 0 16940986
1037576735 4  P 68449 1047944 0 16952141
1037878017 7  P 47450 931422 0 16959058
1037983856 5  P 74184 1012595 0 16955497
1039667454 9  P 63919 971656 0 16977683
1045177924 11  P 46356 876482 0 17069038
1045948164 8  P 63702 941298 0 17083685
1046652821 6  P 61781 1050169 0 17103286
1048409278 7  P 47803 941739 0 17131601
1049275621 1  P 148368 1272939 0 17138339
1050278998 13  P 43029 881456 0 17147859
1051802076 3  P 80280 1230487 0 17179074
1053008270 2  P 46491 1013131 0 17192832
1056651812 9  P 64162 985668 0 17255955
1060078458 10  P 63647 951927 0 17316292
1062449816 5  P 75983 1034430 0 17356339
1063061183 4  P 71459 1075214 0 17369671
1063744904 12  P 47852 881201 0 17378600
1068631068 11  P 47325 896248 0 17453292
1069136588 9  P 65764 1000003 0 17460495
1069195834 2  P 47158 1038222 0 17458047
1070604922 1  P 153147 1305768 0 17487788
1071223689 3  P 80937 1261161 0 17497247
1071791473 1  P 153336 1307128 0 17507228
1072268627 7  P 49741 963719 0 17522507
1079810133 13  P 43820 904918 0 17631565
1080823088 8  P 64772 972673 0 17655051
1082182419 12  P 48866 897151 0 17680675
1082684083 6  P 64311 1086391 0 17693609
1082734671 10  P 65253 976025 0 17687486
1083060169 4  P 73194 1095116 0 17697327
1084561519 4  P 73738 1097046 0 17721922
1085218282 5  P 79744 1063980 0 17729376
1086619938 8  P 65894 980538 0 17750023
1088819158 5  P 80465 1068300 0 17788369
1089091428 13  P 44201 911810 0 17783628
1090465434 6  P 65109 1103994 0 17821093
1092771716 11  P 49285 918137 0 17848807
1093291762 12  P 50633 909761 0 17862689
1093398984 2  P 48186 1060387 0 17854590
1102721807 7  P 50958 991627 0 18021452
1103005067 3  P 83905 1301418 0 18017929
1103996036 9  P 68076 1095757 0 18031626
1104140939 10  P 65703 994039 0 18038198
1109004928 3  P 84078 1306834 0 18116224
1109342861 4  P 76615 1122219 0 18127937
1110035222 1  P 160907 1357787 0 18133800
1110570835 2  P 48921 1075959 0 18135934
1112030654 5  P 81821 1090193 0 18168662
1112159237 7  P 51543 999678 0 18176075
1112697021 12  P 51546 925824 0 18180621
1112979764 8  P 67572 1003860 0 18181891
1118183518 9  P 69083 1107875 0 18264071
1118974880 11  P 50223 941309 0 18278108
1119127920 1  P 162599 1371470 0 18282770
1119996695 6  P 67644 1132742 0 18304928
1123080335 10  P 67154 1011709 0 18348491
1124309367 13  P 46138 942072 0 18360635
1126154872 4  P 79670 1141998 0 18403387
1130387328 6  P 69625 1145775 0 18475156
1130737736 7  P 52476 1016525 0 18480455
1135348681 3  P 85621 1338757 0 18547827
1136515025 5  P 84373 1116712 0 18569801
1137617652 2  P 49912 1099672 0 18579065
1138089818 9  P 70813 1126657 0 18590214
1140197067 12  P 53404 949574 0 18631180
1140256108 11  P 51083 958589 0 18626775
1140985117 10  P 68989 1030739 0 18641838
1141167241 8  P 70140 1030775 0 18643708
1142106995 13  P 47496 960309 0 18652232
1143457080 1  P 165953 1398687 0 18681370
1147555151 2  P 50302 1111517 0 18741881
1149315837 7  P 53255 1031964 0 18784836
1149740470 11  P 51083 966017 0 18782163
1149747634 13  P 47914 967189 0 18777413
1153628345 1  P 166360 1407696 0 18848013
1155469568 10  P 69072 1043734 0 18879150
1155807382 12  P 53774 962429 0 18886932
1157755066 3  P 86537 1369710 0 18914929
1157877583 8  P 71064 1048491 0 18917481
1160105464 9  P 71892 1144284 0 18950913
1162186252 4  P 83471 1196810 0 18993718
1164215478 6  P 73132 1184548 0 19029387
1165780719 5  P 87293 1154666 0 19049280
1168646323 4  P 85034 1209973 0 19099555
1168911283 3  P 87500 1386805 0 19097691
1169682333 12  P 55327 974664 0 19114259
1170682921 8  P 72114 1059295 0 19127283
1173149022 2  P 50517 1133194 0 19161211
1173847720 1  P 170505 1439026 0 19179274
1176042829 9  P 72895 1158893 0 19212027
1180811999 5  P 88108 1169339 0 19295550
1181068568 11  P 53618 992367 0 19295437
1181112725 7  P 54190 1060277 0 19305793
1181435167 13  P 49029 992106 0 19296574
1181621576 6  P 76668 1207927 0 19314566
1183344472 10  P 71034 1073736 0 19335846
1185292269 8  P 73496 1071117 0 19366640
1188625741 10  P 71670 1081207 0 19422371
1188890067 5  P 89175 1178140 0 19427900
1190647145 11  P 54067 1000952 0 19452363
1190958174 3  P 88905 1419007 0 19458888
1192123030 13  P 49793 1001824 0 19471673
1194527305 9  P 73595 1174228 0 19514871
1198671032 4  P 88714 1259728 0 19591467
1199487643 7  P 54685 1084511 0 19606847
1200181673 1  P 174256 1468169 0 19610718
1200430291 2  P 51034 1156707 0 19608184
1202010896 12  P 57479 1000805 0 19643918
1203465435 6  P 78380 1239816 0 19672451
1205023929 2  P 51459 1161093 0 19683448
1207046499 5  P 90594 1194708 0 19725367
1207668566 6  P 78901 1244083 0 19741312
1208161233 3  P 90574 1440712 0 19740735
1210264391 4  P 89766 1274944 0 19781418
1211948430 12  P 57999 1009495 0 19806730
1215678365 11  P 55609 1020378 0 19862470
1216400933 8  P 75810 1098219 0 19876319
1217855643 9  P 75787 1202760 0 19897061
1219066449 1  P 177217 1491682 0 19920120
1222110114 10  P 73813 1111488 0 19970967
1223065789 7  P 55234 1104926 0 19993145
1223638695 13  P 52383 1026892 0 19988019
1227169911 13  P 52383 1029748 0 20045874
1229461393 2  P 51805 1183090 0 20083821
1229862695 7  P 55404 1110931 0 20104505
1230026493 12  P 58669 1025145 0 20102921
1230549869 4  P 92120 1311774 0 20113771
1232386688 9  P 76548 1216132 0 20135133
1236746601 6  P 79558 1271083 0 20217714
1237900796 8  P 78423 1121791 0 20228571
1241421346 5  P 95026 1234639 0 20288559
1241531992 10  P 74597 1131251 0 20289171
1243506519 11  P 57217 1046150 0 20318401
1245348720 3  P 93908 1493267 0 20349960
1248077572 5  P 95229 1240659 0 20397614
1249003966 1  P 181215 1528538 0 20410604
1249272100 11  P 57456 1051139 0 20412863
1249602033 2  P 52775 1203066 0 20413801
1249607407 13  P 52785 1048430 0 20413490
1255326891 4  P 94698 1344714 0 20519714
1256667473 12  P 59650 1047668 0 20539403
1256739309 3  P 94101 1503290 0 20536583
1258963876 9  P 78686 1246979 0 20570569
1259172626 10  P 75658 1146205 0 20578194
1259940915 7  P 57234 1140811 0 20597300
1260140723 6  P 81468 1297380 0 20600998
1262026706 8  P 80062 1144168 0 20623844
1264932886 8  P 81190 1147611 0 20671458
1265972117 7  P 57312 1145771 0 20696113
1267128084 1  P 185782 1553825 0 20707541
1267336383 2  P 52968 1216903 0 20704355
1268733792 5  P 96148 1260410 0 20736043
1272916249 9  P 80957 1264423 0 20799161
1273481099 6  P 82239 1310631 0 20819560
1275847707 1  P 186890 1562871 0 20850397
1278682791 12  P 60891 1064383 0 20900100
1279248069 13  P 55424 1074988 0 20899118
1281303375 11  P 59844 1078527 0 20937649
1282911260 3  P 96949 1536277 0 20965335
1283250752 10  P 77282 1166970 0 20972686
1283702001 4  P 98900 1382397 0 20984609
1289467538 4  P 99101 1387739 0 21079071
1290556571 8  P 83431 1172691 0 21091274
1291326291 13  P 55604 1084852 0 21097005
1292631515 11  P 60276 1086881 0 21123248
1293348808 3  P 98164 1550702 0 21136322
1294777994 6  P 84939 1332738 0 21168483
1295847214 7  P 59548 1177593 0 21185584
1298180120 2  P 53176 1240009 0 21209686
1304108697 5  P 97158 1292234 0 21315623
1304125772 10  P 78796 1187618 0 21314699
1304152261 9  P 82264 1292330 0 21310925
1304885966 12  P 61475 1085074 0 21329410
1306589730 9  P 82264 1294370 0 21350861
1308230154 8  P 83618 1186491 0 21380828
1308578849 10  P 78796 1191053 0 21387659
1308773893 2  P 53383 1247920 0 21383247
1311316457 1  P 192985 1604915 0 21431504
1313262356 6  P 85348 1348570 0 21471327
1314877783 1  P 193503 1608768 0 21489850
1315269005 7  P 60343 1202253 0 21503788
1319319024 11  P 61413 1108912 0 21560482
1319792223 12  P 63041 1097332 0 21573632
1320421050 4  P 102758 1425037 0 21586202
1320827793 5  P 97281 1305990 0 21589546
1324519958 13  P 58793 1112928 0 21640843
1324786285 3  P 99367 1583582 0 21651385
1328323584 8  P 85260 1203848 0 21710035
1329032035 10  P 81016 1210084 0 21722757
1329294884 13  P 58793 1117352 0 21719075
1329445783 2  P 53876 1265216 0 21721931
1331162833 11  P 62368 1121188 0 21754530
1333061950 5  P 99932 1322962 0 21789985
1334675158 7  P 61171 1218609 0 21821737
1337177207 3  P 100009 1595457 0 21854385
1339127924 1  P 197667 1646421 0 21887152
1339310944 4  P 106134 1453036 0 21895689
1343307832 12  P 63723 1118649 0 21958909
1343893173 6  P 87284 1388348 0 21973176
1344511682 9  P 84680 1329831 0 21972161
1345709756 11  P 62881 1132599 0 21992861
1345983533 4  P 106204 1458631 0 22005016
1346324847 6  P 87284 1390307 0 22013017
1347060514 13  P 59463 1131875 0 22010147
1348672649 10  P 83155 1240562 0 22044519
1349671721 5  P 101643 1340286 0 22062101
1350402182 9  P 85236 1334567 0 22068667
1351055135 2  P 54084 1282000 0 22075967
1353519568 1  P 199691 1665179 0 22122937
1357245277 12  P 63833 1131675 0 22187256
1358942848 3  P 102170 1635211 0 22210895
1358979848 8  P 88002 1237175 0 22212299
1361503278 7  P 61267 1238962 0 22261287
1366981034 6  P 87948 1408252 0 22351445
1370042843 9  P 85603 1357381 0 22390432
1370240899 11  P 63915 1153552 0 22394776
1371201126 13  P 61021 1151265 0 22405661
1371246734 3  P 103220 1655401 0 22412434
1371530297 4  P 109370 1488688 0 22423574
1375597017 7  P 61321 1249581 0 22492199
1381276499 12  P 65046 1151069 0 22580978
1382750837 10  P 84330 1271737 0 22602842
1382859422 5  P 103650 1377711 0 22605827
1384432987 8  P 89398 1259188 0 22629320
1384648899 2  P 54306 1307762 0 22626355
1386863333 1  P 204147 1706560 0 22669230
1389870455 8  P 89804 1263440 0 22718408
1390614690 3  P 103356 1670847 0 22729754
1391151544 12  P 65170 1159011 0 22742769
1392880269 4  P 110831 1508795 0 22773369
1396195787 2  P 54528 1317112 0 22815536
1398656149 5  P 103881 1391627 0 22864639
1399342136 13  P 61646 1173998 0 22866721
1401168474 6  P 88851 1437007 0 22911568
1401516430 10  P 85315 1287926 0 22910294
1402018909 7  P 61732 1269733 0 22925093
1402522089 11  P 64369 1178846 0 22923658
1404121068 9  P 88023 1394589 0 22948762
1406563268 10  P 85453 1292660 0 22992981
1407378979 11  P 64801 1182518 0 23003232
1408691478 1  P 207460 1732071 0 23026860
1409745402 8  P 91084 1281025 0 23044035
1411190271 3  P 105392 1694107 0 23066861
1411910211 1  P 207685 1735193 0 23079595
1412296779 5  P 105428 1410418 0 23088110
1413737653 7  P 61792 1279587 0 23117090
1418277950 6  P 91227 1457011 0 23191876
1418374147 4  P 115033 1544961 0 23191053
1420211399 2  P 54953 1336455 0 23209000
1421029321 13  P 62684 1191886 0 23222040
1421261567 9  P 89031 1410176 0 23229584
1422589061 12  P 66270 1183662 0 23257836
1428136582 9  P 89381 1416238 0 23342221
1429472005 7  P 61888 1292189 0 23374880
1429990801 11  P 66264 1200001 0 23373702
1430187390 5  P 107290 1445518 0 23381227
1431070769 2  P 55175 1346079 0 23386919
1435103084 1  P 211245 1763538 0 23459577
1438195998 8  P 96031 1322484 0 23510151
1440948431 12  P 66997 1198745 0 23558631
1441404349 13  P 63281 1223499 0 23555862
1442078959 10  P 86833 1325164 0 23574860
1443153027 6  P 94697 1487178 0 23599417
1443249253 4  P 117520 1577923 0 23598604
1444147106 3  P 109038 1749512 0 23606759
1445164519 2  P 55466 1358392 0 23617829
1445184586 6  P 95215 1489963 0 23632695
1448505430 3  P 109176 1753419 0 23678164
1449135922 12  P 66997 1205121 0 23692774
1450881478 11  P 67305 1217627 0 23715970
1452092092 13  P 64645 1238738 0 23730969
1458074098 9  P 90875 1442409 0 23832713
1460433382 8  P 100507 1353177 0 23874452
1460532110 10  P 87419 1339702 0 23877195
1463556571 7  P 64298 1331813 0 23933309
1464124093 4  P 119120 1606476 0 23940613
1466609239 5  P 110000 1485402 0 23977951
1469190880 7  P 64977 1338319 0 24025619
1469209604 11  P 67483 1233409 0 24016254
1470118466 1  P 216432 1807693 0 24033256
1470406991 10  P 88011 1348579 0 24038983
1470621740 6  P 96546 1513058 0 24049457
1471249848 5  P 110661 1490977 0 24053983
1471610128 4  P 119727 1613685 0 24063258
1474195569 8  P 102114 1373005 0 24099930
1476607407 13  P 65227 1258981 0 24132622
1478338990 12  P 69101 1231405 0 24171233
1478443248 3  P 111229 1787143 0 24168650
1480601986 2  P 58103 1410521 0 24198402
1482049022 1  P 219318 1836672 0 24228713
1483058542 9  P 92304 1463890 0 24242052
1488481040 6  P 96961 1528348 0 24342063
1490764869 4  P 121339 1634235 0 24377089
1491380448 3  P 112170 1800229 0 24380616
1491980402 9  P 92434 1470950 0 24388227
1493620271 12  P 69979 1246829 0 24421601
1494961373 2  P 58149 1421937 0 24433665
1499225217 11  P 68898 1260007 0 24508027
1500144273 7  P 70785 1387458 0 24532751
1501123018 13  P 66520 1280118 0 24534284
1501844882 10  P 89465 1374487 0 24554047
1503464541 8  P 106479 1415164 0 24579460
1503906171 5  P 111326 1522214 0 24589014
1508282087 10  P 89581 1378866 0 24659516
1508761632 9  P 93566 1486989 0 24663169
1509840404 6  P 97756 1548041 0 24692011
1510093539 5  P 111554 1527822 0 24690390
1510377794 1  P 223202 1878375 0 24692842
1513655697 8  P 107270 1424948 0 24746431
1518178384 11  P 69022 1275164 0 24818554
1519237819 7  P 74564 1411774 0 24845577
1519327249 4  P 123304 1661625 0 24845048
1519911572 3  P 114592 1837472 0 24848053
1520498014 13  P 67666 1296141 0 24851722
1521680138 2  P 58210 1442014 0 24871418
1523885906 12  P 71333 1272625 0 24917472
1525612815 7  P 75573 1418529 0 24950024
1525832087 1  P 225215 1897329 0 24946043
1528495945 9  P 93896 1503249 0 24986493
1528574694 6  P 98389 1563917 0 24998953
1529792727 8  P 108076 1439632 0 25010817
1530770958 3  P 115178 1847737 0 25025969
1532988341 1  P 226072 1905250 0 25063289
1538959707 11  P 69725 1292260 0 25159033
1539702182 4  P 125556 1693004 0 25178866
1539796667 5  P 112627 1553355 0 25177037
1542451167 13  P 68636 1313625 0 25211399
1542495328 12  P 72956 1290451 0 25222369
1544391418 10  P 91055 1409652 0 25251127
1544914490 2  P 58270 1460307 0 25252086
1545628333 7  P 77898 1437075 0 25277955
1545834619 11  P 70159 1297394 0 25271670
1547555187 2  P 58788 1463431 0 25295349
1547730347 9  P 94606 1519981 0 25301629
1549130329 3  P 115386 1862971 0 25326768
1550214638 8  P 108497 1460610 0 25345406
1556919745 4  P 127594 1715761 0 25460954
1557591819 13  P 69261 1325599 0 25459456
1559370271 12  P 74002 1303558 0 25498844
1561957127 1  P 230188 1940812 0 25537908
1563468541 5  P 112948 1572009 0 25564864
1564043912 6  P 98830 1597067 0 25580060
1564157045 10  P 93019 1433375 0 25574960
1565589588 8  P 109791 1475340 0 25597299
1567068977 11  P 70971 1314763 0 25619571
1567654314 13  P 69799 1333584 0 25624318
1570159654 7  P 82559 1465717 0 25679870
1570656010 5  P 112995 1578946 0 25682622
1573067828 3  P 116556 1884576 0 25718953
1573453904 10  P 93971 1441826 0 25727281
1580854726 12  P 75021 1321464 0 25850841
1581418613 6  P 99766 1617805 0 25864704
1581561535 4  P 129353 1754081 0 25864677
1583586715 2  P 62306 1504425 0 25885666
1584725183 11  P 72128 1329237 0 25908849
1586511685 9  P 96630 1554612 0 25937022
1586683268 8  P 112808 1497530 0 25942884
1587938627 10  P 94506 1454716 0 25964592
1588010899 12  P 75243 1327816 0 25968088
1588864704 3  P 116771 1897898 0 25977767
1588905391 4  P 129421 1760354 0 25984997
1589015412 5  P 113224 1593979 0 25983419
1590050349 7  P 83020 1486743 0 26005754
1592144587 1  P 232175 1978835 0 26032490
1593785214 1  P 232175 1980059 0 26059369
1594809082 2  P 62950 1515232 0 26069535
1600810529 13  P 70736 1360530 0 26167547
1603057177 6  P 101385 1637368 0 26219207
1604472461 7  P 83594 1499501 0 26242035
1604556131 9  P 97671 1568641 0 26232661
1608358526 4  P 130574 1796274 0 26303714
1609340836 6  P 102308 1644567 0 26322155
1610109139 5  P 113362 1611013 0 26329012
1610797699 10  P 96310 1474584 0 26339119
1612152236 9  P 98436 1576922 0 26357114
1612552301 3  P 117252 1920722 0 26365857
1613998064 13  P 71275 1371188 0 26383608
1620261457 8  P 114970 1530961 0 26493012
1620849503 1  P 236649 2016274 0 26502779
1620912737 11  P 73626 1361626 0 26501739
1621086417 2  P 65247 1545519 0 26500055
1621917159 12  P 76624 1356630 0 26523600
1626233472 4  P 132641 1821018 0 26662048
1628573376 12  P 76650 1362161 0 26632655
1628745774 8  P 115527 1539135 0 26632018
1633536109 1  P 238048 2030601 0 26710628
1636528358 6  P 105691 1672652 0 26767587
1638031021 5  P 113444 1633467 0 26786479
1638091744 10  P 97213 1496691 0 26786301
1639708451 3  P 120488 1950133 0 26810773
1639818984 11  P 74144 1377455 0 26811495
1640919926 13  P 72449 1394938 0 26824691
1641258258 2  P 65396 1562705 0 26830552
1641605648 9  P 99768 1602791 0 26839677
1642347051 7  P 84976 1538634 0 26862571
1647340840 6  P 107866 1685755 0 26944734
1647769232 7  P 85064 1543152 0 26951405
1649083530 3  P 121878 1961817 0 26964365
1649248037 13  P 72594 1401583 0 26961137
1650073926 8  P 117257 1560932 0 26981451
1650397064 11  P 75019 1386281 0 26984805
1650870279 12  P 78103 1384500 0 26997961
1654627768 1  P 240160 2057754 0 27056182
1655890388 5  P 114131 1650839 0 27079087
1657374112 4  P 134753 1860429 0 27172255
1659043370 9  P 100397 1620019 0 27125368
1660860118 10  P 98442 1518576 0 27159335
1665117608 2  P 65478 1580818 0 27221462
1665185476 13  P 73064 1413930 0 27222249
1665428350 11  P 75657 1400720 0 27231074
1665901467 12  P 78690 1397264 0 27244229
1666604503 6  P 110440 1711440 0 27260340
1669545920 4  P 134964 1870866 0 27371677
1669956427 7  P 85585 1561040 0 27314918
1672437261 5  P 114186 1664065 0 27350190
1677211372 2  P 65552 1593647 0 27419605
1677808346 8  P 118824 1588336 0 27435779
1681724211 3  P 124451 1994749 0 27499141
1682207086 1  P 243352 2087483 0 27508037
1685324490 9  P 102991 1644157 0 27555957
1685352124 12  P 80004 1413100 0 27562902
1685376155 10  P 100233 1541818 0 27560993
1685670248 13  P 74079 1430816 0 27557864
1686464614 8  P 119060 1597372 0 27577587
1690001019 10  P 101130 1545795 0 27636765
1690405389 4  P 138542 1898371 0 27713436
1693065959 7  P 88497 1588904 0 27693539
1693372500 6  P 113442 1737245 0 27698891
1696633438 2  P 66888 1612150 0 27737802
1697090211 9  P 103414 1654803 0 27748724
1697303416 11  P 78300 1429914 0 27753306
1699161728 3  P 125374 2011399 0 27784831
1702722715 1  P 248172 2122862 0 27844158
1705406000 5  P 114657 1689174 0 27890342
1706826099 13  P 75045 1450021 0 27904475
1709214012 12  P 81782 1435032 0 27953853
1709534643 7  P 91624 1618478 0 27963359
1710075132 6  P 113927 1753453 0 27972539
1711036583 3  P 125750 2025025 0 27979373
1711930235 2  P 68175 1638441 0 27988385
1714925841 1  P 249067 2138785 0 28044143
1717870840 8  P 121982 1626545 0 28092142
1719124934 5  P 116657 1705426 0 28115107
1719716056 10  P 105506 1578672 0 28123594
1720499194 4  P 141217 1937459 0 28206484
1722490863 11  P 78333 1449836 0 28165974
1726465203 9  P 104653 1678297 0 28230000
1726897127 11  P 78366 1453198 0 28238163
1728612804 7  P 94741 1639741 0 28275923
1728954290 10  P 107450 1589063 0 28274950
1732012016 9  P 104978 1683189 0 28320873
1733066493 1  P 251314 2167474 0 28341353
1734248171 8  P 123201 1640972 0 28360468
1735479643 12  P 83086 1454926 0 28384182
1736013706 13  P 76156 1473614 0 28382681
1736514773 4  P 143122 1953572 0 28468880
1736961488 2  P 70063 1670192 0 28398489
1738380586 3  P 125818 2046265 0 28427365
1738475769 5  P 120487 1729354 0 28432137
1740106612 6  P 116079 1790549 0 28464556
1749284617 7  P 96956 1665167 0 28614602
1751810546 13  P 76392 1486323 0 28641492
1751874898 5  P 122072 1740954 0 28651665
1753307735 12  P 83112 1469446 0 28676267
1753887752 6  P 117094 1803658 0 28690343
1754423008 10  P 110632 1621057 0 28692211
1757742717 2  P 71651 1709672 0 28738963
1759319121 11  P 79752 1481598 0 28769360
1761215119 9  P 106145 1707014 0 28799329
1762620869 8  P 124545 1664351 0 28825319
1763389653 4  P 145163 1980380 0 28909191
1764643984 7  P 98067 1678472 0 28866245
1765474088 3  P 125885 2067765 0 28871266
1767160546 1  P 256118 2213645 0 28899942
1769419004 6  P 117690 1817418 0 28944802
1770396013 3  P 125959 2071897 0 28951906
1775219949 10  P 111986 1636706 0 29032942
1775308399 8  P 125323 1674484 0 29033185
1775841854 13  P 78352 1507416 0 29035213
1776182802 12  P 84140 1487575 0 29051043
1778418330 9  P 106821 1721436 0 29081182
1778769574 1  P 256980 2225284 0 29090147
1780273871 2  P 74006 1733583 0 29108096
1780453073 5  P 124895 1771833 0 29119877
1781194003 11  P 80741 1498639 0 29127755
1784935521 4  P 147056 2001589 0 29262194
1786951506 13  P 78518 1516696 0 29217226
1786995893 8  P 125753 1684390 0 29224669
1788198406 12  P 84161 1497116 0 29247906
1789309898 6  P 119618 1837228 0 29270675
1791777635 9  P 107807 1732722 0 29300057
1795160346 1  P 259425 2246851 0 29358688
1795975274 11  P 82256 1510755 0 29369929
1798202261 4  P 147891 2014296 0 29479554
1800148882 2  P 76839 1758680 0 29433722
1801034656 7  P 99477 1709293 0 29462458
1802906175 5  P 127621 1800503 0 29487740
1805255319 3  P 126123 2100030 0 29523038
1806876236 10  P 112644 1662247 0 29551588
1807472151 7  P 99963 1714427 0 29567927
1808506493 11  P 83072 1521426 0 29575240
1810138706 13  P 79563 1534003 0 29597125
1811370928 8  P 127833 1707247 0 29624020
1812672972 10  P 114078 1668873 0 29646560
1818426139 1  P 262982 2274119 0 29739868
1819349085 3  P 126205 2111344 0 29753948
1819467896 4  P 150044 2042165 0 29827967
1820374614 9  P 109382 1756608 0 29768585
1821571376 2  P 80236 1791947 0 29784695
1821739186 6  P 122504 1870541 0 29801982
1822203046 5  P 127696 1821052 0 29803898
1823243072 12  P 85761 1524864 0 29822070
1831544038 6  P 123423 1883247 0 29962616
1835527096 8  P 129540 1733894 0 30019784
1835544941 13  P 80788 1558958 0 30013378
1836670911 4  P 152291 2061578 0 30109816
1838168319 9  P 110521 1773305 0 30060116
1839365829 11  P 85024 1546834 0 30080831
1842144593 1  P 267658 2312469 0 30128471
1843581894 7  P 101188 1748722 0 30159538
1843898975 2  P 81925 1817621 0 30150503
1844589043 12  P 86794 1543873 0 30171795
1845512377 3  P 127775 2145443 0 30182586
1846141824 10  P 116501 1703938 0 30194898
1846468493 5  P 129730 1844847 0 30201458
1847843503 5  P 129833 1848178 0 30223985
1850030426 4  P 154060 2075986 0 30328695
1853373049 13  P 81299 1574181 0 30305471
1853950317 6  P 124805 1906326 0 30329716
1856519402 7  P 103164 1763930 0 30371502
1856863345 1  P 271262 2332218 0 30369616
1857001186 10  P 116830 1713012 0 30372818
1859177389 3  P 128184 2157034 0 30406704
1860256510 11  P 86305 1564585 0 30423098
1860464022 12  P 88180 1557150 0 30431888
1861105309 8  P 131412 1757051 0 30438855
1862445760 2  P 82484 1836316 0 30454372
1864558902 9  P 112027 1807574 0 30492491
1866537707 11  P 86974 1570430 0 30526006
1867133304 2  P 82747 1840983 0 30531172
1870407443 10  P 117246 1722994 0 30592465
1873027163 8  P 133078 1768667 0 30634175
1873354739 12  P 89216 1569786 0 30643084
1879749895 5  P 131362 1882751 0 30746730
1881405286 4  P 156525 2106679 0 30842738
1882175665 7  P 105408 1793025 0 30791848
1883099280 3  P 130504 2183604 0 30798629
1883310540 13  P 82725 1599502 0 30795962
1884278394 6  P 126628 1934110 0 30826609
1885275371 1  P 277111 2378605 0 30835106
1886480797 9  P 112976 1826302 0 30851654
1887667645 8  P 134188 1782007 0 30874031
1888510883 12  P 90252 1583747 0 30891400
1888972567 7  P 105562 1799173 0 30903208
1891012763 6  P 126806 1940046 0 30936944
1891895961 3  P 131171 2194172 0 30942748
1893918381 9  P 113312 1834479 0 30973509
1895095044 10  P 119092 1746879 0 30996936
1895834827 11  P 87695 1595420 0 31006006
1896269927 13  P 83626 1610670 0 31008281
1898211475 2  P 84845 1877195 0 31040352
1898421834 5  P 132990 1904846 0 31052645
1903749033 4  P 159485 2131466 0 31208815
1908779321 13  P 84061 1620229 0 31213233
1908795925 4  P 159924 2136366 0 31291503
1909957444 1  P 281402 2408550 0 31239486
1910350175 11  P 88708 1611213 0 31243828
1910417132 12  P 91423 1602215 0 31250310
1910849206 3  P 132850 2223155 0 31253248
1912859323 5  P 134078 1918221 0 31289186
1913308979 9  P 114155 1852538 0 31291199
1914700334 6  P 127914 1965373 0 31325039
1919003806 7  P 108256 1828877 0 31395236
1919370860 8  P 137095 1821495 0 31393448
1922242643 2  P 85215 1897595 0 31434077
1923957431 1  P 283603 2426808 0 31468849
1925225244 11  P 89251 1627127 0 31487536
1925470013 10  P 121032 1777088 0 31494592
1931808385 8  P 137819 1832011 0 31597220
1932327377 4  P 161917 2173965 0 31677036
1932640515 5  P 135568 1942897 0 31613271
1932785105 7  P 109444 1840711 0 31621026
1933048072 10  P 121745 1784245 0 31618746
1936405463 9  P 115054 1871653 0 31669607
1937965849 6  P 129706 1985738 0 31706215
1939086385 2  P 86017 1913620 0 31710041
1943357466 13  P 85677 1649572 0 31779747
1944495269 12  P 93390 1632702 0 31808623
1944724564 3  P 135508 2274360 0 31808177
1947691519 6  P 131473 1996919 0 31865553
1947756561 11  P 90179 1644315 0 31856682
1951013663 13  P 86112 1655692 0 31905185
1952261980 9  P 116193 1886509 0 31929397
1954094949 10  P 123988 1802511 0 31963574
1954417709 8  P 138813 1849281 0 31967646
1954627719 1  P 286689 2460653 0 31971342
1954874910 5  P 136573 1965882 0 31977549
1955730490 4  P 165118 2202671 0 32060470
1957364693 3  P 136408 2288713 0 32015268
1958024195 2  P 86721 1929923 0 32020312
1960283234 1  P 288233 2471121 0 32063998
1960300743 7  P 110776 1863932 0 32071840
1962608180 12  P 94811 1648929 0 32105384
1966647144 11  P 91197 1660692 0 32166179
1967778334 6  P 132650 2016133 0 32194647
1970437358 5  P 137997 1985520 0 32232511
1971570745 2  P 87167 1941128 0 32242262
1971605264 8  P 139802 1864984 0 32249245
1971739710 3  P 137207 2312390 0 32250783
1971969991 10  P 126286 1821508 0 32256430
1974902634 9  P 116937 1904679 0 32300340
1976208866 4  P 166773 2222424 0 32395985
1980966811 13  P 87094 1682111 0 32395934
1983707059 7  P 111773 1882319 0 32455325
1984401574 12  P 95755 1667153 0 32462445
1986780289 4  P 167133 2231624 0 32569189
1987521024 11  P 92802 1678771 0 32508174
1988512789 6  P 134343 2038187 0 32534355
1989379689 1  P 292561 2509604 0 32540691
1989651536 12  P 95941 1671877 0 32548459
1991980763 9  P 118285 1922347 0 32580146
1996404251 13  P 87966 1697228 0 32648861
1998511558 8  P 141210 1888336 0 32690072
2001395964 3  P 139531 2420511 0 32736617
2002264774 10  P 129161 1850972 0 32752762
2003253939 1  P 295082 2531422 0 32768002
2003863231 7  P 113602 1900442 0 32785547
2004554383 2  P 89700 1971587 0 32782651
2005238193 7  P 113602 1901525 0 32808073
2006484137 5  P 139733 2083179 0 32823094
2007709580 11  P 94017 1696263 0 32838940
2010482419 13  P 89202 1708447 0 32879514
2011339010 12  P 97182 1688789 0 32903780
2011774002 2  P 90733 1984237 0 32900935
2012856039 9  P 118925 1939954 0 32922162
2013667762 8  P 142702 1900932 0 32938387
2016371999 6  P 137252 2067829 0 32990791
2017781016 5  P 139871 2091753 0 33008180
2017802296 3  P 140650 2440718 0 33005384
2019952287 4  P 170497 2274780 0 33112676
2024626233 10  P 130842 1871290 0 33119126
2027652653 9  P 119655 1954364 0 33164586
2030233393 4  P 171118 2285530 0 33281122
2031501148 10  P 131123 1878034 0 33231762
2032553421 11  P 95198 1716719 0 33245979
2033723081 1  P 300425 2570709 0 33267194
2034050514 6  P 139091 2088273 0 33280434
2034481167 13  P 90555 1728800 0 33272707
2034958596 3  P 141751 2461733 0 33286467
2035713989 12  P 99260 1711805 0 33303132
2038055256 2  P 93202 2012303 0 33331518
2040378920 7  P 116356 1937468 0 33383798
2043370896 8  P 143815 1927334 0 33425034
2046375078 5  P 139974 2115222 0 33476662
2047300891 1  P 301932 2585687 0 33489651
2047340294 9  P 119748 1970572 0 33487145
2051827157 4  P 171386 2304484 0 33634913
2053039645 2  P 94426 2026996 0 33577013
2054376142 10  P 133198 1900095 0 33606535
2056718596 5  P 140292 2124613 0 33646129
2056894614 1  P 302832 2597762 0 33646830
2057949056 8  P 144321 1940414 0 33663880
2059256448 11  P 96081 1738656 0 33683473
2061042570 12  P 100160 1731703 0 33718105
2062005395 3  P 143321 2488569 0 33729580
2063160075 7  P 116698 1956567 0 33757037
2063326187 13  P 92513 1753089 0 33745298
2065778309 6  P 142614 2126851 0 33800257
2068323959 6  P 143220 2131912 0 33841950
2069217798 4  P 173031 2322997 0 33919838
2069537667 11  P 96747 1747238 0 33851920
2071691307 7  P 117399 1963527 0 33896813
2075232396 13  P 92513 1762044 0 33940369
2076496437 9  P 121028 1996229 0 33964839
2076527084 8  P 146633 1959771 0 33968254
2078249838 5  P 141715 2147346 0 33998894
2078578533 10  P 136055 1928025 0 34003057
2079573806 12  P 101460 1752624 0 34021692
2085554502 2  P 96734 2063363 0 34109732
2085786617 3  P 145022 2514013 0 34119201
2085905403 4  P 175174 2354774 0 34193244
2086841089 6  P 145499 2162065 0 34145315
2087107408 13  P 93286 1773010 0 34134929
2088128800 7  P 117838 1978434 0 34166121
2089569006 11  P 97206 1762447 0 34180110
2093479203 1  P 308956 2645943 0 34246218
2093683955 9  P 121539 2022683 0 34246438
2096609260 5  P 143104 2166286 0 34299694
2098339521 8  P 148309 1982772 0 34325623
2100742743 2  P 98111 2079191 0 34358571
2103443029 3  P 145570 2533857 0 34408483
2104464436 12  P 102875 1780159 0 34429494
2106767085 10  P 138109 1957076 0 34464885
2107605889 9  P 123041 2038793 0 34474534
2107617699 2  P 99079 2087015 0 34471206
2108063596 10  P 138109 1958096 0 34486127
2108542684 8  P 148349 1990777 0 34492789
2108839412 12  P 102875 1783831 0 34501173
2109856489 6  P 148213 2187862 0 34522391
2110263650 13  P 94560 1791091 0 34514318
2112332121 1  P 311165 2667205 0 34555107
2113350243 11  P 98214 1782595 0 34569736
2114595159 3  P 146064 2545384 0 34591196
2119577252 4  P 177813 2414329 0 34744919
2121379000 1  P 312540 2677298 0 34703326
2122468571 5  P 143776 2189646 0 34723366
2122738187 7  P 118689 2008237 0 34733150
2126745880 8  P 150107 2006916 0 34791025
2128995621 12  P 104564 1799961 0 34831408
2132872251 6  P 149257 2209916 0 34899466
2134310504 13  P 95885 1809226 0 34908298
2134644358 7  P 119234 2027298 0 34928193
2135371783 9  P 125191 2065703 0 34929440
2139584694 11  P 99734 1803335 0 34999556
2142536776 3  P 148737 2578648 0 35048969
2143133728 2  P 104203 2133046 0 35053075
2144858444 4  P 180300 2441514 0 35159125
2145516836 10  P 141991 2002471 0 35099737
2145703011 5  P 145351 2213163 0 35104030
2146508738 2  P 105610 2139133 0 35108370
2146660041 7  P 120574 2042138 0 35125054
2147795907 4  P 180713 2448427 0 35207253
2153281119 5  P 145474 2221518 0 35228189
2154192857 3  P 149412 2589866 0 35239938
2154884302 1  P 318413 2736486 0 35252267
2155841865 13  P 96739 1826452 0 35261063
2156730771 9  P 127626 2089715 0 35279384
2159278282 6  P 150290 2232740 0 35332098
2160027095 8  P 152362 2033672 0 35336295
2161813682 10  P 143550 2017901 0 35366743
2163131104 11  P 100911 1826642 0 35385320
2164697860 12  P 106957 1832645 0 35416346
2167058385 8  P 152839 2040471 0 35451496
2167542514 12  P 106957 1834889 0 35462951
2167989738 3  P 150164 2606950 0 35465962
2168488752 1  P 322174 2756047 0 35475156
2171329218 10  P 144992 2027528 0 35522642
2173123018 13  P 98076 1840042 0 35544197
2174312489 5  P 147991 2248934 0 35572756
2178866353 11  P 101833 1839218 0 35643124
2180262684 6  P 150330 2251503 0 35675899
2181030549 4  P 184573 2492146 0 35751763
2182753535 2  P 110036 2180930 0 35702190
2183191202 7  P 125878 2101454 0 35723521
2185769409 7  P 126599 2104912 0 35765761
2186105727 9  P 129973 2126928 0 35760659
2186198954 8  P 153978 2058213 0 35765090
2187377820 1  P 326074 2781913 0 35784639
2188243496 2  P 110062 2185509 0 35792134
2192798037 10  P 145869 2046727 0 35874382
2193716754 13  P 98810 1856347 0 35881603
2194012009 9  P 130256 2133530 0 35890195
2194434512 6  P 150376 2263326 0 35908089
2197078393 5  P 150324 2273837 0 35945545
2197082122 1  P 327367 2792584 0 35943633
2200868280 12  P 109901 1863837 0 36008951
2202147569 11  P 103530 1860232 0 36024559
2203202350 4  P 186468 2523983 0 36115022
2204927314 3  P 151365 2641897 0 36071138
2207904632 13  P 100106 1868932 0 36114045
2209504110 7  P 129275 2132631 0 36154630
2210124882 5  P 151975 2287582 0 36159301
2210631868 11  P 104111 1867222 0 36163563
2215118062 2  P 111619 2212301 0 36232447
2215376265 10  P 147468 2066826 0 36244292
2216943230 3  P 151974 2655636 0 36267995
2218061542 4  P 187644 2538774 0 36358475
2218495906 8  P 155885 2086196 0 36294296
2220051019 1  P 331181 2822254 0 36319953
2222642765 12  P 110483 1882477 0 36365704
2223090178 9  P 131536 2157525 0 36366603
2223653273 6  P 150493 2286996 0 36386808
2225810935 13  P 100482 1883983 0 36407421
2227965145 9  P 131852 2162214 0 36446470
2234683326 8  P 158194 2101516 0 36559509
2235032379 10  P 148974 2089648 0 36566330
2235378871 7  P 131845 2162549 0 36578542
2235622003 6  P 150582 2296482 0 36582898
2235897563 11  P 104871 1888021 0 36577510
2243359521 5  P 156482 2325161 0 36703807
2243386403 12  P 111632 1900274 0 36705567
2244633767 2  P 114953 2243139 0 36716023
2244639790 4  P 192192 2576613 0 36793930
2245895986 3  P 152767 2683250 0 36742355
2246160097 7  P 132200 2172183 0 36755177
2248340768 6  P 150671 2306371 0 36791280
2251686813 4  P 192762 2587146 0 36909387
2251875253 5  P 157488 2334332 0 36843329
2252167600 12  P 111875 1907698 0 36849435
2253245843 8  P 158954 2119345 0 36863632
2253930728 2  P 116818 2255915 0 36868340
2255381895 11  P 106342 1904306 0 36896737
2255753993 1  P 335647 2862650 0 36904905
2257438817 10  P 150683 2110194 0 36933420
2260605201 3  P 154661 2699210 0 36983347
2260996435 9  P 133126 2193640 0 36987646
2263889135 13  P 101781 1914125 0 37031288
2267806226 9  P 133697 2199440 0 37099213
2268363174 7  P 133475 2193384 0 37118943
2271042531 12  P 113044 1923529 0 37158680
2271048616 1  P 338395 2883070 0 37155481
2271389754 4  P 194086 2607718 0 37232196
2272247020 6  P 152991 2332223 0 37182957
2272868139 2  P 118131 2274470 0 37178608
2273873456 13  P 102342 1922112 0 37194869
2274069476 11  P 106605 1919589 0 37202911
2278614733 3  P 156083 2727146 0 37278382
2280499886 5  P 159505 2369468 0 37312305
2281705879 8  P 159676 2142929 0 37329914
2286032448 10  P 153238 2138166 0 37401896
2287910322 7  P 134308 2211059 0 37439192
2288060132 13  P 103809 1934285 0 37427300
2288629922 1  P 342764 2912974 0 37443529
2290684658 6  P 155943 2362458 0 37485031
2291880461 3  P 157319 2740134 0 37495726
2292980702 9  P 135096 2219869 0 37511666
2293390547 5  P 159947 2386106 0 37523496
2294188735 10  P 153993 2146995 0 37535528
2294339607 8  P 159828 2152700 0 37536903
2300585051 11  P 109612 1942818 0 37637336
2301571639 2  P 121205 2303936 0 37648875
2302202245 4  P 198135 2672558 0 37737022
2304558232 12  P 114628 1950484 0 37707791
2305639047 13  P 104845 1949301 0 37715312
2306572102 1  P 345999 2946875 0 37737460
2307733572 4  P 198259 2681015 0 37827645
2312168235 9  P 135921 2239998 0 37826028
2312956828 7  P 134984 2231323 0 37849551
2314618089 2  P 121813 2315496 0 37862624
2314819441 11  P 110365 1954264 0 37870548
2317011361 12  P 115678 1960668 0 37911818
2317094987 10  P 155560 2167113 0 37910817
2317419295 3  P 159799 2774840 0 37914137
2318281025 5  P 160417 2406956 0 37931301
2320559678 6  P 159104 2396994 0 37974485
2324306427 8  P 161849 2177255 0 38027864
2326941507 1  P 348862 2969183 0 38071184
2327310947 13  P 106039 1966043 0 38070376
2330124078 4  P 199586 2701863 0 38194487
2330663166 11  P 111120 1966578 0 38130127
2330730059 12  P 117645 1972945 0 38136582
2330925768 7  P 135957 2247144 0 38143945
2331161600 3  P 160642 2787905 0 38139288
2335089665 8  P 162527 2186135 0 38204529
2335700270 6  P 159566 2411499 0 38222543
2339543313 9  P 138119 2264260 0 38274538
2343629751 1  P 351707 2997194 0 38344598
2344555892 2  P 123546 2343632 0 38353115
2345210048 11  P 112050 1978955 0 38368459
2345453272 10  P 157520 2190477 0 38375433
2347249786 5  P 160611 2431027 0 38405919
2347852579 2  P 123546 2346488 0 38407130
2348833534 3  P 161499 2812644 0 38428789
2349543937 6  P 160522 2428301 0 38449355
2354870859 8  P 165833 2206507 0 38528621
2356968524 5  P 160686 2443785 0 38565148
2357685959 13  P 107985 1990626 0 38568034
2358251116 10  P 158074 2201720 0 38585106
2358316352 7  P 139936 2279926 0 38592708
2358683213 12  P 119339 2004681 0 38594557
2358811567 4  P 200932 2732589 0 38664500
2359510129 1  P 356129 3025559 0 38604766
2364496458 9  P 141277 2287881 0 38683367
2367747013 6  P 161340 2444944 0 38747592
2369257030 11  P 112544 1997705 0 38762436
2369889690 4  P 201396 2742446 0 38846003
2370857788 13  P 109058 2003279 0 38783835
2373437274 5  P 160719 2457940 0 38834969
2374804852 2  P 127592 2377657 0 38848707
2377089417 12  P 120726 2019537 0 38896123
2380850083 7  P 142224 2306284 0 38961891
2381581341 9  P 143642 2307718 0 38963280
2382114833 3  P 162587 2851176 0 38974060
2383042817 8  P 166543 2230136 0 38990186
2387829286 10  P 158986 2225600 0 39069707
2388152647 9  P 144214 2315272 0 39070944
2389529680 13  P 109927 2018756 0 39089752
2389604988 1  P 359792 3076229 0 39097830
2389731842 11  P 113551 2014417 0 39097888
2389915100 2  P 129147 2398960 0 39096268
2392860506 10  P 159601 2229846 0 39152137
2393589679 8  P 167074 2237755 0 39162982
2393630445 3  P 163034 2864922 0 39162724
2393863196 7  P 142909 2318611 0 39175092
2396651980 12  P 122204 2035958 0 39216635
2397186592 4  P 202320 2770121 0 39293234
