248111387 7  P 3691 194479 0 4019687
249370379 6  P 3082 196146 0 4040936
249528689 4  P 7730 203555 0 4040950
250697160 8  P 6683 191622 0 4054509
252702504 10  P 6968 196407 0 4088538
253697708 9  P 5789 198848 0 4100585
262267988 1  P 5507 219563 0 4244466
265728177 12  P 4927 205016 0 4304106
266051901 11  P 4324 205565 0 4304098
266340313 13  P 4801 205944 0 4304101
279597479 3  P 7074 234758 0 4528096
279826552 5  P 7303 227478 0 4534233
280007063 2  P 3029 221571 0 4528109
286853460 1  P 7971 251815 0 4647262
289989428 11  P 4550 226018 0 4696290
290823422 6  P 4560 229064 0 4720100
290982152 4  P 10238 238709 0 4720112
291802827 2  P 4258 233490 0 4721370
298884638 8  P 6848 229964 0 4844009
301603961 9  P 7977 238341 0 4885476
302916626 3  P 8872 260679 0 4910136
303743829 12  P 5215 235795 0 4926951
304422059 7  P 7378 245630 0 4942261
307982635 5  P 8921 253352 0 4995542
309074768 13  P 5919 239896 0 5004257
314484276 10  P 11290 256706 0 5100748
326889197 5  P 11622 274039 0 5305296
332785403 3  P 11365 293171 0 5399485
333169658 4  P 10502 273956 0 5411307
335790910 8  P 8160 260228 0 5448674
339182824 6  P 5443 266476 0 5512409
339220831 7  P 9543 277106 0 5512402
343309131 13  P 6512 267067 0 5565147
348387681 10  P 13451 284424 0 5656205
348462572 12  P 5247 270643 0 5659613
348786337 11  P 5313 272570 0 5659616
349620142 9  P 11317 277121 0 5672156
359955818 1  P 15223 331246 0 5844940
360382007 2  P 7080 300248 0 5844963
365369043 8  P 8814 282555 0 5933273
369846475 1  P 17199 343278 0 6006984
371730971 13  P 7120 298330 0 6030780
375639240 5  P 17778 322833 0 6104001
375847968 3  P 16372 354204 0 6104977
382458346 11  P 6844 301225 0 6211295
383303927 2  P 7252 319127 0 6220513
387931383 12  P 6321 301988 0 6306261
390151769 6  P 9237 313253 0 6347471
391109171 10  P 14853 321108 0 6356148
394939034 7  P 11664 326711 0 6425276
399279098 4  P 13660 346213 0 6494421
400791933 9  P 14814 323614 0 6510540
405667581 6  P 10001 327301 0 6601671
410817575 11  P 7946 325259 0 6675921
413701636 5  P 19220 355058 0 6727594
413853840 8  P 11321 323340 0 6727635
419478241 12  P 7279 325640 0 6823123
422077944 10  P 16021 346049 0 6863535
422853645 1  P 26426 408556 0 6875424
423167164 9  P 15752 341970 0 6877130
428247891 4  P 15736 375344 0 6969041
431147788 2  P 7683 357575 0 7004387
433018199 7  P 13527 364292 0 7049163
438051140 3  P 24897 430884 0 7124038
440027901 13  P 9248 355153 0 7149745
445919713 4  P 16684 395279 0 7258571
446192558 11  P 9009 352582 0 7255502
452238559 3  P 26492 455540 0 7356424
452276230 9  P 17451 365138 0 7354050
453393140 7  P 15252 384446 0 7382982
456197588 8  P 14309 361158 0 7421382
459293899 13  P 10644 372234 0 7465388
460085115 2  P 8288 380695 0 7478495
464783958 1  P 35488 464433 0 7562381
466009867 12  P 8698 363038 0 7585483
469390412 10  P 17886 382749 0 7638689
478076716 5  P 20706 408881 0 7782305
478136518 6  P 15205 391996 0 7788975
486832242 3  P 30207 499167 0 7923176
487916931 9  P 18727 394462 0 7937984
493132027 2  P 8893 408469 0 8019933
495588044 12  P 10422 387466 0 8070090
495736824 7  P 15986 420235 0 8076740
496200148 13  P 12421 405364 0 8070054
498763444 4  P 19152 442645 0 8124349
504232916 5  P 21120 430312 0 8210832
505667784 6  P 16069 416280 0 8240037
508143356 1  P 40652 510155 0 8272760
508380630 11  P 10488 401597 0 8274375
519281151 10  P 20902 426095 0 8456075
520869568 8  P 20676 423868 0 8480956
530653235 13  P 14466 434275 0 8634526
531873521 5  P 22133 463297 0 8663678
533175981 3  P 34341 560522 0 8682394
538932483 9  P 21343 435051 0 8773815
541689949 7  P 17254 460037 0 8829634
541904084 4  P 21111 478388 0 8831161
544942939 11  P 11628 430443 0 8873407
548362142 1  P 46074 559474 0 8931684
549744575 8  P 23477 461191 0 8954035
554960558 2  P 11455 463323 0 9032918
557244393 12  P 12569 435102 0 9080253
559261653 6  P 17608 459364 0 9118111
560343553 10  P 22510 459181 0 9128831
564103869 8  P 24439 474336 0 9189291
564396104 11  P 12328 446537 0 9192125
564684490 13  P 15385 460618 0 9192086
565245728 6  P 17872 464409 0 9216156
565987437 5  P 25161 497220 0 9222588
566870061 9  P 22807 458493 0 9231537
570518070 7  P 18921 486441 0 9301949
571611415 1  P 50180 591264 0 9312583
571754113 3  P 37340 613215 0 9314419
572096409 4  P 24301 512371 0 9325822
573650538 12  P 13576 449121 0 9349048
586492317 2  P 15532 505822 0 9549526
602718607 10  P 25130 495083 0 9823092
604562249 10  P 25678 496390 0 9853298
604682507 9  P 25065 497108 0 9851037
612838248 8  P 28393 526743 0 9987734
614739143 2  P 16997 539717 0 10012315
616606871 13  P 15914 501728 0 10042767
621817034 3  P 42432 676723 0 10134591
622346926 1  P 57191 650005 0 10143809
622674792 7  P 20767 535340 0 10156471
624505881 11  P 14261 492197 0 10176941
630098985 4  P 27362 568043 0 10276124
633464893 6  P 21167 526458 0 10333824
634916650 12  P 15488 498684 0 10352818
640280197 5  P 28271 564913 0 10439769
644679759 2  P 21435 577417 0 10502858
646433020 9  P 29096 540885 0 10535062
649412182 11  P 15427 511164 0 10584994
650400922 12  P 15662 511048 0 10606510
653362558 7  P 22760 564651 0 10659243
653451334 4  P 27414 595072 0 10658728
659815615 1  P 61709 690724 0 10757689
665997811 13  P 21011 557349 0 10851960
666879538 3  P 44449 715851 0 10872882
672952176 5  P 28620 591093 0 10975049
672980575 6  P 21396 558538 0 10981243
673229325 8  P 31350 579832 0 10977166
681843959 10  P 32013 581362 0 11119457
684342682 5  P 28955 603753 0 11161663
684860038 7  P 28256 608231 0 11175281
690775889 12  P 16356 544068 0 11268004
692148240 9  P 32838 582858 0 11284053
694102158 1  P 65826 739361 0 11319431
698953356 10  P 32676 595270 0 11399774
699318432 11  P 18443 557594 0 11402645
706669756 2  P 30133 645443 0 11518492
709254515 3  P 46284 758584 0 11567128
710153690 13  P 24219 602011 0 11575398
711168033 6  P 21448 588486 0 11606898
717404627 4  P 31645 665168 0 11706529
719932409 8  P 33671 631175 0 11742328
724386793 6  P 21488 599251 0 11823474
728607736 4  P 32474 674955 0 11890080
732909411 1  P 70477 782121 0 11955243
738942036 3  P 46917 786089 0 12053521
743505893 11  P 19453 592950 0 12126604
743539096 2  P 32397 678930 0 12122555
746594162 10  P 33772 632744 0 12180316
749195494 9  P 36019 633182 0 12218705
752311459 5  P 29114 657839 0 12275254
752893557 7  P 37630 681910 0 12289934
758059947 13  P 26408 642478 0 12360282
759150953 12  P 20211 608670 0 12388249
762135544 8  P 35167 667966 0 12433776
764815362 7  P 37768 692051 0 12485260
785030193 5  P 29286 684111 0 12811316
790115273 11  P 20598 629951 0 12890243
790148466 2  P 35063 722348 0 12886189
791669292 13  P 27086 669092 0 12910935
794281417 10  P 34450 671934 0 12961619
796811082 4  P 37100 741158 0 13007505
797308695 6  P 26515 673761 0 13018186
797620230 8  P 36313 695011 0 13015144
799753272 1  P 79162 854395 0 13050399
800307217 12  P 20841 641418 0 13062550
802386264 9  P 38847 679877 0 13090174
802707636 3  P 48450 848453 0 13098243
808717655 5  P 29902 702823 0 13199405
810831250 1  P 79646 864695 0 13231901
820146492 11  P 21151 652531 0 13382258
823104548 8  P 37735 715562 0 13432670
824341948 4  P 38963 767350 0 13458574
825575530 13  P 29066 696816 0 13466451
828265866 10  P 34921 698061 0 13518414
828424741 7  P 40282 748152 0 13527424
835917458 9  P 40931 707790 0 13639539
838004517 3  P 49026 877640 0 13676538
841010326 12  P 22215 674411 0 13729423
841617325 2  P 37524 772001 0 13729443
843105582 6  P 28667 722209 0 13768492
843343947 10  P 37039 713921 0 13765448
843900881 12  P 22736 676578 0 13776778
846045928 5  P 31987 737678 0 13810980
846668388 13  P 30286 720791 0 13812033
851447975 8  P 40946 744179 0 13897045
860387156 6  P 29805 736190 0 14051620
861784403 1  P 88702 929302 0 14066704
863692380 3  P 51219 916387 0 14097384
873726617 2  P 38819 798720 0 14255510
873927805 11  P 22595 693392 0 14263398
878292391 9  P 42805 762623 0 14333791
878471754 7  P 43923 797516 0 14347383
878795131 4  P 45408 825575 0 14350731
883865235 11  P 22788 701462 0 14426213
884339229 9  P 43418 767460 0 14432861
889010575 8  P 45273 789681 0 14512463
891248946 5  P 33187 779931 0 14551576
892166512 12  P 25687 719501 0 14567559
892371090 3  P 52352 941357 0 14567246
893617215 2  P 39394 814925 0 14581395
900126953 1  P 94523 976698 0 14694894
906761831 6  P 30323 772801 0 14811422
914187743 10  P 41781 800979 0 14926122
915748243 4  P 48639 862517 0 14956170
917284154 7  P 46298 834491 0 14983282
917466323 13  P 39069 789703 0 14971977
923960944 2  P 39637 839690 0 15078546
928650930 12  P 27696 752990 0 15165311
933518449 11  P 28467 758829 0 15239708
934410767 3  P 53969 976328 0 15256003
934682896 9  P 46967 810351 0 15257676
934858337 5  P 33416 814836 0 15266061
945573111 8  P 51652 846631 0 15439168
946234598 10  P 44714 897712 0 15451165
947096674 7  P 47638 863623 0 15471725
951627781 1  P 100017 1044297 0 15538659
953123194 4  P 49768 894461 0 15568519
954449266 6  P 30846 810584 0 15592728
954763122 13  P 41044 818530 0 15583043
969177789 11  P 30200 793331 0 15823950
973354318 8  P 54781 873850 0 15894325
979072809 12  P 29880 795854 0 15991413
983342054 4  P 50003 919618 0 16063623
985898474 2  P 39880 890181 0 16093329
986057970 9  P 48724 853875 0 16099399
986091187 13  P 43300 847520 0 16096316
986503012 7  P 50919 905254 0 16117354
989628960 1  P 105025 1091421 0 16161247
992739427 3  P 59637 1035523 0 16211620
993418177 6  P 31368 841232 0 16231188
999640853 10  P 47604 939781 0 16326155
999795831 5  P 33957 866103 0 16329984
1007713357 1  P 108405 1113312 0 16457532
1012424787 7  P 53388 930320 0 16542055
1013492191 2  P 40123 912898 0 16545424
1014791540 12  P 31838 826430 0 16576621
1015982170 10  P 48798 953746 0 16593888
1017432908 9  P 50564 879270 0 16613439
1018889551 5  P 34892 883218 0 16642808
1025777411 6  P 31610 867417 0 16761362
1027841241 13  P 45963 883966 0 16780337
1027885551 8  P 57563 916516 0 16787750
1029224684 11  P 33715 846272 0 16807731
1029534116 3  P 64202 1076598 0 16814435
1038029479 4  P 50239 964137 0 16959618
1044927739 11  P 34331 859165 0 17065006
1056791719 8  P 58157 939634 0 17261347
1056925856 1  P 114273 1168145 0 17263806
1058763848 4  P 50474 981130 0 17299329
1058822756 12  P 32893 861662 0 17298024
1060372485 13  P 46647 913097 0 17313323
1068386166 9  P 52864 920885 0 17448247
1069735127 10  P 51666 1002219 0 17474562
1073882835 2  P 41203 963246 0 17534863
1074217837 5  P 38531 934734 0 17549289
1080308635 6  P 33036 913921 0 17654800
1080799883 7  P 55000 988687 0 17662306
1083254960 3  P 71293 1139689 0 17694538
1084263062 13  P 46728 934121 0 17704742
1087969368 10  P 52664 1017352 0 17773303
1089367220 2  P 41446 976413 0 17788559
1094995424 9  P 53506 942653 0 17884214
1095128308 7  P 55603 1001901 0 17897055
1095666615 12  P 32932 890661 0 17901669
1098592841 5  P 39925 961628 0 17948619
1099608038 4  P 50525 1014040 0 17968511
1103199299 6  P 33574 932187 0 18029839
1105146584 3  P 74748 1169387 0 18053194
1109660249 1  P 120590 1242661 0 18127769
1117365293 11  P 34939 916879 0 18251813
1121526177 8  P 58788 990856 0 18321948
1123737681 7  P 56527 1031411 0 18365788
1125591189 13  P 47766 968570 0 18381856
1127698594 9  P 54336 969265 0 18420013
1127873619 4  P 51719 1038595 0 18431612
1131578774 10  P 56896 1061233 0 18487789
1132039538 2  P 41689 1011228 0 18487692
1136379933 3  P 78907 1202453 0 18564908
1147936857 5  P 43490 1005830 0 18757051
1148802819 11  P 37888 945079 0 18766876
1154357950 6  P 35630 979026 0 18868015
1154613368 1  P 124210 1293697 0 18864270
1158448434 8  P 59010 1018734 0 18920580
1158604089 12  P 33922 939553 0 18932829
1167300851 1  P 125523 1308236 0 19072137
1168799939 6  P 36804 1000251 0 19104621
1169307819 8  P 59969 1028388 0 19098501
1171449337 9  P 58210 1008711 0 19136731
1179233688 5  P 43586 1030886 0 19269815
1182258231 2  P 41932 1056358 0 19310473
1185982230 13  P 52546 1023661 0 19371280
1186406940 10  P 58393 1107294 0 19386084
1188135292 12  P 34629 964516 0 19416663
1188392984 3  P 83911 1264615 0 19417052
1188518431 7  P 57771 1092934 0 19427150
1193349665 11  P 39555 982873 0 19496724
1200483014 4  P 51955 1100570 0 19621240
1205277818 6  P 37989 1032029 0 19702272
1206779880 4  P 51981 1105744 0 19724408
1207227003 2  P 41972 1076626 0 19719559
1207339610 9  P 58982 1038926 0 19724754
1209542134 8  P 62610 1075713 0 19753600
1210563162 10  P 59305 1131087 0 19781856
1217497863 13  P 54940 1067968 0 19887612
1219489341 3  P 87805 1305509 0 19926521
1219827538 5  P 43921 1063716 0 19934894
1226050162 7  P 61326 1132098 0 20042061
1228537554 11  P 40378 1011905 0 20073229
1229441511 1  P 134428 1377373 0 20090226
1237604487 12  P 35262 1004410 0 20227153
1244872830 13  P 55908 1090286 0 20336124
1250027073 9  P 59767 1071523 0 20424132
1254293424 6  P 39154 1072833 0 20505336
1255048791 1  P 136416 1402724 0 20509768
1257358000 4  P 52902 1148905 0 20553079
1267938126 10  P 61203 1177458 0 20721880
1270686927 5  P 46956 1107407 0 20768171
1275801812 3  P 90172 1360367 0 20849123
1278256739 11  P 40593 1051720 0 20887817
1280198606 12  P 35758 1038439 0 20925004
1280586369 2  P 41997 1134776 0 20921471
1282378288 7  P 62119 1184706 0 20964937
1283151592 8  P 65085 1143213 0 20959610
1289676897 3  P 91641 1375393 0 21076443
1291378984 1  P 139557 1438713 0 21104993
1295060395 13  P 56150 1130731 0 21158396
1295714590 9  P 60142 1108217 0 21172664
1296983728 5  P 47218 1129174 0 21199017
1302481017 6  P 40115 1113605 0 21294838
1302623644 4  P 54789 1189670 0 21294709
1302633222 2  P 42082 1152750 0 21282684
1303943773 11  P 41244 1072238 0 21308677
1307667140 8  P 66838 1164414 0 21361272
1312870078 12  P 36276 1064179 0 21460296
1313125610 10  P 61902 1213349 0 21462228
1314706530 7  P 64581 1215789 0 21494599
1325117611 2  P 42108 1170617 0 21651063
1327763470 13  P 56861 1156439 0 21694202
1331237743 7  P 65909 1230715 0 21765442
1331912568 11  P 41752 1095359 0 21766912
1335027820 6  P 41461 1145839 0 21828083
1335529929 4  P 55616 1218154 0 21833842
1339679732 8  P 68707 1191729 0 21885758
1346989437 3  P 95961 1443420 0 22015397
1348780667 5  P 48303 1170195 0 22047650
1357776354 12  P 37641 1098387 0 22196035
1358972763 1  P 148119 1517343 0 22212427
1359199361 9  P 62523 1158478 0 22212768
1361313198 10  P 62480 1251960 0 22251729
1365230968 6  P 42576 1174051 0 22322930
1365858743 5  P 50122 1187183 0 22327455
1369635982 8  P 69364 1215592 0 22376553
1370044811 13  P 57779 1188763 0 22386934
1374417691 9  P 62891 1171542 0 22462109
1378510767 12  P 37891 1115201 0 22535746
1379112647 7  P 66887 1270649 0 22549824
1382516273 10  P 62969 1270591 0 22599117
1389145572 3  P 99127 1495650 0 22706050
1391287575 11  P 44303 1142815 0 22739699
1399107995 4  P 60253 1283144 0 22875493
1401675881 1  P 150648 1559785 0 22912064
1402789514 2  P 42160 1233164 0 22923636
1403327615 5  P 52300 1221999 0 22941334
1403434078 6  P 43664 1206337 0 22948846
1403701829 4  P 60362 1287669 0 22950757
1412151347 12  P 37937 1141265 0 23086911
1413398864 2  P 42186 1241954 0 23097460
1415503279 7  P 67046 1300972 0 23146046
1420207127 1  P 151999 1578441 0 23215677
1426740675 11  P 44532 1171029 0 23320556
1427029145 13  P 59931 1236651 0 23320561
1427906865 10  P 63906 1307589 0 23342788
1428433414 9  P 64147 1216358 0 23347092
1430011036 8  P 70844 1265331 0 23365732
1440099106 3  P 101063 1544051 0 23540856
1443202460 5  P 54137 1257352 0 23594631
1443838833 12  P 38427 1165714 0 23606077
1445644608 1  P 154345 1605074 0 23632440
1448594342 10  P 64368 1325778 0 23681729
1451513540 13  P 60434 1255311 0 23721710
1457584510 11  P 44761 1196286 0 23825897
1458896014 3  P 101975 1562431 0 23848815
1460061130 4  P 62089 1344511 0 23878227
1460088592 9  P 66554 1246472 0 23865721
1461824757 6  P 45528 1260047 0 23905510
1468992630 2  P 42212 1287356 0 24008306
1478987655 7  P 67661 1352109 0 24186171
1481167171 8  P 73126 1309764 0 24203870
1487370934 9  P 68187 1271268 0 24312713
1491823208 12  P 38480 1203785 0 24392248
1498672501 10  P 65234 1368232 0 24502205
1499561953 5  P 56958 1307010 0 24518016
1506336372 2  P 42385 1318584 0 24620146
1506870269 8  P 73229 1330617 0 24624982
1510364710 3  P 103855 1610245 0 24692071
1515331382 7  P 67840 1381634 0 24781627
1516521927 11  P 45431 1243425 0 24791517
1519597735 1  P 160520 1683253 0 24844073
1522199715 6  P 47031 1315428 0 24894689
1522372892 13  P 61802 1311182 0 24882668
1522467511 4  P 64435 1400887 0 24900688
1525166963 12  P 38547 1230134 0 24938548
1525327498 5  P 58050 1331591 0 24940150
1530588586 9  P 71137 1316580 0 25020779
1537612784 1  P 162099 1705493 0 25139228
1543545853 4  P 64878 1419398 0 25246028
1546802411 3  P 106129 1646585 0 25289058
1548615677 11  P 45489 1268415 0 25317338
1548732228 13  P 61882 1333942 0 25314536
1551151645 8  P 75032 1375208 0 25350487
1551168468 6  P 47246 1338652 0 25369307
1551610006 10  P 65769 1412573 0 25369524
1558273880 2  P 42411 1359969 0 25471088
1563425170 7  P 68020 1420523 0 25569592
1565190940 7  P 68221 1422301 0 25598519
1566459518 11  P 45754 1282777 0 25609690
1573104675 8  P 76670 1392415 0 25710157
1574141261 10  P 66836 1432323 0 25738666
1578905602 5  P 61897 1382069 0 25817942
1583623633 4  P 65002 1452384 0 25902666
1586324171 9  P 73873 1364873 0 25933934
1593826065 13  P 62387 1369540 0 26053351
1594527969 6  P 49326 1376740 0 26079707
1598380362 3  P 110822 1704523 0 26134084
1599698220 12  P 40280 1290062 0 26159663
1600867782 2  P 42437 1394578 0 26168944
1603496620 6  P 49770 1384887 0 26226649
1603877761 1  P 165618 1770349 0 26224892
1606016195 10  P 69482 1459362 0 26260904
1614442855 3  P 111561 1719334 0 26397241
1614550125 7  P 68422 1461881 0 26407220
1624503962 1  P 168962 1794231 0 26562830
1627671241 5  P 63904 1423712 0 26616904
1628135732 12  P 40809 1311735 0 26625581
1628827072 4  P 68020 1499967 0 26643261
1632479653 8  P 80394 1445450 0 26682949
1633539503 2  P 42726 1421612 0 26704238
1637417760 9  P 78561 1421805 0 26771030
1638131368 11  P 49680 1346677 0 26783934
1643701020 13  P 65745 1414730 0 26870490
1650386502 9  P 78636 1431511 0 26983506
1655324680 6  P 56183 1435559 0 27075785
1655745467 12  P 42264 1333344 0 27077930
1661805507 10  P 74161 1518547 0 27174914
1662193824 11  P 50153 1367014 0 27178166
1665972728 1  P 173159 1837799 0 27242250
1667248568 5  P 65754 1460584 0 27265333
1668544893 13  P 66567 1432997 0 27277528
1673331407 7  P 72143 1516916 0 27370285
1674745344 8  P 82398 1478397 0 27375421
1675873640 4  P 70584 1546135 0 27414063
1676208627 3  P 116269 1780050 0 27409180
1683148880 2  P 42779 1461051 0 27517035
1685120076 12  P 44097 1354862 0 27559202
1689677294 3  P 117704 1793612 0 27629848
1692115815 11  P 53475 1398444 0 27668398
1692191510 1  P 175553 1869563 0 27671812
1695964106 8  P 83941 1494895 0 27723066
1699108014 4  P 70630 1564906 0 27794734
1704742741 2  P 44111 1482628 0 27870824
1706856148 6  P 61505 1494277 0 27920059
1707922539 10  P 76720 1553618 0 27930476
1712261615 9  P 84011 1483629 0 27997239
1712319068 5  P 71367 1513454 0 28003720
1712878304 7  P 76249 1562193 0 28018207
1720951104 13  P 70471 1477021 0 28136141
1728289513 2  P 46171 1506437 0 28256607
1729582114 1  P 178439 1911203 0 28284420
1731100244 11  P 56179 1439266 0 28307078
1734810381 13  P 71409 1491018 0 28363208
1735418503 6  P 63813 1521648 0 28388005
1740542337 8  P 88906 1544774 0 28453416
1740933353 9  P 86455 1506871 0 28466987
1740987713 7  P 77415 1584045 0 28478748
1743349111 3  P 118152 1834998 0 28509195
1745760716 12  P 50906 1412866 0 28552722
1748060365 4  P 71943 1605246 0 28596760
1754718319 5  P 78542 1569641 0 28698369
1763063282 10  P 82596 1604864 0 28833875
1765245140 12  P 51642 1428591 0 28871953
1769483136 4  P 72684 1626313 0 28947746
1770565953 7  P 78183 1605970 0 28963347
1771377781 1  P 182852 1956493 0 28969194
1780388493 13  P 72626 1527001 0 29109954
1784027191 9  P 90202 1554254 0 29173020
1786030764 5  P 83697 1607781 0 29211365
1794746644 6  P 68328 1576111 0 29360013
1800479715 8  P 92596 1594413 0 29435414
1800724101 3  P 123047 1900002 0 29449183
1800898893 2  P 46225 1559698 0 29446214
1801625659 10  P 84539 1635482 0 29465675
1801939842 11  P 63007 1507284 0 29467658
1807195765 2  P 46608 1566161 0 29549381
1808307835 8  P 93166 1599826 0 29563667
1809465570 6  P 69387 1588923 0 29601164
1809545522 4  P 73805 1662445 0 29604116
1812344142 5  P 85742 1632382 0 29642473
1813737740 7  P 79883 1637588 0 29670667
1815708538 3  P 123998 1915369 0 29694682
1823151400 12  P 53042 1478214 0 29820681
1824413889 10  P 87606 1658228 0 29839023
1827347764 1  P 188900 2025674 0 29886196
1829740786 11  P 66171 1535050 0 29923138
1835480312 9  P 94904 1597349 0 30015999
1841309306 13  P 79399 1592809 0 30108059
1846839624 9  P 96402 1605660 0 30202109
1849620422 8  P 96151 1631807 0 30240514
1852637231 6  P 72051 1634253 0 30308470
1853613792 1  P 190879 2050183 0 30316527
1854671248 5  P 86270 1665112 0 30335950
1857773879 2  P 47139 1607931 0 30378049
1860693139 3  P 128302 1966046 0 30431676
1865938372 10  P 92679 1693247 0 30519344
1866350111 11  P 72163 1581568 0 30522926
1867995249 12  P 56242 1515133 0 30555391
1874889309 4  P 78764 1740637 0 30674681
1875591606 13  P 81642 1620269 0 30669722
1876113012 7  P 81156 1683834 0 30692608
1884557561 12  P 57714 1538708 0 30826743
1895776585 8  P 98861 1665563 0 30996724
1897875753 10  P 95477 1722439 0 31042597
1899100202 11  P 77450 1617478 0 31059491
1899347215 7  P 82357 1709459 0 31073267
1914138589 13  P 84454 1658506 0 31301267
1918168305 9  P 100474 1670607 0 31370734
1919015173 5  P 92041 1738518 0 31390140
1920367642 2  P 47446 1659177 0 31403576
1921052323 3  P 132161 2041971 0 31420587
1921123659 4  P 81494 1789945 0 31432181
1922518256 6  P 75708 1696480 0 31453385
1922800848 1  P 197349 2127539 0 31450013
1926648952 2  P 47738 1665120 0 31506489
1938729538 12  P 60916 1584201 0 31714291
1940878982 1  P 198857 2146202 0 31746202
1946654926 4  P 82199 1813275 0 31850485
1947294786 13  P 85539 1686534 0 31844491
1954390018 5  P 92207 1767731 0 31969720
1955411604 3  P 135688 2095710 0 31983486
1957610449 10  P 102064 1778951 0 32021262
1957684557 6  P 78348 1728655 0 32029542
1958128340 7  P 82622 1757152 0 32036333
1959808225 8  P 100739 1715510 0 32045802
1961137008 9  P 103261 1710076 0 32074731
1963162586 11  P 82167 1672893 0 32109073
1963762313 6  P 78348 1733702 0 32129126
1964577476 5  P 92286 1776121 0 32136626
1965091596 13  P 85753 1700553 0 32136073
1966506876 10  P 102447 1786919 0 32167018
1968136987 9  P 103406 1715959 0 32189418
1975537562 11  P 82754 1683009 0 32311823
1975945756 2  P 47904 1709371 0 32314166
1991457482 1  P 204504 2199938 0 32574852
1991667099 12  P 64477 1632719 0 32581611
1995889272 4  P 85393 1867878 0 32657133
1997208536 3  P 140281 2144064 0 32668278
2000175190 7  P 83088 1803859 0 32725222
2001448814 8  P 101150 1748020 0 32728036
2006073223 12  P 64682 1644602 0 32817637
2009770931 3  P 141792 2160725 0 32874097
2010252252 1  P 207634 2220711 0 32882785
2011096995 7  P 83563 1811657 0 32904164
2014284454 13  P 88377 1740887 0 32942045
2025136317 8  P 103650 1774930 0 33116123
2026680122 2  P 48091 1750149 0 33145397
2036172905 10  P 108786 1855570 0 33308405
2038561160 4  P 90549 1919181 0 33356265
2040543149 9  P 105053 1781568 0 33375704
2040959473 11  P 84222 1732552 0 33383674
2041765165 5  P 97180 1867088 0 33401245
2041793459 6  P 83163 1808472 0 33407565
2048410297 1  P 211023 2259028 0 33507959
2049354485 12  P 65690 1680428 0 33526749
2049638504 13  P 89935 1771499 0 33521279
2051249630 4  P 92047 1932643 0 33564150
2057602071 2  P 48534 1775580 0 33652020
2058067925 3  P 143244 2204379 0 33665387
2058940777 7  P 83679 1850257 0 33688036
2059641682 10  P 111313 1890467 0 33692900
2064499789 5  P 100692 1892499 0 33839253
2065746568 6  P 83963 1829566 0 33800011
2065886908 9  P 105519 1803256 0 33790933
2073511373 8  P 104237 1813496 0 33908689
2079881345 11  P 84493 1764697 0 34021362
2085637643 4  P 99591 1979378 0 34127562
2085789512 2  P 48867 1800790 0 34113842
2095878302 7  P 83732 1879861 0 34293219
2099355944 6  P 85511 1859658 0 34350666
2100520983 3  P 144157 2250936 0 34360901
2100995700 8  P 104409 1842936 0 34358984
2101620145 12  P 66369 1727497 0 34383061
2102067579 13  P 92920 1818006 0 34380272
2106249848 5  P 104377 1936568 0 34523282
2109824489 9  P 106133 1841701 0 34510804
2112253995 1  P 218075 2327482 0 34553962
2122860480 10  P 116637 1957382 0 34728651
2124068869 11  P 85008 1800100 0 34745325
2127847754 1  P 218719 2341499 0 34809450
2129735415 10  P 117219 1963650 0 34841289
2134008461 2  P 49326 1839166 0 34903854
2136465314 6  P 86003 1888582 0 34958663
2140925178 7  P 83842 1916302 0 35031266
2143950989 13  P 93240 1851950 0 35066487
2145433260 8  P 105436 1883468 0 35087045
2145621288 9  P 106341 1870079 0 35097297
2145823242 12  P 68060 1766206 0 35107279
2154708564 3  P 145494 2299325 0 35248703
2155328010 5  P 107610 1987328 0 35327371
2155412650 11  P 86066 1825363 0 35258857
2160499041 4  P 107875 2063520 0 35354075
2167156097 5  P 109585 2001241 0 35521161
2177336422 2  P 49568 1875201 0 35613739
2178438598 10  P 119528 2007889 0 35639216
2180550910 1  P 223307 2394594 0 35672937
2187896023 3  P 145645 2325707 0 35792443
2189308807 9  P 106584 1904886 0 35813071
2190409840 7  P 83937 1955572 0 35842016
2196648910 8  P 107601 1924869 0 35926157
2197262243 6  P 86877 1937858 0 35954752
2199872866 13  P 94513 1896654 0 35982705
2200795929 4  P 111671 2104999 0 36014293
2202213873 12  P 68219 1810883 0 36031178
2202787604 11  P 88792 1865896 0 36165984
2204293135 9  P 106623 1916395 0 36058571
2208745733 8  P 108221 1937238 0 36124352
2211081405 7  P 84081 1972056 0 36180700
2212182711 12  P 69150 1821112 0 36194505
2220350120 11  P 89742 1880819 0 36453726
2223092778 4  P 112084 2127729 0 36379596
2226430173 2  P 49796 1915464 0 36418087
2228302309 3  P 148937 2384212 0 36454432
2235669793 13  P 94892 1925454 0 36569193
2238032448 10  P 125937 2072765 0 36615573
2239918474 6  P 92094 1989433 0 36653618
2241234117 5  P 110244 2060942 0 36734845
2243019978 1  P 229991 2460338 0 36696418
2247481014 6  P 92524 1996162 0 36777520
2247809784 13  P 96982 1938548 0 36768088
2248211402 2  P 51570 1935753 0 36774949
2248827945 5  P 110651 2068017 0 36859259
2250577378 4  P 116109 2158798 0 36829898
2253683748 9  P 107067 1955893 0 36867782
2256690926 7  P 85293 2012557 0 36927960
2259172908 10  P 127873 2102191 0 36961926
2262285487 1  P 230722 2480564 0 37012066
2266636351 8  P 109265 1982416 0 37072824
2269943871 11  P 92595 1932559 0 37266261
2276677269 3  P 149096 2422318 0 37246998
2276916997 12  P 71489 1876810 0 37255102
2288559259 6  P 95275 2032699 0 37450537
2289129015 1  P 231525 2505643 0 37451870
2294318851 11  P 94601 1955544 0 37665612
2297565788 7  P 86058 2056407 0 37597643
2299593524 5  P 112927 2113623 0 37690989
2299780402 4  P 119549 2213753 0 37636030
2300161653 3  P 150469 2446223 0 37631759
2302810527 13  P 99591 1986442 0 37669208
2311532337 10  P 133017 2150096 0 37819762
2314371277 9  P 108836 2002491 0 37862076
2318963914 12  P 71616 1910552 0 37943995
2319058206 8  P 113647 2029125 0 37931690
2322758317 2  P 53197 1997240 0 37996324
2326749764 5  P 113525 2134734 0 38135912
2327876016 10  P 134433 2164444 0 38087530
2328449437 9  P 108897 2014182 0 38092732
2329013484 13  P 99785 2007367 0 38098514
2335702189 4  P 121868 2262355 0 38224566
2335739765 3  P 153376 2484698 0 38214654
2340355200 8  P 115364 2053336 0 38280612
2342440827 7  P 86695 2093721 0 38332869
2342871630 6  P 98118 2084091 0 38340371
2347791951 12  P 72507 1935117 0 38416312
2356084510 11  P 98774 2012334 0 38677576
2362180161 2  P 54281 2031723 0 38642209
2363722771 1  P 239287 2590346 0 38673998
2367233414 4  P 124631 2298581 0 38741171
2367512213 6  P 98562 2105035 0 38744080
2371338831 12  P 72610 1954796 0 38802102
2371617650 2  P 54412 2039415 0 38796833
2374266738 10  P 137082 2206102 0 38847580
2384141687 8  P 118896 2097297 0 38997996
2389021941 11  P 99430 2039229 0 39217221
2389909622 7  P 92035 2146729 0 39110592
2391911643 3  P 154976 2540616 0 39134965
2396066501 1  P 242305 2623196 0 39203915
2398480626 9  P 110137 2071215 0 39240116
