249370379 6  P 3082 196146 0 4040936
249528689 4  P 7730 203555 0 4040950
249597410 3  P 3607 202564 0 4036597
249826545 5  P 6121 202294 0 4042723
250007003 2  P 3029 197816 0 4036592
255728193 12  P 4927 196730 0 4140266
256051911 11  P 4324 197142 0 4140258
256340323 13  P 4801 197692 0 4140260
258111515 7  P 3893 206925 0 4183525
262267984 1  P 2717 215074 0 4244461
263697769 9  P 6712 207784 0 4264423
270697151 8  P 6964 208470 0 4382185
272933838 10  P 8246 213873 0 4420003
277626102 1  P 4760 232707 0 4496081
279775395 12  P 5218 216889 0 4534249
279863050 3  P 6419 238077 0 4532451
284556615 8  P 7634 220486 0 4609254
284744698 9  P 8695 232284 0 4609251
285140064 10  P 9635 225560 0 4619989
286491521 2  P 6085 240297 0 4634352
289341579 4  P 10387 268730 0 4693207
290245299 6  P 4942 232797 0 4710625
290951811 5  P 11822 251569 0 4716502
293756624 7  P 6516 241656 0 4767530
294067599 11  P 5274 234794 0 4763098
294356005 13  P 6028 228506 0 4763105
307326834 10  P 10426 249083 0 4983486
309279048 4  P 10994 286275 0 5019859
309955818 1  P 11048 272697 0 5025758
320861432 7  P 7171 265106 0 5211598
323011209 6  P 4982 258046 0 5247449
324603192 12  P 6564 251716 0 5268712
326087792 8  P 9255 255975 0 5289695
326276425 9  P 12928 271777 0 5289691
328347564 3  P 9923 294725 0 5326776
328694930 2  P 10526 283598 0 5325796
330904853 5  P 15866 300699 0 5371079
333020687 11  P 7717 269124 0 5401298
333309083 13  P 7768 263765 0 5401308
336547974 9  P 14391 281216 0 5457979
336749811 10  P 12902 275618 0 5465547
337980942 13  P 8185 268417 0 5477850
338544700 4  P 12547 311831 0 5499342
339120326 6  P 5022 269941 0 5511379
339739471 11  P 7764 278632 0 5511377
341376670 1  P 15406 306921 0 5540547
349399816 8  P 12490 285676 0 5671629
350241926 2  P 11906 306277 0 5678814
353686123 5  P 16883 319859 0 5744325
358150073 12  P 7051 277363 0 5818339
360237005 7  P 12486 306354 0 5856713
360691735 3  P 11156 332461 0 5856665
369126971 11  P 8901 313793 0 5992852
371901382 9  P 17529 313961 0 6037204
372134529 12  P 7979 290410 0 6047457
373198936 3  P 12325 343829 0 6061577
374859349 10  P 15717 312216 0 6089922
375714127 6  P 5062 298147 0 6110926
376773072 2  P 13173 334959 0 6113493
378712342 7  P 16116 330569 0 6159401
379842390 5  P 19227 345139 0 6172862
384830851 1  P 20370 351104 0 6252486
385747849 4  P 14533 356523 0 6272710
389010470 8  P 13728 317660 0 6320600
393668563 13  P 9959 312936 0 6390229
395911428 11  P 9978 336325 0 6431683
396691638 2  P 16604 359287 0 6439826
398578011 10  P 18303 334285 0 6478527
398681316 12  P 9928 319292 0 6482390
400721358 7  P 16431 350184 0 6519990
402214239 9  P 19901 343653 0 6533837
402559582 13  P 11039 319308 0 6535891
404946648 5  P 20475 366435 0 6584162
408519699 3  P 12421 371626 0 6640265
413138663 4  P 15917 379971 0 6721472
413346475 1  P 23809 393792 0 6719684
415589691 6  P 10270 344816 0 6764221
420603897 8  P 16915 347595 0 6838219
425489836 11  P 11202 369230 0 6916282
425587987 12  P 10977 341660 0 6923214
425596267 7  P 17903 371870 0 6927527
426160304 3  P 12524 386000 0 6929285
428201623 5  P 21125 386125 0 6965169
429531113 10  P 20575 361172 0 6985654
429932586 9  P 21538 367464 0 6987971
437808381 6  P 12109 366034 0 7128240
437966621 4  P 18683 417017 0 7128249
444622047 13  P 14211 358089 0 7225033
444668582 2  P 21631 434324 0 7225862
445690300 1  P 27690 428962 0 7249600
450869447 8  P 19257 372363 0 7334080
458944902 2  P 22846 451483 0 7459763
460906205 10  P 22158 387808 0 7499698
461564981 7  P 18762 401734 0 7516834
463935268 4  P 21245 452682 0 7553714
468103897 12  P 12841 374193 0 7619788
468427347 11  P 11686 402362 0 7619764
469629171 3  P 12626 423518 0 7641470
471186128 5  P 24179 433792 0 7669417
473728989 8  P 21475 398049 0 7708610
475292123 13  P 15508 389183 0 7727525
476807679 9  P 23592 406351 0 7755962
478511463 6  P 15593 407209 0 7795089
479142487 1  P 33205 476305 0 7797678
485440098 7  P 20792 429559 0 7907980
487495868 6  P 16678 416963 0 7942286
488820054 2  P 27106 491411 0 7949228
489951752 5  P 24674 450510 0 7976869
490338173 12  P 13745 397476 0 7984068
490661808 11  P 12365 420061 0 7984049
495419013 13  P 16057 405385 0 8057279
504140545 10  P 26005 432766 0 8208022
504353929 8  P 24521 429238 0 8210358
510238689 3  P 12728 456083 0 8306814
510263661 4  P 26993 519029 0 8312733
510530154 1  P 39125 519650 0 8311930
512979471 9  P 26256 446799 0 8348587
514505576 11  P 15291 443232 0 8374695
514823169 9  P 26256 448431 0 8378794
515994253 12  P 15209 417335 0 8404414
518823942 6  P 20778 456382 0 8455539
522232169 4  P 28390 533174 0 8508821
523640565 10  P 26835 449447 0 8527505
530049443 7  P 24645 471162 0 8638846
532596477 1  P 41948 543648 0 8673464
535416402 8  P 26539 452968 0 8719278
536826623 5  P 26352 489558 0 8744855
537832288 3  P 13190 479130 0 8758904
540434660 13  P 18659 447999 0 8794805
542208430 2  P 34777 565433 0 8823926
545113471 3  P 13375 485487 0 8878196
547190210 7  P 25446 485934 0 8919670
549068121 11  P 17623 470544 0 8940954
550606505 13  P 18706 457595 0 8961456
553612168 1  P 43815 564442 0 9017782
555214598 6  P 22699 487724 0 9051749
556289046 2  P 36553 580786 0 9054611
561791369 8  P 27445 474719 0 9151405
563341562 4  P 28569 566302 0 9182354
563500017 10  P 29103 483695 0 9180547
563587996 9  P 28906 490892 0 9177746
565556767 12  P 16674 455206 0 9216436
571420558 5  P 29585 525831 0 9311634
578768366 1  P 48381 594330 0 9429941
578882534 2  P 41545 609483 0 9424782
580529068 4  P 28748 584713 0 9463954
581707225 3  P 13477 519974 0 9477743
582578341 10  P 29636 498855 0 9493121
583279832 5  P 30502 537641 0 9505935
583971182 7  P 25756 518336 0 9522278
585458730 11  P 20215 499827 0 9537169
589221729 8  P 29567 498899 0 9600822
597463117 12  P 18702 481452 0 9739178
599184607 13  P 20498 495542 0 9757351
601371025 6  P 24285 530551 0 9807956
601792232 9  P 31656 524678 0 9803671
606050985 3  P 13579 539549 0 9876588
606057977 9  P 31656 528130 0 9873564
613028390 13  P 21061 506597 0 9984166
613784539 6  P 26556 548349 0 10011320
619276306 8  P 33697 544266 0 10093178
622846714 7  P 27293 553958 0 10159194
623514746 5  P 31581 572017 0 10165130
623525973 12  P 20878 504268 0 10166182
623677968 11  P 21825 531969 0 10163342
625237551 1  P 55006 646295 0 10191279
625804262 2  P 50987 674957 0 10193507
628248227 4  P 29359 623950 0 10245776
630594539 10  P 32636 537048 0 10279797
639055021 2  P 53098 689609 0 10410603
642145129 3  P 13682 568069 0 10467945
642933142 9  P 33905 556839 0 10477710
643291618 12  P 22151 521443 0 10490019
644024475 8  P 35523 567558 0 10498644
645575691 13  P 22397 534519 0 10517402
649982557 4  P 29835 642713 0 10601872
652689326 7  P 29557 587437 0 10648128
653045909 5  P 32942 597512 0 10648963
655941250 6  P 30357 587563 0 10701992
662797308 10  P 34028 566388 0 10807407
662943605 11  P 23166 562985 0 10806657
664995518 9  P 36682 578924 0 10839172
666062245 13  P 23433 553529 0 10853051
666126947 1  P 60196 698056 0 10861208
672124067 5  P 33101 613269 0 10961538
673129201 1  P 61170 707744 0 10975933
673148598 2  P 56129 724261 0 10969187
682768652 7  P 30517 617588 0 11140936
683104195 12  P 24840 553860 0 11142302
683560567 11  P 24279 578966 0 11144438
683763996 4  P 34413 690324 0 11155334
683886992 6  P 33319 617558 0 11159836
685567019 3  P 13784 603211 0 11179352
688651428 8  P 36929 611474 0 11229780
689703452 10  P 36054 602009 0 11248214
693732568 4  P 35698 701222 0 11318659
703060085 13  P 26070 586559 0 11459213
706112366 7  P 33085 644746 0 11523392
706780248 5  P 34101 643079 0 11529339
707230595 6  P 34845 654162 0 11542268
709072935 12  P 26293 574636 0 11567768
711219083 10  P 37063 619775 0 11600719
712351761 2  P 59958 764698 0 11611483
713682453 8  P 38745 648677 0 11639887
714162334 11  P 24574 609173 0 11645763
715754645 3  P 15449 631505 0 11673915
718370608 9  P 40625 643962 0 11713635
723690715 1  P 72367 771093 0 11804320
726874066 5  P 34752 659507 0 11858548
727209150 11  P 25962 619733 0 11859520
727846485 3  P 16638 643898 0 11872020
733971712 7  P 37865 676425 0 11979836
734791708 12  P 28057 594747 0 11989138
734922231 10  P 37854 638583 0 11989067
735109049 1  P 74847 791497 0 11991387
736757879 2  P 61954 792002 0 12011347
737607592 4  P 39428 755325 0 12037501
740216317 13  P 29482 621667 0 12067977
740401295 8  P 41315 679697 0 12077638
752526849 9  P 42050 669484 0 12273243
752793013 6  P 36103 699051 0 12288745
756396650 11  P 28477 646342 0 12337721
756463573 12  P 28524 611225 0 12344206
763935063 13  P 31228 642894 0 12456579
765332818 3  P 20016 690138 0 12486158
766648480 2  P 62154 816243 0 12501073
766901788 9  P 43879 683040 0 12508755
767550008 1  P 80000 836806 0 12522878
772607747 4  P 46893 806325 0 12610933
776643075 6  P 39500 732561 0 12679473
778346744 7  P 41144 718052 0 12706865
779249005 5  P 36514 706520 0 12716642
781062843 10  P 40717 678380 0 12745020
782870026 8  P 45756 725791 0 12773431
787026200 8  P 46873 730223 0 12841526
791879693 3  P 21222 714510 0 12921088
792745557 9  P 45223 702890 0 12932176
793940613 1  P 86029 873657 0 12955243
794115404 11  P 31096 681268 0 12955697
795617242 2  P 62348 839847 0 12975696
796060809 4  P 50654 843282 0 12995175
800573014 12  P 31361 646090 0 13066889
803308776 6  P 40865 755602 0 13116353
806719067 10  P 41880 698432 0 13165365
808810076 13  P 33895 682321 0 13191807
812503028 7  P 43157 751345 0 13266476
813092832 5  P 40517 743270 0 13271123
816386348 9  P 47136 725035 0 13319502
817732708 4  P 53938 870286 0 13350236
823686497 5  P 41238 753713 0 13444685
823878124 7  P 44226 762214 0 13452843
824209192 11  P 33702 708386 0 13448743
825825802 10  P 43435 715631 0 13478384
826987860 1  P 92756 914397 0 13496672
830027393 6  P 42517 777118 0 13554094
832901087 12  P 32689 671872 0 13596546
837976609 2  P 62556 874507 0 13669704
839716360 13  P 35607 707230 0 13698170
839901258 8  P 50784 789984 0 13707816
842442137 3  P 24784 766602 0 13749460
845354333 8  P 51363 795508 0 13797159
848224810 11  P 34685 728878 0 13842211
848825706 13  P 35607 714376 0 13847416
853276153 12  P 33725 690369 0 13930370
853810711 4  P 55708 902976 0 13941327
854015947 10  P 45008 744054 0 13940233
862832714 3  P 26150 786178 0 14083524
863070386 2  P 62778 895290 0 14080840
868261205 9  P 50785 768963 0 14169411
870018511 7  P 46998 811119 0 14208804
871030207 5  P 45958 804332 0 14220337
872824309 6  P 42859 811804 0 14255260
873050437 1  P 102408 975347 0 14251354
876700723 13  P 36691 737074 0 14304117
876992242 2  P 63259 907637 0 14308934
878427954 11  P 35171 755076 0 14337057
880041646 12  P 35382 712973 0 14368891
880902595 6  P 43268 818975 0 14387604
881926459 3  P 27634 806853 0 14396334
886159105 7  P 48252 828958 0 14473249
894776768 9  P 51426 792401 0 14603834
897435701 4  P 59152 958132 0 14656063
899671323 5  P 48708 838323 0 14689572
900359799 10  P 47662 790932 0 14699508
900972710 1  P 106392 1014975 0 14708823
901104404 8  P 55782 863188 0 14710558
906451435 4  P 61329 975948 0 14803774
907947900 12  P 38063 736523 0 14826098
911175820 1  P 107597 1025783 0 14875991
911886034 9  P 52949 806547 0 14884150
913903926 13  P 38841 766494 0 14913589
915711007 2  P 63740 941910 0 14943301
917068993 11  P 37967 786446 0 14970139
920532929 7  P 52903 863451 0 15036423
922886863 6  P 45432 856747 0 15075472
926327111 5  P 50159 864743 0 15126293
929942189 3  P 30467 852803 0 15183001
933750350 10  P 49954 819696 0 15246569
934495027 8  P 56817 888817 0 15257623
934981963 13  P 40412 783479 0 15258928
935842456 4  P 65315 1009846 0 15285305
944473394 3  P 32003 869869 0 15421063
947516028 10  P 50707 832693 0 15472097
950561557 5  P 51385 883443 0 15523335
950995568 9  P 55100 844316 0 15524922
954564289 1  P 117167 1085086 0 15586852
954573211 8  P 59588 910721 0 15586559
955398571 2  P 66972 980320 0 15593532
956365700 11  P 39961 818354 0 15613966
956629627 6  P 49101 910576 0 15628287
958596758 7  P 56638 905233 0 15660055
958666700 12  P 42927 780402 0 15657063
965502883 7  P 56810 912252 0 15773204
966635606 8  P 61584 925029 0 15784186
973859786 10  P 52152 862176 0 15903701
975774076 2  P 69959 1004576 0 15927352
978061263 4  P 70923 1053958 0 15977013
979560474 13  P 44306 820231 0 15989288
980465151 6  P 51133 939187 0 16018791
980599943 11  P 41440 838809 0 16011007
980785843 3  P 34338 912663 0 16015983
981526012 12  P 44224 798125 0 16031586
983636238 9  P 57795 873873 0 16059699
989300854 1  P 123859 1130169 0 16155955
990452206 5  P 54515 929093 0 16176886
996568555 11  P 42232 853613 0 16272634
1005354885 9  P 59360 891614 0 16415533
1008152562 6  P 53984 964840 0 16472414
1008166885 8  P 66216 965285 0 16464624
1009234779 10  P 54381 890624 0 16483279
1010754631 3  P 36252 948689 0 16506985
1014143680 7  P 59252 957061 0 16570132
1016045879 5  P 57850 962542 0 16596206
1016148867 2  P 71753 1049109 0 16588847
1020810283 4  P 75637 1098392 0 16677411
1022885340 12  P 46471 832181 0 16709210
1023622627 13  P 46384 855716 0 16711199
1026347795 1  P 127188 1174346 0 16762920
1029904851 4  P 76261 1108012 0 16826416
1037730771 6  P 55810 997050 0 16957005
1037989070 3  P 39501 984759 0 16953170
1038067883 13  P 47178 867612 0 16947867
1038836415 2  P 72610 1067971 0 16960560
1039609693 10  P 56593 916858 0 16980937
1040092810 5  P 58724 990868 0 16990185
1046769607 1  P 129262 1198102 0 17097502
1048245165 12  P 47063 851718 0 17124693
1049221803 7  P 61069 987230 0 17144849
1050292221 11  P 45216 909249 0 17152836
1051761101 8  P 70077 1023693 0 17178852
1052495537 9  P 61940 938983 0 17187866
1054096758 7  P 61069 991310 0 17224720
1057833133 3  P 40153 1008950 0 17278280
1058968304 5  P 60745 1009108 0 17299429
1061946891 12  P 47871 863678 0 17349186
1066989461 4  P 81624 1173073 0 17434005
1067870589 9  P 62569 951103 0 17439767
1068570783 2  P 72832 1093660 0 17447724
1071902923 6  P 57279 1026301 0 17516870
1074763259 13  P 49088 898660 0 17549081
1079240458 11  P 46503 935109 0 17627120
1079535242 1  P 132818 1234632 0 17634323
1080136015 8  P 71355 1046823 0 17643739
1082625438 10  P 60668 976311 0 17685665
1085448659 9  P 63558 966763 0 17727763
1085708142 3  P 41617 1043736 0 17734971
1092615476 11  P 46786 946471 0 17846254
1098510585 12  P 49125 892850 0 17944138
1099917077 13  P 50143 917457 0 17961192
1103500402 10  P 61699 996439 0 18027676
1103648981 7  P 65089 1037533 0 18036576
1106492667 2  P 73054 1123146 0 18069031
1106889611 4  P 86572 1226115 0 18087719
1107901723 8  P 72245 1069696 0 18098646
1109778023 6  P 58350 1060560 0 18137407
1113936883 5  P 64345 1059071 0 18200025
1114956524 7  P 65878 1048758 0 18221837
1117019850 4  P 89303 1239849 0 18253696
1117643559 1  P 136795 1278486 0 18258684
1119932952 8  P 72397 1079209 0 18295765
1120239384 3  P 42254 1073554 0 18300720
1121936847 5  P 64525 1065338 0 18331093
1126091357 13  P 50953 938957 0 18390031
1128088587 12  P 50099 917801 0 18428736
1128949698 6  P 58411 1076651 0 18451518
1129506045 11  P 48583 977411 0 18450656
1131058540 9  P 66821 1014730 0 18475017
1140735133 10  P 64173 1029968 0 18637717
1141211423 2  P 73276 1151632 0 18637863
1144972699 1  P 141767 1319293 0 18706430
1150445775 2  P 73757 1160117 0 18789159
1152325055 6  P 61371 1106781 0 18834484
1153381039 11  P 49871 996249 0 18841815
1157675836 1  P 142918 1333043 0 18914554
1158463614 12  P 51339 947382 0 18926369
1159391393 5  P 68410 1101952 0 18944735
1161651723 8  P 75459 1114496 0 18979267
1162176811 3  P 46659 1134837 0 18987762
1162782021 10  P 66285 1054705 0 18998914
1163717548 4  P 95972 1313329 0 19018781
1168964829 9  P 71410 1048125 0 19096060
1172878449 7  P 70773 1109976 0 19170819
1173388264 13  P 54276 980748 0 19164938
1175096929 3  P 48273 1152884 0 19199438
1179011626 9  P 72404 1057212 0 19260666
1180753360 7  P 70876 1116182 0 19299840
1183620475 8  P 76867 1133423 0 19339198
1186748735 4  P 97861 1338789 0 19396122
1187227042 2  P 75018 1192513 0 19391779
1187307428 12  P 53696 972463 0 19398941
1187699884 6  P 64035 1142559 0 19414057
1188316457 1  P 146069 1373559 0 19416564
1189422705 10  P 67886 1075326 0 19435389
1192560155 13  P 55646 994997 0 19479047
1201265032 5  P 71732 1141687 0 19630779
1202928326 11  P 53795 1040995 0 19653556
1204447966 12  P 54388 985487 0 19679763
1209141446 10  P 68871 1090297 0 19758458
1209961514 2  P 77339 1215995 0 19764257
1215124557 5  P 73732 1157512 0 19857849
1216628448 7  P 73870 1150341 0 19887610
1218995502 8  P 79656 1167295 0 19918769
1219614337 3  P 52640 1216327 0 19928727
1222877796 1  P 153072 1424143 0 19982799
1222951775 4  P 98865 1368834 0 19989268
1224152299 9  P 78318 1108962 0 20000233
1228404340 13  P 57349 1024448 0 20066303
1229522094 11  P 55762 1063261 0 20089261
1231293639 6  P 66567 1180995 0 20128286
1235633325 2  P 79220 1243239 0 20184862
1236608891 5  P 75705 1177343 0 20209841
1244139239 4  P 99339 1385784 0 20336402
1244813230 10  P 70124 1119373 0 20342891
1245894589 1  P 157163 1455040 0 20359893
1246881443 11  P 57141 1077710 0 20373675
1251779320 13  P 57957 1043394 0 20449273
1252792961 9  P 81936 1139394 0 20469472
1254870711 8  P 81885 1199020 0 20506536
1258456426 7  P 75314 1188378 0 20572920
1259167104 12  P 57674 1029837 0 20576259
1259668613 6  P 68229 1212954 0 20593170
1263677004 3  P 55460 1266175 0 20650606
1265577561 5  P 78485 1221062 0 20684458
1265942559 3  P 55460 1268177 0 20687724
1271100112 11  P 58761 1098944 0 20770459
1272785196 1  P 160262 1484705 0 20800460
1275143896 7  P 75605 1202702 0 20846327
1275828876 10  P 70836 1147747 0 20851041
1279508398 2  P 85375 1295253 0 20903706
1283154274 13  P 59359 1071233 0 20963319
1283182894 8  P 83025 1221094 0 20970401
1284979596 12  P 58859 1063762 0 20999163
1290590107 9  P 86245 1176700 0 21088728
1290730942 6  P 68482 1236061 0 21102087
1291858061 4  P 99554 1425861 0 21118226
1297057840 8  P 84211 1232906 0 21197726
1297948312 12  P 58967 1086155 0 21211640
1303863320 1  P 165265 1522337 0 21309636
1304296265 5  P 81346 1270036 0 21318809
1306727196 2  P 89072 1329234 0 21349655
1311199715 6  P 68746 1253054 0 21437442
1313334816 11  P 59767 1133948 0 21462412
1315592778 4  P 100061 1446442 0 21507088
1316441012 7  P 81220 1268625 0 21522931
1316529269 13  P 61331 1098333 0 21510131
1320360217 10  P 73502 1187296 0 21580637
1320473680 3  P 59746 1333449 0 21581119
1322261627 9  P 89690 1208550 0 21607626
1325885946 8  P 85367 1257069 0 21670039
1329171337 5  P 82221 1297401 0 21726349
1332990711 11  P 60417 1149374 0 21784455
1334235482 10  P 74484 1200247 0 21807962
1336387203 6  P 69780 1272434 0 21850104
1341190280 1  P 171997 1568128 0 21921184
1341904293 13  P 63392 1120070 0 21925871
1343800364 7  P 83656 1295805 0 21971178
1345461506 2  P 93535 1374747 0 21984275
1348745264 12  P 61232 1129318 0 22043882
1352233449 4  P 100276 1476338 0 22107405
1352305820 9  P 91736 1235480 0 22099851
1354801980 3  P 62888 1376266 0 22143535
1357782069 10  P 78336 1224788 0 22193745
1358042117 8  P 85864 1281826 0 22196876
1358787663 11  P 61538 1169527 0 22207103
1362144298 7  P 84778 1312122 0 22271719
1362947868 1  P 175637 1595040 0 22277652
1363702241 4  P 100910 1488086 0 22295310
1364117772 2  P 94534 1391273 0 22289936
1364307694 12  P 62614 1141904 0 22298856
1370458219 3  P 66030 1398670 0 22400035
1370996329 9  P 92348 1249972 0 22406071
1374419866 13  P 65510 1148942 0 22458598
1374793611 6  P 72492 1317060 0 22479329
1379515092 5  P 85051 1344489 0 22551132
1388699080 9  P 93756 1268349 0 22696110
1394905297 4  P 102580 1518047 0 22806540
1397067623 3  P 69744 1439889 0 22835986
1399215411 6  P 74251 1342472 0 22879446
1400414542 2  P 96201 1432086 0 22884603
1401518890 7  P 86096 1347350 0 22916830
1403266774 10  P 80873 1270159 0 22938946
1404729811 8  P 91123 1325923 0 22961797
1405873019 13  P 68277 1176809 0 22973919
1406030653 5  P 86075 1372102 0 22985526
1409682746 12  P 67550 1183868 0 23042275
1409740709 11  P 64364 1210264 0 23041906
1414276535 12  P 67550 1187231 0 23117537
1417201094 13  P 69684 1186500 0 23159512
1418816461 1  P 189880 1671578 0 23192984
1423680136 2  P 96903 1452081 0 23265786
1423714633 9  P 97262 1305749 0 23269793
1426207080 1  P 191417 1680780 0 23314066
1426218210 5  P 87996 1391389 0 23316264
1427813599 10  P 81998 1289862 0 23341117
1430264667 4  P 102888 1547410 0 23385867
1431057912 8  P 92329 1351045 0 23393145
1431324809 6  P 74707 1371607 0 23405519
1431957159 3  P 75444 1484205 0 23407591
1438925363 7  P 88243 1384613 0 23529685
1442480760 11  P 65652 1239902 0 23578313
1447358874 5  P 91727 1417361 0 23662617
1448449091 9  P 99432 1337977 0 23674984
1455475203 11  P 66888 1251744 0 23791211
1457289530 2  P 97667 1482566 0 23816441
1460983474 4  P 103116 1572797 0 23889161
1465979683 12  P 70066 1231180 0 23964628
1467067620 3  P 81076 1532864 0 23982814
1469401731 8  P 95274 1383556 0 24021362
1469782018 10  P 85569 1325404 0 24028719
1470387209 6  P 76166 1405800 0 24045513
1470513600 13  P 73101 1232667 0 24032979
1471300367 7  P 89833 1416527 0 24060113
1473800858 1  P 197613 1735638 0 24093822
1476186962 5  P 93288 1443575 0 24134921
1479418243 9  P 102460 1366315 0 24182367
1480495383 8  P 96073 1392795 0 24203119
1484883284 2  P 97887 1506973 0 24268536
1487246217 3  P 83382 1553098 0 24313406
1497732503 13  P 74604 1253198 0 24478928
1499152911 6  P 76343 1431613 0 24516809
1500678385 11  P 69088 1287852 0 24531800
1500948421 12  P 72334 1258516 0 24537547
1501218330 10  P 86520 1350276 0 24543770
1501659699 7  P 93746 1449463 0 24557519
1502671292 4  P 103546 1607665 0 24572167
1504182576 1  P 203801 1775173 0 24591581
1507639672 4  P 103761 1612117 0 24653575
1515723681 3  P 85838 1586936 0 24779924
1515918467 6  P 76563 1445293 0 24791494
1516190923 7  P 95466 1464524 0 24795598
1516227051 2  P 98107 1534440 0 24782072
1517293302 9  P 104029 1401121 0 24802905
1520238695 1  P 206291 1794071 0 24854635
1520319036 11  P 69825 1303735 0 24853587
1521154285 13  P 75740 1273066 0 24862672
1521969547 10  P 87326 1366920 0 24883751
1528260876 12  P 74880 1282476 0 24985029
1529667363 8  P 98456 1437309 0 25008744
1532952518 5  P 95121 1494573 0 25064956
1535571747 7  P 98079 1485562 0 25113130
1538027833 6  P 76818 1464072 0 25153734
1538750759 10  P 87891 1383514 0 25158692
1538839039 12  P 74880 1290699 0 25158340
1540098751 3  P 88465 1618495 0 25179239
1545948990 8  P 100036 1452922 0 25275496
1553358440 4  P 103976 1649771 0 25402631
1554983889 5  P 96315 1514523 0 25425909
1559191480 1  P 212785 1843131 0 25492830
1559498052 13  P 77565 1303540 0 25490888
1561631581 11  P 71127 1339231 0 25530442
1563402633 9  P 106125 1441622 0 25558348
1564164540 2  P 98547 1574626 0 25567480
1565761498 8  P 100870 1467952 0 25600100
1567708175 3  P 90894 1649440 0 25631541
1568758402 2  P 98767 1578964 0 25642745
1569232389 13  P 78273 1310708 0 25650374
1569968317 10  P 90790 1413986 0 25670152
1573850311 11  P 71743 1349348 0 25730630
1577854902 1  P 215954 1865791 0 25798606
1580535123 7  P 105081 1548734 0 25849802
1580702619 5  P 97078 1536576 0 25847279
1581887014 9  P 106452 1457164 0 25861191
1588010946 12  P 77738 1336502 0 25963966
1591045945 4  P 104438 1681670 0 26020104
1592965364 6  P 77097 1508317 0 26053824
1596235112 10  P 91799 1451034 0 26100492
1596838841 3  P 93663 1692432 0 26108793
1597059095 6  P 77130 1511963 0 26120896
1599090395 9  P 107162 1471286 0 26143043
1606045345 13  P 80075 1340583 0 26253507
1606530298 4  P 104653 1694644 0 26273796
1606636488 8  P 102501 1501540 0 26269787
1606983880 5  P 99237 1560094 0 26277865
1607084693 11  P 72928 1377015 0 26275130
1608097709 1  P 220154 1900228 0 26294093
1609195783 2  P 99461 1613659 0 26305271
1610190141 7  P 107200 1578481 0 26335668
1619870631 12  P 79939 1362561 0 26485946
1626967791 4  P 104868 1714363 0 26608640
1635707005 7  P 109666 1605604 0 26753732
1636230712 9  P 107686 1499818 0 26751541
1640633671 2  P 100448 1641270 0 26820340
1641512335 6  P 81379 1558301 0 26849210
1641716754 13  P 81805 1369455 0 26837949
1642891357 10  P 94752 1502779 0 26864888
1645760928 12  P 81041 1383997 0 26910132
1648246743 3  P 100201 1771523 0 26950977
1650453049 5  P 104715 1605708 0 26990030
1652928330 11  P 75781 1418738 0 27026221
1653839575 8  P 105564 1552786 0 27043143
1656378954 1  P 226749 1956285 0 27085113
1661310573 10  P 96409 1518714 0 27166664
1661388626 13  P 82340 1384783 0 27160249
1666519599 1  P 229019 1970222 0 27251253
1669443349 3  P 103132 1795724 0 27298219
1670668240 9  P 108842 1526950 0 27315757
1670691284 7  P 112226 1639093 0 27326914
1673568922 11  P 76132 1437342 0 27364393
1674807831 12  P 82495 1407087 0 27386034
1675573994 8  P 106580 1570465 0 27399238
1678811544 4  P 105082 1756645 0 27458037
1681718685 5  P 108050 1637682 0 27502269
1683231135 6  P 83119 1591945 0 27532714
1683977437 2  P 100668 1676935 0 27530482
1685747981 13  P 83062 1404253 0 27559347
1688401570 12  P 82981 1417993 0 27608749
1689448975 8  P 106690 1580716 0 27626561
1695035214 1  P 233900 2006284 0 27718435
1698405316 4  P 105296 1771928 0 27779052
1699624907 5  P 108375 1652979 0 27795634
1700699870 6  P 85337 1609353 0 27818917
1701443937 11  P 77398 1461035 0 27821093
1701914947 2  P 100889 1692173 0 27824370
1708690311 7  P 114102 1674726 0 27949487
1709360590 10  P 100815 1565803 0 27953893
1709387462 9  P 111530 1563304 0 27950113
1710005433 3  P 110543 1844710 0 27962762
1719066308 7  P 114674 1684221 0 28119488
1720746590 6  P 86561 1632844 0 28147357
1720842810 4  P 105882 1790400 0 28146667
1725131933 9  P 112757 1578377 0 28208072
1726508695 2  P 101110 1712830 0 28227314
1730272003 11  P 79599 1484813 0 28293407
1735576136 13  P 86257 1450481 0 28375728
1736786713 3  P 113255 1876206 0 28401524
1740058295 8  P 110579 1629991 0 28455730
1740296725 5  P 111101 1697577 0 28461981
1740391884 10  P 102099 1590117 0 28462299
1742776545 12  P 85197 1460949 0 28499620
1748282488 10  P 102532 1595881 0 28591579
1748488478 1  P 239932 2067520 0 28594182
1748887308 6  P 88232 1662802 0 28608407
1749135942 12  P 85660 1465413 0 28603806
1750631472 11  P 80274 1501250 0 28626971
1750888652 13  P 87078 1463146 0 28626607
1751843603 5  P 111330 1707190 0 28651162
1757764680 4  P 106403 1821204 0 28751590
1759378962 1  P 241476 2080294 0 28772612
1762440463 7  P 116603 1722434 0 28830123
1764852430 2  P 101345 1745953 0 28855538
1768402626 9  P 115111 1617297 0 28917012
1770495882 3  P 115795 1931872 0 28953786
1773042741 8  P 111538 1661456 0 28996140
1774990801 11  P 81730 1521936 0 29026075
1776946221 2  P 101830 1755960 0 29053679
1779606083 6  P 92303 1702329 0 29111687
1782624057 4  P 106638 1841548 0 29158885
1786763696 13  P 89238 1491952 0 29214380
1787390461 5  P 113027 1741661 0 29233557
1787995860 8  P 112271 1674823 0 29241130
1788880444 3  P 117300 1958104 0 29254987
1790440433 7  P 118790 1749411 0 29288865
1794979054 1  P 246431 2122619 0 29355863
1797777604 9  P 115540 1641463 0 29398290
1798214044 12  P 87849 1505308 0 29407893
1804202808 10  P 106770 1652476 0 29507767
1806406016 5  P 113337 1757774 0 29545104
1806718071 4  P 106874 1860176 0 29553633
1809684007 9  P 116204 1650836 0 29593361
1809847615 7  P 119076 1766115 0 29606833
1814530089 11  P 83821 1554029 0 29673878
1816368082 2  P 102072 1786333 0 29699562
1828704254 10  P 108678 1678033 0 29909181
1828870281 12  P 89704 1529334 0 29910160
1829370935 8  P 116253 1725455 0 29919010
1830074835 6  P 96643 1764731 0 29938553
1833044877 13  P 91806 1531542 0 29972644
1834114920 3  P 121479 2031539 0 29996031
1838155318 4  P 107187 1886752 0 30068703
1838577756 1  P 252941 2176665 0 30070164
1838928359 11  P 85514 1576806 0 30073616
1841104662 12  P 90656 1539634 0 30110608
1842527650 9  P 118063 1678694 0 30131462
1845512346 6  P 97577 1782003 0 30191480
1845610503 10  P 108863 1691705 0 30186174
1846250354 5  P 116934 1813210 0 30197878
1846628846 7  P 119819 1795303 0 30209449
1854185524 13  P 92913 1548240 0 30319009
1857817917 3  P 124033 2057779 0 30384352
1860699007 8  P 118062 1760351 0 30432283
1862086828 2  P 102314 1820831 0 30448614
1866363197 7  P 121425 1813282 0 30532768
1867466744 13  P 93862 1559700 0 30536608
1869127941 1  P 259013 2219727 0 30570678
1870126180 10  P 110838 1711730 0 30587830
1877979688 12  P 93267 1573693 0 30714763
1878893312 6  P 99715 1818878 0 30738381
1882555745 2  P 104783 1844155 0 30783963
1887527057 8  P 120625 1791527 0 30871828
1887609147 5  P 120016 1857960 0 30875475
1889444033 11  P 87712 1617302 0 30901254
1890191478 1  P 263501 2250973 0 30915778
1890567917 3  P 126843 2092194 0 30920901
1893824477 9  P 119091 1719201 0 30971903
1894546406 4  P 109035 1935366 0 30992602
1896138693 13  P 95594 1585854 0 31006365
1900030510 4  P 109280 1941480 0 31082455
1901778409 6  P 102507 1845788 0 31113311
1904016727 10  P 113656 1741568 0 31143081
1904378702 7  P 124308 1846995 0 31155607
1906591910 5  P 122629 1886560 0 31186472
1915886418 8  P 122831 1820369 0 31336462
1917942983 3  P 129022 2123777 0 31369391
1918949545 9  P 120798 1744699 0 31383549
1920100181 11  P 89838 1645819 0 31403516
1920461839 2  P 105962 1875027 0 31405006
1920854644 12  P 96945 1613170 0 31417217
1924144603 1  P 271064 2304942 0 31472057
1926751140 10  P 115970 1764528 0 31515550
1936489900 3  P 130349 2150656 0 31673241
1943637631 6  P 104950 1885768 0 31799106
1943662721 11  P 91433 1669052 0 31789554
1944964584 8  P 124490 1847037 0 31812874
1945113179 7  P 126326 1890579 0 31822991
1946557819 12  P 98636 1634163 0 31838331
1947305826 2  P 109939 1908286 0 31844805
1947754841 4  P 111334 2002802 0 31864356
1948451537 13  P 100560 1632266 0 31863444
1951546819 5  P 126978 1946579 0 31922974
1953121453 9  P 123740 1775052 0 31943416
1954113357 1  P 278385 2348941 0 31963059
1957581984 3  P 132452 2173621 0 32018802
1960289944 2  P 110086 1919370 0 32057537
1960785071 7  P 127836 1906457 0 32079758
1963060850 13  P 101682 1644372 0 32102803
1963640512 5  P 127353 1957393 0 32121112
1967485511 10  P 119392 1807923 0 32182918
1969120671 12  P 100206 1653100 0 32207989
1972168280 9  P 125396 1792585 0 32255477
1972934521 6  P 105177 1911284 0 32279096
1975639679 4  P 114167 2039258 0 32321219
1977147032 11  P 93584 1697446 0 32338155
1979679682 8  P 127881 1879747 0 32381640
1985615793 11  P 93617 1704397 0 32476903
1988375469 2  P 113157 1952617 0 32517674
1991543301 9  P 126415 1809324 0 32572913
1991628979 1  P 283808 2395318 0 32577702
1996067821 3  P 134500 2215728 0 32649327
1996659925 7  P 131254 1946677 0 32667525
1997419031 6  P 108530 1945005 0 32680230
1999594962 10  P 121783 1845908 0 32708986
2006355016 12  P 102277 1683176 0 32818028
2010832098 1  P 285052 2417372 0 32892320
2014080344 8  P 130148 1907146 0 32945249
2014186728 4  P 116509 2078633 0 32952768
2014201392 13  P 103427 1684440 0 32940674
2015312253 5  P 128158 1999708 0 32967688
2018136997 9  P 127670 1830936 0 33008616
2019276950 12  P 102777 1693309 0 33029735
2019834551 11  P 96062 1731432 0 33037530
2019840837 6  P 109679 1965552 0 33047575
2020907438 10  P 123457 1864376 0 33058159
2027342793 4  P 116996 2089786 0 33168316
2030656009 5  P 128254 2011690 0 33219077
2030770964 3  P 134686 2244894 0 33217894
2032196341 2  P 119202 1999070 0 33235623
2032300868 1  P 287313 2444098 0 33244057
2035185860 13  P 104695 1702223 0 33284477
2037870799 8  P 131864 1928706 0 33335022
2042972617 7  P 133978 1991467 0 33426301
2044512012 9  P 127886 1854011 0 33440742
2048483483 4  P 118984 2128116 0 33514684
2049636491 8  P 132100 1938912 0 33527789
2050235544 10  P 127278 1899474 0 33538661
2051803341 11  P 97299 1757349 0 33561301
2053066343 7  P 134569 2000959 0 33591675
2053636309 12  P 104363 1721186 0 33592668
2053661591 3  P 134941 2264391 0 33592929
2056922058 2  P 120435 2021863 0 33640725
2061716008 6  P 113765 2013904 0 33733639
2064457116 1  P 291047 2477206 0 33770901
2064639123 13  P 105785 1726918 0 33767033
2068593532 5  P 128957 2043049 0 33840643
2078390375 5  P 129053 2050772 0 34001152
2078907984 8  P 132507 1962962 0 34007365
2083777773 9  P 129876 1893309 0 34084061
2085769477 7  P 136637 2035727 0 34127477
2085912782 11  P 98316 1783949 0 34120140
2086856452 6  P 116225 2037966 0 34145537
2090855059 12  P 106606 1750419 0 34202448
2094312027 13  P 107717 1754711 0 34253191
2099011776 3  P 137883 2310231 0 34335921
2102310651 4  P 125454 2197402 0 34396582
2103126174 10  P 130843 1949153 0 34405207
2103852544 2  P 124140 2063563 0 34409625
2104995761 8  P 133697 1987641 0 34434770
2108476044 11  P 100289 1803904 0 34489800
2109001586 10  P 130981 1954457 0 34501462
2114267850 1  P 300342 2544886 0 34586989
2116765833 5  P 133939 2090992 0 34629876
2118808169 12  P 108288 1773121 0 34660424
2119043673 9  P 132095 1953511 0 34661850
2123185924 13  P 109519 1780791 0 34726257
2124700122 6  P 117156 2068612 0 34765557
2126627514 1  P 302138 2566178 0 34789483
2128958556 3  P 138936 2337362 0 34826558
2131010486 7  P 143430 2083949 0 34868697
2131258655 2  P 125016 2087342 0 34858646
2132233607 4  P 129721 2233395 0 34886839
2135683322 13  P 110166 1791000 0 34931012
2143605796 9  P 132796 1979490 0 35064275
2144360532 10  P 133244 1987930 0 35080783
2144866304 11  P 101930 1836802 0 35086014
2153046744 5  P 136394 2136574 0 35224283
2156108529 4  P 132043 2257691 0 35278000
2157685410 3  P 141593 2371276 0 35297201
2159417712 8  P 135993 2037629 0 35326408
2159839442 12  P 109706 1807788 0 35332675
2160785108 7  P 145293 2112909 0 35356519
2162877701 1  P 306893 2611035 0 35383369
2163539965 2  P 125182 2113184 0 35387539
2164903287 6  P 117840 2103456 0 35424226
2165836915 2  P 125348 2115127 0 35425171
2167198976 8  P 136990 2047059 0 35453891
2172448798 12  P 110547 1818615 0 35539264
2174130509 3  P 142448 2393765 0 35566608
2175579654 1  P 307492 2622611 0 35591474
2179157463 10  P 134446 2017737 0 35650894
2180166091 9  P 134407 2032057 0 35663277
2181081945 7  P 147863 2133295 0 35689060
2181944401 11  P 103070 1880449 0 35693500
2182436577 4  P 133581 2283750 0 35709351
2187293977 6  P 118867 2122765 0 35791073
2188576674 13  P 112636 1836526 0 35797609
2193671740 5  P 138748 2174197 0 35889866
2196056098 10  P 135007 2032011 0 35927756
2197451557 13  P 113067 1843269 0 35943016
2198634595 9  P 135749 2047538 0 35965860
2199022463 11  P 104173 1893547 0 35973300
2199505373 3  P 143804 2421116 0 35982336
2202902071 8  P 139952 2080395 0 36038842
2203433234 12  P 111630 1843179 0 36046906
2204456941 7  P 148756 2153905 0 36072030
2205328058 5  P 139644 2185797 0 36080841
2212811607 4  P 136413 2315904 0 36207008
2221215987 6  P 121422 2152295 0 36346831
2221493189 2  P 128878 2166171 0 36337035
2223753977 1  P 315037 2680933 0 36380752
2230417498 12  P 112692 1869370 0 36489012
2232373424 13  P 116050 1872203 0 36515168
2236356492 6  P 122863 2165910 0 36594883
2236863067 7  P 149858 2181907 0 36602967
2237289912 2  P 129986 2182945 0 36595847
2239186544 4  P 138648 2346116 0 36639132
2239897482 11  P 105380 1924400 0 36642982
2239918257 9  P 138199 2082197 0 36642239
2240495859 8  P 142417 2113769 0 36654775
2240673113 10  P 139189 2085714 0 36658741
2244880673 3  P 146660 2468472 0 36725735
2250687412 5  P 143302 2230111 0 36823987
2255761282 12  P 113768 1890827 0 36904241
2258048381 10  P 141260 2108144 0 36943402
2258200207 6  P 124674 2187317 0 36952757
2260732798 13  P 118011 1899790 0 36979802
2261874040 4  P 138807 2374763 0 37010834
2262772506 11  P 105999 1943619 0 37017762
2263652050 8  P 143958 2136914 0 37034164
2263832123 1  P 317426 2729382 0 37037377
2268059211 9  P 139297 2106934 0 37103292
2274896065 3  P 148223 2496288 0 37217499
2280267050 7  P 153898 2224422 0 37314090
2282045109 2  P 136505 2234568 0 37329093
2285202866 5  P 145602 2268190 0 37389459
2287377958 1  P 318930 2759322 0 37423147
2290692985 3  P 149695 2514623 0 37476307
2292077931 5  P 145788 2273763 0 37502095
2292756916 11  P 107289 1965960 0 37509021
2296060087 4  P 141868 2411878 0 37570935
2298651949 12  P 117314 1927926 0 37606948
2298777663 9  P 140600 2130933 0 37606582
2299532508 10  P 143283 2142327 0 37623066
2301810941 13  P 120689 1937643 0 37652820
2302793942 6  P 127326 2226447 0 37683364
2310531538 2  P 138538 2262195 0 37795806
2314066385 7  P 157654 2266548 0 37867855
2314230245 8  P 150706 2199588 0 37862820
2314691600 1  P 321432 2790755 0 37870643
2322511355 12  P 118036 1948753 0 37997855
2324105264 8  P 151278 2209697 0 38024611
2324263996 13  P 121865 1956147 0 38020689
2324522561 11  P 107992 1994209 0 38029462
2325649356 2  P 138725 2273703 0 38043495
2326136031 1  P 322213 2801926 0 38058142
2326563854 10  P 144208 2163929 0 38065944
2327168893 6  P 127425 2251240 0 38082715
2328624193 4  P 143797 2445279 0 38104455
2331677241 3  P 151040 2548184 0 38147777
2333305394 7  P 159726 2286752 0 38183065
2335748478 5  P 148560 2317683 0 38217583
2336262014 9  P 143184 2162401 0 38220720
2348107778 13  P 122363 1974678 0 38411340
2349282394 10  P 145863 2182098 0 38438162
2353475653 11  P 109430 2017340 0 38503820
2354137727 6  P 128451 2274269 0 38524561
2356280311 4  P 148543 2492022 0 38557568
2356605008 12  P 120969 1979391 0 38556442
2363331928 7  P 161321 2314087 0 38675017
2363836988 2  P 139999 2310849 0 38669145
2364468694 5  P 153390 2349551 0 38688129
2365105265 8  P 154404 2256568 0 38696351
2369082119 1  P 325985 2846511 0 38761765
2369849134 3  P 151143 2577072 0 38773175
2370636968 9  P 145142 2189817 0 38783912
2376584574 5  P 154956 2365020 0 38886632
2379701378 6  P 130454 2298964 0 38943379
2380383850 2  P 141857 2334050 0 38940241
2380948989 8  P 154997 2270554 0 38955932
2381036702 3  P 151605 2585908 0 38956468
2382671061 4  P 152858 2524462 0 38989951
2383771456 11  P 111476 2042494 0 39000173
2390628761 7  P 164137 2345051 0 39122240
2393620622 12  P 123169 2010128 0 39162896
2396925827 1  P 330404 2880062 0 39217953
2399766870 10  P 148854 2223614 0 39265276
