252974086 1 16086 R 18.0 0 6 0 1
254224899 1 16166 R 8.0 0 3 0 2
254474551 1 16182 R 3.0 0 1 33 3
259729205 1 16518 R 12.0 0 4 0 4
265473884 1 16886 R 14.0 0 5 363 5
273724757 1 17414 R 7.0 0 2 0 6
278973884 1 17750 R 6.0 0 2 0 7
280475445 1 17846 R 4.0 0 1 0 8
280975024 1 17878 R 2.0 0 1 0 9
284225569 1 18086 R 10.0 0 3 48 10
294225159 1 18726 R 9.0 0 3 925 11
295475616 1 18806 R 5.0 0 2 899 12
298225250 1 18982 R 3.0 1 1 0 13
300228384 1 19110 R 13.0 0 4 1640 14
302224323 1 19238 R 10.0 1 3 0 15
309226569 1 19686 R 15.0 0 5 980 16
311227217 1 19814 R 2.0 1 1 516 17
317727610 1 20230 R 8.0 1 3 344 18
319725042 1 20358 R 16.0 0 5 3274 19
320972215 1 20438 R 5.0 1 2 0 20
327725202 1 20870 R 6.0 1 2 48 21
330974951 1 21078 R 19.0 1 6 1593 22
331225562 1 21094 R 4.0 1 1 0 23
336726120 1 21446 R 15.0 1 5 864 24
347475623 1 22134 R 7.0 1 2 535 25
349475760 1 22262 R 10.0 2 3 0 26
357728364 1 22790 R 9.0 1 3 3477 27
360473810 1 22966 R 6.0 2 2 482 28
366223968 1 23334 R 8.0 2 3 0 29
382225837 1 24358 R 4.0 2 1 0 30
383974535 1 24470 R 3.0 2 1 0 31
384475051 1 24502 R 16.0 1 5 4580 32
387473553 1 24694 R 2.0 2 1 0 33
396474998 1 25270 R 2.0 3 1 0 34
398222293 1 25382 R 4.0 3 1 0 35
401728554 1 25606 R 17.0 1 6 6108 36
401976841 1 25622 R 7.0 2 2 1201 37
402726592 1 25670 R 5.0 2 2 1152 38
407475381 1 25974 R 6.0 3 2 0 39
409725761 1 26118 R 7.0 3 2 614 40
422228438 1 26918 R 9.0 2 4 4225 41
426727372 1 27206 R 11.0 2 4 2841 42
433975210 1 27670 R 11.0 1 5 6354 43
439224282 1 28006 R 3.0 3 1 67 44
451728368 1 28806 R 17.0 2 6 3692 45
458475456 1 29238 R 19.0 3 6 992 46
462226673 1 29478 R 10.0 3 3 1132 47
463726874 1 29574 R 9.0 3 3 1361 48
465475354 1 29686 R 7.0 4 2 85 49
476478176 1 30390 R 5.0 3 2 2764 50
479224400 1 30566 R 4.0 4 1 0 51
482228242 1 30758 R 15.0 2 5 5645 52
488974274 1 31190 R 2.0 4 1 0 53
491226649 1 31334 R 5.0 4 2 2015 54
506477095 1 32310 R 13.0 4 4 3296 55
507227032 1 32358 R 3.0 4 1 1178 56
508227183 1 32422 R 8.0 4 3 943 57
508975437 1 32470 R 4.0 5 1 0 58
510726923 1 32582 R 9.0 4 3 2180 59
518476674 1 33078 R 10.0 5 3 1382 60
528723682 1 33734 R 2.0 5 1 0 61
533228343 1 34022 R 7.0 5 2 1596 62
533478416 1 34038 R 11.0 3 4 5996 63
533725069 1 34054 R 3.0 5 1 282 64
536476510 1 34230 R 5.0 5 2 1193 65
543976880 1 34710 R 8.0 5 3 2407 66
547974195 1 34966 R 10.0 6 3 0 67
549475339 1 35062 R 3.0 6 1 125 68
555975399 1 35478 R 2.0 6 1 0 69
556724540 1 35526 R 4.0 6 1 0 70
559977095 1 35734 R 5.0 6 2 745 71
563726421 1 35974 R 12.0 6 4 385 72
575728543 1 36742 R 15.0 4 5 6163 73
577478579 1 36854 R 17.0 4 6 7045 74
578978105 1 36950 R 11.0 5 4 4186 75
595476462 1 38006 R 9.0 5 3 4565 76
604977347 1 38614 R 3.0 7 1 422 77
609725203 1 38918 R 5.0 7 2 186 78
614976180 1 39254 R 9.0 6 4 3789 79
615726972 1 39302 R 13.0 5 4 4651 80
617476335 1 39414 R 7.0 6 2 1638 81
619724407 1 39558 R 2.0 7 1 0 82
626227263 1 39974 R 11.0 6 4 3875 83
632976760 1 40406 R 6.0 7 2 1187 84
633727925 1 40454 R 8.0 6 3 4645 85
634478026 1 40502 R 8.0 7 3 2317 86
639723595 1 40838 R 4.0 7 1 0 87
648724393 1 41414 R 2.0 8 1 0 88
651228384 1 41574 R 12.0 7 4 3258 89
654976734 1 41814 R 9.0 7 3 3492 90
663974825 1 42390 R 7.0 7 2 1935 91
671234487 1 42854 R 19.0 6 6 5869 92
674476810 1 43062 R 10.0 7 3 2564 93
674978125 1 43094 R 13.0 6 4 4514 94
678226813 1 43302 R 11.0 7 4 3219 95
680224400 1 43430 R 6.0 8 2 1 96
684226045 1 43686 R 4.0 8 1 607 97
684976054 1 43734 R 7.0 8 2 1097 98
689228273 1 44006 R 17.0 6 6 7124 99
690226185 1 44070 R 3.0 8 1 1 100
694735554 1 44358 R 8.0 8 3 1392 101
707978360 1 45206 R 11.0 8 4 2747 102
708228674 1 45222 R 5.0 8 2 3125 103
708475700 1 45238 R 3.0 9 1 403 104
710223957 1 45350 R 4.0 9 1 0 105
717478884 1 45814 R 19.0 8 7 1282 106
724974110 1 46294 R 7.0 9 2 643 107
732227641 1 46758 R 10.0 9 3 736 108
732476666 1 46774 R 15.0 9 5 560 109
732973748 1 46806 R 2.0 9 1 0 110
735225212 1 46950 R 12.0 9 4 2363 111
736227132 1 47014 R 5.0 9 2 1573 112
745976137 1 47638 R 6.0 9 2 809 113
747978382 1 47766 R 16.0 8 5 6197 114
748228619 1 47782 R 11.0 9 4 1149 115
750226264 1 47910 R 8.0 9 3 1089 116
756976087 1 48342 R 14.0 9 5 993 117
762726253 1 48710 R 9.0 10 3 703 118
763227093 1 48742 R 3.0 10 1 134 119
763728469 1 48774 R 5.0 10 2 1233 120
766482245 1 48950 R 2.0 10 1 0 121
768976722 1 49110 R 9.0 9 3 2078 122
769476765 1 49142 R 8.0 10 3 1532 123
777476942 1 49654 R 17.0 9 7 3663 124
782227134 1 49958 R 15.0 10 5 2156 125
786474299 1 50230 R 6.0 10 2 0 126
788475037 1 50358 R 4.0 10 1 0 127
794978563 1 50774 R 11.0 10 4 1889 128
795728845 1 50822 R 10.0 10 3 1228 129
796725849 1 50886 R 6.0 11 2 0 130
797727795 1 50950 R 7.0 10 2 449 131
802228696 1 51238 R 17.0 10 6 1659 132
807728830 1 51590 R 13.0 10 4 1398 133
811226128 1 51814 R 4.0 11 1 0 134
816726270 1 52166 R 2.0 11 1 0 135
824477029 1 52662 R 8.0 11 3 1620 136
824978829 1 52694 R 10.0 11 3 1331 137
825975688 1 52758 R 3.0 11 1 595 138
827728029 1 52870 R 5.0 11 2 1085 139
836227277 1 53414 R 15.0 11 5 2323 140
837228866 1 53478 R 12.0 11 4 2184 141
845475556 1 54006 R 2.0 12 1 0 142
853227329 1 54502 R 9.0 11 3 2115 143
857227196 1 54758 R 7.0 11 2 2472 144
859224417 1 54886 R 3.0 12 1 0 145
861978700 1 55062 R 11.0 11 4 2311 146
864226125 1 55206 R 5.0 12 2 0 147
870478553 1 55606 R 16.0 11 5 1960 148
874476512 1 55862 R 7.0 12 2 749 149
877726130 1 56070 R 4.0 12 1 0 150
885727838 1 56582 R 11.0 12 4 2167 151
886975691 1 56662 R 6.0 12 2 377 152
891974300 1 56982 R 8.0 12 3 0 153
896974366 1 57302 R 11.0 13 4 1 154
898974149 1 57430 R 2.0 13 1 0 155
899972728 1 57494 R 7.0 13 2 0 156
901228760 1 57574 R 15.0 12 5 3322 157
901474155 1 57590 R 3.0 13 1 6 158
904474987 1 57782 R 4.0 13 1 0 159
916478081 1 58550 R 6.0 13 2 775 160
917225623 1 58598 R 8.0 13 3 797 161
917728734 1 58630 R 13.0 12 4 4128 162
922225357 1 58918 R 16.0 13 5 0 163
923725183 1 59014 R 9.0 12 3 2183 164
931228342 1 59494 R 5.0 13 2 1581 165
931727296 1 59526 R 19.0 12 7 4680 166
935478610 1 59766 R 10.0 12 3 2944 167
950728079 1 60742 R 9.0 13 3 816 168
951227893 1 60774 R 13.0 13 4 560 169
951474251 1 60790 R 3.0 14 1 466 170
958476285 1 61238 R 5.0 14 2 0 171
963475942 1 61558 R 9.0 14 3 496 172
963728424 1 61574 R 14.0 12 5 6138 173
968474875 1 61878 R 4.0 14 1 0 174
971975419 1 62102 R 15.0 13 5 2563 175
972477499 1 62134 R 8.0 14 3 416 176
975474570 1 62326 R 6.0 14 2 0 177
978227127 1 62502 R 13.0 14 4 1124 178
978975141 1 62550 R 2.0 14 1 0 179
983477277 1 62838 R 10.0 13 3 3539 180
991727322 1 63366 R 19.0 13 6 2797 181
996724428 1 63686 R 4.0 15 1 0 182
1007228967 1 64358 R 16.0 12 5 7758 183
1008229006 1 64422 R 14.0 13 5 6382 184
1015977613 1 64918 R 7.0 14 2 1993 185
1020726291 1 65222 R 3.0 15 1 0 186
1022226689 1 65318 R 17.0 14 7 3392 187
1023974870 1 65430 R 2.0 15 1 0 188
1026975915 1 65622 R 5.0 15 2 329 189
1034228601 1 66086 R 6.0 15 2 1969 190
1034476851 1 66102 R 12.0 14 4 4943 191
1034977523 1 66134 R 7.0 15 2 340 192
1042478839 1 66614 R 19.0 14 6 5938 193
1044227575 1 66726 R 11.0 14 4 3573 194
1044728471 1 66758 R 8.0 15 3 1567 195
1047227428 1 66918 R 10.0 15 3 2256 196
1048977143 1 67030 R 12.0 15 4 3127 197
1054724419 1 67398 R 2.0 16 1 0 198
1060229067 1 67750 R 14.0 15 5 3813 199
1066478834 1 68150 R 10.0 16 3 1331 200
1066726653 1 68166 R 15.0 14 5 5271 201
1066976005 1 68182 R 12.0 16 4 288 202
1073725706 1 68614 R 3.0 16 1 0 203
1075978706 1 68758 R 13.0 15 4 3534 204
1076226428 1 68774 R 6.0 16 2 1020 205
1076476723 1 68790 R 18.0 13 7 7879 206
1076976123 1 68822 R 5.0 16 2 787 207
1078226556 1 68902 R 4.0 16 1 0 208
1083725753 1 69254 R 16.0 16 6 80 209
1091476766 1 69750 R 11.0 15 4 3085 210
1103977291 1 70550 R 11.0 16 4 3182 211
1104726532 1 70598 R 3.0 17 1 31 212
1109976853 1 70934 R 15.0 16 5 1794 213
1114226582 1 71206 R 12.0 17 4 406 214
1125727879 1 71942 R 19.0 17 7 748 215
1125978676 1 71958 R 9.0 16 3 2465 216
1126477204 1 71990 R 8.0 16 3 2286 217
1127724369 1 72070 R 4.0 17 1 427 218
1133224561 1 72422 R 2.0 17 1 1 219
1140978755 1 72918 R 6.0 17 2 1612 220
1151725180 1 73606 R 7.0 17 2 1593 221
1156978874 1 73942 R 18.0 17 7 2149 222
1162228903 1 74278 R 9.0 17 3 2777 223
1162477004 1 74294 R 14.0 17 5 2450 224
1163226268 1 74342 R 3.0 18 1 293 225
1171728473 1 74886 R 5.0 18 2 1505 226
1172477287 1 74934 R 10.0 17 3 1697 227
1172727567 1 74950 R 13.0 17 4 3868 228
1173224338 1 74982 R 8.0 18 3 966 229
1177738171 1 75271 R 7.0 18 2 1541 230
1180229002 1 75430 R 16.0 17 6 3437 231
1182477484 1 75574 R 9.0 18 3 1334 232
1184722702 1 75718 R 2.0 18 1 0 233
1187474297 1 75894 R 4.0 18 1 0 234
1190474432 1 76086 R 6.0 18 2 0 235
1199478287 1 76662 R 14.0 18 6 2827 236
1202974839 1 76886 R 5.0 19 2 0 237
1205226190 1 77030 R 2.0 19 1 0 238
1209727042 1 77318 R 11.0 17 4 4202 239
1212228269 1 77478 R 10.0 18 3 1292 240
1213474288 1 77558 R 6.0 19 2 0 241
1215474280 1 77686 R 7.0 19 2 0 242
1218478557 1 77878 R 11.0 18 4 4046 243
1222476899 1 78134 R 11.0 19 4 384 244
1224725875 1 78278 R 10.0 19 3 648 245
1231724354 1 78726 R 9.0 19 3 657 246
1236227229 1 79014 R 8.0 19 3 822 247
1240724179 1 79302 R 4.0 19 1 0 248
1243977151 1 79510 R 13.0 18 6 2997 249
1250477128 1 79926 R 2.0 20 1 212 250
1256976358 1 80342 R 3.0 19 1 857 251
1258229885 1 80422 R 18.0 18 9 4823 252
1260228989 1 80550 R 14.0 19 5 2798 253
1261227334 1 80614 R 5.0 20 2 1088 254
1264228408 1 80806 R 16.0 19 6 3094 255
1275726720 1 81542 R 17.0 19 6 4446 256
1280727277 1 81862 R 18.0 19 7 2801 257
1281974550 1 81942 R 4.0 20 1 0 258
1283475994 1 82038 R 6.0 20 2 0 259
1283728170 1 82054 R 9.0 20 3 1385 260
1289227391 1 82406 R 12.0 19 4 3612 261
1291726346 1 82566 R 3.0 20 1 509 262
1296227207 1 82854 R 8.0 20 3 1292 263
1298728160 1 83014 R 10.0 20 3 775 264
1299476020 1 83062 R 3.0 21 1 0 265
1306725835 1 83526 R 5.0 21 2 0 266
1312727602 1 83910 R 11.0 20 4 3609 267
1318979028 1 84310 R 18.0 20 6 2262 268
1320477289 1 84406 R 15.0 19 5 6398 269
1329229116 1 84966 R 17.0 20 6 4132 270
1329727922 1 84998 R 6.0 21 2 384 271
1332978200 1 85206 R 7.0 21 2 1109 272
1334224130 1 85286 R 4.0 21 1 0 273
1340224852 1 85670 R 2.0 21 1 1 274
1345727623 1 86022 R 8.0 21 3 1909 275
1345977845 1 86038 R 13.0 21 5 1853 276
1347476086 1 86134 R 9.0 21 3 597 277
1356977120 1 86742 R 5.0 22 2 622 278
1360978996 1 86998 R 14.0 21 6 2521 279
1375227276 1 87910 R 12.0 22 4 1633 280
1380226275 1 88230 R 4.0 22 1 0 281
1381225649 1 88294 R 7.0 22 2 338 282
1392727539 1 89030 R 2.0 22 1 401 283
1393225647 1 89062 R 3.0 22 1 653 284
1399727201 1 89478 R 6.0 22 2 1479 285
1400477330 1 89526 R 10.0 21 4 3474 286
1403727265 1 89734 R 16.0 22 7 2169 287
1412224707 1 90278 R 3.0 23 1 0 288
1414729039 1 90438 R 8.0 22 3 2488 289
1417228710 1 90598 R 15.0 21 8 4962 290
1418477708 1 90678 R 17.0 22 7 3569 291
1429726892 1 91398 R 10.0 23 3 307 292
1430725572 1 91462 R 2.0 23 1 0 293
1435976658 1 91798 R 8.0 23 3 964 294
1437477648 1 91894 R 4.0 23 1 180 295
1444974472 1 92374 R 7.0 23 2 321 296
1449727009 1 92678 R 15.0 22 7 5033 297
1461974282 1 93462 R 2.0 24 1 0 298
1465474851 1 93686 R 3.0 24 1 1 299
1466477068 1 93750 R 9.0 23 3 1914 300
1470478086 1 94006 R 6.0 23 2 2043 301
1472725490 1 94150 R 13.0 23 5 4307 302
1473477394 1 94198 R 6.0 24 2 1741 303
1477727575 1 94470 R 19.0 24 6 1941 304
1478976147 1 94550 R 4.0 24 1 0 305
1483224996 1 94822 R 7.0 24 2 1 306
1494976635 1 95574 R 8.0 24 3 2888 307
1499475012 1 95862 R 2.0 25 1 0 308
1503978300 1 96150 R 10.0 24 3 778 309
1504228459 1 96166 R 5.0 24 2 2007 310
1507477283 1 96374 R 14.0 23 6 6104 311
1510479128 1 96566 R 15.0 23 6 4076 312
1511975988 1 96662 R 4.0 25 1 0 313
1519729065 1 97158 R 12.0 24 4 1505 314
1520227656 1 97190 R 3.0 25 1 341 315
1520475350 1 97206 R 10.0 25 3 1047 316
1524976734 1 97494 R 17.0 25 6 560 317
1531227292 1 97894 R 13.0 24 4 3105 318
1534225437 1 98086 R 16.0 24 5 2844 319
1545227060 1 98790 R 5.0 25 2 1530 320
1545726401 1 98822 R 7.0 25 2 2033 321
1545976847 1 98838 R 18.0 25 6 2587 322
1547978073 1 98966 R 6.0 25 2 856 323
1549975709 1 99094 R 6.0 26 2 278 324
1552727850 1 99270 R 11.0 25 4 1517 325
1554224405 1 99366 R 10.0 26 3 0 326
1555474854 1 99446 R 3.0 26 1 0 327
1561229002 1 99814 R 12.0 25 4 1361 328
1567224965 1 100198 R 2.0 26 1 0 329
1567977075 1 100246 R 5.0 26 2 476 330
1570727246 1 100422 R 4.0 26 1 0 331
1575227282 1 100710 R 15.0 26 5 528 332
1579229265 1 100966 R 17.0 26 6 1234 333
1582728256 1 101190 R 19.0 26 6 1903 334
1589225426 1 101606 R 9.0 26 3 0 335
1591478162 1 101750 R 13.0 26 4 1173 336
1594479102 1 101942 R 14.0 26 5 2004 337
1601478787 1 102390 R 7.0 26 2 931 338
1616479710 1 103350 R 8.0 26 3 1609 339
1616728515 1 103366 R 16.0 26 5 1567 340
1617227041 1 103398 R 6.0 27 2 511 341
1619729666 1 103558 R 12.0 26 4 1879 342
1620975534 1 103638 R 3.0 27 1 0 343
1627977688 1 104086 R 11.0 26 4 2533 344
1629479429 1 104182 R 9.0 27 3 1231 345
1631727128 1 104326 R 2.0 27 1 0 346
1637727749 1 104710 R 8.0 27 3 2074 347
1641725301 1 104966 R 4.0 27 1 411 348
1642728238 1 105030 R 18.0 26 6 4687 349
1647226923 1 105318 R 7.0 27 2 922 350
1648728547 1 105414 R 10.0 27 3 963 351
1650476262 1 105526 R 17.0 27 6 3410 352
1651726939 1 105606 R 4.0 28 1 0 353
1654728761 1 105798 R 6.0 28 2 144 354
1658228234 1 106022 R 13.0 27 4 1885 355
1662476293 1 106294 R 11.0 27 4 1914 356
1666728518 1 106566 R 12.0 27 4 2278 357
1672976900 1 106966 R 2.0 28 1 523 358
1679477286 1 107382 R 10.0 28 3 704 359
1682228646 1 107558 R 7.0 28 2 240 360
1688228103 1 107942 R 18.0 27 6 3621 361
1694226959 1 108326 R 3.0 28 1 0 362
1696225393 1 108454 R 4.0 29 1 0 363
1700728396 1 108742 R 15.0 28 6 2125 364
1705228610 1 109030 R 5.0 28 3 814 365
1712477686 1 109494 R 16.0 27 5 4585 366
1715229440 1 109670 R 9.0 28 4 1523 367
1718478612 1 109878 R 5.0 29 3 413 368
1719478431 1 109942 R 14.0 28 5 2286 369
1721729375 1 110086 R 13.0 28 4 4859 370
1723228181 1 110182 R 7.0 29 2 408 371
1725474970 1 110326 R 2.0 29 1 0 372
1746228269 1 111654 R 11.0 29 4 1953 373
1746478392 1 111670 R 10.0 29 3 2130 374
1750978122 1 111958 R 16.0 29 7 1865 375
1751228490 1 111974 R 3.0 29 1 659 376
1752975671 1 112086 R 4.0 30 1 0 377
1754476691 1 112182 R 3.0 30 1 0 378
1756477608 1 112310 R 8.0 28 3 3785 379
1759725291 1 112518 R 2.0 30 1 1 380
1761729940 1 112646 R 13.0 29 4 3692 381
1766979402 1 112982 R 14.0 29 6 1891 382
1767227071 1 112998 R 5.0 30 2 160 383
1769477966 1 113142 R 13.0 30 4 1191 384
1771977041 1 113302 R 7.0 30 2 482 385
1775978896 1 113558 R 8.0 29 3 4129 386
1778479202 1 113718 R 9.0 29 4 2733 387
1787977704 1 114326 R 15.0 29 5 3296 388
1788228188 1 114342 R 8.0 30 3 2238 389
1790728764 1 114502 R 6.0 30 2 371 390
1799228017 1 115046 R 17.0 30 7 3296 391
1803229535 1 115302 R 14.0 30 6 3243 392
1807725113 1 115590 R 2.0 31 1 0 393
1811479677 1 115830 R 11.0 30 4 1168 394
1811725249 1 115846 R 4.0 31 1 0 395
1813228613 1 115942 R 9.0 31 3 176 396
1820228159 1 116390 R 16.0 30 5 4077 397
1827476474 1 116854 R 13.0 31 4 0 398
1832978145 1 117206 R 10.0 31 3 729 399
1833724972 1 117254 R 3.0 31 1 0 400
1835475258 1 117366 R 7.0 31 2 0 401
1840727631 1 117702 R 5.0 31 2 512 402
1840978396 1 117718 R 12.0 31 4 2023 403
1842228523 1 117798 R 18.0 31 6 1389 404
1852728569 1 118470 R 6.0 31 2 1005 405
1858226281 1 118822 R 5.0 32 2 0 406
1866979399 1 119382 R 11.0 31 4 1836 407
1869977833 1 119574 R 17.0 31 6 2253 408
1872727008 1 119750 R 2.0 32 1 0 409
1873728555 1 119814 R 15.0 32 5 1283 410
1884725356 1 120518 R 13.0 32 4 910 411
1885977820 1 120598 R 17.0 32 6 1843 412
1886479196 1 120630 R 8.0 32 3 1743 413
1887478899 1 120694 R 3.0 32 1 218 414
1890225114 1 120870 R 9.0 32 3 0 415
1894225173 1 121126 R 2.0 33 1 0 416
1898727211 1 121414 R 4.0 32 1 785 417
1901979010 1 121622 R 7.0 32 2 1242 418
1908478255 1 122038 R 16.0 32 5 3760 419
1911725550 1 122246 R 4.0 33 1 0 420
1915973541 1 122518 R 8.0 33 3 0 421
1919225546 1 122726 R 3.0 33 1 0 422
1921228322 1 122854 R 6.0 32 3 2438 423
1927729519 1 123270 R 10.0 32 4 1867 424
1932728056 1 123590 R 6.0 33 3 2208 425
1934229092 1 123686 R 10.0 33 4 1037 426
1940478042 1 124086 R 7.0 33 2 699 427
1944729878 1 124358 R 19.0 32 8 3285 428
1945477668 1 124406 R 12.0 32 5 3291 429
1952475001 1 124854 R 6.0 34 3 0 430
1956977744 1 125142 R 5.0 33 2 1583 431
1957228453 1 125158 R 9.0 33 3 1716 432
1957477702 1 125174 R 11.0 33 4 1120 433
1965976907 1 125718 R 10.0 34 4 1 434
1972977690 1 126166 R 15.0 33 5 1793 435
1974477345 1 126262 R 3.0 34 1 551 436
1974727004 1 126278 R 2.0 34 1 0 437
1977226907 1 126438 R 7.0 34 2 816 438
1978478148 1 126518 R 16.0 33 8 3683 439
1980228234 1 126630 R 8.0 34 5 1113 440
1981475838 1 126710 R 4.0 34 1 0 441
1985476397 1 126966 R 5.0 34 2 0 442
1993477320 1 127478 R 9.0 34 3 1005 443
1995977702 1 127638 R 14.0 34 5 2513 444
1997975744 1 127766 R 4.0 35 2 0 445
2010976237 1 128598 R 2.0 35 1 0 446
2019978329 1 129174 R 5.0 35 2 942 447
2021478663 1 129270 R 16.0 34 5 1849 448
2026479013 1 129590 R 6.0 35 3 1242 449
2031228548 1 129894 R 15.0 34 7 4493 450
2031979287 1 129942 R 9.0 35 3 1467 451
2036225575 1 130214 R 3.0 35 1 0 452
2044228746 1 130726 R 7.0 35 2 337 453
2064227322 1 132006 R 5.0 36 2 358 454
2070978110 1 132438 R 18.0 34 8 4680 455
2072729541 1 132550 R 10.0 35 3 1923 456
2082729951 1 133190 R 15.0 35 5 2451 457
2083726168 1 133254 R 13.0 36 4 2276 458
2084478100 1 133302 R 17.0 36 6 2321 459
2085475389 1 133366 R 2.0 36 1 0 460
2089977243 1 133654 R 3.0 36 1 0 461
2099476765 1 134262 R 6.0 36 2 819 462
2102229562 1 134438 R 9.0 36 3 1606 463
2106729590 1 134726 R 7.0 36 2 1403 464
2108479007 1 134838 R 10.0 36 3 3072 465
2118728159 1 135494 R 5.0 37 2 1289 466
2122978726 1 135766 R 7.0 37 2 1017 467
2123479817 1 135798 R 11.0 35 4 6080 468
2123976376 1 135830 R 4.0 37 2 80 469
2125227336 1 135910 R 3.0 37 1 127 470
2148978092 1 137430 R 2.0 37 1 574 471
2149727833 1 137478 R 16.0 36 5 5798 472
2154227519 1 137766 R 16.0 35 5 8482 473
2162229026 1 138278 R 12.0 35 4 7673 474
2168728480 1 138694 R 6.0 38 2 542 475
2169226962 1 138726 R 8.0 38 3 718 476
2171725120 1 138886 R 2.0 38 1 0 477
2173228257 1 138982 R 14.0 36 6 5876 478
2179227440 1 139366 R 12.0 37 6 4386 479
2179485800 1 139382 R 10.0 37 3 2860 480
2184225684 1 139686 R 4.0 38 1 0 481
2190976627 1 140118 R 3.0 38 1 482 482
2191477853 1 140150 R 11.0 37 5 5160 483
2197477340 1 140534 R 7.0 38 2 448 484
2205227327 1 141030 R 3.0 39 1 209 485
2209229669 1 141286 R 13.0 37 5 4231 486
2232479681 1 142774 R 13.0 38 4 4296 487
2232977537 1 142806 R 10.0 39 3 1873 488
2233228024 1 142822 R 7.0 39 2 1148 489
2237975695 1 143126 R 2.0 39 1 0 490
2239228021 1 143206 R 9.0 39 3 2008 491
2245224975 1 143590 R 4.0 39 1 0 492
2245729628 1 143622 R 5.0 39 3 2762 493
2247225684 1 143718 R 2.0 40 1 0 494
2249978535 1 143894 R 17.0 39 6 2658 495
2250227615 1 143910 R 5.0 38 3 4697 496
2251727586 1 144006 R 6.0 39 2 2555 497
2252978875 1 144086 R 4.0 40 1 187 498
2260479521 1 144566 R 12.0 39 4 1136 499
2264479377 1 144822 R 17.0 38 6 7048 500
2264728384 1 144838 R 15.0 38 5 4566 501
2268477093 1 145078 R 8.0 40 3 417 502
2274229092 1 145446 R 19.0 40 6 1301 503
2297225409 1 146918 R 4.0 41 1 0 504
2300728049 1 147142 R 3.0 40 1 1255 505
2301975706 1 147222 R 2.0 41 1 0 506
2307479385 1 147574 R 15.0 40 5 1701 507
2307728260 1 147590 R 13.0 39 4 4693 508
2308228193 1 147622 R 9.0 40 3 1593 509
2311227826 1 147814 R 10.0 40 3 1704 510
2313482899 1 147958 R 6.0 41 2 0 511
2316728529 1 148166 R 13.0 40 4 2847 512
2323975132 1 148630 R 3.0 41 1 324 513
2324228013 1 148646 R 9.0 41 3 1670 514
2326979663 1 148822 R 12.0 40 4 2119 515
2333974433 1 149270 R 5.0 41 2 10 516
2337475021 1 149494 R 7.0 41 2 0 517
2342475401 1 149814 R 8.0 41 3 0 518
2347477123 1 150134 R 2.0 42 1 0 519
2349479593 1 150262 R 14.0 40 5 3559 520
2350978268 1 150358 R 15.0 41 5 3524 521
2353228679 1 150502 R 10.0 41 3 1099 522
2360226271 1 150950 R 14.0 41 5 2566 523
2364979992 1 151254 R 19.0 41 6 4132 524
2366726329 1 151366 R 7.0 42 2 469 525
2369727186 1 151558 R 3.0 42 1 0 526
2374728546 1 151878 R 13.0 41 4 2099 527
2374979868 1 151894 R 16.0 41 7 3752 528
2377725690 1 152070 R 4.0 42 1 0 529
2380479881 1 152246 R 14.0 42 5 1124 530
2385978116 1 152598 R 13.0 42 4 1201 531
2386728109 1 152646 R 17.0 42 7 1013 532
2395228676 1 153190 R 5.0 42 2 354 533
2398476934 1 153398 R 8.0 42 3 461 534
