247973677 1 15766 R 19.0 0 6 0 1
249225730 1 15846 R 4.0 0 1 0 2
252477078 1 16054 R 6.0 0 2 240 3
259475525 1 16502 R 5.0 0 2 490 4
262726677 1 16710 R 7.0 0 2 638 5
262975464 1 16726 R 13.0 0 4 528 6
263973451 1 16790 R 3.0 0 1 0 7
269725935 1 17158 R 8.0 0 3 1028 8
271726871 1 17286 R 18.0 0 6 1344 9
272727146 1 17350 R 15.0 0 5 1278 10
276476190 1 17590 R 10.0 0 3 0 11
280225674 1 17830 R 2.0 0 1 0 12
284225897 1 18086 R 9.0 0 3 946 13
290974052 1 18518 R 10.0 1 3 0 14
293224389 1 18662 R 5.0 1 2 0 15
298226813 1 18982 R 12.0 0 4 1728 16
301724992 1 19206 R 7.0 1 2 0 17
306474540 1 19510 R 4.0 1 1 0 18
308473909 1 19638 R 6.0 1 2 224 19
308727192 1 19654 R 8.0 1 3 545 20
313474399 1 19958 R 2.0 1 1 0 21
314225150 1 20006 R 3.0 1 1 228 22
322478513 1 20534 R 14.0 0 5 3396 23
327473676 1 20854 R 6.0 2 2 0 24
340725521 1 21702 R 4.0 2 1 460 25
354227077 1 22566 R 2.0 2 1 729 26
355478007 1 22646 R 3.0 2 1 1522 27
355728223 1 22662 R 13.0 2 4 1130 28
357226706 1 22758 R 13.0 1 5 3916 29
366976592 1 23382 R 5.0 2 3 2294 30
367228660 1 23398 R 14.0 2 5 1764 31
371723819 1 23686 R 2.0 3 1 0 32
376228399 1 23974 R 19.0 1 7 4920 33
376477505 1 23990 R 6.0 3 2 437 34
376725747 1 24006 R 5.0 3 2 336 35
383726740 1 24454 R 8.0 2 3 3121 36
385476395 1 24566 R 19.0 2 6 2518 37
389726527 1 24838 R 10.0 2 3 1949 38
393225766 1 25062 R 3.0 3 1 374 39
395226176 1 25190 R 11.0 1 4 6311 40
404228354 1 25766 R 9.0 1 3 4747 41
409725788 1 26118 R 4.0 3 1 990 42
410725750 1 26182 R 4.0 4 1 187 43
416978149 1 26582 R 7.0 2 2 4325 44
422976154 1 26966 R 7.0 3 2 2169 45
430227870 1 27430 R 8.0 3 3 3256 46
431475552 1 27510 R 2.0 4 1 0 47
433225243 1 27622 R 3.0 4 1 4 48
435727283 1 27782 R 10.0 3 3 2879 49
441477259 1 28150 R 14.0 3 5 3120 50
446227176 1 28454 R 3.0 5 1 165 51
447476753 1 28534 R 7.0 4 2 208 52
454976343 1 29014 R 8.0 4 3 2899 53
458476676 1 29238 R 10.0 4 3 1037 54
462975675 1 29526 R 7.0 5 2 0 55
465478197 1 29686 R 9.0 4 3 2588 56
466475683 1 29750 R 2.0 5 1 0 57
467725006 1 29830 R 19.0 3 7 4983 58
475228315 1 30310 R 6.0 4 2 2128 59
475477881 1 30326 R 6.0 5 2 1057 60
478983016 1 30550 R 4.0 5 1 530 61
484228376 1 30886 R 12.0 4 5 4186 62
489726025 1 31238 R 5.0 4 2 2808 63
493228255 1 31462 R 12.0 3 5 6606 64
495977609 1 31638 R 5.0 5 2 3016 65
501228176 1 31974 R 9.0 5 3 1080 66
504477744 1 32182 R 6.0 6 2 1134 67
510725553 1 32582 R 4.0 6 1 0 68
517976421 1 33046 R 10.0 5 3 2795 69
518228156 1 33062 R 3.0 6 1 1058 70
518477871 1 33078 R 8.0 6 3 1638 71
523226785 1 33382 R 2.0 6 1 933 72
530227241 1 33830 R 10.0 6 3 1707 73
531973933 1 33942 R 6.0 7 2 545 74
542725108 1 34630 R 2.0 7 1 0 75
543474541 1 34678 R 4.0 7 1 0 76
551977138 1 35222 R 13.0 5 5 5244 77
552228295 1 35238 R 7.0 6 2 2457 78
556727594 1 35526 R 9.0 6 3 2112 79
557226386 1 35558 R 5.0 7 2 49 80
564223559 1 36006 R 3.0 7 1 0 81
564728672 1 36038 R 11.0 6 4 3773 82
569723545 1 36358 R 4.0 8 1 0 83
575225630 1 36710 R 2.0 8 1 293 84
579475867 1 36982 R 3.0 8 1 0 85
594975924 1 37974 R 6.0 8 2 997 86
595728263 1 38022 R 16.0 5 6 7278 87
599478269 1 38262 R 16.0 6 5 4823 88
599976632 1 38294 R 7.0 7 2 2402 89
604724291 1 38598 R 2.0 9 1 0 90
607973978 1 38806 R 5.0 8 2 801 91
608226540 1 38822 R 13.0 6 4 5948 92
611726815 1 39046 R 10.0 8 3 1034 93
622473567 1 39734 R 3.0 9 1 1 94
626976445 1 40022 R 7.0 8 2 2755 95
634232258 1 40486 R 4.0 9 1 916 96
644226158 1 41126 R 7.0 9 2 2135 97
645228525 1 41190 R 16.0 7 5 5182 98
648474775 1 41398 R 5.0 9 2 1213 99
653726402 1 41734 R 4.0 10 1 1 100
662727164 1 42310 R 10.0 9 3 3214 101
663978398 1 42390 R 8.0 8 3 4715 102
664228730 1 42406 R 3.0 10 1 1305 103
674227176 1 43046 R 6.0 10 2 1690 104
675727064 1 43142 R 8.0 10 4 1547 105
677726268 1 43270 R 2.0 10 1 0 106
682978250 1 43606 R 12.0 10 5 1400 107
684974326 1 43734 R 5.0 10 3 827 108
686724287 1 43846 R 4.0 11 1 0 109
694727504 1 44358 R 13.0 8 4 6051 110
695728501 1 44422 R 16.0 9 5 5743 111
696475166 1 44470 R 7.0 10 2 1280 112
702726208 1 44870 R 5.0 11 3 909 113
725228902 1 46310 R 3.0 11 1 1259 114
725476801 1 46326 R 13.0 9 4 6016 115
727227065 1 46438 R 7.0 11 2 1197 116
729977508 1 46614 R 6.0 11 2 619 117
735477136 1 46966 R 12.0 11 4 3073 118
737478270 1 47094 R 10.0 11 3 1793 119
740227047 1 47270 R 8.0 11 3 2017 120
740727508 1 47302 R 7.0 12 2 326 121
742477327 1 47414 R 5.0 12 3 1023 122
752228856 1 48038 R 2.0 12 1 342 123
756477988 1 48310 R 6.0 12 2 786 124
756728182 1 48326 R 9.0 10 3 5663 125
763724846 1 48774 R 4.0 12 1 0 126
766477177 1 48950 R 19.0 10 7 6235 127
768477095 1 49078 R 3.0 13 1 85 128
768978649 1 49110 R 9.0 11 3 3036 129
770974141 1 49238 R 5.0 13 2 0 130
775477051 1 49526 R 8.0 12 4 2846 131
778727438 1 49734 R 11.0 11 4 5113 132
788977025 1 50390 R 16.0 11 5 5334 133
789974167 1 50454 R 2.0 13 1 0 134
801476876 1 51190 R 12.0 12 4 3949 135
803474268 1 51318 R 4.0 13 1 0 136
809228028 1 51686 R 8.0 13 4 2411 137
818228989 1 52262 R 14.0 13 5 3231 138
820227128 1 52390 R 17.0 11 7 8485 139
821476912 1 52470 R 7.0 13 2 2235 140
825974468 1 52758 R 4.0 14 2 0 141
830974030 1 53078 R 3.0 14 1 0 142
835476374 1 53366 R 7.0 14 2 1909 143
838226791 1 53542 R 2.0 14 1 508 144
844477019 1 53942 R 12.0 13 4 4216 145
846224862 1 54054 R 5.0 14 2 80 146
850977446 1 54358 R 10.0 14 3 883 147
851726489 1 54406 R 7.0 15 2 440 148
862477510 1 55094 R 9.0 14 3 3317 149
862977146 1 55126 R 17.0 13 7 5033 150
866227303 1 55334 R 15.0 11 5 8822 151
877724565 1 56070 R 3.0 15 1 0 152
885726225 1 56582 R 4.0 15 2 606 153
888227355 1 56742 R 6.0 15 3 416 154
889726342 1 56838 R 2.0 15 2 1002 155
906985424 1 57942 R 3.0 16 1 581 156
907228605 1 57958 R 9.0 15 3 1685 157
912477507 1 58294 R 4.0 16 2 778 158
921978975 1 58902 R 13.0 14 5 6561 159
928728759 1 59334 R 2.0 16 1 2265 160
929978278 1 59414 R 12.0 15 4 5287 161
935728904 1 59782 R 9.0 16 3 1421 162
935977061 1 59798 R 7.0 16 2 1834 163
936478621 1 59830 R 10.0 15 3 3587 164
943227780 1 60262 R 3.0 17 1 248 165
949485477 1 60662 R 4.0 17 1 642 166
951226817 1 60774 R 6.0 16 2 1615 167
959977510 1 61334 R 2.0 17 1 823 168
960229052 1 61350 R 5.0 16 2 4154 169
960726935 1 61382 R 8.0 16 3 4328 170
965727694 1 61702 R 10.0 16 3 2684 171
966975180 1 61782 R 7.0 17 2 1183 172
968724283 1 61894 R 4.0 18 1 0 173
975977098 1 62358 R 5.0 17 2 1409 174
980227799 1 62630 R 7.0 18 2 938 175
981727301 1 62726 R 14.0 14 6 8280 176
985728852 1 62982 R 6.0 17 2 3121 177
985976533 1 62998 R 6.0 18 2 1066 178
987228278 1 63078 R 11.0 15 4 7041 179
1000976154 1 63958 R 3.0 18 1 0 180
1002726978 1 64070 R 16.0 16 5 7008 181
1012726406 1 64710 R 4.0 19 1 0 182
1014978976 1 64854 R 10.0 17 3 4123 183
1015978842 1 64918 R 12.0 17 4 4274 184
1016473948 1 64950 R 3.0 19 1 0 185
1018724276 1 65094 R 2.0 19 1 0 186
1027225153 1 65638 R 8.0 17 3 4027 187
1028478354 1 65718 R 5.0 18 2 1741 188
1036978475 1 66262 R 8.0 18 3 3786 189
1042724700 1 66630 R 7.0 19 2 0 190
1050724898 1 67142 R 4.0 20 1 0 191
1052475849 1 67254 R 3.0 20 1 0 192
1058977272 1 67670 R 12.0 19 4 1472 193
1060477559 1 67766 R 13.0 18 4 3697 194
1061726908 1 67846 R 9.0 17 3 6056 195
1061977358 1 67862 R 5.0 19 2 1791 196
1063723945 1 67974 R 7.0 20 2 0 197
1065728460 1 68102 R 8.0 19 3 2455 198
1069229013 1 68326 R 15.0 18 5 5079 199
1072476211 1 68534 R 6.0 20 2 209 200
1074227089 1 68646 R 2.0 20 1 732 201
1082477274 1 69174 R 13.0 19 4 4286 202
1082977774 1 69206 R 8.0 20 3 336 203
1092973996 1 69846 R 3.0 21 1 0 204
1094727464 1 69958 R 11.0 18 4 6442 205
1097724695 1 70150 R 7.0 21 2 80 206
1100477143 1 70326 R 12.0 20 4 1223 207
1103977222 1 70550 R 2.0 21 1 577 208
1105978111 1 70678 R 18.0 17 6 11302 209
1116228491 1 71334 R 5.0 20 2 3497 210
1117727652 1 71430 R 4.0 21 1 493 211
1118228900 1 71462 R 8.0 21 3 1620 212
1118976128 1 71510 R 6.0 21 2 865 213
1120477796 1 71606 R 5.0 21 2 727 214
1122977721 1 71766 R 10.0 21 3 418 215
1130474404 1 72246 R 9.0 21 3 917 216
1138978571 1 72790 R 11.0 20 4 5235 217
1139974316 1 72854 R 9.0 22 3 627 218
1142724311 1 73030 R 2.0 22 1 449 219
1146475572 1 73270 R 4.0 22 1 0 220
1147977929 1 73366 R 5.0 22 2 418 221
1152977559 1 73686 R 19.0 20 6 4666 222
1153226506 1 73702 R 7.0 22 2 855 223
1153727574 1 73734 R 15.0 20 5 4950 224
1154726733 1 73798 R 10.0 22 3 528 225
1155725853 1 73862 R 3.0 22 1 0 226
1166976277 1 74582 R 3.0 23 1 0 227
1167476247 1 74614 R 6.0 22 2 544 228
1172228716 1 74918 R 16.0 21 6 4471 229
1172475694 1 74934 R 9.0 23 3 433 230
1174974297 1 75094 R 2.0 23 1 0 231
1180976882 1 75478 R 12.0 21 5 4953 232
1182477800 1 75574 R 4.0 23 1 306 233
1185724723 1 75782 R 6.0 23 2 0 234
1189977206 1 76054 R 8.0 22 3 1876 235
1192224518 1 76198 R 10.0 23 3 1 236
1193475122 1 76278 R 5.0 23 2 32 237
1198226633 1 76582 R 11.0 22 4 3238 238
1199726681 1 76678 R 12.0 22 4 2622 239
1203476619 1 76918 R 8.0 23 3 1108 240
1209974143 1 77334 R 7.0 24 2 0 241
1215728748 1 77702 R 19.0 21 7 7045 242
1216976671 1 77782 R 3.0 24 1 81 243
1225727844 1 78342 R 5.0 24 2 672 244
1226975104 1 78422 R 2.0 24 1 50 245
1231728737 1 78726 R 14.0 22 5 4280 246
1234977579 1 78934 R 15.0 22 5 5731 247
1237478588 1 79094 R 12.0 23 4 4576 248
1238976095 1 79190 R 4.0 24 1 413 249
1244976828 1 79574 R 4.0 25 1 35 250
1251977197 1 80022 R 2.0 25 1 327 251
1259227653 1 80486 R 6.0 24 2 896 252
1261975414 1 80662 R 5.0 25 2 0 253
1265228832 1 80870 R 13.0 23 4 5206 254
1273228417 1 81382 R 11.0 23 4 4183 255
1275727508 1 81542 R 9.0 25 3 658 256
1276977540 1 81622 R 3.0 25 1 178 257
1279476180 1 81782 R 7.0 25 2 0 258
1282226717 1 81958 R 10.0 25 3 499 259
1284227177 1 82086 R 8.0 24 3 3067 260
1285727251 1 82182 R 13.0 25 4 1600 261
1286476846 1 82230 R 13.0 24 4 3667 262
1289223909 1 82406 R 5.0 26 2 0 263
1291476140 1 82550 R 3.0 26 1 0 264
1292228740 1 82598 R 8.0 25 3 1693 265
1297977284 1 82966 R 18.0 25 6 2450 266
1300724713 1 83142 R 4.0 26 1 0 267
1306726608 1 83526 R 9.0 26 3 1034 268
1308226379 1 83622 R 7.0 26 2 864 269
1314478058 1 84022 R 6.0 26 2 385 270
1316724442 1 84166 R 2.0 26 1 0 271
1324725356 1 84678 R 14.0 24 5 6375 272
1327977688 1 84886 R 17.0 25 6 4853 273
1328475984 1 84918 R 4.0 27 1 0 274
1331974862 1 85142 R 2.0 27 1 0 275
1337225560 1 85478 R 3.0 27 1 483 276
1338977016 1 85590 R 11.0 25 4 3708 277
1342478847 1 85814 R 14.0 25 5 5516 278
1344226898 1 85926 R 15.0 26 5 2538 279
1349974343 1 86294 R 6.0 27 2 405 280
1351977854 1 86422 R 10.0 27 3 363 281
1352727130 1 86470 R 10.0 26 3 2794 282
1353476854 1 86518 R 11.0 26 4 3121 283
1357227793 1 86758 R 7.0 27 2 469 284
1363726904 1 87174 R 5.0 27 2 1701 285
1366727129 1 87366 R 13.0 26 4 3966 286
1367724362 1 87430 R 9.0 27 3 826 287
1370726276 1 87622 R 3.0 28 1 1 288
1377478695 1 88054 R 14.0 26 5 4139 289
1380224426 1 88230 R 5.0 28 2 0 290
1384228604 1 88486 R 7.0 28 2 1073 291
1389478433 1 88822 R 13.0 27 4 1708 292
1390977668 1 88918 R 2.0 28 1 359 293
1393976231 1 89110 R 4.0 28 1 505 294
1401478067 1 89590 R 9.0 28 3 1836 295
1413727648 1 90374 R 7.0 29 2 357 296
1417226455 1 90598 R 6.0 28 2 1466 297
1417476903 1 90614 R 8.0 28 3 3241 298
1417978561 1 90646 R 16.0 27 5 4108 299
1423974903 1 91030 R 4.0 29 1 0 300
1434475573 1 91702 R 2.0 29 1 0 301
1437972712 1 91926 R 3.0 29 1 1 302
1440976096 1 92118 R 5.0 29 2 907 303
1447977331 1 92566 R 6.0 29 2 1679 304
1448227573 1 92582 R 12.0 27 4 5576 305
1452726988 1 92870 R 10.0 28 3 3543 306
1454974753 1 93014 R 4.0 30 1 0 307
1461974313 1 93462 R 3.0 30 1 834 308
1466478057 1 93750 R 9.0 29 3 1979 309
1468727057 1 93894 R 2.0 30 1 1016 310
1469225977 1 93926 R 5.0 30 2 288 311
1476227605 1 94374 R 19.0 27 7 9591 312
1478728998 1 94534 R 10.0 30 3 1839 313
1483727339 1 94854 R 7.0 30 2 1067 314
1484478057 1 94902 R 9.0 30 3 1256 315
1488478298 1 95158 R 11.0 29 4 4598 316
1494729030 1 95558 R 13.0 30 4 2142 317
1498224872 1 95782 R 3.0 31 1 0 318
1510977342 1 96598 R 7.0 31 2 1032 319
1512228053 1 96678 R 10.0 31 3 224 320
1520724717 1 97222 R 4.0 31 1 0 321
1525227955 1 97510 R 6.0 31 2 718 322
1539227222 1 98406 R 2.0 31 1 1167 323
1539978713 1 98454 R 14.0 31 5 3164 324
1540475798 1 98486 R 3.0 32 1 511 325
1542228762 1 98598 R 5.0 31 2 2327 326
1549976892 1 99094 R 15.0 29 6 8819 327
1556478136 1 99510 R 10.0 32 3 1364 328
1557225940 1 99558 R 2.0 32 1 249 329
1562226010 1 99878 R 4.0 32 1 0 330
1565479098 1 100086 R 11.0 32 4 1510 331
1571726470 1 100486 R 5.0 32 2 824 332
1572475113 1 100534 R 4.0 33 1 1 333
1576477940 1 100790 R 7.0 32 2 1733 334
1578476145 1 100918 R 17.0 30 7 7534 335
1582979477 1 101206 R 6.0 32 2 2498 336
1584229332 1 101286 R 8.0 32 3 2284 337
1587226685 1 101478 R 2.0 33 1 0 338
1596977455 1 102102 R 6.0 33 2 1009 339
1598978611 1 102230 R 12.0 31 4 5574 340
1599728177 1 102278 R 18.0 30 7 7626 341
1599978635 1 102294 R 7.0 33 2 722 342
1601226785 1 102374 R 5.0 33 2 812 343
1605478454 1 102646 R 3.0 33 1 537 344
1609978928 1 102934 R 9.0 33 3 682 345
1615478826 1 103286 R 13.0 33 4 926 346
1617478019 1 103414 R 9.0 32 3 4729 347
1618979452 1 103510 R 8.0 33 3 2845 348
1619477956 1 103542 R 14.0 33 5 2833 349
1622725672 1 103750 R 8.0 34 3 1 350
1630725526 1 104262 R 3.0 34 1 0 351
1631728412 1 104326 R 16.0 33 5 3920 352
1634475680 1 104502 R 4.0 34 1 0 353
1639227344 1 104806 R 6.0 34 2 32 354
1642227945 1 104998 R 11.0 34 4 1717 355
1650729725 1 105542 R 5.0 34 2 1058 356
1650977870 1 105558 R 2.0 34 1 1040 357
1653479514 1 105718 R 13.0 34 4 2042 358
1653728194 1 105734 R 7.0 34 2 1584 359
1654727463 1 105798 R 3.0 35 1 493 360
1656477373 1 105910 R 6.0 35 2 560 361
1656978813 1 105942 R 9.0 34 3 867 362
1657729820 1 105990 R 16.0 32 6 5960 363
1658477365 1 106038 R 4.0 35 1 339 364
1660977682 1 106198 R 10.0 34 3 1661 365
1662976537 1 106326 R 7.0 35 2 0 366
1665224960 1 106470 R 2.0 35 1 0 367
1668726648 1 106694 R 9.0 35 3 434 368
1672475511 1 106934 R 13.0 35 4 366 369
1676725250 1 107206 R 5.0 35 2 505 370
1684476682 1 107702 R 10.0 35 3 405 371
1686477706 1 107830 R 19.0 35 6 1407 372
1687228611 1 107878 R 8.0 35 3 459 373
1690228380 1 108070 R 6.0 36 2 112 374
1692723519 1 108230 R 2.0 36 1 0 375
1698475186 1 108598 R 7.0 36 2 550 376
1702475807 1 108854 R 4.0 36 1 0 377
1708227241 1 109222 R 5.0 36 2 0 378
1711477819 1 109430 R 11.0 35 4 2019 379
1721978060 1 110102 R 3.0 36 1 577 380
1723728105 1 110214 R 13.0 36 4 2036 381
1726477835 1 110390 R 16.0 35 5 2948 382
1731225131 1 110694 R 5.0 37 2 0 383
1733479667 1 110838 R 8.0 36 3 1424 384
1733730119 1 110854 R 17.0 35 7 4435 385
1744228678 1 111526 R 17.0 36 7 2679 386
1747979747 1 111766 R 9.0 36 3 2975 387
1749977119 1 111894 R 3.0 37 1 0 388
1753229234 1 112102 R 10.0 37 3 1348 389
1757229592 1 112358 R 8.0 37 3 1536 390
1757726509 1 112390 R 4.0 37 1 845 391
1760226491 1 112550 R 2.0 37 1 708 392
1761728320 1 112646 R 7.0 37 2 549 393
1766479388 1 112950 R 12.0 37 4 1513 394
1772977666 1 113366 R 16.0 37 5 1322 395
1773976846 1 113430 R 12.0 38 4 326 396
1775228639 1 113510 R 2.0 38 1 413 397
1777976751 1 113686 R 7.0 38 2 169 398
1780477387 1 113846 R 4.0 38 1 0 399
1785477961 1 114166 R 18.0 37 6 1872 400
1787979849 1 114326 R 13.0 37 4 3134 401
1789978552 1 114454 R 10.0 38 3 815 402
1792476620 1 114614 R 3.0 38 1 137 403
1796226366 1 114854 R 14.0 37 5 3461 404
1801478379 1 115190 R 5.0 38 3 82 405
1804727964 1 115398 R 15.0 36 5 6877 406
1805978252 1 115478 R 18.0 38 6 2385 407
1808979663 1 115670 R 9.0 37 3 4763 408
1812728807 1 115910 R 7.0 39 2 403 409
1814728025 1 116038 R 6.0 38 2 1590 410
1815476754 1 116086 R 2.0 39 1 119 411
1824975397 1 116694 R 4.0 39 1 0 412
1828229667 1 116902 R 13.0 38 4 2065 413
1828978334 1 116950 R 3.0 39 1 699 414
1831978620 1 117142 R 6.0 39 2 578 415
1836976016 1 117462 R 5.0 39 3 2041 416
1845728474 1 118022 R 8.0 39 4 352 417
1846479395 1 118070 R 11.0 38 5 2711 418
1854475538 1 118582 R 2.0 40 1 0 419
1859225679 1 118886 R 6.0 40 2 0 420
1860477131 1 118966 R 4.0 40 1 0 421
1864477825 1 119222 R 14.0 39 6 2794 422
1866726940 1 119366 R 8.0 40 3 311 423
1872727008 1 119750 R 5.0 40 2 0 424
1880478106 1 120246 R 10.0 39 3 3041 425
1880728621 1 120262 R 3.0 40 1 535 426
1880977839 1 120278 R 7.0 40 2 80 427
1884979954 1 120534 R 18.0 39 6 4889 428
1891229969 1 120934 R 11.0 39 4 3095 429
1891480107 1 120950 R 11.0 40 4 1343 430
1894227532 1 121126 R 17.0 40 7 1040 431
1896479913 1 121270 R 15.0 39 5 3987 432
1904729588 1 121798 R 9.0 40 3 1425 433
1907226312 1 121958 R 3.0 41 1 0 434
1913976404 1 122390 R 2.0 41 1 0 435
1914727737 1 122438 R 5.0 41 2 1028 436
1915729664 1 122502 R 11.0 41 4 1284 437
1918477222 1 122678 R 9.0 41 3 535 438
1920725264 1 122822 R 4.0 41 1 0 439
1921976928 1 122902 R 6.0 41 2 191 440
1934726249 1 123718 R 14.0 41 5 2495 441
1936226702 1 123814 R 10.0 41 3 804 442
1938479253 1 123958 R 15.0 41 5 2331 443
1945478445 1 124406 R 8.0 41 3 1892 444
1948726822 1 124614 R 4.0 42 1 0 445
1950477825 1 124726 R 13.0 40 4 4079 446
1958978333 1 125270 R 7.0 42 2 250 447
1964478753 1 125622 R 8.0 42 3 899 448
1971227058 1 126054 R 3.0 42 1 303 449
1972478190 1 126134 R 5.0 42 2 1380 450
1978979460 1 126550 R 9.0 42 3 1008 451
1991479541 1 127350 R 10.0 42 3 1341 452
1993224865 1 127462 R 4.0 43 1 0 453
1999975206 1 127894 R 3.0 43 1 959 454
2000979694 1 127958 R 10.0 43 3 1524 455
2008729318 1 128454 R 5.0 43 3 2464 456
2010729712 1 128582 R 2.0 42 1 2901 457
2010977705 1 128598 R 6.0 42 2 3282 458
2012725951 1 128710 R 8.0 43 3 2734 459
2013477587 1 128758 R 2.0 43 1 1223 460
2014978528 1 128854 R 16.0 40 6 9416 461
2016729140 1 128966 R 7.0 43 2 1233 462
2017478332 1 129014 R 3.0 44 1 752 463
2023725386 1 129414 R 5.0 44 3 0 464
2025727108 1 129542 R 4.0 44 1 6 465
2033978008 1 130070 R 15.0 43 5 3345 466
2036729707 1 130246 R 18.0 41 8 8670 467
2043226897 1 130662 R 2.0 44 1 383 468
2045725294 1 130822 R 3.0 45 1 0 469
2048478244 1 130998 R 14.0 43 6 2814 470
2050727937 1 131142 R 4.0 45 1 74 471
2063729826 1 131974 R 16.0 43 5 4122 472
2065729854 1 132102 R 8.0 44 4 1785 473
2075979635 1 132758 R 6.0 44 2 2818 474
2083228040 1 133222 R 2.0 45 1 474 475
2085227223 1 133350 R 9.0 45 3 752 476
2086729185 1 133446 R 7.0 45 2 2094 477
2090727315 1 133702 R 8.0 45 3 1270 478
2094228271 1 133926 R 14.0 44 6 4112 479
2097227927 1 134118 R 9.0 46 3 759 480
2098726399 1 134214 R 5.0 46 2 146 481
2111979674 1 135062 R 11.0 44 4 5901 482
2112228749 1 135078 R 4.0 46 1 597 483
2113229686 1 135142 R 10.0 44 3 4886 484
2114979294 1 135254 R 5.0 45 3 3233 485
2120477104 1 135606 R 3.0 46 1 0 486
2121726949 1 135686 R 2.0 46 1 411 487
2122226483 1 135718 R 6.0 46 2 784 488
2123229156 1 135782 R 8.0 46 3 1790 489
2125728900 1 135942 R 7.0 46 2 192 490
2133479815 1 136438 R 18.0 44 8 6447 491
2140228528 1 136870 R 12.0 46 4 1165 492
2143476819 1 137078 R 3.0 47 1 0 493
2147478672 1 137334 R 17.0 46 7 2680 494
2150727954 1 137542 R 6.0 47 2 320 495
2155725255 1 137862 R 7.0 47 2 0 496
2156725821 1 137926 R 4.0 47 1 0 497
2165973435 1 138518 R 7.0 48 2 0 498
2168476239 1 138678 R 16.0 45 5 5552 499
2168979317 1 138710 R 5.0 47 2 2065 500
2169476909 1 138742 R 2.0 47 1 425 501
2174477194 1 139062 R 2.0 48 1 441 502
2175979855 1 139158 R 18.0 46 8 2952 503
2180979315 1 139478 R 9.0 47 3 2272 504
2182227618 1 139558 R 3.0 48 1 405 505
2198729546 1 140614 R 10.0 46 3 4981 506
2200975415 1 140758 R 4.0 48 1 0 507
2222728026 1 142150 R 5.0 48 2 2968 508
2223477200 1 142198 R 6.0 49 2 853 509
2225976476 1 142358 R 3.0 49 1 399 510
2229479104 1 142582 R 13.0 46 4 6640 511
2230727807 1 142662 R 2.0 49 1 64 512
2234228199 1 142886 R 7.0 49 2 567 513
2236228419 1 143014 R 10.0 47 3 5593 514
2237725297 1 143110 R 4.0 49 1 0 515
2241229837 1 143334 R 11.0 47 4 6929 516
2246976764 1 143702 R 8.0 49 3 880 517
2248978793 1 143830 R 5.0 49 2 929 518
2249225401 1 143846 R 4.0 50 1 0 519
2257228403 1 144358 R 16.0 47 5 6373 520
2258228240 1 144422 R 13.0 48 4 5238 521
2267475396 1 145014 R 3.0 50 1 0 522
2270477448 1 145206 R 7.0 50 2 1056 523
2271226825 1 145254 R 2.0 50 1 0 524
2277227135 1 145638 R 6.0 50 2 1 525
2282479246 1 145974 R 10.0 49 3 2956 526
2293974894 1 146710 R 4.0 51 1 0 527
2304479660 1 147382 R 5.0 50 2 1522 528
2306228172 1 147494 R 9.0 50 3 2008 529
2315975419 1 148118 R 3.0 51 1 0 530
2317729879 1 148230 R 8.0 50 3 4034 531
2323723464 1 148614 R 3.0 52 1 0 532
2333977344 1 149270 R 2.0 51 1 1382 533
2340979551 1 149718 R 11.0 51 4 3398 534
2346975409 1 150102 R 4.0 52 1 0 535
2356227754 1 150694 R 2.0 52 1 1750 536
2356478267 1 150710 R 15.0 49 6 9150 537
2361229749 1 151014 R 11.0 50 4 4349 538
2366226696 1 151334 R 4.0 53 1 0 539
2381478567 1 152310 R 18.0 50 6 6293 540
2381729021 1 152326 R 7.0 52 2 3028 541
2381975548 1 152342 R 3.0 53 1 0 542
2399227891 1 153446 R 2.0 53 1 1649 543
