247973677 1 15766 R 19.0 0 6 0 1
253724278 1 16134 R 10.0 0 3 0 2
260723923 1 16582 R 6.0 0 2 0 3
261225534 1 16614 R 2.0 0 1 460 4
267224868 1 16998 R 3.0 0 1 209 5
270225602 1 17190 R 5.0 0 2 0 6
274977240 1 17494 R 4.0 0 1 487 7
275977417 1 17558 R 7.0 0 2 754 8
295478181 1 18806 R 16.0 0 5 2462 9
295728317 1 18822 R 7.0 1 2 1211 10
295977324 1 18838 R 3.0 1 1 402 11
297476886 1 18934 R 5.0 1 2 1017 12
301973689 1 19222 R 2.0 1 1 0 13
302977461 1 19286 R 4.0 1 1 392 14
306227154 1 19494 R 13.0 0 4 2537 15
306727724 1 19526 R 10.0 1 3 812 16
307478524 1 19574 R 18.0 0 6 3413 17
309225819 1 19686 R 2.0 2 1 0 18
310224012 1 19750 R 3.0 2 1 0 19
321975089 1 20502 R 4.0 2 1 0 20
325976044 1 20758 R 5.0 2 2 450 21
326975317 1 20822 R 8.0 2 3 432 22
327225883 1 20838 R 7.0 2 2 809 23
334477294 1 21302 R 14.0 0 5 4106 24
338477814 1 21558 R 13.0 1 4 3449 25
345226919 1 21990 R 6.0 2 2 1300 26
350726957 1 22342 R 10.0 2 3 1440 27
353474753 1 22518 R 9.0 1 3 3432 28
353726884 1 22534 R 2.0 3 1 658 29
354225666 1 22566 R 4.0 3 1 0 30
355227604 1 22630 R 9.0 2 3 3198 31
365725902 1 23302 R 3.0 3 1 429 32
367222189 1 23398 R 2.0 4 1 0 33
371977516 1 23702 R 6.0 3 2 998 34
375477825 1 23926 R 11.0 2 4 3582 35
388225069 1 24742 R 3.0 4 1 999 36
388728244 1 24774 R 16.0 1 5 5353 37
392228023 1 24998 R 7.0 3 2 2383 38
396728381 1 25286 R 5.0 3 3 2721 39
403225233 1 25702 R 4.0 4 1 627 40
403726869 1 25734 R 6.0 4 2 1112 41
406483841 1 25910 R 4.0 5 1 74 42
407227502 1 25958 R 2.0 5 1 413 43
422736596 1 26951 R 13.0 2 5 6790 44
424478096 1 27062 R 10.0 4 3 2323 45
425477581 1 27126 R 6.0 5 2 1324 46
426475789 1 27190 R 3.0 5 1 452 47
430475671 1 27446 R 3.0 6 1 0 48
436978539 1 27862 R 11.0 3 4 4912 49
442726070 1 28230 R 7.0 5 2 1872 50
443725339 1 28294 R 2.0 6 1 713 51
448477590 1 28598 R 5.0 5 3 1359 52
454727821 1 28998 R 12.0 5 4 3038 53
457225945 1 29158 R 7.0 6 2 1325 54
475227095 1 30310 R 4.0 7 2 913 55
476228178 1 30374 R 7.0 7 2 1266 56
478727633 1 30534 R 3.0 7 1 521 57
482477332 1 30774 R 5.0 7 2 609 58
483726046 1 30854 R 2.0 7 1 825 59
490478309 1 31286 R 9.0 5 3 4680 60
493226888 1 31462 R 6.0 6 2 4110 61
496473838 1 31670 R 2.0 8 1 1 62
502974376 1 32086 R 3.0 8 1 0 63
506225614 1 32294 R 5.0 8 2 467 64
509477800 1 32502 R 11.0 5 4 6418 65
511977180 1 32662 R 4.0 8 2 531 66
514977253 1 32854 R 14.0 3 6 9251 67
525727063 1 33542 R 6.0 7 2 3021 68
527228155 1 33638 R 6.0 8 2 1257 69
528225006 1 33702 R 3.0 9 1 336 70
529727554 1 33798 R 4.0 9 2 516 71
530978262 1 33878 R 13.0 7 4 2934 72
540726886 1 34502 R 9.0 8 3 1722 73
542978019 1 34646 R 6.0 9 2 1516 74
545223939 1 34790 R 2.0 9 1 208 75
545976065 1 34838 R 9.0 9 3 861 76
549976468 1 35094 R 8.0 7 3 5690 77
552473936 1 35254 R 7.0 9 2 585 78
556478460 1 35510 R 8.0 8 3 4324 79
557476288 1 35574 R 18.0 6 8 6466 80
558226164 1 35622 R 3.0 10 1 192 81
566738065 1 36167 R 13.0 8 4 3430 82
569727962 1 36358 R 7.0 10 2 1431 83
570226279 1 36390 R 2.0 10 1 978 84
585726832 1 37382 R 11.0 9 4 3748 85
586226759 1 37414 R 10.0 10 3 1611 86
590228391 1 37670 R 6.0 10 2 1355 87
594977493 1 37974 R 11.0 10 4 3034 88
598726288 1 38214 R 5.0 11 2 973 89
598977563 1 38230 R 4.0 11 2 160 90
599222512 1 38246 R 2.0 11 1 0 91
599725462 1 38278 R 3.0 11 1 91 92
603476677 1 38518 R 8.0 10 3 3046 93
604228879 1 38566 R 11.0 11 4 1373 94
606225592 1 38694 R 2.0 12 1 78 95
615475842 1 39286 R 5.0 12 2 481 96
617483710 1 39414 R 13.0 10 4 2541 97
621976828 1 39702 R 8.0 11 3 1519 98
624225022 1 39846 R 4.0 12 2 32 99
625227790 1 39910 R 8.0 12 3 112 100
628729124 1 40134 R 13.0 11 4 2954 101
630976809 1 40278 R 3.0 12 1 22 102
637228750 1 40678 R 7.0 11 2 2240 103
639477891 1 40822 R 7.0 12 2 1045 104
645976541 1 41238 R 6.0 12 2 625 105
653977773 1 41750 R 3.0 13 1 468 106
654229106 1 41766 R 10.0 12 3 2940 107
654478193 1 41782 R 2.0 13 1 633 108
666227817 1 42534 R 4.0 13 2 683 109
666975783 1 42582 R 6.0 13 2 922 110
667227397 1 42598 R 5.0 13 2 472 111
674976487 1 43094 R 9.0 12 3 3915 112
676476624 1 43190 R 7.0 13 2 1780 113
677977803 1 43286 R 6.0 14 2 208 114
689228819 1 44006 R 15.0 10 5 8006 115
689727778 1 44038 R 2.0 14 1 155 116
691722650 1 44166 R 3.0 14 1 0 117
693978295 1 44310 R 11.0 12 4 4749 118
702477032 1 44854 R 5.0 14 2 1499 119
703477950 1 44918 R 3.0 15 1 543 120
703977488 1 44950 R 4.0 14 2 144 121
705976212 1 45078 R 2.0 15 1 424 122
712978040 1 45526 R 9.0 13 3 3863 123
713726906 1 45574 R 7.0 14 2 1716 124
716227043 1 45734 R 7.0 15 2 1308 125
717978757 1 45846 R 4.0 15 2 1276 126
721477136 1 46070 R 10.0 15 3 1036 127
730477464 1 46646 R 14.0 9 6 12981 128
734224954 1 46886 R 12.0 16 4 70 129
739978618 1 47254 R 8.0 13 3 4857 130
741975163 1 47382 R 6.0 15 2 1777 131
742475403 1 47414 R 2.0 16 1 38 132
747974141 1 47766 R 6.0 16 2 0 133
752226209 1 48038 R 7.0 16 2 546 134
756974744 1 48342 R 3.0 16 1 0 135
762974414 1 48726 R 2.0 17 1 1 136
766976618 1 48982 R 4.0 16 2 1552 137
772477750 1 49334 R 12.0 15 4 3160 138
774476956 1 49462 R 3.0 17 1 62 139
774727229 1 49478 R 7.0 17 2 477 140
780975953 1 49878 R 4.0 17 2 682 141
783977445 1 50070 R 12.0 17 4 851 142
786478493 1 50230 R 8.0 16 3 3167 143
788727227 1 50374 R 6.0 17 2 417 144
794975301 1 50774 R 5.0 16 2 2490 145
795727628 1 50822 R 5.0 17 2 2135 146
798726149 1 51014 R 3.0 18 1 0 147
800976012 1 51158 R 4.0 18 2 0 148
803977920 1 51350 R 6.0 18 2 879 149
805227927 1 51430 R 2.0 18 1 959 150
815727723 1 52102 R 10.0 17 3 1972 151
818726365 1 52294 R 5.0 18 2 461 152
821227640 1 52454 R 3.0 19 1 112 153
825478696 1 52726 R 11.0 16 4 4901 154
826976637 1 52822 R 9.0 18 3 774 155
835978063 1 53398 R 7.0 18 2 2014 156
839727121 1 53638 R 6.0 19 2 510 157
840975569 1 53718 R 2.0 19 1 0 158
846474853 1 54070 R 5.0 19 2 0 159
852978493 1 54486 R 8.0 18 3 2612 160
856472706 1 54710 R 4.0 20 2 0 161
858226999 1 54822 R 10.0 19 3 2284 162
867225203 1 55398 R 8.0 19 3 2591 163
867726787 1 55430 R 2.0 20 1 1168 164
871475641 1 55670 R 3.0 20 1 565 165
874728669 1 55878 R 7.0 19 2 2077 166
877727499 1 56070 R 9.0 20 3 926 167
880727848 1 56262 R 6.0 20 2 942 168
881979013 1 56342 R 11.0 19 4 3495 169
885726986 1 56582 R 15.0 19 5 2851 170
889978366 1 56854 R 7.0 20 2 1377 171
891977492 1 56982 R 3.0 21 1 569 172
900476393 1 57526 R 2.0 21 1 373 173
900977235 1 57558 R 6.0 21 2 751 174
902476775 1 57654 R 4.0 21 1 427 175
905224420 1 57830 R 4.0 22 1 0 176
908727048 1 58054 R 5.0 21 2 1176 177
917977937 1 58646 R 2.0 22 1 653 178
918726907 1 58694 R 8.0 21 3 1311 179
920728615 1 58822 R 9.0 21 3 1960 180
922476989 1 58934 R 13.0 19 4 6591 181
924475930 1 59062 R 5.0 22 2 809 182
925476076 1 59126 R 3.0 22 1 104 183
929478712 1 59382 R 16.0 19 5 6295 184
931477614 1 59510 R 15.0 20 5 4560 185
936476915 1 59830 R 6.0 22 2 1025 186
941477655 1 60150 R 8.0 22 3 463 187
946976877 1 60502 R 10.0 22 3 2019 188
948975804 1 60630 R 6.0 23 2 435 189
949476364 1 60662 R 2.0 23 1 187 190
953726907 1 60934 R 7.0 22 2 2594 191
956726651 1 61126 R 5.0 23 2 464 192
957978606 1 61206 R 7.0 23 2 1280 193
958727657 1 61254 R 4.0 23 1 538 194
972727055 1 62150 R 9.0 22 3 3044 195
977725802 1 62470 R 8.0 23 3 956 196
985475232 1 62966 R 3.0 23 1 1433 197
986478339 1 63030 R 3.0 24 1 1377 198
986726604 1 63046 R 12.0 22 4 3430 199
988726287 1 63174 R 2.0 24 1 0 200
989478056 1 63222 R 9.0 23 3 1858 201
991478496 1 63350 R 7.0 24 2 1107 202
997725664 1 63750 R 6.0 24 2 437 203
1001228450 1 63974 R 17.0 21 6 7196 204
1009728815 1 64518 R 12.0 24 4 1287 205
1012226943 1 64678 R 2.0 25 1 64 206
1020727814 1 65222 R 6.0 25 2 464 207
1027477153 1 65654 R 3.0 26 1 18 208
1029974134 1 65814 R 2.0 26 1 0 209
1031226074 1 65894 R 6.0 26 2 112 210
1043477490 1 66678 R 4.0 25 2 1775 211
1043727561 1 66694 R 16.0 21 5 8595 212
1043977704 1 66710 R 14.0 22 5 8222 213
1046226612 1 66854 R 8.0 25 3 1929 214
1054226756 1 67366 R 7.0 25 3 3699 215
1058478332 1 67638 R 7.0 26 2 1568 216
1060728613 1 67782 R 5.0 26 2 1840 217
1062978746 1 67926 R 12.0 25 4 3917 218
1063478558 1 67958 R 10.0 25 4 3625 219
1066727177 1 68166 R 4.0 26 1 1016 220
1070476648 1 68406 R 8.0 26 3 2002 221
1071474285 1 68470 R 2.0 27 1 4 222
1072222692 1 68518 R 4.0 27 1 0 223
1079476765 1 68982 R 3.0 27 1 1107 224
1087227344 1 69478 R 9.0 25 3 4933 225
1087475162 1 69494 R 9.0 26 3 2725 226
1087726263 1 69510 R 5.0 27 2 383 227
1090224854 1 69670 R 3.0 28 1 0 228
1091977322 1 69782 R 6.0 27 2 1648 229
1092477417 1 69814 R 11.0 26 4 3686 230
1093477566 1 69878 R 12.0 27 4 2189 231
1094725969 1 69958 R 2.0 28 1 241 232
1109225989 1 70886 R 4.0 28 1 0 233
1112228759 1 71078 R 8.0 27 3 1632 234
1112727227 1 71110 R 5.0 28 2 843 235
1115477418 1 71286 R 11.0 28 4 1728 236
1126726120 1 72006 R 4.0 29 1 0 237
1130978760 1 72278 R 8.0 28 3 1955 238
1133479376 1 72438 R 15.0 24 5 10260 239
1133727563 1 72454 R 10.0 27 3 4253 240
1134475845 1 72502 R 3.0 29 1 5 241
1137477074 1 72694 R 2.0 29 1 463 242
1140976625 1 72918 R 7.0 27 2 4046 243
1153727382 1 73734 R 6.0 28 2 2853 244
1159728762 1 74118 R 3.0 30 1 1000 245
1160228483 1 74150 R 7.0 28 2 4201 246
1160476509 1 74166 R 7.0 29 2 2655 247
1161478012 1 74230 R 17.0 24 6 10709 248
1164227622 1 74406 R 9.0 28 3 3018 249
1170726426 1 74822 R 4.0 30 1 0 250
1177224290 1 75238 R 4.0 31 1 0 251
1181477406 1 75510 R 6.0 29 2 2708 252
1181726701 1 75526 R 7.0 30 2 586 253
1182477052 1 75574 R 13.0 26 4 9372 254
1185476601 1 75766 R 11.0 30 4 992 255
1188477116 1 75958 R 2.0 30 1 984 256
1192228340 1 76198 R 8.0 29 3 4208 257
1199227134 1 76646 R 7.0 31 2 694 258
1202224556 1 76838 R 2.0 31 1 0 259
1204475786 1 76982 R 3.0 31 1 276 260
1207478807 1 77174 R 9.0 30 3 2499 261
1212974324 1 77526 R 7.0 32 2 147 262
1225725808 1 78342 R 4.0 32 1 519 263
1227222718 1 78438 R 2.0 32 1 1 264
1237227353 1 79078 R 8.0 30 3 4580 265
1237476425 1 79094 R 3.0 32 1 509 266
1244476286 1 79542 R 2.0 33 1 0 267
1245726375 1 79622 R 6.0 32 2 980 268
1245976642 1 79638 R 5.0 31 2 3064 269
1247726013 1 79750 R 4.0 33 1 0 270
1251726380 1 80006 R 8.0 31 3 3389 271
1251976979 1 80022 R 12.0 32 4 2832 272
1252727332 1 80070 R 5.0 32 2 3006 273
1255474846 1 80246 R 3.0 33 1 0 274
1256977131 1 80342 R 12.0 31 4 3648 275
1258726360 1 80454 R 6.0 33 2 885 276
1258974856 1 80470 R 5.0 33 2 64 277
1265729133 1 80902 R 10.0 32 3 2352 278
1272978496 1 81366 R 7.0 33 2 2039 279
1275729131 1 81542 R 10.0 33 3 1408 280
1280474999 1 81846 R 2.0 34 1 0 281
1283977404 1 82070 R 11.0 32 4 3527 282
1285977489 1 82198 R 3.0 34 1 100 283
1290474270 1 82486 R 4.0 34 1 0 284
1291726872 1 82566 R 10.0 34 3 1322 285
1293227634 1 82662 R 7.0 34 2 865 286
1295228280 1 82790 R 16.0 32 5 3810 287
1296976217 1 82902 R 5.0 34 2 748 288
1306725977 1 83526 R 4.0 35 1 0 289
1309976628 1 83734 R 6.0 34 2 1369 290
1310975704 1 83798 R 3.0 35 1 634 291
1315478821 1 84086 R 8.0 33 3 3884 292
1322226278 1 84518 R 2.0 35 1 0 293
1325228619 1 84710 R 8.0 34 3 2478 294
1326474357 1 84790 R 6.0 35 2 304 295
1327976892 1 84886 R 5.0 35 2 1731 296
1331975985 1 85142 R 2.0 36 1 0 297
1334476214 1 85302 R 5.0 36 2 346 298
1349728055 1 86278 R 7.0 35 2 2438 299
1350226860 1 86310 R 10.0 35 3 3180 300
1351975698 1 86422 R 3.0 36 1 779 301
1352724137 1 86470 R 4.0 36 1 0 302
1355477642 1 86646 R 6.0 36 2 357 303
1355975292 1 86678 R 4.0 37 1 14 304
1365726161 1 87302 R 2.0 37 1 0 305
1370975480 1 87638 R 11.0 34 4 4422 306
1377226215 1 88038 R 3.0 37 1 458 307
1377977926 1 88086 R 5.0 37 2 558 308
1388974576 1 88790 R 3.0 38 1 0 309
1396224151 1 89254 R 2.0 38 1 0 310
1398977488 1 89430 R 7.0 36 2 3230 311
1399475823 1 89462 R 4.0 38 1 586 312
1401726759 1 89606 R 6.0 37 2 1287 313
1405977714 1 89878 R 10.0 36 3 3832 314
1409972669 1 90134 R 5.0 38 2 0 315
1412978569 1 90326 R 11.0 35 4 7107 316
1416475220 1 90550 R 8.0 37 3 2243 317
1416727411 1 90566 R 10.0 37 4 2595 318
1428977507 1 91350 R 7.0 37 2 3764 319
1429975581 1 91414 R 2.0 39 1 0 320
1434977527 1 91734 R 7.0 38 2 2374 321
1442225553 1 92198 R 3.0 39 1 783 322
1442477510 1 92214 R 6.0 38 2 2390 323
1443974712 1 92310 R 5.0 39 2 0 324
1449475178 1 92662 R 9.0 39 3 1944 325
1452224843 1 92838 R 3.0 40 1 0 326
1454976736 1 93014 R 15.0 36 5 7125 327
1456228618 1 93094 R 4.0 39 1 1385 328
1456975649 1 93142 R 4.0 40 1 495 329
1461478339 1 93430 R 7.0 39 2 1840 330
1473726723 1 94214 R 11.0 36 4 8601 331
1474228802 1 94246 R 8.0 38 3 5265 332
1484726313 1 94918 R 4.0 41 1 0 333
1487479385 1 95094 R 16.0 35 5 10401 334
1488976647 1 95190 R 6.0 39 2 3088 335
1490228790 1 95270 R 2.0 40 1 1079 336
1505228247 1 96230 R 6.0 40 2 3141 337
1505726509 1 96262 R 3.0 41 1 915 338
1505976685 1 96278 R 2.0 41 1 596 339
1511474898 1 96630 R 2.0 42 1 0 340
1517228192 1 96998 R 7.0 40 2 2774 341
1517477708 1 97014 R 3.0 42 1 305 342
1517724465 1 97030 R 4.0 42 1 0 343
1529976638 1 97814 R 8.0 41 3 3154 344
1535726344 1 98182 R 4.0 43 1 0 345
1542475215 1 98614 R 6.0 41 2 3188 346
1547978752 1 98966 R 6.0 42 2 2568 347
1555478359 1 99446 R 5.0 42 3 3181 348
1561723964 1 99846 R 2.0 43 1 0 349
1563477147 1 99958 R 14.0 39 5 8330 350
1564729877 1 100038 R 16.0 40 5 7505 351
1565476616 1 100086 R 3.0 43 1 382 352
1572728032 1 100550 R 6.0 43 2 1919 353
1576477894 1 100790 R 8.0 42 3 3890 354
1576979592 1 100822 R 8.0 43 3 1777 355
1580227129 1 101030 R 3.0 44 1 0 356
1587975161 1 101526 R 2.0 44 1 0 357
1607477579 1 102774 R 7.0 43 2 3641 358
1607977181 1 102806 R 9.0 44 3 1072 359
1609978290 1 102934 R 4.0 44 1 1039 360
1614725554 1 103238 R 4.0 45 1 0 361
1617977226 1 103446 R 2.0 45 1 926 362
1618477581 1 103478 R 3.0 45 1 1321 363
1626227242 1 103974 R 7.0 44 2 2092 364
1627229014 1 104038 R 9.0 42 4 6343 365
1631976213 1 104342 R 10.0 42 3 6701 366
1649475263 1 105462 R 4.0 46 1 1 367
1651227888 1 105574 R 6.0 44 2 3739 368
1651477194 1 105590 R 3.0 46 1 615 369
1653979585 1 105750 R 7.0 45 2 2543 370
1654228146 1 105766 R 5.0 46 2 1749 371
1654724815 1 105798 R 2.0 46 1 0 372
1660725704 1 106182 R 4.0 47 1 0 373
1664229260 1 106406 R 10.0 46 3 2052 374
1665727152 1 106502 R 2.0 47 1 0 375
1671473503 1 106870 R 3.0 47 1 0 376
1673729031 1 107014 R 7.0 46 2 1574 377
1677477610 1 107254 R 7.0 47 2 1465 378
1699728430 1 108678 R 14.0 43 5 9976 379
1699977360 1 108694 R 6.0 45 2 5996 380
1700978401 1 108758 R 16.0 43 5 9691 381
1701228617 1 108774 R 3.0 48 1 173 382
1706725101 1 109126 R 2.0 48 1 0 383
1710725007 1 109382 R 4.0 48 1 0 384
1712727889 1 109510 R 9.0 47 3 1799 385
1713977461 1 109590 R 6.0 46 2 4130 386
1714228231 1 109606 R 10.0 48 3 1088 387
1720974863 1 110038 R 3.0 49 1 0 388
1728229345 1 110502 R 7.0 48 2 1455 389
1730974974 1 110678 R 2.0 49 1 0 390
1740226834 1 111270 R 4.0 49 1 1 391
1754227457 1 112166 R 11.0 47 4 5140 392
1754480107 1 112182 R 16.0 47 5 5574 393
1754977229 1 112214 R 2.0 50 1 414 394
1755476551 1 112246 R 3.0 50 1 8 395
1779227272 1 113766 R 9.0 48 3 5012 396
1779728102 1 113798 R 12.0 47 4 6567 397
1779979168 1 113814 R 6.0 49 2 2956 398
1784977340 1 114134 R 4.0 50 1 764 399
1786226770 1 114214 R 4.0 51 1 730 400
1790225114 1 114470 R 2.0 51 1 0 401
1793978316 1 114710 R 6.0 50 2 2977 402
1796227163 1 114854 R 3.0 51 1 0 403
1803977878 1 115350 R 13.0 47 4 7976 404
1804729301 1 115398 R 9.0 49 3 4297 405
1807729600 1 115590 R 5.0 50 2 3498 406
1809479457 1 115702 R 5.0 51 2 2070 407
1813477108 1 115958 R 2.0 52 1 0 408
1815978446 1 116118 R 6.0 51 2 1940 409
1819725258 1 116358 R 5.0 52 2 0 410
1825227752 1 116710 R 7.0 49 2 5063 411
1838727752 1 117574 R 3.0 52 1 1155 412
1847977873 1 118166 R 7.0 51 2 3212 413
1848729308 1 118214 R 4.0 52 1 1222 414
1849978378 1 118294 R 4.0 53 1 128 415
1851727585 1 118406 R 6.0 52 2 1238 416
1856477467 1 118710 R 9.0 50 3 5495 417
1858479491 1 118838 R 9.0 51 3 3537 418
1859974853 1 118934 R 3.0 53 1 0 419
1860226512 1 118950 R 5.0 53 2 48 420
1872977928 1 119766 R 2.0 53 1 1474 421
1873226218 1 119782 R 2.0 54 1 41 422
1874975156 1 119894 R 3.0 54 1 0 423
1875729466 1 119942 R 8.0 52 3 3724 424
1876229470 1 119974 R 6.0 53 2 2479 425
1887975397 1 120726 R 5.0 54 2 0 426
1891977874 1 120982 R 7.0 53 2 1782 427
1893479593 1 121078 R 9.0 52 3 4494 428
1902227728 1 121638 R 7.0 54 2 1934 429
1902978469 1 121686 R 4.0 54 1 541 430
1903477480 1 121718 R 9.0 54 3 528 431
1908227694 1 122022 R 11.0 52 4 5593 432
1910477482 1 122166 R 6.0 54 2 1381 433
1913477697 1 122358 R 14.0 52 5 6027 434
1915475939 1 122486 R 4.0 55 1 30 435
1917225832 1 122598 R 3.0 55 1 0 436
1925729309 1 123142 R 6.0 55 2 1418 437
1925976644 1 123158 R 2.0 55 1 698 438
1927478129 1 123254 R 10.0 53 3 5382 439
1929977748 1 123414 R 7.0 55 2 1746 440
1932725421 1 123590 R 2.0 56 1 0 441
1936475829 1 123830 R 6.0 56 2 0 442
1938223527 1 123942 R 5.0 56 2 0 443
1949227109 1 124646 R 4.0 56 1 0 444
1955977788 1 125078 R 7.0 56 2 1375 445
1964978996 1 125654 R 10.0 54 3 5487 446
1966478622 1 125750 R 3.0 57 1 152 447
1976725401 1 126406 R 6.0 57 2 0 448
1979477478 1 126582 R 5.0 57 2 323 449
1980725688 1 126662 R 2.0 57 1 1 450
1982975290 1 126806 R 4.0 57 1 1 451
1992978117 1 127446 R 13.0 54 4 7066 452
1993477928 1 127478 R 9.0 57 3 1392 453
1993727003 1 127494 R 2.0 58 1 0 454
1994727519 1 127558 R 4.0 58 1 94 455
1998475439 1 127798 R 3.0 58 1 0 456
2005978284 1 128278 R 7.0 57 2 1783 457
2006477323 1 128310 R 6.0 58 2 749 458
2011227323 1 128614 R 7.0 58 2 809 459
2021729390 1 129286 R 16.0 54 5 8879 460
2022225526 1 129318 R 2.0 59 1 0 461
2024225665 1 129446 R 4.0 59 1 0 462
2026728850 1 129606 R 5.0 58 2 1011 463
2034978026 1 130134 R 8.0 57 3 4372 464
2038475684 1 130358 R 6.0 59 2 0 465
2042228151 1 130598 R 9.0 58 3 2597 466
2044723452 1 130758 R 6.0 60 2 0 467
2051227471 1 131174 R 7.0 59 2 2112 468
2051475691 1 131190 R 2.0 60 1 0 469
2055229634 1 131430 R 3.0 59 1 1041 470
2060975261 1 131798 R 4.0 60 1 0 471
2061479478 1 131830 R 5.0 59 2 2450 472
2061727332 1 131846 R 3.0 60 1 316 473
2063980402 1 131990 R 19.0 54 7 11474 474
2068975704 1 132310 R 5.0 60 2 0 475
2075975150 1 132758 R 2.0 61 1 0 476
2077477730 1 132854 R 7.0 60 2 1672 477
2079225393 1 132966 R 3.0 61 1 0 478
2081475411 1 133110 R 5.0 61 2 0 479
2092478436 1 133814 R 9.0 60 3 1441 480
2092978106 1 133846 R 12.0 58 4 5710 481
2094477329 1 133942 R 6.0 61 2 128 482
2100725117 1 134342 R 4.0 61 1 0 483
2106978528 1 134742 R 13.0 60 4 3438 484
2109225526 1 134886 R 5.0 62 2 0 485
2111474593 1 135030 R 2.0 62 1 0 486
2113727497 1 135174 R 8.0 60 3 3631 487
2115977335 1 135318 R 7.0 62 2 224 488
2122728499 1 135750 R 4.0 62 1 531 489
2125478110 1 135926 R 10.0 61 3 2793 490
2128224819 1 136102 R 3.0 62 1 1 491
2136225137 1 136614 R 4.0 63 1 0 492
2142228247 1 136998 R 12.0 60 4 5345 493
2144976641 1 137174 R 6.0 62 2 781 494
2145978531 1 137238 R 10.0 62 3 2595 495
2155734422 1 137862 R 8.0 63 3 303 496
2158729306 1 138054 R 9.0 61 3 4052 497
2161478916 1 138230 R 7.0 63 2 448 498
2164477039 1 138422 R 6.0 63 2 497 499
2167474869 1 138614 R 4.0 64 1 0 500
2171727932 1 138886 R 2.0 63 1 577 501
2175979745 1 139158 R 5.0 63 2 1269 502
2176977617 1 139222 R 3.0 63 1 984 503
2177226253 1 139238 R 3.0 64 1 0 504
2182228398 1 139558 R 17.0 59 6 9286 505
2185476770 1 139766 R 7.0 64 2 565 506
2193474835 1 140278 R 2.0 64 1 0 507
2204226667 1 140966 R 2.0 65 1 0 508
2205478295 1 141046 R 9.0 64 3 2000 509
2208728972 1 141254 R 19.0 61 6 6118 510
2210726684 1 141382 R 3.0 65 1 0 511
2211227896 1 141414 R 6.0 64 2 1590 512
2211979299 1 141462 R 6.0 65 2 1088 513
2212478491 1 141494 R 4.0 65 1 429 514
2233977704 1 142870 R 17.0 61 6 8953 515
2236727480 1 143046 R 5.0 65 2 805 516
2241226293 1 143334 R 13.0 63 4 6546 517
2242229304 1 143398 R 8.0 64 3 3329 518
2244227915 1 143526 R 7.0 65 2 1607 519
2252226752 1 144038 R 4.0 66 1 468 520
2256978043 1 144342 R 2.0 66 1 924 521
2257727447 1 144390 R 6.0 66 2 1729 522
2266727992 1 144966 R 12.0 64 4 5144 523
2268477451 1 145078 R 5.0 66 2 1941 524
2275479740 1 145526 R 7.0 66 2 2303 525
2276225580 1 145574 R 3.0 67 1 0 526
2278728658 1 145734 R 5.0 67 2 875 527
2280228309 1 145830 R 4.0 67 1 1347 528
2282477103 1 145974 R 2.0 67 1 0 529
2291229835 1 146534 R 16.0 64 5 6218 530
2296723564 1 146886 R 3.0 68 1 0 531
2301727724 1 147206 R 6.0 67 2 2597 532
2303479829 1 147318 R 12.0 66 4 3393 533
2313229453 1 147942 R 7.0 67 2 1959 534
2316728761 1 148166 R 4.0 68 1 252 535
2327726819 1 148870 R 3.0 69 1 0 536
2333228166 1 149222 R 2.0 68 1 1222 537
2333478443 1 149238 R 9.0 67 3 2749 538
2337979333 1 149526 R 7.0 68 2 1975 539
2341725255 1 149766 R 2.0 69 1 0 540
2347229647 1 150118 R 8.0 67 3 5636 541
2352727741 1 150470 R 8.0 68 4 2627 542
2354989195 1 150615 R 5.0 69 2 1678 543
2359975131 1 150934 R 3.0 70 1 0 544
2364227760 1 151206 R 6.0 68 2 3328 545
2365478396 1 151286 R 10.0 69 3 2749 546
2366226102 1 151334 R 4.0 70 1 75 547
2373225717 1 151782 R 2.0 70 1 0 548
2380727934 1 152262 R 5.0 70 2 477 549
2382979466 1 152406 R 6.0 69 2 3831 550
2383479830 1 152438 R 16.0 66 5 9003 551
2384229659 1 152486 R 8.0 69 3 4402 552
2385478213 1 152566 R 2.0 71 1 155 553
2388728805 1 152774 R 6.0 70 2 920 554
2395974886 1 153238 R 4.0 71 1 0 555
2398729199 1 153414 R 7.0 69 2 3514 556
2399725012 1 153478 R 5.0 71 2 0 557
