243973600 1 15510 R 3.0 0 1 0 1
247223823 1 15718 R 16.0 0 5 0 2
248973461 1 15830 R 6.0 0 2 0 3
249223453 1 15846 R 4.0 0 1 0 4
250224887 1 15910 R 2.0 0 1 0 5
257973725 1 16406 R 5.0 0 2 0 6
258226344 1 16422 R 10.0 0 3 64 7
261475156 1 16630 R 2.0 1 1 451 8
262975722 1 16726 R 4.0 1 1 0 9
266474103 1 16950 R 3.0 1 1 0 10
272227176 1 17318 R 6.0 1 2 628 11
272976749 1 17366 R 2.0 2 1 362 12
275224941 1 17510 R 3.0 2 1 71 13
278477476 1 17718 R 3.0 3 1 319 14
278726642 1 17734 R 7.0 1 2 1106 15
283473574 1 18038 R 2.0 3 1 0 16
285727213 1 18182 R 7.0 2 2 741 17
290478011 1 18486 R 4.0 2 1 1266 18
291724781 1 18566 R 2.0 4 1 52 19
292977321 1 18646 R 4.0 3 1 528 20
294727565 1 18758 R 4.0 4 1 625 21
301478027 1 19190 R 6.0 2 2 1729 22
302477314 1 19254 R 2.0 5 1 187 23
305977054 1 19478 R 3.0 4 1 734 24
306477520 1 19510 R 3.0 5 1 527 25
312227043 1 19878 R 4.0 5 1 695 26
317226050 1 20198 R 3.0 6 1 531 27
318723909 1 20294 R 2.0 6 1 457 28
319226610 1 20326 R 2.0 7 1 327 29
321225877 1 20454 R 3.0 7 1 0 30
321725314 1 20486 R 4.0 6 1 860 31
322225463 1 20518 R 4.0 7 1 257 32
322977854 1 20566 R 6.0 3 2 2651 33
324477575 1 20662 R 7.0 4 2 2260 34
328479597 1 20918 R 2.0 8 1 0 35
335225716 1 21350 R 2.0 9 1 0 36
341976063 1 21782 R 4.0 8 1 937 37
343228230 1 21862 R 4.0 9 1 470 38
346474924 1 22070 R 7.0 5 2 3106 39
348725448 1 22214 R 4.0 10 1 152 40
351226888 1 22374 R 3.0 8 1 1175 41
355727511 1 22662 R 3.0 9 1 960 42
355974629 1 22678 R 6.0 5 2 3524 43
356476876 1 22710 R 3.0 10 1 291 44
363224505 1 23142 R 3.0 11 1 0 45
363475638 1 23158 R 4.0 11 1 0 46
365474690 1 23286 R 5.0 8 2 2125 47
366725579 1 23366 R 3.0 12 1 97 48
377227303 1 24038 R 4.0 12 1 545 49
377974610 1 24086 R 3.0 13 1 0 50
384727684 1 24518 R 4.0 13 1 234 51
390978434 1 24918 R 2.0 11 1 1756 52
400225469 1 25510 R 4.0 14 1 595 53
402228518 1 25638 R 2.0 12 1 2015 54
403476895 1 25718 R 5.0 9 2 4178 55
407975453 1 26006 R 4.0 15 1 799 56
415976545 1 26518 R 2.0 14 1 1785 57
417227589 1 26598 R 2.0 15 1 893 58
417725695 1 26630 R 2.0 16 1 821 59
418225955 1 26662 R 6.0 6 2 6971 60
422226115 1 26918 R 2.0 17 1 162 61
426727459 1 27206 R 4.0 17 1 735 62
427225428 1 27238 R 4.0 18 1 202 63
428228658 1 27302 R 3.0 14 1 2080 64
428476292 1 27318 R 3.0 15 1 2044 65
429976534 1 27414 R 3.0 16 1 1259 66
430227549 1 27430 R 3.0 17 1 644 67
431226765 1 27494 R 3.0 18 1 68 68
431725751 1 27526 R 2.0 18 1 0 69
432978086 1 27606 R 5.0 13 2 3215 70
437475960 1 27894 R 2.0 19 1 0 71
444478095 1 28342 R 7.0 11 2 5441 72
444727967 1 28358 R 7.0 12 2 4761 73
445225301 1 28390 R 3.0 19 1 288 74
450976176 1 28758 R 3.0 20 1 145 75
454476037 1 28982 R 2.0 20 1 0 76
455976455 1 29078 R 6.0 15 2 3578 77
459228144 1 29286 R 5.0 15 2 3915 78
459727970 1 29318 R 5.0 16 2 3125 79
460727412 1 29382 R 4.0 20 1 885 80
463224109 1 29542 R 4.0 21 1 112 81
465727124 1 29702 R 3.0 21 1 197 82
467473909 1 29814 R 3.0 22 1 0 83
477727815 1 30470 R 2.0 21 1 1332 84
480477989 1 30646 R 5.0 17 2 3589 85
481728551 1 30726 R 5.0 19 2 2726 86
482475702 1 30774 R 3.0 23 1 155 87
483226065 1 30822 R 7.0 17 2 4413 88
490226151 1 31270 R 4.0 22 1 525 89
491227458 1 31334 R 4.0 23 1 746 90
492726419 1 31430 R 6.0 17 2 4923 91
494727735 1 31558 R 4.0 24 1 232 92
498228254 1 31782 R 2.0 22 1 1549 93
499730823 1 31878 R 2.0 23 1 1569 94
500727570 1 31942 R 2.0 24 1 500 95
502977538 1 32086 R 3.0 24 1 549 96
503226007 1 32102 R 3.0 25 1 300 97
506225987 1 32294 R 4.0 25 1 314 98
507978085 1 32406 R 5.0 21 2 3271 99
509226076 1 32486 R 2.0 25 1 572 100
510725662 1 32582 R 3.0 26 1 18 101
511226124 1 32614 R 2.0 26 1 0 102
514728602 1 32838 R 5.0 22 2 2701 103
517476297 1 33014 R 3.0 27 1 0 104
519726395 1 33158 R 5.0 23 2 2258 105
524229364 1 33446 R 4.0 26 1 1236 106
532978500 1 34006 R 5.0 24 2 2948 107
533477050 1 34038 R 5.0 25 2 2379 108
534227626 1 34086 R 3.0 28 1 215 109
536727323 1 34246 R 7.0 22 2 4054 110
541227343 1 34534 R 7.0 23 2 3985 111
541477351 1 34550 R 7.0 24 2 3115 112
543477381 1 34678 R 2.0 27 1 1536 113
545225563 1 34790 R 3.0 29 1 0 114
548227787 1 34982 R 4.0 28 1 922 115
549226222 1 35046 R 4.0 29 1 539 116
552726025 1 35270 R 3.0 30 1 0 117
553728902 1 35334 R 2.0 28 1 1518 118
554227942 1 35366 R 2.0 29 1 792 119
557477059 1 35574 R 7.0 27 2 2355 120
562976639 1 35926 R 4.0 30 1 678 121
564227627 1 36006 R 4.0 31 1 273 122
566977079 1 36182 R 5.0 27 2 3282 123
567476616 1 36214 R 6.0 24 2 4647 124
576475086 1 36790 R 6.0 26 2 4255 125
576726488 1 36806 R 3.0 31 1 964 126
578977093 1 36950 R 2.0 30 1 2086 127
579227314 1 36966 R 2.0 31 1 1211 128
581727609 1 37126 R 6.0 27 2 3602 129
582227660 1 37158 R 3.0 32 1 315 130
583977783 1 37270 R 3.0 33 1 215 131
586223615 1 37414 R 4.0 33 1 65 132
591727180 1 37766 R 5.0 28 2 4002 133
592728490 1 37830 R 5.0 29 2 3172 134
594227353 1 37926 R 7.0 30 2 3088 135
596224433 1 38054 R 4.0 34 1 0 136
601729361 1 38406 R 2.0 33 1 1238 137
602726210 1 38470 R 2.0 34 1 989 138
604225932 1 38566 R 2.0 35 1 600 139
607477807 1 38774 R 2.0 36 1 102 140
611226364 1 39014 R 4.0 35 1 815 141
612476957 1 39094 R 4.0 36 1 37 142
614474847 1 39222 R 4.0 37 1 0 143
621228339 1 39654 R 3.0 34 1 1136 144
621476497 1 39670 R 3.0 35 1 1058 145
624477694 1 39862 R 2.0 37 1 341 146
624975401 1 39894 R 2.0 38 1 78 147
628477922 1 40118 R 6.0 29 2 5479 148
629478314 1 40182 R 3.0 36 1 1290 149
629727374 1 40198 R 3.0 37 1 575 150
631477787 1 40310 R 3.0 38 1 139 151
631724164 1 40326 R 4.0 38 1 0 152
635476910 1 40566 R 6.0 31 2 4904 153
641477225 1 40950 R 2.0 39 1 376 154
642474979 1 41014 R 4.0 39 1 0 155
648725844 1 41414 R 4.0 40 1 0 156
650478791 1 41526 R 5.0 32 2 5391 157
651978335 1 41622 R 5.0 33 2 4813 158
652227480 1 41638 R 3.0 39 1 330 159
655724409 1 41862 R 4.0 41 1 0 160
661974130 1 42262 R 2.0 40 1 0 161
663475920 1 42358 R 2.0 41 1 126 162
664227911 1 42406 R 3.0 40 1 669 163
664478602 1 42422 R 5.0 35 2 4360 164
665728181 1 42502 R 6.0 33 2 5276 165
673227969 1 42982 R 3.0 41 1 440 166
673728611 1 43014 R 6.0 34 2 5138 167
678226126 1 43302 R 3.0 42 1 0 168
678478612 1 43318 R 6.0 35 2 4818 169
678726651 1 43334 R 6.0 36 2 4603 170
679227047 1 43366 R 7.0 36 2 4295 171
681977634 1 43542 R 2.0 42 1 526 172
686976953 1 43862 R 7.0 39 2 2959 173
689477683 1 44022 R 3.0 43 1 179 174
689725810 1 44038 R 3.0 44 1 66 175
696476235 1 44470 R 2.0 43 1 920 176
697225647 1 44518 R 2.0 44 1 325 177
699728373 1 44678 R 4.0 42 1 1088 178
700728485 1 44742 R 4.0 43 1 1472 179
701727636 1 44806 R 4.0 44 1 750 180
705727072 1 45062 R 2.0 45 1 629 181
708475225 1 45238 R 5.0 39 2 4244 182
710227654 1 45350 R 4.0 45 1 638 183
711976946 1 45462 R 4.0 46 1 43 184
713726302 1 45574 R 2.0 46 1 0 185
715228897 1 45670 R 7.0 40 2 3643 186
719226524 1 45926 R 3.0 45 1 529 187
721973891 1 46102 R 2.0 47 1 0 188
723225869 1 46182 R 4.0 47 1 0 189
733225982 1 46822 R 4.0 48 1 0 190
738475943 1 47158 R 2.0 48 1 458 191
741974421 1 47382 R 4.0 49 1 0 192
743226273 1 47462 R 2.0 49 1 0 193
751728456 1 48006 R 5.0 42 2 5150 194
752975095 1 48086 R 3.0 48 1 1233 195
753226349 1 48102 R 3.0 49 1 843 196
753974036 1 48150 R 4.0 50 1 0 197
754975962 1 48214 R 2.0 50 1 362 198
755976988 1 48278 R 2.0 51 1 33 199
756726407 1 48326 R 3.0 50 1 0 200
757236046 1 48358 R 7.0 45 2 3508 201
759724280 1 48518 R 4.0 51 1 0 202
763477747 1 48758 R 7.0 46 2 3340 203
767726271 1 49030 R 4.0 52 1 0 204
768474897 1 49078 R 2.0 52 1 1 205
768976793 1 49110 R 3.0 51 1 461 206
770724992 1 49222 R 3.0 52 1 0 207
778725431 1 49734 R 2.0 53 1 0 208
784229982 1 50086 R 7.0 47 2 4418 209
785974148 1 50198 R 4.0 53 1 0 210
795476228 1 50806 R 2.0 54 1 396 211
795978357 1 50838 R 7.0 48 2 3998 212
796225567 1 50854 R 3.0 53 1 545 213
798227123 1 50982 R 3.0 54 1 523 214
802974546 1 51286 R 2.0 55 1 0 215
804983363 1 51414 R 4.0 54 1 678 216
805977629 1 51478 R 4.0 55 1 101 217
808226062 1 51622 R 4.0 56 1 146 218
808726147 1 51654 R 2.0 56 1 1 219
819976965 1 52374 R 6.0 48 2 5592 220
821724709 1 52486 R 2.0 57 1 0 221
822724748 1 52550 R 4.0 57 1 0 222
825974717 1 52758 R 2.0 58 1 0 223
834225981 1 53286 R 4.0 58 1 0 224
836474855 1 53430 R 4.0 59 1 0 225
843976275 1 53910 R 2.0 59 1 0 226
845477332 1 54006 R 3.0 56 1 2012 227
845976668 1 54038 R 3.0 57 1 1424 228
851978748 1 54422 R 3.0 58 1 1262 229
852226081 1 54438 R 3.0 59 1 678 230
852478611 1 54454 R 6.0 53 2 4669 231
853725529 1 54534 R 3.0 60 1 59 232
853976131 1 54550 R 4.0 60 1 0 233
856228210 1 54694 R 2.0 60 1 448 234
857474141 1 54774 R 4.0 61 1 0 235
859476541 1 54902 R 6.0 55 2 3839 236
861224861 1 55014 R 2.0 61 1 0 237
863227368 1 55142 R 5.0 54 2 4509 238
866474147 1 55350 R 2.0 62 1 0 239
868726354 1 55494 R 3.0 61 1 0 240
869977250 1 55574 R 5.0 55 2 4414 241
870224433 1 55590 R 4.0 62 1 1 242
873728206 1 55814 R 5.0 56 2 4051 243
884477399 1 56502 R 2.0 63 1 698 244
886477638 1 56630 R 3.0 62 1 806 245
886727226 1 56646 R 6.0 56 2 4843 246
887227633 1 56678 R 3.0 63 1 179 247
890727332 1 56902 R 6.0 57 2 4885 248
898228060 1 57382 R 2.0 64 1 661 249
901226231 1 57574 R 2.0 65 1 269 250
903477640 1 57718 R 4.0 64 1 356 251
904727498 1 57798 R 4.0 65 1 466 252
905478466 1 57846 R 5.0 58 2 4490 253
905726630 1 57862 R 5.0 59 2 4125 254
907726953 1 57990 R 7.0 57 2 5742 255
908224420 1 58022 R 2.0 66 1 0 256
912474373 1 58294 R 3.0 64 1 894 257
912724285 1 58310 R 4.0 66 1 0 258
918974025 1 58710 R 4.0 67 1 0 259
920228012 1 58790 R 3.0 65 1 896 260
920477337 1 58806 R 5.0 62 2 3518 261
925225946 1 59110 R 2.0 67 1 520 262
928224996 1 59302 R 4.0 68 1 0 263
930228781 1 59430 R 5.0 63 2 3190 264
933976331 1 59670 R 2.0 68 1 0 265
938974595 1 59990 R 4.0 69 1 0 266
943477803 1 60278 R 3.0 66 1 995 267
943727134 1 60294 R 3.0 67 1 952 268
948481142 1 60598 R 4.0 70 1 0 269
950227949 1 60710 R 2.0 69 1 730 270
954727339 1 60998 R 3.0 68 1 1426 271
956477228 1 61110 R 2.0 70 1 184 272
970228476 1 61990 R 3.0 69 1 1721 273
970478061 1 62006 R 3.0 70 1 989 274
970724429 1 62022 R 2.0 72 1 0 275
971475128 1 62070 R 5.0 66 2 3633 276
971977947 1 62102 R 3.0 71 1 393 277
972976116 1 62166 R 4.0 71 1 322 278
973974861 1 62230 R 4.0 72 1 0 279
976225718 1 62374 R 3.0 72 1 0 280
977224287 1 62438 R 2.0 73 1 0 281
979728504 1 62598 R 5.0 67 2 4082 282
986728196 1 63046 R 6.0 66 2 4581 283
988226654 1 63142 R 3.0 73 1 182 284
988975010 1 63190 R 2.0 74 1 0 285
991728201 1 63366 R 5.0 68 2 3513 286
995476648 1 63606 R 5.0 69 2 3532 287
997974864 1 63766 R 2.0 75 1 0 288
998728641 1 63814 R 6.0 68 2 4559 289
1001475963 1 63990 R 4.0 74 1 897 290
1003726494 1 64134 R 3.0 74 1 305 291
1004227921 1 64166 R 6.0 69 2 4159 292
1005476293 1 64246 R 2.0 76 1 0 293
1007726214 1 64390 R 4.0 75 1 535 294
1008975266 1 64470 R 4.0 76 1 92 295
1016724695 1 64966 R 4.0 77 1 0 296
1019977929 1 65174 R 3.0 75 1 509 297
1020228479 1 65190 R 7.0 68 2 5650 298
1021228612 1 65254 R 7.0 69 2 5126 299
1022227093 1 65318 R 3.0 76 1 85 300
1024978219 1 65494 R 5.0 71 2 3905 301
1026726119 1 65606 R 3.0 77 1 0 302
1027724134 1 65670 R 2.0 77 1 0 303
1035729279 1 66182 R 5.0 72 2 4218 304
1037224964 1 66278 R 3.0 78 1 43 305
1038479061 1 66358 R 6.0 70 2 5010 306
1042975666 1 66646 R 4.0 79 1 64 307
1046475719 1 66870 R 4.0 80 1 0 308
1056984159 1 67542 R 2.0 78 1 1580 309
1057476909 1 67574 R 2.0 79 1 1359 310
1058226655 1 67622 R 2.0 80 1 793 311
1061475831 1 67830 R 2.0 81 1 77 312
1063227775 1 67942 R 6.0 72 2 5712 313
1063478196 1 67958 R 6.0 75 2 4106 314
1065478806 1 68086 R 3.0 79 1 1367 315
1069974571 1 68374 R 2.0 82 1 0 316
1074977936 1 68694 R 4.0 81 1 737 317
1077227642 1 68838 R 4.0 82 1 377 318
1078727626 1 68934 R 3.0 80 1 1105 319
1079226471 1 68966 R 7.0 74 2 5657 320
1080226975 1 69030 R 7.0 75 2 5063 321
1083725705 1 69254 R 4.0 83 1 0 322
1085724139 1 69382 R 2.0 83 1 1 323
1086726069 1 69446 R 2.0 84 1 116 324
1096724339 1 70086 R 2.0 85 1 0 325
1102227638 1 70438 R 4.0 84 1 523 326
1103225936 1 70502 R 4.0 85 1 158 327
1104226387 1 70566 R 3.0 82 1 1612 328
1112477336 1 71094 R 3.0 83 1 1804 329
1117724318 1 71430 R 4.0 86 1 0 330
1119727967 1 71558 R 2.0 86 1 509 331
1120976089 1 71638 R 2.0 87 1 326 332
1124227616 1 71846 R 3.0 84 1 1130 333
1129478010 1 72182 R 4.0 87 1 726 334
1129976534 1 72214 R 4.0 88 1 238 335
1135726293 1 72582 R 2.0 88 1 0 336
1137225390 1 72678 R 2.0 89 1 40 337
1139976300 1 72854 R 4.0 89 1 0 338
1146975712 1 73302 R 2.0 90 1 0 339
1151222711 1 73574 R 4.0 90 1 0 340
1154978228 1 73814 R 6.0 80 2 6489 341
1155477904 1 73846 R 3.0 85 1 2908 342
1157725857 1 73990 R 2.0 91 1 1 343
1167224303 1 74598 R 2.0 92 1 0 344
1170477958 1 74806 R 4.0 91 1 461 345
1176224201 1 75174 R 4.0 92 1 0 346
1179225168 1 75366 R 3.0 86 1 4004 347
1179727071 1 75398 R 3.0 87 1 3095 348
1183224867 1 75622 R 4.0 93 1 0 349
1191478400 1 76150 R 3.0 88 1 3123 350
1192727347 1 76230 R 3.0 90 1 2109 351
1193478346 1 76278 R 3.0 91 1 1714 352
1196228060 1 76454 R 3.0 92 1 1057 353
1196477519 1 76470 R 3.0 93 1 821 354
1199976262 1 76694 R 2.0 93 1 946 355
1200977853 1 76758 R 2.0 94 1 496 356
1201726973 1 76806 R 2.0 95 1 16 357
1209977223 1 77334 R 3.0 94 1 857 358
1210228376 1 77350 R 5.0 88 2 4923 359
1213476787 1 77558 R 5.0 89 2 4318 360
1214475796 1 77622 R 3.0 95 1 584 361
1216474019 1 77750 R 2.0 96 1 0 362
1220728401 1 78022 R 6.0 91 2 3760 363
1226727377 1 78406 R 4.0 96 1 1113 364
1228480589 1 78518 R 4.0 97 1 383 365
1230225476 1 78630 R 2.0 97 1 0 366
1231225944 1 78694 R 2.0 98 1 211 367
1236227540 1 79014 R 7.0 89 2 5415 368
1236727652 1 79046 R 3.0 96 1 868 369
1237727071 1 79110 R 7.0 90 2 5684 370
1238977987 1 79190 R 3.0 97 1 520 371
1239976960 1 79254 R 7.0 91 2 4925 372
1240724158 1 79302 R 3.0 98 1 6 373
1243225431 1 79462 R 2.0 99 1 0 374
1250476931 1 79926 R 6.0 92 2 4984 375
1250978555 1 79958 R 7.0 93 2 4746 376
1251228647 1 79974 R 5.0 93 2 4455 377
1252228204 1 80038 R 4.0 98 1 1266 378
1253224988 1 80102 R 3.0 99 1 0 379
1254974685 1 80214 R 2.0 100 1 0 380
1261225225 1 80614 R 4.0 99 1 1068 381
1267977828 1 81046 R 4.0 100 1 1315 382
1271225899 1 81254 R 2.0 101 1 488 383
1272226322 1 81318 R 3.0 100 1 937 384
1272477252 1 81334 R 6.0 93 2 5445 385
1273475075 1 81398 R 6.0 94 2 5457 386
1273725668 1 81414 R 3.0 101 1 32 387
1282727184 1 81990 R 7.0 98 2 2863 388
1283226187 1 82022 R 3.0 102 1 115 389
1283478362 1 82038 R 5.0 98 2 3100 390
1294225069 1 82726 R 3.0 103 1 0 391
1294477471 1 82742 R 6.0 98 2 4182 392
1295228803 1 82790 R 6.0 99 2 3325 393
1296477277 1 82870 R 2.0 102 1 1504 394
1297228694 1 82918 R 2.0 103 1 1165 395
1300477748 1 83126 R 4.0 101 1 2336 396
1301728547 1 83206 R 4.0 102 1 2341 397
1302478685 1 83254 R 4.0 103 1 1753 398
1303978197 1 83350 R 4.0 104 1 901 399
1313476356 1 83958 R 3.0 104 1 0 400
1314978766 1 84054 R 5.0 99 2 4819 401
1316477744 1 84150 R 4.0 105 1 936 402
1316977886 1 84182 R 4.0 106 1 529 403
1317726931 1 84230 R 4.0 107 1 30 404
1318476755 1 84278 R 3.0 105 1 706 405
1318727316 1 84294 R 5.0 100 2 4620 406
1323477300 1 84598 R 2.0 104 1 1958 407
1323727388 1 84614 R 2.0 105 1 1628 408
1328474930 1 84918 R 4.0 108 1 0 409
1330228830 1 85030 R 2.0 106 1 1365 410
1330728010 1 85062 R 2.0 107 1 733 411
1333724645 1 85254 R 2.0 108 1 0 412
1336476218 1 85430 R 4.0 109 1 0 413
1339228692 1 85606 R 3.0 106 1 1179 414
1339727563 1 85638 R 7.0 101 2 5405 415
1339976735 1 85654 R 3.0 107 1 935 416
1342477269 1 85814 R 7.0 104 2 3445 417
1345975909 1 86038 R 3.0 108 1 112 418
1346977187 1 86102 R 5.0 101 2 5034 419
1348226225 1 86182 R 2.0 109 1 312 420
1350723657 1 86342 R 2.0 110 1 77 421
1352976222 1 86486 R 4.0 110 1 0 422
1356977847 1 86742 R 6.0 104 2 4117 423
1357227867 1 86758 R 3.0 109 1 416 424
1363975680 1 87190 R 4.0 111 1 0 425
1367726508 1 87430 R 2.0 111 1 1 426
1368727209 1 87494 R 2.0 112 1 84 427
1371224797 1 87654 R 4.0 112 1 0 428
1377227708 1 88038 R 6.0 105 2 4781 429
1377477963 1 88054 R 3.0 110 1 1364 430
1377980260 1 88086 R 4.0 113 1 0 431
1378977276 1 88150 R 7.0 105 2 5148 432
1379476013 1 88182 R 3.0 111 1 655 433
1380225787 1 88230 R 3.0 112 1 386 434
1382728996 1 88390 R 7.0 106 2 4307 435
1384726501 1 88518 R 2.0 113 1 0 436
1388725652 1 88774 R 2.0 114 1 1 437
1393976721 1 89110 R 7.0 107 2 4538 438
1399227748 1 89446 R 4.0 114 1 503 439
1401474290 1 89590 R 2.0 115 1 0 440
1405726712 1 89862 R 4.0 115 1 352 441
1409726133 1 90118 R 4.0 116 1 0 442
1410977742 1 90198 R 5.0 106 2 6098 443
1414474517 1 90422 R 2.0 116 1 0 444
1416225761 1 90534 R 2.0 117 1 13 445
1418974802 1 90710 R 4.0 117 1 0 446
1422728989 1 90950 R 5.0 107 2 6763 447
1423726600 1 91014 R 3.0 113 1 1861 448
1423976857 1 91030 R 3.0 114 1 1818 449
1426974508 1 91222 R 2.0 118 1 0 450
1429228698 1 91366 R 3.0 115 1 1069 451
1429476030 1 91382 R 3.0 116 1 936 452
1429727590 1 91398 R 3.0 117 1 119 453
1430977150 1 91478 R 7.0 111 2 4364 454
1437727323 1 91910 R 7.0 112 2 4260 455
1446728146 1 92486 R 2.0 119 1 364 456
1451225938 1 92774 R 4.0 119 1 593 457
1452977127 1 92886 R 7.0 114 2 4283 458
1453478983 1 92918 R 6.0 112 2 5140 459
1453726499 1 92934 R 3.0 118 1 796 460
1453975872 1 92950 R 3.0 119 1 109 461
1458726681 1 93254 R 5.0 115 2 3917 462
1463227593 1 93542 R 4.0 120 1 734 463
1463725897 1 93574 R 4.0 121 1 131 464
1464727571 1 93638 R 5.0 116 2 3509 465
1464974468 1 93654 R 3.0 120 1 168 466
1472478988 1 94134 R 2.0 120 1 1451 467
1473976072 1 94230 R 2.0 121 1 900 468
1475226600 1 94310 R 2.0 122 1 287 469
1476474954 1 94390 R 2.0 123 1 0 470
1479477429 1 94582 R 6.0 117 2 3602 471
1481476468 1 94710 R 4.0 122 1 477 472
1488725910 1 95174 R 4.0 123 1 361 473
1491227887 1 95334 R 4.0 124 1 389 474
1493478139 1 95478 R 3.0 121 1 1284 475
1495228862 1 95590 R 3.0 122 1 1184 476
1506227308 1 96294 R 3.0 123 1 1395 477
1509727781 1 96518 R 4.0 125 1 800 478
1513477423 1 96758 R 2.0 124 1 1147 479
1514226695 1 96806 R 2.0 125 1 1032 480
1515224471 1 96870 R 2.0 126 1 560 481
1515727600 1 96902 R 7.0 117 2 6025 482
1518727876 1 97094 R 4.0 126 1 296 483
1521729031 1 97286 R 5.0 118 2 5651 484
1531478414 1 97910 R 3.0 124 1 1763 485
1531728825 1 97926 R 3.0 125 1 1296 486
1533227730 1 98022 R 4.0 127 1 590 487
1538728036 1 98374 R 2.0 128 1 700 488
1538977321 1 98390 R 3.0 126 1 1440 489
1540477774 1 98486 R 2.0 129 1 286 490
1541226181 1 98534 R 4.0 128 1 797 491
1542476612 1 98614 R 4.0 129 1 367 492
1545977758 1 98838 R 3.0 127 1 978 493
1546978748 1 98902 R 6.0 122 2 4919 494
1547977873 1 98966 R 3.0 128 1 527 495
1550722906 1 99142 R 4.0 130 1 0 496
1560722875 1 99782 R 4.0 131 1 0 497
1562227144 1 99878 R 6.0 123 2 5106 498
1562477445 1 99894 R 2.0 130 1 828 499
1564476879 1 100022 R 2.0 131 1 157 500
1566727679 1 100166 R 5.0 124 2 4464 501
1566975387 1 100182 R 3.0 129 1 866 502
1568225364 1 100262 R 2.0 132 1 0 503
1571726770 1 100486 R 4.0 132 1 0 504
1574729032 1 100678 R 3.0 130 1 722 505
1575225916 1 100710 R 2.0 133 1 0 506
1579728540 1 100998 R 7.0 126 2 4239 507
1579979855 1 101014 R 7.0 127 2 3763 508
1581478575 1 101110 R 3.0 131 1 606 509
1585727979 1 101382 R 5.0 128 2 3024 510
1585979592 1 101398 R 7.0 129 2 2685 511
1586227711 1 101414 R 3.0 132 1 251 512
1587225674 1 101478 R 3.0 133 1 0 513
1592229260 1 101798 R 6.0 128 2 3594 514
1593975948 1 101910 R 2.0 134 1 0 515
1599978546 1 102294 R 4.0 133 1 1066 516
1600227854 1 102310 R 4.0 134 1 681 517
1604725747 1 102598 R 2.0 135 1 0 518
1605979841 1 102678 R 7.0 130 2 3750 519
1606229233 1 102694 R 7.0 131 2 2716 520
1607479224 1 102774 R 5.0 130 2 3292 521
1608728571 1 102854 R 3.0 134 1 351 522
1611729795 1 103046 R 6.0 129 2 4196 523
1618227266 1 103462 R 3.0 135 1 374 524
1627479798 1 104054 R 4.0 135 1 1696 525
1632733370 1 104390 R 6.0 131 2 4689 526
1634226836 1 104486 R 3.0 136 1 656 527
1634728546 1 104518 R 3.0 137 1 359 528
1637979946 1 104726 R 7.0 134 2 2933 529
1640229850 1 104870 R 2.0 137 1 1444 530
1643984271 1 105110 R 2.0 138 1 607 531
1644477406 1 105142 R 2.0 139 1 256 532
1648478842 1 105398 R 3.0 138 1 640 533
1648727726 1 105414 R 7.0 135 2 2872 534
1653979519 1 105750 R 4.0 136 1 2694 535
1655477956 1 105846 R 7.0 136 2 2871 536
1655727315 1 105862 R 3.0 139 1 555 537
1663228858 1 106342 R 2.0 140 1 657 538
1666229823 1 106534 R 6.0 134 2 4717 539
1666728972 1 106566 R 3.0 140 1 688 540
1666977947 1 106582 R 7.0 137 2 3215 541
1667227588 1 106598 R 3.0 141 1 84 542
1670477701 1 106806 R 4.0 137 1 3253 543
1678227670 1 107302 R 4.0 138 1 3225 544
1679479268 1 107382 R 4.0 139 1 2409 545
1679979524 1 107414 R 4.0 140 1 1639 546
1683228689 1 107622 R 3.0 142 1 430 547
1683727956 1 107654 R 2.0 141 1 1522 548
1685474946 1 107766 R 3.0 143 1 0 549
1687728155 1 107910 R 6.0 135 2 4922 550
1697229844 1 108518 R 4.0 141 1 2203 551
1697478515 1 108534 R 4.0 142 1 1665 552
1698476749 1 108598 R 4.0 143 1 914 553
1698977574 1 108630 R 4.0 144 1 304 554
1711979816 1 109462 R 2.0 142 1 2535 555
1712478245 1 109494 R 2.0 143 1 2411 556
1713228248 1 109542 R 2.0 144 1 1420 557
1715479819 1 109686 R 5.0 136 2 6281 558
1715728136 1 109702 R 5.0 138 2 5064 559
1717228701 1 109798 R 4.0 145 1 478 560
1722729427 1 110150 R 2.0 145 1 1683 561
1723226993 1 110182 R 2.0 146 1 704 562
1725729552 1 110342 R 3.0 144 1 1317 563
1727477573 1 110454 R 3.0 145 1 1040 564
1735230908 1 110950 R 3.0 146 1 642 565
1737978707 1 111126 R 3.0 147 1 231 566
1740979000 1 111318 R 2.0 148 1 924 567
1741728129 1 111366 R 2.0 149 1 351 568
1744235317 1 111526 R 3.0 148 1 516 569
1745479739 1 111606 R 7.0 141 2 5341 570
1746729531 1 111686 R 4.0 146 1 2124 571
1747976912 1 111766 R 3.0 149 1 0 572
1749728984 1 111878 R 7.0 142 2 4412 573
1753728549 1 112134 R 7.0 143 2 4796 574
1754227428 1 112166 R 6.0 143 2 4664 575
1760728703 1 112582 R 2.0 150 1 447 576
1761728852 1 112646 R 2.0 151 1 257 577
1765227586 1 112870 R 4.0 147 1 2351 578
1768227297 1 113062 R 2.0 152 1 41 579
1770229389 1 113190 R 6.0 144 2 5228 580
1771229252 1 113254 R 6.0 146 2 3769 581
1777728289 1 113670 R 4.0 148 1 2831 582
1779226189 1 113766 R 4.0 149 1 2761 583
1782729526 1 113990 R 3.0 150 1 1330 584
1782976137 1 114006 R 3.0 151 1 1072 585
1784729539 1 114118 R 5.0 146 2 4553 586
1788979038 1 114390 R 2.0 153 1 609 587
1789728418 1 114438 R 3.0 152 1 279 588
1789979828 1 114454 R 7.0 146 2 5016 589
1790726531 1 114502 R 3.0 153 1 152 590
1792227477 1 114598 R 2.0 154 1 0 591
1794227411 1 114726 R 5.0 148 2 3731 592
1797976769 1 114966 R 2.0 155 1 0 593
1802729240 1 115270 R 5.0 150 2 2974 594
1803227544 1 115302 R 6.0 150 2 2752 595
1803977584 1 115350 R 3.0 154 1 21 596
1807979665 1 115606 R 7.0 148 2 4849 597
1814229235 1 116006 R 7.0 149 2 4497 598
1815729251 1 116102 R 5.0 151 2 3573 599
1818477334 1 116278 R 2.0 156 1 0 600
1819728865 1 116358 R 2.0 157 1 234 601
1821229580 1 116454 R 4.0 151 1 4105 602
1821727557 1 116486 R 4.0 152 1 3297 603
1824477421 1 116662 R 3.0 155 1 924 604
1824728393 1 116678 R 6.0 151 2 3866 605
1824978849 1 116694 R 3.0 156 1 381 606
1829479674 1 116982 R 6.0 152 2 3482 607
1832977966 1 117206 R 4.0 153 1 2915 608
1834478422 1 117302 R 2.0 158 1 385 609
1837229277 1 117478 R 7.0 152 2 4438 610
1842480113 1 117814 R 4.0 154 1 3555 611
1843729526 1 117894 R 4.0 157 1 1665 612
1845728861 1 118022 R 2.0 159 1 397 613
1845976290 1 118038 R 7.0 153 2 3825 614
1847229535 1 118118 R 7.0 154 2 3303 615
1847475334 1 118134 R 3.0 157 1 819 616
1847727569 1 118150 R 3.0 158 1 270 617
1854978106 1 118614 R 4.0 158 1 1781 618
1855479703 1 118646 R 4.0 159 1 1083 619
1858728166 1 118854 R 2.0 160 1 346 620
1859476168 1 118902 R 2.0 161 1 60 621
1866229140 1 119334 R 3.0 159 1 432 622
1866728571 1 119366 R 3.0 160 1 228 623
1869978997 1 119574 R 2.0 162 1 351 624
1880227310 1 120230 R 3.0 161 1 831 625
1880478263 1 120246 R 5.0 156 2 4732 626
1880729436 1 120262 R 7.0 158 2 2833 627
1888976812 1 120790 R 3.0 162 1 0 628
1892978108 1 121046 R 5.0 157 2 4497 629
1893229581 1 121062 R 6.0 158 2 3829 630
1893478259 1 121078 R 6.0 159 2 3278 631
1895229404 1 121190 R 2.0 163 1 1198 632
1897726774 1 121350 R 3.0 163 1 0 633
1903729545 1 121734 R 5.0 158 2 4703 634
1907479104 1 121974 R 4.0 161 1 3295 635
1912978955 1 122326 R 2.0 164 1 1613 636
1913979696 1 122390 R 4.0 162 1 2552 637
1917226854 1 122598 R 3.0 164 1 886 638
1922228371 1 122918 R 2.0 165 1 1280 639
1923727808 1 123014 R 2.0 166 1 1004 640
1924225303 1 123046 R 2.0 167 1 232 641
1928726214 1 123334 R 3.0 165 1 1152 642
1946727945 1 124486 R 2.0 168 1 1321 643
1947477277 1 124534 R 2.0 169 1 703 644
1948728041 1 124614 R 2.0 170 1 97 645
1949728263 1 124678 R 5.0 160 2 6213 646
1950477820 1 124726 R 3.0 166 1 1977 647
1950728709 1 124742 R 3.0 167 1 938 648
1950976749 1 124758 R 3.0 168 1 609 649
1951227140 1 124774 R 3.0 169 1 231 650
1952477404 1 124854 R 4.0 163 1 3827 651
1953983036 1 124950 R 4.0 164 1 3936 652
1954979684 1 125014 R 4.0 165 1 3358 653
1961477229 1 125430 R 2.0 171 1 0 654
1965729546 1 125702 R 7.0 164 2 4403 655
1965978400 1 125718 R 7.0 166 2 3781 656
1970225344 1 125990 R 2.0 172 1 0 657
1970978120 1 126038 R 7.0 167 2 3037 658
1971228426 1 126054 R 3.0 170 1 623 659
1973977696 1 126230 R 4.0 166 1 3827 660
1975227690 1 126310 R 4.0 167 1 3415 661
1977476903 1 126454 R 3.0 171 1 0 662
1978478560 1 126518 R 3.0 172 1 144 663
1979229538 1 126566 R 5.0 167 2 3999 664
1981725904 1 126726 R 2.0 173 1 0 665
1986978965 1 127062 R 5.0 168 2 3315 666
1991727424 1 127366 R 7.0 170 2 2238 667
1991976154 1 127382 R 7.0 171 2 2169 668
1992977194 1 127446 R 3.0 173 1 0 669
1998725784 1 127814 R 2.0 174 1 0 670
2000976728 1 127958 R 2.0 175 1 144 671
2007978091 1 128406 R 6.0 167 2 5759 672
2008479633 1 128438 R 7.0 172 2 2086 673
2009229365 1 128486 R 7.0 173 2 1550 674
2009728555 1 128518 R 3.0 174 1 279 675
2013724965 1 128774 R 2.0 176 1 0 676
2014479647 1 128822 R 4.0 170 1 4178 677
2015229885 1 128870 R 4.0 171 1 3652 678
2015979928 1 128918 R 7.0 174 2 1285 679
2019729939 1 129158 R 4.0 172 1 3218 680
2021976032 1 129302 R 2.0 177 1 0 681
2025477551 1 129526 R 3.0 175 1 585 682
2027227466 1 129638 R 4.0 173 1 3266 683
2032979661 1 130006 R 7.0 175 2 2301 684
2033227404 1 130022 R 3.0 176 1 723 685
2034227819 1 130086 R 6.0 171 2 4956 686
2038479001 1 130358 R 6.0 172 2 4049 687
2038978156 1 130390 R 3.0 177 1 188 688
2042980027 1 130646 R 10.0 170 3 6000 689
2048977576 1 131030 R 7.0 177 2 1621 690
2050228419 1 131110 R 7.0 178 2 971 691
2050478987 1 131126 R 3.0 178 1 301 692
2052978096 1 131286 R 4.0 174 1 3933 693
2053228372 1 131302 R 4.0 175 1 3332 694
2056978831 1 131542 R 3.0 179 1 208 695
2057227441 1 131558 R 5.0 174 2 4144 696
2057729845 1 131590 R 2.0 178 1 1678 697
2057977848 1 131606 R 2.0 179 1 1185 698
2062475475 1 131894 R 3.0 180 1 0 699
2066478392 1 132150 R 6.0 175 2 4285 700
2069478109 1 132342 R 6.0 176 2 3669 701
2070729391 1 132422 R 6.0 178 2 2797 702
2070977413 1 132438 R 3.0 181 1 204 703
2072478106 1 132534 R 6.0 179 2 2078 704
2076726359 1 132806 R 4.0 178 1 2918 705
2080478535 1 133046 R 6.0 180 2 1663 706
2081229026 1 133094 R 5.0 175 2 4913 707
2085976175 1 133398 R 7.0 179 2 2593 708
2089727869 1 133638 R 2.0 180 1 2451 709
2093728414 1 133894 R 3.0 182 1 451 710
2093978984 1 133910 R 3.0 183 1 197 711
2097479818 1 134134 R 2.0 181 1 2751 712
2098229815 1 134182 R 2.0 182 1 1970 713
2100725062 1 134342 R 2.0 183 1 1514 714
2110727828 1 134982 R 6.0 181 2 3020 715
2110978421 1 134998 R 3.0 184 1 510 716
2111226532 1 135014 R 3.0 185 1 102 717
2116480403 1 135350 R 4.0 180 1 3925 718
2116978531 1 135382 R 4.0 181 1 3325 719
2121478676 1 135670 R 2.0 185 1 1444 720
2127729382 1 136070 R 5.0 181 2 4297 721
2128227435 1 136102 R 5.0 182 2 3851 722
2128477594 1 136118 R 3.0 186 1 111 723
2129227824 1 136166 R 2.0 186 1 1076 724
2132229439 1 136358 R 4.0 182 1 3951 725
2132727537 1 136390 R 4.0 183 1 3008 726
2134729383 1 136518 R 2.0 187 1 1092 727
2135227130 1 136550 R 2.0 188 1 214 728
2136228677 1 136614 R 6.0 183 2 3398 729
2138976845 1 136790 R 3.0 187 1 160 730
2146979675 1 137302 R 6.0 184 2 3410 731
2147728418 1 137350 R 3.0 188 1 261 732
2149228393 1 137446 R 6.0 185 2 2781 733
2150477683 1 137526 R 6.0 186 2 2660 734
2150728549 1 137542 R 6.0 187 2 2228 735
2152228861 1 137638 R 2.0 189 1 948 736
2152728050 1 137670 R 2.0 190 1 86 737
2154729959 1 137798 R 4.0 184 1 3645 738
2155479563 1 137846 R 4.0 187 1 2223 739
2159978403 1 138134 R 4.0 188 1 2150 740
2168726487 1 138694 R 2.0 191 1 0 741
2172229820 1 138918 R 3.0 189 1 1192 742
2172979298 1 138966 R 5.0 183 2 6017 743
2174475629 1 139062 R 2.0 192 1 0 744
2177228254 1 139238 R 4.0 189 1 2156 745
2177478665 1 139254 R 4.0 190 1 1742 746
2179227333 1 139366 R 2.0 193 1 1 747
2180979695 1 139478 R 5.0 186 2 4548 748
2181227571 1 139494 R 3.0 190 1 893 749
2188478447 1 139958 R 4.0 191 1 1769 750
2188977578 1 139990 R 4.0 192 1 851 751
2192725820 1 140230 R 2.0 194 1 0 752
2199479885 1 140662 R 3.0 191 1 1469 753
2199728176 1 140678 R 3.0 192 1 1110 754
2203479399 1 140918 R 4.0 193 1 1343 755
2209728879 1 141318 R 2.0 195 1 780 756
2214979394 1 141654 R 5.0 188 2 5474 757
2215228387 1 141670 R 3.0 193 1 1441 758
2215478987 1 141686 R 3.0 194 1 738 759
2215726612 1 141702 R 3.0 195 1 428 760
2216478544 1 141750 R 7.0 191 2 3380 761
2224479545 1 142262 R 7.0 192 2 3516 762
2229979679 1 142614 R 7.0 193 2 2810 763
2230227332 1 142630 R 3.0 196 1 760 764
2230476450 1 142646 R 3.0 197 1 17 765
2236227982 1 143014 R 2.0 196 1 1533 766
2236977552 1 143062 R 2.0 197 1 1294 767
2239226855 1 143206 R 2.0 198 1 251 768
2240727837 1 143302 R 4.0 196 1 1734 769
2242226220 1 143398 R 7.0 194 2 3295 770
2243477581 1 143478 R 4.0 197 1 1277 771
2243725935 1 143494 R 3.0 198 1 1 772
2246978117 1 143702 R 5.0 192 2 4385 773
2251227325 1 143974 R 4.0 198 1 967 774
2254225356 1 144166 R 2.0 199 1 0 775
2254726865 1 144198 R 2.0 200 1 186 776
2259727432 1 144518 R 7.0 195 2 2918 777
2260479529 1 144566 R 7.0 196 2 3423 778
2260976850 1 144598 R 3.0 199 1 287 779
2262479696 1 144694 R 7.0 197 2 2438 780
2264228101 1 144806 R 6.0 194 2 4468 781
2264979719 1 144854 R 4.0 199 1 1129 782
2265729664 1 144902 R 4.0 200 1 1083 783
2275231798 1 145510 R 2.0 201 1 1280 784
2278979825 1 145750 R 4.0 201 1 1314 785
2280227183 1 145830 R 4.0 202 1 788 786
2281977429 1 145942 R 2.0 202 1 887 787
2282477130 1 145974 R 2.0 203 1 267 788
2291978377 1 146582 R 3.0 200 1 1606 789
2293477982 1 146678 R 6.0 196 2 5064 790
2293729810 1 146694 R 3.0 201 1 1292 791
2295479662 1 146806 R 4.0 203 1 1164 792
2300475378 1 147126 R 3.0 202 1 849 793
2300979024 1 147158 R 4.0 204 1 384 794
2303478988 1 147318 R 3.0 203 1 500 795
2303727975 1 147334 R 5.0 200 2 3120 796
2303977324 1 147350 R 3.0 204 1 21 797
2304227029 1 147366 R 2.0 204 1 559 798
2304982005 1 147414 R 4.0 205 1 473 799
2307478985 1 147574 R 2.0 205 1 720 800
2310473751 1 147766 R 3.0 205 1 0 801
2323479108 1 148598 R 2.0 206 1 1085 802
2328979389 1 148950 R 5.0 201 2 4328 803
2329228382 1 148966 R 6.0 199 2 5295 804
2329479518 1 148982 R 5.0 202 2 3286 805
2329727277 1 148998 R 3.0 206 1 398 806
2332229269 1 149158 R 4.0 206 1 569 807
2337978423 1 149526 R 3.0 207 1 576 808
2338229422 1 149542 R 7.0 201 2 4773 809
2339727509 1 149638 R 2.0 207 1 1167 810
2340226992 1 149670 R 2.0 208 1 405 811
2342977531 1 149846 R 4.0 207 1 1376 812
2343479057 1 149878 R 4.0 208 1 947 813
2344724967 1 149958 R 3.0 208 1 0 814
2348977217 1 150230 R 2.0 209 1 0 815
2349977004 1 150294 R 2.0 210 1 149 816
2352228552 1 150438 R 7.0 202 2 4797 817
2353227344 1 150502 R 7.0 203 2 4835 818
2354725674 1 150598 R 3.0 209 1 0 819
2357229039 1 150758 R 4.0 209 1 938 820
2359227141 1 150886 R 2.0 211 1 156 821
2363227495 1 151142 R 6.0 204 2 4519 822
2363482933 1 151158 R 3.0 210 1 281 823
2364227347 1 151206 R 7.0 206 2 3074 824
2368729682 1 151494 R 4.0 210 1 1080 825
2373725926 1 151814 R 3.0 211 1 0 826
2374475819 1 151862 R 2.0 212 1 0 827
2381225780 1 152294 R 2.0 213 1 0 828
2384729714 1 152518 R 5.0 205 2 5048 829
2389225345 1 152806 R 2.0 214 1 0 830
2395727744 1 153222 R 4.0 211 1 2194 831
2395977974 1 153238 R 4.0 212 1 1473 832
2397979837 1 153366 R 4.0 213 1 1011 833
2399979884 1 153494 R 5.0 206 2 5659 834
