243973600 1 15510 R 3.0 0 1 0 1
248725024 1 15814 R 6.0 0 2 0 2
249225731 1 15846 R 4.0 0 1 0 3
252475086 1 16054 R 16.0 0 5 0 4
254726401 1 16198 R 7.0 0 2 28 5
262724825 1 16710 R 5.0 0 2 402 6
263227495 1 16742 R 10.0 0 3 625 7
263974306 1 16790 R 2.0 0 1 0 8
265474526 1 16886 R 9.0 0 3 1041 9
270722120 1 17222 R 6.0 1 2 0 10
273476481 1 17398 R 8.0 0 3 1069 11
275724111 1 17542 R 3.0 1 1 1 12
278225378 1 17702 R 4.0 1 1 517 13
278976221 1 17750 R 5.0 1 2 256 14
283725652 1 18054 R 8.0 1 3 864 15
283973863 1 18070 R 2.0 1 1 0 16
285474553 1 18166 R 4.0 2 1 0 17
287222212 1 18278 R 2.0 2 1 0 18
289475469 1 18422 R 5.0 2 2 195 19
296475212 1 18870 R 6.0 2 2 336 20
302476799 1 19254 R 14.0 0 5 3286 21
304226490 1 19366 R 3.0 2 1 33 22
304976445 1 19414 R 7.0 2 2 1144 23
307726274 1 19590 R 10.0 2 3 884 24
316725756 1 20166 R 3.0 3 1 380 25
316976891 1 20182 R 5.0 3 2 400 26
321484748 1 20470 R 2.0 3 1 549 27
323473673 1 20598 R 4.0 3 1 0 28
327224092 1 20838 R 3.0 4 1 0 29
328977007 1 20950 R 9.0 2 3 2686 30
331474277 1 21110 R 4.0 4 1 0 31
335473884 1 21366 R 7.0 3 2 835 32
338973829 1 21590 R 2.0 4 1 0 33
342484464 1 21814 R 10.0 3 3 2049 34
351226455 1 22374 R 5.0 4 3 1673 35
353225385 1 22502 R 2.0 5 1 0 36
355726614 1 22662 R 6.0 4 2 1476 37
356476306 1 22710 R 11.0 0 4 5433 38
361975954 1 23062 R 3.0 5 1 0 39
362475865 1 23094 R 6.0 5 2 0 40
363975769 1 23190 R 4.0 5 1 545 41
372726709 1 23750 R 13.0 3 4 3388 42
377725864 1 24070 R 2.0 6 1 0 43
385477497 1 24566 R 3.0 6 1 852 44
388976831 1 24790 R 13.0 2 4 5704 45
389477036 1 24822 R 3.0 7 1 223 46
391475481 1 24950 R 4.0 7 1 112 47
396477879 1 25270 R 6.0 6 2 1080 48
407476145 1 25974 R 2.0 7 1 1295 49
410727753 1 26182 R 8.0 5 3 3772 50
410974907 1 26198 R 11.0 1 4 7958 51
411973813 1 26262 R 4.0 8 1 0 52
419722226 1 26758 R 2.0 8 1 0 53
424473964 1 27062 R 2.0 9 1 0 54
427976620 1 27286 R 6.0 7 2 2363 55
428226586 1 27302 R 7.0 5 2 5127 56
428476174 1 27318 R 7.0 6 2 3076 57
428727189 1 27334 R 3.0 8 1 306 58
433727762 1 27654 R 5.0 6 2 3892 59
435974432 1 27798 R 4.0 9 1 0 60
440975681 1 28118 R 3.0 9 1 0 61
441478356 1 28150 R 8.0 6 3 3477 62
442977452 1 28246 R 5.0 7 2 3112 63
444983214 1 28374 R 6.0 9 2 946 64
451725746 1 28806 R 2.0 10 1 0 65
459227407 1 29286 R 3.0 10 1 457 66
460474479 1 29366 R 4.0 10 1 0 67
467978172 1 29846 R 5.0 8 2 3999 68
470974395 1 30038 R 2.0 11 1 0 69
472728680 1 30150 R 6.0 10 2 1152 70
474975716 1 30294 R 4.0 11 1 299 71
483226450 1 30822 R 7.0 8 2 4561 72
483476954 1 30838 R 3.0 11 1 1117 73
484726879 1 30918 R 5.0 9 2 3276 74
492725519 1 31430 R 4.0 12 1 0 75
493227005 1 31462 R 5.0 10 2 2916 76
495976545 1 31638 R 6.0 11 2 1741 77
501224783 1 31974 R 2.0 12 1 0 78
504722595 1 32198 R 4.0 13 1 0 79
505977151 1 32278 R 3.0 12 1 613 80
506476507 1 32310 R 10.0 10 3 2798 81
506727680 1 32326 R 3.0 13 1 143 82
507725751 1 32390 R 2.0 13 1 0 83
509226663 1 32486 R 7.0 10 2 3530 84
514227256 1 32806 R 7.0 11 2 3122 85
514725344 1 32838 R 7.0 12 2 922 86
515724472 1 32902 R 7.0 13 2 0 87
526226959 1 33574 R 6.0 12 2 2017 88
531226966 1 33894 R 5.0 11 2 3930 89
533978664 1 34070 R 5.0 12 2 2091 90
537726196 1 34310 R 5.0 13 2 1103 91
539974764 1 34454 R 2.0 14 1 0 92
546224482 1 34854 R 4.0 14 1 0 93
554226465 1 35366 R 3.0 14 1 984 94
557728591 1 35590 R 7.0 14 2 1605 95
557977725 1 35606 R 3.0 15 1 590 96
558477558 1 35638 R 4.0 15 1 349 97
560224677 1 35750 R 2.0 15 1 0 98
563477162 1 35958 R 9.0 13 3 2500 99
567976502 1 36246 R 9.0 14 3 2754 100
568225579 1 36262 R 5.0 15 2 781 101
570228271 1 36390 R 10.0 14 3 2144 102
576725460 1 36806 R 5.0 16 2 592 103
579476551 1 36982 R 4.0 16 1 762 104
583226347 1 37222 R 2.0 16 1 0 105
585227355 1 37350 R 3.0 16 1 121 106
587474423 1 37494 R 3.0 17 1 0 107
591474432 1 37750 R 2.0 17 1 0 108
596974428 1 38102 R 5.0 17 2 0 109
606477348 1 38710 R 6.0 14 2 4259 110
612727181 1 39110 R 2.0 18 1 0 111
613978348 1 39190 R 6.0 15 2 3810 112
614226356 1 39206 R 7.0 15 3 3086 113
614477927 1 39222 R 3.0 18 1 573 114
617977190 1 39446 R 4.0 17 2 1795 115
626228628 1 39974 R 6.0 16 2 2857 116
632975553 1 40406 R 2.0 19 1 0 117
635477596 1 40566 R 6.0 17 2 2647 118
638227056 1 40742 R 6.0 18 2 1581 119
639227775 1 40806 R 3.0 19 1 282 120
640475842 1 40886 R 6.0 19 2 0 121
651728451 1 41606 R 8.0 16 3 4982 122
651979027 1 41622 R 10.0 16 3 4595 123
652477085 1 41654 R 3.0 20 1 377 124
653476020 1 41718 R 2.0 20 1 0 125
656228376 1 41894 R 4.0 18 1 2714 126
661475260 1 42230 R 5.0 19 2 2252 127
669728466 1 42758 R 4.0 19 1 2124 128
669978598 1 42774 R 4.0 20 1 1078 129
672226617 1 42918 R 9.0 16 3 6617 130
672476611 1 42934 R 6.0 20 2 1785 131
674975704 1 43094 R 6.0 21 2 0 132
676476679 1 43190 R 3.0 21 1 51 133
683975984 1 43670 R 2.0 21 1 0 134
684224268 1 43686 R 4.0 21 1 0 135
697224850 1 44518 R 4.0 22 1 0 136
697474138 1 44534 R 2.0 22 1 0 137
706724556 1 45126 R 2.0 23 1 0 138
709978909 1 45334 R 5.0 20 2 3137 139
710227333 1 45350 R 6.0 22 2 1216 140
710728824 1 45382 R 3.0 22 1 1095 141
712474846 1 45494 R 3.0 23 1 0 142
721975785 1 46102 R 6.0 23 2 994 143
724725928 1 46278 R 4.0 23 1 334 144
726476644 1 46390 R 7.0 20 2 3985 145
734229031 1 46886 R 7.0 21 2 4090 146
736228476 1 47014 R 7.0 22 2 2425 147
740724429 1 47302 R 2.0 24 1 0 148
745474281 1 47606 R 3.0 24 1 0 149
749478489 1 47862 R 7.0 23 2 2552 150
752727514 1 48070 R 4.0 24 1 898 151
754976618 1 48214 R 8.0 20 3 5803 152
755225533 1 48230 R 3.0 25 1 602 153
759226068 1 48486 R 2.0 25 1 509 154
765228486 1 48870 R 9.0 20 3 6560 155
765725926 1 48902 R 4.0 25 1 815 156
769478904 1 49142 R 5.0 24 2 1584 157
774225221 1 49446 R 7.0 24 2 2272 158
775477600 1 49526 R 10.0 22 3 5629 159
777974287 1 49686 R 2.0 26 1 0 160
785228476 1 50150 R 8.0 23 3 4888 161
785478901 1 50166 R 5.0 25 2 1757 162
786226909 1 50214 R 3.0 26 1 1404 163
791475716 1 50550 R 2.0 27 1 0 164
794725798 1 50758 R 4.0 26 1 813 165
795478471 1 50806 R 7.0 26 2 1318 166
798725053 1 51014 R 3.0 27 1 0 167
811727690 1 51846 R 10.0 25 3 4155 168
825226628 1 52710 R 9.0 24 3 4637 169
825725158 1 52742 R 7.0 27 2 1498 170
826727479 1 52806 R 4.0 28 1 268 171
829728896 1 52998 R 6.0 24 2 5864 172
830478205 1 53046 R 5.0 27 2 2040 173
836227330 1 53414 R 3.0 28 1 1780 174
837727484 1 53510 R 2.0 28 1 1585 175
838725424 1 53574 R 2.0 29 1 0 176
841474145 1 53750 R 4.0 29 1 0 177
846228814 1 54054 R 3.0 29 1 1060 178
850974595 1 54358 R 2.0 30 1 0 179
853976507 1 54550 R 7.0 28 2 2930 180
859978481 1 54934 R 9.0 25 3 7075 181
861476822 1 55030 R 4.0 30 1 46 182
872977050 1 55766 R 3.0 30 1 1244 183
873728197 1 55814 R 5.0 28 2 4250 184
873978340 1 55830 R 6.0 28 2 4260 185
874224720 1 55846 R 4.0 31 1 0 186
876225182 1 55974 R 6.0 29 2 2389 187
882474560 1 56374 R 3.0 31 1 0 188
885725223 1 56582 R 7.0 29 2 3238 189
891227345 1 56934 R 7.0 30 2 2772 190
894977937 1 57174 R 3.0 32 1 546 191
895228481 1 57190 R 6.0 30 2 2457 192
895478756 1 57206 R 6.0 31 2 1097 193
895974714 1 57238 R 2.0 32 1 0 194
907476918 1 57974 R 7.0 31 2 2557 195
908982697 1 58070 R 7.0 32 2 1234 196
918474583 1 58678 R 2.0 33 1 0 197
922228340 1 58918 R 4.0 32 1 1347 198
930228724 1 59430 R 12.0 26 4 9569 199
931476559 1 59510 R 4.0 33 1 971 200
933227061 1 59622 R 5.0 29 2 5527 201
936724432 1 59846 R 2.0 34 1 0 202
951977619 1 60822 R 9.0 31 3 5191 203
952476760 1 60854 R 9.0 32 3 4048 204
952975689 1 60886 R 4.0 35 1 37 205
953976767 1 60950 R 3.0 33 1 2620 206
954227078 1 60966 R 6.0 33 2 2450 207
954977481 1 61014 R 3.0 34 1 1084 208
956476099 1 61110 R 3.0 35 1 713 209
958224149 1 61222 R 2.0 35 1 0 210
961476650 1 61430 R 5.0 32 2 3784 211
962476500 1 61494 R 5.0 33 2 2564 212
965978814 1 61718 R 7.0 34 2 2216 213
967725564 1 61830 R 3.0 36 1 0 214
971474411 1 62070 R 6.0 35 2 639 215
978224414 1 62502 R 4.0 36 1 293 216
984976522 1 62934 R 6.0 36 2 322 217
986474153 1 63030 R 2.0 36 1 0 218
988224720 1 63142 R 2.0 37 1 0 219
996227654 1 63654 R 3.0 37 1 655 220
996978483 1 63702 R 5.0 35 2 3303 221
1008978887 1 64470 R 9.0 35 3 3859 222
1009477381 1 64502 R 4.0 37 1 360 223
1018976989 1 65110 R 12.0 33 4 6880 224
1019478645 1 65142 R 7.0 36 2 2341 225
1023974470 1 65430 R 2.0 38 1 0 226
1025726622 1 65542 R 4.0 38 1 1039 227
1027977353 1 65686 R 3.0 38 1 1173 228
1036228480 1 66214 R 5.0 36 2 4133 229
1037476777 1 66294 R 5.0 37 2 3109 230
1042975552 1 66646 R 2.0 39 1 0 231
1047974702 1 66966 R 2.0 40 1 1 232
1053228986 1 67302 R 12.0 35 4 6984 233
1059728187 1 67718 R 3.0 39 1 1121 234
1059978617 1 67734 R 4.0 39 2 1521 235
1072977504 1 68566 R 3.0 40 1 616 236
1073227349 1 68582 R 9.0 37 3 5031 237
1075976365 1 68758 R 4.0 40 1 1415 238
1080474305 1 69046 R 2.0 41 1 0 239
1083228698 1 69222 R 13.0 36 4 6552 240
1084226804 1 69286 R 3.0 41 1 47 241
1085727195 1 69382 R 7.0 38 2 4269 242
1087228476 1 69478 R 7.0 39 2 3044 243
1087476628 1 69494 R 7.0 40 2 2367 244
1095977354 1 70038 R 5.0 40 2 2052 245
1097478327 1 70134 R 5.0 41 2 1608 246
1097977089 1 70166 R 6.0 41 2 827 247
1101475957 1 70390 R 4.0 41 1 762 248
1105727502 1 70662 R 3.0 42 1 380 249
1116226635 1 71334 R 4.0 42 1 1714 250
1117976439 1 71446 R 5.0 42 2 1425 251
1118976640 1 71510 R 7.0 42 2 1824 252
1120977657 1 71638 R 2.0 43 1 687 253
1125976407 1 71958 R 3.0 43 1 503 254
1126224474 1 71974 R 4.0 43 1 988 255
1130224140 1 72230 R 2.0 44 1 0 256
1132478613 1 72374 R 6.0 43 2 1745 257
1132727789 1 72390 R 6.0 44 2 537 258
1133726358 1 72454 R 3.0 44 1 195 259
1136478336 1 72630 R 7.0 43 2 1828 260
1151227355 1 73574 R 9.0 40 3 5886 261
1151477357 1 73590 R 9.0 41 3 5492 262
1151727335 1 73606 R 8.0 42 3 3785 263
1152976748 1 73686 R 7.0 44 2 1289 264
1154724886 1 73798 R 2.0 45 1 0 265
1160977637 1 74198 R 9.0 42 3 3964 266
1165725327 1 74502 R 4.0 44 1 1249 267
1166477954 1 74550 R 4.0 45 1 604 268
1168475997 1 74678 R 2.0 46 1 0 269
1171724851 1 74886 R 4.0 46 1 0 270
1176226369 1 75174 R 6.0 45 2 889 271
1184726816 1 75718 R 3.0 45 1 1378 272
1186478872 1 75830 R 10.0 43 3 4771 273
1187477946 1 75894 R 3.0 46 1 517 274
1189226369 1 76006 R 6.0 46 2 831 275
1192472698 1 76214 R 2.0 47 1 0 276
1197226644 1 76518 R 9.0 43 3 4907 277
1198476528 1 76598 R 6.0 47 2 543 278
1198726451 1 76614 R 7.0 45 2 2471 279
1198974844 1 76630 R 3.0 47 1 22 280
1199474156 1 76662 R 4.0 47 1 0 281
1205724422 1 77062 R 6.0 48 2 0 282
1207726358 1 77190 R 7.0 46 2 1707 283
1209976916 1 77334 R 7.0 47 2 1556 284
1210977933 1 77398 R 3.0 48 1 144 285
1214974425 1 77654 R 2.0 48 1 0 286
1216728050 1 77766 R 5.0 45 2 3901 287
1218475997 1 77878 R 4.0 48 1 1 288
1221475242 1 78070 R 5.0 46 2 2996 289
1224227145 1 78246 R 10.0 45 3 4316 290
1225728505 1 78342 R 5.0 47 2 2555 291
1227976223 1 78486 R 5.0 48 2 533 292
1229474431 1 78582 R 6.0 49 2 0 293
1233478228 1 78838 R 8.0 45 3 5237 294
1235978901 1 78998 R 7.0 48 2 1280 295
1238724451 1 79174 R 4.0 49 1 0 296
1241977178 1 79382 R 10.0 46 3 4125 297
1242726236 1 79430 R 3.0 49 1 204 298
1244726333 1 79558 R 2.0 49 1 0 299
1245225480 1 79590 R 10.0 47 3 2700 300
1248975763 1 79830 R 6.0 50 2 1 301
1251977316 1 80022 R 5.0 49 2 1663 302
1262725871 1 80710 R 4.0 50 1 0 303
1263976262 1 80790 R 2.0 50 1 400 304
1266728602 1 80966 R 7.0 49 2 2001 305
1266978055 1 80982 R 3.0 50 1 665 306
1267978333 1 81046 R 8.0 46 3 5173 307
1268725549 1 81094 R 3.0 51 1 251 308
1268976002 1 81110 R 2.0 51 1 0 309
1274223964 1 81446 R 6.0 51 2 0 310
1276224726 1 81574 R 4.0 51 1 0 311
1279728506 1 81798 R 7.0 50 2 1388 312
1281726887 1 81926 R 9.0 49 3 2621 313
1282476706 1 81974 R 12.0 46 4 6175 314
1285727480 1 82182 R 8.0 47 3 5581 315
1290727992 1 82502 R 7.0 51 2 859 316
1294475444 1 82742 R 2.0 52 1 0 317
1296225904 1 82854 R 6.0 52 2 0 318
1299726916 1 83078 R 8.0 49 3 4233 319
1309475788 1 83702 R 4.0 52 1 530 320
1311226267 1 83814 R 3.0 52 1 457 321
1312227553 1 83878 R 10.0 50 3 4256 322
1312473398 1 83894 R 3.0 53 1 31 323
1314977316 1 84054 R 5.0 50 2 3220 324
1318725459 1 84294 R 2.0 53 1 0 325
1324474890 1 84662 R 4.0 53 1 0 326
1337477128 1 85494 R 2.0 54 1 510 327
1338726774 1 85574 R 9.0 50 3 4653 328
1338976827 1 85590 R 5.0 51 2 4202 329
1340476214 1 85686 R 3.0 54 1 145 330
1340724899 1 85702 R 4.0 54 1 0 331
1347977707 1 86166 R 12.0 47 4 9705 332
1348975214 1 86230 R 7.0 52 2 3125 333
1361226001 1 87014 R 2.0 55 1 0 334
1371975445 1 87702 R 2.0 56 1 0 335
1374476906 1 87862 R 6.0 54 2 1938 336
1374978628 1 87894 R 8.0 50 3 7126 337
1375476510 1 87926 R 4.0 55 1 694 338
1376727999 1 88006 R 3.0 55 1 972 339
1381977779 1 88342 R 4.0 56 1 170 340
1386726761 1 88646 R 6.0 55 2 1995 341
1387726767 1 88710 R 6.0 56 2 1032 342
1389224703 1 88806 R 2.0 57 1 0 343
1392728497 1 89030 R 9.0 52 3 5656 344
1393476507 1 89078 R 4.0 57 1 116 345
1394727512 1 89158 R 3.0 56 1 907 346
1395226871 1 89190 R 10.0 53 3 5635 347
1398228626 1 89382 R 5.0 53 2 4281 348
1399728790 1 89478 R 5.0 54 2 3600 349
1399975128 1 89494 R 3.0 57 1 39 350
1407727962 1 89990 R 6.0 57 2 662 351
1409225742 1 90086 R 6.0 58 2 0 352
1417222690 1 90598 R 4.0 58 1 0 353
1422981916 1 90966 R 8.0 54 3 5309 354
1424725669 1 91078 R 2.0 58 1 719 355
1430727511 1 91462 R 5.0 55 2 3848 356
1445728490 1 92422 R 5.0 56 2 4551 357
1445976619 1 92438 R 3.0 58 1 2080 358
1446227941 1 92454 R 3.0 59 1 876 359
1452978468 1 92886 R 5.0 57 2 3669 360
1455227691 1 93030 R 4.0 59 1 671 361
1461224863 1 93414 R 3.0 60 1 0 362
1464227640 1 93606 R 4.0 60 1 388 363
1467227341 1 93798 R 8.0 57 3 4223 364
1467726795 1 93830 R 2.0 59 1 1548 365
1469226781 1 93926 R 2.0 60 1 1611 366
1470974863 1 94038 R 3.0 61 1 0 367
1472728852 1 94150 R 10.0 57 3 4507 368
1478478797 1 94518 R 8.0 58 3 4528 369
1483976140 1 94870 R 4.0 61 1 881 370
1485726297 1 94982 R 2.0 61 1 0 371
1488225158 1 95142 R 7.0 59 2 3438 372
1492226631 1 95398 R 5.0 60 2 1931 373
1492474044 1 95414 R 2.0 62 1 0 374
1496477211 1 95670 R 7.0 60 2 2764 375
1497227070 1 95718 R 7.0 61 2 1101 376
1498978356 1 95830 R 5.0 61 2 1150 377
1500976529 1 95958 R 3.0 62 1 345 378
1504976072 1 96214 R 5.0 62 2 889 379
1507224197 1 96358 R 2.0 63 1 0 380
1517978487 1 97046 R 9.0 59 3 5713 381
1523225694 1 97382 R 4.0 63 1 832 382
1524478632 1 97462 R 7.0 62 2 1536 383
1526725484 1 97606 R 3.0 63 1 982 384
1527728622 1 97670 R 5.0 63 2 1062 385
1529476808 1 97782 R 5.0 59 3 6211 386
1534726625 1 98118 R 6.0 62 2 2028 387
1537475853 1 98294 R 4.0 64 1 1 388
1553477550 1 99318 R 3.0 64 1 784 389
1556725807 1 99526 R 2.0 64 1 936 390
1559726478 1 99718 R 9.0 62 3 4142 391
1562478836 1 99894 R 7.0 63 2 3198 392
1562978242 1 99926 R 7.0 64 2 1540 393
1563725661 1 99974 R 4.0 65 1 220 394
1567977878 1 100246 R 5.0 64 2 1436 395
1568478791 1 100278 R 3.0 65 1 506 396
1570227762 1 100390 R 2.0 65 1 1027 397
1571476642 1 100470 R 7.0 65 2 779 398
1574225846 1 100646 R 3.0 66 1 1 399
1575478754 1 100726 R 8.0 62 3 5384 400
1580977374 1 101078 R 4.0 66 1 499 401
1584478053 1 101302 R 6.0 64 2 2612 402
1586228772 1 101414 R 2.0 66 1 592 403
1590979320 1 101718 R 6.0 65 2 2309 404
1593976975 1 101910 R 4.0 67 1 0 405
1596477116 1 102070 R 7.0 66 2 736 406
1603726515 1 102534 R 3.0 67 1 0 407
1605979653 1 102678 R 5.0 65 2 3390 408
1608727718 1 102854 R 6.0 66 2 1355 409
1609227995 1 102886 R 2.0 67 1 1021 410
1609977079 1 102934 R 6.0 67 2 787 411
1612228819 1 103078 R 12.0 63 4 6367 412
1615229090 1 103270 R 10.0 66 3 1991 413
1617975810 1 103446 R 3.0 68 1 0 414
1620229017 1 103590 R 5.0 66 2 2839 415
1629228469 1 104166 R 4.0 68 1 503 416
1630728453 1 104262 R 4.0 69 1 204 417
1640228156 1 104870 R 6.0 68 2 1928 418
1641477626 1 104950 R 2.0 68 1 1163 419
1643726754 1 105094 R 3.0 69 1 501 420
1643978533 1 105110 R 10.0 67 3 3014 421
1644477311 1 105142 R 7.0 67 2 2897 422
1650976964 1 105558 R 3.0 70 1 1 423
1652979193 1 105686 R 2.0 69 1 1677 424
1653976772 1 105750 R 2.0 70 1 151 425
1661229158 1 106214 R 7.0 68 2 2732 426
1666227188 1 106534 R 5.0 68 2 3571 427
1674725398 1 107078 R 2.0 71 1 0 428
1676978011 1 107222 R 12.0 65 4 7459 429
1682977723 1 107606 R 7.0 69 2 2420 430
1684476626 1 107702 R 4.0 71 1 796 431
1690228022 1 108070 R 3.0 71 1 1272 432
1690977461 1 108118 R 5.0 69 2 3344 433
1694226614 1 108326 R 7.0 72 2 330 434
1696728459 1 108486 R 4.0 72 1 109 435
1698975401 1 108630 R 2.0 72 1 0 436
1704727316 1 108998 R 6.0 69 2 4831 437
1705478720 1 109046 R 5.0 70 2 2681 438
1705726756 1 109062 R 3.0 72 1 810 439
1706223471 1 109094 R 7.0 73 2 0 440
1712226978 1 109478 R 3.0 73 1 0 441
1713225150 1 109542 R 4.0 73 1 0 442
1715229015 1 109670 R 6.0 71 2 2032 443
1717975678 1 109846 R 2.0 73 1 0 444
1718476061 1 109878 R 6.0 72 2 1434 445
1730479159 1 110646 R 6.0 73 2 1429 446
1735228563 1 110950 R 10.0 72 3 2264 447
1735477675 1 110966 R 10.0 73 3 1014 448
1739478763 1 111222 R 2.0 74 1 462 449
1746227087 1 111654 R 3.0 74 1 732 450
1746728754 1 111686 R 6.0 74 2 176 451
1747225447 1 111718 R 3.0 75 1 0 452
1747728911 1 111750 R 7.0 74 2 655 453
1748728625 1 111814 R 4.0 74 1 173 454
1755477681 1 112246 R 13.0 67 4 9771 455
1762476530 1 112694 R 2.0 75 1 0 456
1766727093 1 112966 R 7.0 75 2 0 457
1767477639 1 113014 R 4.0 75 1 14 458
1769477910 1 113142 R 5.0 74 2 2017 459
1769729053 1 113158 R 5.0 75 2 1264 460
1770725460 1 113222 R 3.0 76 1 23 461
1772975678 1 113366 R 2.0 76 1 0 462
1774729587 1 113478 R 8.0 72 3 5125 463
1782975962 1 114006 R 6.0 75 2 1415 464
1785976626 1 114198 R 4.0 76 1 688 465
1788975020 1 114390 R 7.0 76 2 0 466
1798728167 1 115014 R 5.0 76 2 2101 467
1798973606 1 115030 R 2.0 77 1 0 468
1800478041 1 115126 R 9.0 73 3 5364 469
1800728492 1 115142 R 3.0 77 1 469 470
1804729246 1 115398 R 12.0 72 4 6671 471
1808474781 1 115638 R 4.0 77 1 0 472
1809228066 1 115686 R 4.0 78 1 62 473
1812726039 1 115910 R 6.0 76 2 2060 474
1812976878 1 115926 R 3.0 78 1 6 475
1813729212 1 115974 R 6.0 77 2 1166 476
1814477630 1 116022 R 8.0 74 3 4869 477
1828727336 1 116934 R 2.0 78 1 661 478
1829977347 1 117014 R 6.0 78 2 914 479
1833225144 1 117222 R 2.0 79 1 0 480
1842727208 1 117830 R 8.0 75 3 5763 481
1844229521 1 117926 R 10.0 78 3 1487 482
1844726360 1 117958 R 3.0 79 1 882 483
1845476032 1 118006 R 5.0 77 2 3180 484
1845727057 1 118022 R 4.0 79 1 759 485
1846729018 1 118086 R 8.0 76 3 4415 486
1848977659 1 118230 R 2.0 80 1 52 487
1852729311 1 118470 R 8.0 77 3 3397 488
1852976895 1 118486 R 3.0 80 1 332 489
1862979311 1 119126 R 7.0 79 2 1754 490
1863227187 1 119142 R 4.0 80 1 807 491
1866228318 1 119334 R 6.0 79 2 1999 492
1868728385 1 119494 R 7.0 80 2 892 493
1871478205 1 119670 R 8.0 78 3 3553 494
1871729307 1 119686 R 8.0 79 3 1812 495
1874225585 1 119846 R 2.0 81 1 0 496
1883473422 1 120438 R 3.0 81 1 6 497
1884979452 1 120534 R 9.0 78 3 3589 498
1886978020 1 120662 R 5.0 79 2 3274 499
1889977653 1 120854 R 5.0 80 2 2377 500
1894229501 1 121126 R 6.0 80 2 2238 501
1900977388 1 121558 R 2.0 82 1 155 502
1908724759 1 122054 R 2.0 83 1 0 503
1909229300 1 122086 R 5.0 81 2 2282 504
1909479771 1 122102 R 5.0 82 2 1481 505
1913976158 1 122390 R 13.0 77 4 7197 506
1914228753 1 122406 R 3.0 82 1 847 507
1914978310 1 122454 R 7.0 81 2 2065 508
1915478167 1 122486 R 4.0 81 1 2181 509
1916478220 1 122550 R 4.0 82 1 1018 510
1917726578 1 122630 R 3.0 83 1 0 511
1918726806 1 122694 R 4.0 83 1 190 512
1931225399 1 123494 R 3.0 84 1 0 513
1931977869 1 123542 R 7.0 82 2 1925 514
1935974975 1 123798 R 4.0 84 1 0 515
1938478851 1 123958 R 2.0 84 1 593 516
1947729157 1 124550 R 7.0 83 2 1699 517
1948979309 1 124630 R 7.0 84 2 1144 518
1949477453 1 124662 R 5.0 83 2 1818 519
1954978333 1 125014 R 5.0 84 2 893 520
1960977169 1 125398 R 4.0 85 1 0 521
1963977457 1 125590 R 6.0 83 2 2736 522
1969978632 1 125974 R 3.0 85 1 636 523
1971228167 1 126054 R 2.0 85 1 1454 524
1973226824 1 126182 R 4.0 86 1 0 525
1975478176 1 126326 R 9.0 82 3 4586 526
1975975998 1 126358 R 8.0 82 3 5160 527
1979477746 1 126582 R 8.0 83 3 3965 528
1979724834 1 126598 R 2.0 86 1 1 529
1993475696 1 127478 R 4.0 87 1 0 530
1997478496 1 127734 R 2.0 87 1 625 531
2006979134 1 128342 R 3.0 86 1 1460 532
2007479441 1 128374 R 6.0 85 2 3820 533
2007977931 1 128406 R 3.0 87 1 939 534
2014475685 1 128822 R 2.0 88 2 0 535
2016478152 1 128950 R 5.0 85 2 3324 536
2025479168 1 129526 R 5.0 86 2 3297 537
2026728755 1 129606 R 9.0 83 3 6948 538
2026975668 1 129622 R 3.0 88 1 68 539
2028228497 1 129702 R 4.0 88 1 777 540
2029229431 1 129766 R 7.0 87 2 1505 541
2030228154 1 129830 R 7.0 88 2 1414 542
2030478315 1 129846 R 7.0 89 2 114 543
2034975947 1 130134 R 5.0 87 2 1283 544
2039975553 1 130454 R 4.0 89 1 0 545
2044725534 1 130758 R 3.0 89 1 0 546
2047727736 1 130950 R 6.0 87 3 3450 547
2049226767 1 131046 R 2.0 89 2 318 548
2054475676 1 131382 R 3.0 90 1 0 549
2057728171 1 131590 R 8.0 86 3 4974 550
2059479677 1 131702 R 5.0 88 2 2237 551
2062729744 1 131910 R 6.0 89 2 1997 552
2063728759 1 131974 R 4.0 90 1 281 553
2064228184 1 132006 R 2.0 90 2 599 554
2066475230 1 132150 R 6.0 90 2 973 555
2070473449 1 132406 R 4.0 91 1 0 556
2073979453 1 132630 R 5.0 90 2 1032 557
2083229517 1 133222 R 11.0 86 4 6522 558
2086479040 1 133430 R 6.0 88 2 4214 559
2086728188 1 133446 R 2.0 91 1 549 560
2087976913 1 133526 R 5.0 91 2 638 561
2088977670 1 133590 R 10.0 90 3 2569 562
2089975199 1 133654 R 7.0 91 2 304 563
2100975122 1 134358 R 2.0 92 1 0 564
2102975808 1 134486 R 4.0 92 1 0 565
2106977896 1 134742 R 6.0 91 2 2054 566
2107229529 1 134758 R 10.0 91 3 1941 567
2107477482 1 134774 R 3.0 92 1 635 568
2110727878 1 134982 R 5.0 92 2 1091 569
2110979005 1 134998 R 13.0 87 4 7549 570
2120227488 1 135590 R 5.0 93 2 464 571
2120476005 1 135606 R 9.0 91 3 3337 572
2121226913 1 135654 R 3.0 93 1 341 573
2122978751 1 135766 R 4.0 93 1 402 574
2132229165 1 136358 R 7.0 92 2 2351 575
2133977046 1 136470 R 2.0 94 1 222 576
2143725686 1 137094 R 4.0 94 1 0 577
2151477802 1 137590 R 7.0 93 2 2540 578
2151728135 1 137606 R 7.0 94 2 1628 579
2158726986 1 138054 R 2.0 95 1 0 580
2159729339 1 138118 R 6.0 92 2 3841 581
2159977500 1 138134 R 3.0 94 1 947 582
2160228180 1 138150 R 8.0 91 3 5529 583
2160475010 1 138166 R 4.0 95 1 0 584
2167726621 1 138630 R 3.0 95 1 216 585
2168229311 1 138662 R 6.0 93 2 3554 586
2169477736 1 138742 R 6.0 94 2 2650 587
2169726655 1 138758 R 3.0 96 1 61 588
2170225441 1 138790 R 2.0 96 1 0 589
2172226688 1 138918 R 10.0 95 3 994 590
2178978183 1 139350 R 9.0 92 3 4942 591
2182227206 1 139558 R 5.0 94 2 2681 592
2182729310 1 139590 R 7.0 95 2 1078 593
2186723578 1 139846 R 4.0 96 1 0 594
2189228506 1 140006 R 7.0 96 2 911 595
2198479175 1 140598 R 9.0 93 3 5243 596
2204228459 1 140966 R 3.0 97 1 122 597
2204728168 1 140998 R 5.0 95 2 2713 598
2208225268 1 141222 R 4.0 97 1 716 599
2210979596 1 141398 R 5.0 96 2 1856 600
2212226538 1 141478 R 4.0 98 1 0 601
2214728053 1 141638 R 2.0 97 1 905 602
2216476665 1 141750 R 2.0 98 1 100 603
2232476024 1 142774 R 9.0 95 3 4853 604
2232976626 1 142806 R 3.0 98 1 863 605
2233979169 1 142870 R 7.0 98 2 1793 606
2236978050 1 143062 R 8.0 94 3 6360 607
2243478764 1 143478 R 7.0 99 2 902 608
2243727226 1 143494 R 9.0 96 3 4337 609
2245228195 1 143590 R 3.0 99 1 255 610
2247977835 1 143766 R 10.0 97 3 2251 611
2249478926 1 143862 R 2.0 99 1 379 612
2249977784 1 143894 R 6.0 98 2 1657 613
2257227441 1 144358 R 7.0 100 2 336 614
2257478309 1 144374 R 5.0 97 2 4115 615
2257727586 1 144390 R 3.0 100 1 79 616
2258987091 1 144471 R 2.0 100 1 563 617
2260228024 1 144550 R 6.0 99 2 1392 618
2261977868 1 144662 R 4.0 99 1 1207 619
2269228461 1 145126 R 5.0 98 2 3796 620
2273727194 1 145414 R 3.0 101 1 0 621
2275979733 1 145558 R 5.0 99 2 2562 622
2279477976 1 145782 R 10.0 98 3 3815 623
2281479462 1 145910 R 9.0 98 3 4214 624
2285727746 1 146182 R 8.0 98 3 4232 625
2286227827 1 146214 R 2.0 101 1 1028 626
2292979680 1 146646 R 4.0 100 1 2205 627
2295229110 1 146790 R 6.0 100 2 2065 628
2297229870 1 146918 R 7.0 101 2 1486 629
2298978020 1 147030 R 9.0 100 3 2674 630
2299977686 1 147094 R 4.0 101 1 1320 631
2301725471 1 147206 R 2.0 102 1 0 632
2302726903 1 147270 R 3.0 102 1 0 633
2306477618 1 147510 R 4.0 102 1 526 634
2308477336 1 147638 R 2.0 103 1 0 635
2316726621 1 148166 R 7.0 102 2 814 636
2317979728 1 148246 R 15.0 97 5 8369 637
2318726184 1 148294 R 9.0 102 3 1701 638
2318976917 1 148310 R 3.0 103 1 5 639
2321475346 1 148470 R 4.0 103 1 1 640
2331978011 1 149142 R 5.0 101 2 3318 641
2333479286 1 149238 R 11.0 99 4 5748 642
2333975905 1 149270 R 3.0 104 1 40 643
2334229804 1 149286 R 7.0 103 2 1012 644
2335475197 1 149366 R 4.0 104 1 0 645
2346979342 1 150102 R 10.0 101 3 4679 646
2347230248 1 150118 R 10.0 102 3 3384 647
2347727686 1 150150 R 6.0 102 2 2894 648
2348478619 1 150198 R 2.0 104 1 425 649
2351227517 1 150374 R 5.0 102 2 3605 650
2353229536 1 150502 R 5.0 103 2 2863 651
2357228144 1 150758 R 2.0 105 1 511 652
2362227923 1 151078 R 11.0 100 4 6189 653
2363478765 1 151158 R 3.0 105 1 355 654
2369229536 1 151526 R 5.0 104 2 1806 655
2370479197 1 151606 R 10.0 103 3 3314 656
2378229889 1 152102 R 5.0 105 2 1690 657
2379729035 1 152198 R 9.0 103 3 3186 658
2380226859 1 152230 R 4.0 106 1 330 659
2385477692 1 152566 R 9.0 104 3 3007 660
2387228856 1 152678 R 5.0 106 2 304 661
2387475938 1 152694 R 3.0 106 1 93 662
2387975918 1 152726 R 2.0 106 1 0 663
2391727471 1 152966 R 6.0 105 2 2016 664
2393728053 1 153094 R 2.0 107 1 87 665
2396475956 1 153270 R 3.0 107 1 0 666
