73437023 1 4620 R 4.0 1 1 14 1
77871812 2 4866 R 6.0 1 1 17 1
77932381 3 4888 R 5.0 1 1 20 1
99856523 1 6311 R 7.0 1 2 37 2
99952164 3 6297 R 8.0 1 2 44 2
104299064 2 6558 R 9.0 1 2 40 2
104307307 3 6576 R 5.0 2 1 305 3
104311339 1 6596 R 4.0 2 1 300 3
108665887 1 6875 R 10.0 1 3 60 4
108738517 3 6859 R 11.0 1 3 349 4
108761635 2 6843 R 6.0 2 1 305 3
113163060 2 7125 R 12.0 1 3 65 4
121887951 3 7701 R 8.0 2 2 37 5
121925129 1 7723 R 4.0 3 1 16 5
126342636 1 8006 R 13.0 1 4 87 6
130729043 1 8287 R 10.0 2 3 348 7
130775388 3 8270 R 11.0 2 3 64 6
135130507 3 8549 R 5.0 3 1 293 7
135155690 2 8533 R 12.0 2 3 63 5
135208500 1 8573 R 7.0 2 2 329 8
139528068 2 8812 R 9.0 2 2 322 6
139579099 3 8833 R 14.0 1 4 371 8
143913984 2 9093 R 6.0 3 1 296 7
143963064 3 9114 R 17.0 1 5 393 9
148394069 2 9380 R 18.0 1 5 679 8
152789423 1 9699 R 13.0 2 4 88 9
152801281 3 9679 R 8.0 3 2 42 10
152824927 2 9663 R 15.0 1 4 940 9
157163960 2 9941 R 15.0 2 4 86 10
157203532 3 9961 R 17.0 2 5 114 11
157222766 1 9982 R 4.0 4 1 307 10
161591801 3 10242 R 11.0 3 3 353 12
161597015 2 10225 R 9.0 3 2 40 11
161624905 1 10264 R 7.0 3 2 610 11
165995491 1 10544 R 16.0 1 5 675 12
165999330 2 10506 R 21.0 1 6 135 12
166008821 3 10525 R 5.0 4 1 306 13
170334485 1 10821 R 10.0 3 3 903 13
170369669 2 10786 R 12.0 3 3 345 13
170395077 3 10805 R 14.0 2 4 930 14
174741932 2 11066 R 18.0 2 5 389 14
174749843 3 11084 R 20.0 1 6 413 15
174767409 1 11105 R 19.0 1 6 977 14
179141569 2 11348 R 6.0 4 1 291 15
179169014 1 11387 R 13.0 3 4 650 15
179198029 3 11369 R 8.0 4 2 606 16
183582293 3 11649 R 11.0 4 3 627 17
183664167 1 11674 R 4.0 5 1 302 16
183668257 2 11637 R 21.0 2 6 140 16
187962326 1 11950 R 7.0 4 2 319 17
188015149 3 11933 R 17.0 3 5 110 18
192379716 1 12232 R 16.0 2 5 105 18
192416530 3 12215 R 8.0 5 2 325 19
192443669 2 12199 R 15.0 3 4 88 17
196765760 1 12513 R 10.0 4 3 341 19
196783318 2 12477 R 18.0 3 5 107 18
196804880 3 12496 R 14.0 3 4 649 20
201215912 2 12760 R 9.0 4 2 321 19
201221787 3 12778 R 5.0 5 1 293 21
201245485 1 12800 R 19.0 2 6 418 20
205607916 3 13059 R 20.0 2 6 977 22
205619668 2 13042 R 12.0 4 3 345 20
205672018 1 13083 R 13.0 4 4 89 21
209985932 1 13359 R 4.0 6 1 295 22
209987805 2 13322 R 6.0 5 1 295 21
210085889 3 13346 R 11.0 5 3 909 23
214455425 3 13625 R 5.0 6 1 17 24
214497137 1 13648 R 16.0 3 5 113 23
218795180 3 13903 R 20.0 3 6 132 25
218851948 1 13926 R 19.0 3 6 133 24
218857657 2 13889 R 21.0 3 6 134 22
223228040 3 14187 R 14.0 4 4 369 26
223290292 2 14173 R 9.0 5 2 326 23
223300208 1 14211 R 7.0 5 2 326 25
227629494 3 14468 R 8.0 6 2 320 27
227692256 2 14455 R 12.0 5 3 630 24
227717538 1 14494 R 10.0 5 3 349 26
232062564 2 14734 R 15.0 4 4 651 25
232125093 3 14756 R 11.0 6 3 629 28
236464138 3 15034 R 17.0 4 5 955 29
236526686 2 15020 R 18.0 4 5 677 26
240820820 3 15313 R 17.0 5 5 107 30
240861418 1 15335 R 13.0 5 4 85 27
240883072 2 15299 R 9.0 6 2 322 27
245237808 2 15578 R 6.0 6 1 295 28
245269208 1 15617 R 4.0 7 1 304 28
245300392 3 15599 R 5.0 7 1 302 31
249686593 2 15862 R 15.0 5 4 652 29
249717851 1 15902 R 16.0 4 5 111 29
249749042 3 15884 R 14.0 5 4 372 32
254041048 3 16159 R 8.0 7 2 600 33
254103825 2 16145 R 21.0 4 6 699 30
254134982 1 16185 R 7.0 6 2 327 30
258503407 2 16427 R 12.0 6 3 345 31
258521057 1 16465 R 10.0 6 3 632 31
258552336 3 16447 R 11.0 7 3 918 34
262875745 1 16744 R 19.0 4 6 694 32
262905097 2 16708 R 18.0 5 5 111 32
262906995 3 16726 R 20.0 4 6 698 35
267271353 3 17005 R 8.0 8 2 319 36
267292806 2 16989 R 9.0 7 2 324 33
267323593 1 17029 R 4.0 8 1 17 33
271704436 3 17289 R 17.0 6 5 391 37
271709979 2 17272 R 6.0 7 1 298 34
271740888 1 17311 R 7.0 7 2 42 34
276096193 2 17553 R 21.0 5 6 695 35
276105755 3 17571 R 5.0 8 1 577 38
276127457 1 17592 R 16.0 5 5 122 35
280476516 3 17851 R 11.0 8 3 904 39
280482195 1 17871 R 13.0 6 4 366 36
280575949 2 17839 R 15.0 6 4 372 36
284877922 2 18115 R 18.0 6 5 388 37
284930746 1 18155 R 19.0 5 6 135 37
284974136 3 18138 R 14.0 6 4 1215 40
289310792 2 18398 R 12.0 7 3 623 38
289347984 1 18438 R 10.0 7 3 346 38
289359710 3 18419 R 20.0 5 6 981 41
293712175 2 18680 R 6.0 8 1 578 39
293714141 3 18698 R 8.0 9 2 889 42
293733800 1 18719 R 7.0 8 2 323 39
298114098 1 18999 R 16.0 6 5 106 40
298162896 3 18983 R 5.0 9 1 866 43
298207656 2 18968 R 9.0 8 2 889 40
302517689 2 19244 R 15.0 7 4 647 41
302578032 1 19285 R 4.0 9 1 302 41
302609466 3 19267 R 17.0 7 5 959 44
306917666 3 19543 R 11.0 9 3 1194 45
306979806 2 19529 R 21.0 6 6 701 42
307011118 1 19569 R 10.0 8 3 349 42
311319474 3 19825 R 14.0 7 4 1212 46
311381344 2 19811 R 18.0 7 5 961 43
311412610 1 19850 R 19.0 6 6 419 43
315726517 3 20107 R 20.0 6 6 694 47
315751603 2 20091 R 6.0 9 1 870 44
315782973 1 20130 R 13.0 7 4 369 44
320121861 1 20408 R 7.0 9 2 603 45
320153524 3 20390 R 8.0 10 2 887 48
320237080 2 20378 R 9.0 9 2 607 45
324529533 2 20652 R 12.0 8 3 624 46
324555073 1 20691 R 16.0 7 5 391 46
324586191 3 20674 R 14.0 8 4 368 49
328947101 1 20973 R 4.0 10 1 296 47
328988072 3 20955 R 5.0 10 1 582 50
329040585 2 20941 R 21.0 7 6 418 47
333420717 2 21221 R 15.0 8 4 655 48
333457851 3 21241 R 17.0 8 5 676 51
337759838 2 21499 R 18.0 8 5 391 49
337781693 3 21518 R 11.0 10 3 910 52
337831758 1 21541 R 10.0 9 3 65 48
342155649 1 21818 R 19.0 7 6 129 49
342192927 2 21783 R 6.0 10 1 579 50
342198496 3 21801 R 20.0 7 6 416 53
346584869 3 22082 R 8.0 11 2 604 54
346594621 2 22065 R 9.0 10 2 885 51
346629539 1 22104 R 13.0 8 4 371 50
350964678 2 22344 R 21.0 8 6 693 52
351031337 1 22386 R 4.0 11 1 300 51
351064303 3 22368 R 14.0 9 4 654 55
355366480 3 22644 R 17.0 9 5 389 56
355401692 1 22666 R 7.0 10 2 609 52
355461914 2 22632 R 12.0 9 3 913 53
359799578 3 22927 R 11.0 11 3 344 57
359848434 2 22913 R 15.0 9 4 1221 54
359865563 1 22951 R 16.0 8 5 960 53
364179623 1 23227 R 10.0 10 3 623 54
364200886 3 23209 R 5.0 11 1 578 58
364263264 2 23195 R 18.0 9 5 958 55
368633727 2 23475 R 6.0 11 1 863 56
368696064 3 23497 R 20.0 8 6 700 59
372994346 3 23772 R 8.0 12 2 885 60
373057311 2 23758 R 9.0 11 2 1171 57
373095716 1 23798 R 10.0 11 3 68 55
377441101 3 24056 R 14.0 10 4 932 61
377474401 2 24041 R 15.0 10 4 653 58
377476091 1 24078 R 7.0 11 2 328 56
381797376 3 24335 R 20.0 9 6 129 62
381807169 2 24318 R 21.0 9 6 415 59
381815142 1 24356 R 4.0 12 1 290 57
386247875 1 24640 R 19.0 8 6 696 58
386277305 3 24622 R 5.0 12 1 300 63
386302902 2 24606 R 12.0 10 3 635 60
390641983 2 24884 R 6.0 12 1 581 61
390649563 1 24921 R 13.0 9 4 932 59
390726050 3 24907 R 8.0 13 2 606 64
395018337 3 25181 R 11.0 12 3 913 65
395080509 2 25168 R 9.0 12 2 891 62
395100351 1 25206 R 16.0 9 5 1241 60
399476489 2 25449 R 18.0 10 5 957 63
399517580 1 25489 R 10.0 12 3 347 61
399529239 3 25470 R 17.0 10 5 960 66
403846830 2 25729 R 15.0 11 4 366 64
403884380 3 25749 R 14.0 11 4 1218 67
403903274 1 25770 R 4.0 13 1 583 62
408258300 1 26048 R 16.0 10 5 675 63
408310797 2 26014 R 6.0 13 1 585 65
408332453 3 26033 R 20.0 10 6 701 68
412681335 3 26312 R 17.0 11 5 671 69
412706563 1 26333 R 7.0 12 2 883 64
412743851 2 26298 R 18.0 11 5 676 66
417082763 3 26593 R 8.0 14 2 883 70
417145549 2 26580 R 12.0 11 3 629 67
417152842 1 26618 R 19.0 9 6 981 65
421453168 3 26873 R 5.0 13 1 579 71
421470990 2 26857 R 21.0 10 6 696 68
421510131 1 26897 R 13.0 10 4 651 66
425864753 1 27175 R 10.0 13 3 340 67
425887955 2 27139 R 9.0 13 2 881 69
425917841 3 27159 R 14.0 12 4 1502 72
430274093 2 27420 R 15.0 12 4 929 70
430313069 1 27460 R 4.0 14 1 580 68
430356556 3 27443 R 11.0 13 3 1193 73
434730469 1 27743 R 19.0 10 6 698 69
434751971 3 27724 R 20.0 11 6 981 74
434753603 2 27707 R 6.0 14 1 861 71
439116528 1 28023 R 16.0 11 5 956 70
439122254 3 28004 R 14.0 13 4 369 75
439184821 2 27990 R 12.0 12 3 914 72
443494627 2 28266 R 18.0 12 5 953 73
443531580 1 28306 R 7.0 13 2 603 71
443586328 3 28290 R 5.0 14 1 584 76
447880433 2 28547 R 9.0 14 2 882 74
447894074 3 28565 R 8.0 15 2 888 77
447901940 1 28586 R 4.0 15 1 578 72
452295833 3 28847 R 20.0 12 6 975 78
452358321 2 28833 R 15.0 13 4 651 75
452366149 1 28871 R 16.0 12 5 392 73
456703720 3 29129 R 17.0 12 5 1242 79
456728540 2 29113 R 6.0 15 1 864 76
456799012 1 29155 R 13.0 11 4 658 74
461151799 3 29414 R 11.0 14 3 909 80
461192918 2 29399 R 21.0 11 6 982 77
461202581 1 29437 R 19.0 11 6 418 75
465526253 1 29714 R 10.0 14 3 621 76
465563225 3 29696 R 20.0 13 6 414 81
465611756 2 29682 R 9.0 15 2 608 78
469909963 1 29994 R 4.0 16 1 581 77
469964786 3 29978 R 14.0 14 4 651 82
469966800 2 29960 R 12.0 13 3 628 79
474335178 3 30258 R 5.0 15 1 584 83
474348669 1 30278 R 7.0 14 2 893 78
474415204 2 30245 R 18.0 13 5 676 80
478736637 2 30522 R 6.0 16 1 865 81
478744346 1 30560 R 13.0 12 4 90 79
478799039 3 30543 R 8.0 16 2 892 84
483232528 3 30827 R 17.0 13 5 1243 85
483237953 2 30810 R 21.0 12 6 985 82
483239887 1 30847 R 4.0 17 1 307 80
487579102 1 31125 R 16.0 13 5 390 81
487623948 2 31090 R 15.0 14 4 935 83
487633735 3 31109 R 11.0 15 3 630 86
491959246 3 31385 R 20.0 14 6 696 87
491978749 2 31369 R 21.0 13 6 414 84
492011738 1 31409 R 7.0 15 2 606 82
496376491 3 31668 R 14.0 15 4 931 88
496413577 1 31690 R 10.0 15 3 911 83
496427069 2 31654 R 9.0 16 2 609 85
500776073 3 31950 R 17.0 14 5 673 89
500838559 2 31936 R 12.0 14 3 629 86
500864031 1 31975 R 19.0 12 6 701 84
505156304 1 32250 R 16.0 14 5 389 85
505177520 3 32231 R 5.0 16 1 856 90
505240147 2 32218 R 18.0 14 5 675 87
509555690 1 32531 R 4.0 18 1 575 86
509584895 2 32496 R 6.0 17 1 581 88
509647670 3 32518 R 8.0 17 2 887 91
513971210 3 32794 R 20.0 15 6 694 92
514034145 2 32781 R 15.0 15 4 1222 89
514082524 1 32821 R 10.0 16 3 631 87
518388364 3 33077 R 14.0 16 4 367 93
518450845 2 33063 R 21.0 14 6 417 90
518452944 1 33101 R 13.0 13 4 370 88
522791896 1 33379 R 7.0 16 2 607 89
522836835 2 33344 R 12.0 15 3 628 91
522846700 3 33362 R 11.0 16 3 633 94
527191342 2 33623 R 9.0 17 2 607 92
527216754 3 33642 R 8.0 18 2 608 95
527224917 1 33662 R 19.0 13 6 696 90
531628420 1 33944 R 16.0 15 5 961 91
531640549 2 33907 R 15.0 16 4 1216 93
531702353 3 33929 R 5.0 17 1 583 96
536051974 2 34190 R 18.0 15 5 1519 94
536076909 1 34229 R 10.0 17 3 628 92
536086612 3 34210 R 17.0 15 5 684 97
540394544 3 34485 R 20.0 16 6 130 98
540453123 2 34471 R 12.0 16 3 627 95
540460654 1 34509 R 4.0 19 1 582 93
544823262 2 34751 R 6.0 18 1 579 96
544893519 1 34793 R 7.0 17 2 606 94
544921084 3 34775 R 11.0 17 3 352 99
549287529 2 35037 R 15.0 17 4 932 97
549295354 1 35075 R 19.0 14 6 416 95
549309208 3 35056 R 8.0 19 2 331 100
553665843 1 35354 R 13.0 14 4 655 96
553720574 2 35321 R 18.0 16 5 960 98
553726633 3 35339 R 5.0 18 1 301 101
558100526 1 35638 R 16.0 16 5 961 97
558113148 3 35619 R 14.0 17 4 1216 102
558124136 2 35602 R 9.0 18 2 1169 99
562448256 2 35879 R 21.0 15 6 1258 100
562467804 3 35898 R 17.0 16 5 1236 103
562486576 1 35919 R 10.0 18 3 625 98
566836059 3 36178 R 11.0 18 3 625 104
566841085 1 36198 R 4.0 20 1 576 99
566865197 2 36162 R 15.0 18 4 931 101
571250918 2 36442 R 6.0 19 1 864 102
571290045 1 36482 R 7.0 18 2 893 100
571299578 3 36463 R 14.0 18 4 86 105
575707390 1 36765 R 16.0 17 5 957 101
575732778 3 36747 R 20.0 17 6 136 106
575756609 2 36731 R 18.0 17 5 1241 103
580073614 3 37025 R 8.0 20 2 320 107
580095504 2 37009 R 21.0 16 6 979 104
580107100 1 37047 R 19.0 15 6 980 102
584472062 2 37289 R 12.0 17 3 1189 105
584509135 1 37328 R 13.0 15 4 1214 103
584522179 3 37309 R 5.0 19 1 302 108
588896649 1 37609 R 10.0 19 3 344 104
588933769 2 37574 R 15.0 19 4 934 106
588939650 3 37592 R 11.0 19 3 914 109
593313891 1 37892 R 19.0 16 6 415 105
593325560 3 37873 R 17.0 17 5 954 110
593335488 2 37856 R 6.0 20 1 1146 107
597680474 3 38152 R 11.0 20 3 342 111
597699659 1 38173 R 4.0 21 1 575 106
597785925 2 38141 R 9.0 19 2 1454 108
602078038 2 38415 R 21.0 17 6 694 109
602128539 3 38436 R 8.0 21 2 321 112
602179341 1 38459 R 7.0 19 2 893 107
606503579 1 38736 R 13.0 16 4 1211 108
606512808 3 38717 R 14.0 19 4 370 113
606588806 2 38704 R 9.0 20 2 887 110
610914512 1 39018 R 16.0 18 5 955 109
610943469 2 38983 R 6.0 21 1 867 111
610945848 3 39001 R 20.0 18 6 132 114
615316099 1 39300 R 10.0 20 3 907 110
615392795 2 39268 R 18.0 18 5 1526 112
615411804 3 39286 R 17.0 18 5 405 115
619717420 3 39562 R 5.0 20 1 299 116
619786068 1 39586 R 19.0 17 6 980 111
619809851 2 39550 R 12.0 18 3 1485 113
624109385 1 39863 R 4.0 22 1 863 112
624181337 3 39848 R 14.0 20 4 87 117
624195821 2 39831 R 15.0 20 4 1782 114
628527325 1 40146 R 13.0 17 4 1497 113
628550555 2 40110 R 18.0 19 5 1237 115
628614647 3 40131 R 17.0 19 5 113 118
632912551 1 40426 R 7.0 20 2 601 114
632977558 2 40393 R 12.0 19 3 1190 116
633016297 3 40413 R 11.0 21 3 356 119
637386360 3 40693 R 8.0 22 2 328 120
637390492 1 40713 R 16.0 19 5 683 115
637410192 2 40677 R 9.0 21 2 1454 117
641725120 3 40971 R 5.0 21 1 13 121
641812033 2 40958 R 21.0 18 6 1546 118
641840924 1 40998 R 10.0 21 3 917 116
646133158 1 41272 R 19.0 18 6 412 117
646158626 3 41254 R 20.0 19 6 131 122
646182463 2 41238 R 15.0 21 4 1777 119
650532603 1 41554 R 4.0 23 1 578 118
650560164 3 41536 R 11.0 22 3 344 123
650646399 2 41524 R 6.0 22 1 1151 120
654954434 2 41799 R 18.0 20 5 1517 121
655049663 1 41843 R 13.0 18 4 936 119
655055706 3 41824 R 17.0 20 5 396 124
659356041 2 42081 R 15.0 22 4 1494 122
659394482 3 42101 R 8.0 23 2 326 125
659403824 1 42122 R 7.0 21 2 40 120
663827499 3 42385 R 14.0 21 4 369 126
663851331 2 42369 R 12.0 20 3 1756 123
663853011 1 42406 R 16.0 20 5 118 121
668223418 2 42649 R 9.0 22 2 1451 124
668270253 1 42689 R 10.0 22 3 348 122
672603503 1 42966 R 19.0 19 6 416 123
672609707 2 42929 R 21.0 19 6 1260 125
676973580 1 43246 R 4.0 24 1 295 124
677024961 2 43212 R 18.0 21 5 1238 126
677042096 3 43231 R 20.0 20 6 135 127
681459403 1 43533 R 13.0 19 4 932 125
681490449 3 43515 R 5.0 22 1 312 128
681494742 2 43498 R 9.0 23 2 1171 127
685782677 3 43790 R 8.0 24 2 599 129
685859467 2 43777 R 15.0 23 4 1217 128
685876160 1 43816 R 10.0 23 3 65 126
690261977 1 44097 R 7.0 22 2 41 127
690292097 2 44061 R 6.0 23 1 1431 129
690293810 3 44079 R 11.0 23 3 918 130
694617355 1 44375 R 16.0 21 5 108 128
694649143 3 44358 R 17.0 21 5 1242 131
694693983 2 44343 R 12.0 21 3 1476 130
699013467 3 44637 R 14.0 22 4 1210 132
699064015 2 44623 R 15.0 24 4 934 131
699106856 1 44663 R 19.0 20 6 136 129
703414493 1 44938 R 4.0 25 1 295 130
703436338 2 44902 R 6.0 24 1 1146 132
703446085 3 44921 R 20.0 21 6 697 133
707822452 2 45183 R 9.0 24 2 1443 133
707847296 3 45202 R 5.0 23 1 584 134
707869068 1 45223 R 13.0 20 4 658 131
712218375 3 45482 R 11.0 24 3 1185 135
712302386 2 45470 R 21.0 20 6 1546 134
716625829 2 45746 R 12.0 22 3 1752 135
716628688 1 45784 R 7.0 23 2 36 132
716682408 3 45768 R 17.0 22 5 1239 136
721043062 2 46029 R 18.0 22 5 2080 136
721055920 1 46067 R 10.0 24 3 62 133
721115354 3 46051 R 14.0 23 4 1500 137
725428752 2 46310 R 6.0 25 1 1430 137
725488971 1 46351 R 4.0 26 1 297 134
725516320 3 46333 R 8.0 25 2 889 138
729886835 3 46613 R 17.0 23 5 959 139
729890854 1 46633 R 19.0 21 6 415 135
729906830 2 46596 R 15.0 25 4 1779 138
734261287 1 46913 R 16.0 22 5 674 136
734322059 3 46897 R 11.0 25 3 1191 140
734357272 2 46881 R 21.0 21 6 1547 139
738649436 2 47156 R 12.0 23 3 1752 140
738684196 1 47196 R 13.0 21 4 368 137
738707688 3 47177 R 20.0 22 6 980 141
743062442 3 47456 R 14.0 24 4 647 142
743101439 1 47478 R 19.0 22 6 132 138
743160414 2 47445 R 18.0 23 5 1806 141
747487003 1 47759 R 10.0 25 3 61 139
747510633 3 47741 R 5.0 24 1 861 143
747514934 2 47723 R 9.0 25 2 1737 142
751928351 3 48023 R 8.0 26 2 1168 144
751963711 2 48008 R 18.0 24 5 1237 143
751967142 1 48046 R 16.0 23 5 112 140
756268997 1 48321 R 7.0 24 2 316 141
756284945 2 48285 R 6.0 26 1 1426 144
756328241 3 48305 R 17.0 24 5 1238 145
760701788 1 48605 R 4.0 27 1 296 142
760729776 3 48587 R 11.0 26 3 1474 146
760786393 2 48573 R 15.0 26 4 1499 145
765099792 3 48866 R 20.0 23 6 978 147
765103747 1 48886 R 13.0 22 4 650 143
765119719 2 48850 R 21.0 22 6 1542 146
769490131 2 49130 R 12.0 24 3 1471 147
769563638 3 49152 R 5.0 25 1 582 148
769599117 1 49174 R 19.0 23 6 418 144
773937991 1 49452 R 7.0 25 2 321 145
773953973 2 49415 R 9.0 26 2 1732 148
773996472 3 49436 R 8.0 27 2 606 149
778294788 1 49731 R 13.0 23 4 366 146
778386642 2 49699 R 18.0 25 5 962 149
778398561 3 49718 R 14.0 25 4 653 150
782727822 2 49977 R 6.0 27 1 1147 150
782768749 3 49997 R 11.0 27 3 906 151
782772646 1 50017 R 10.0 26 3 632 147
787141062 3 50277 R 17.0 25 5 961 152
787142712 1 50297 R 4.0 28 1 582 148
787176535 2 50262 R 15.0 27 4 1215 151
791526974 3 50558 R 20.0 24 6 978 153
791593626 2 50544 R 9.0 27 2 1458 152
791607104 1 50583 R 16.0 24 5 398 149
795930931 2 50822 R 21.0 23 6 1258 153
796006788 3 50844 R 11.0 28 3 629 154
796026429 1 50866 R 19.0 24 6 419 150
800385361 2 51107 R 12.0 25 3 1475 154
800437474 3 51128 R 5.0 26 1 867 155
800441596 1 51148 R 13.0 24 4 372 151
804739897 2 51386 R 6.0 28 1 1427 155
804747612 3 51404 R 8.0 28 2 1169 156
804811648 1 51428 R 4.0 29 1 591 152
809133590 3 51685 R 14.0 26 4 929 157
809150955 1 51706 R 7.0 26 2 319 153
809166854 2 51669 R 9.0 28 2 1448 156
813583965 1 51989 R 10.0 27 3 344 154
813599996 2 51953 R 18.0 26 5 1519 157
813613226 3 51971 R 20.0 25 6 698 158
817985582 1 52271 R 16.0 25 5 394 155
818001146 2 52234 R 15.0 28 4 931 158
818061410 3 52256 R 5.0 27 1 869 159
822354280 3 52531 R 11.0 29 3 1187 160
822355598 1 52551 R 4.0 30 1 295 156
822371460 2 52514 R 21.0 24 6 977 159
826820058 1 52836 R 19.0 25 6 415 157
826835718 2 52800 R 6.0 29 1 1149 160
826865112 3 52819 R 8.0 29 2 1173 161
831212171 2 53080 R 12.0 26 3 1477 161
831220029 3 53098 R 17.0 26 5 1804 162
831258719 1 53120 R 13.0 25 4 373 158
835598158 2 53361 R 18.0 27 5 1238 162
835644357 1 53401 R 10.0 28 3 65 159
835668495 3 53383 R 14.0 27 4 1500 163
839999212 1 53680 R 7.0 27 2 316 160
840017034 3 53661 R 11.0 30 3 908 164
840040784 2 53645 R 15.0 29 4 1214 163
844379664 2 53923 R 9.0 29 2 1451 164
844418755 3 53943 R 8.0 30 2 1170 165
844447410 1 53965 R 4.0 31 1 17 161
848789597 3 54223 R 14.0 28 4 1214 166
848812420 2 54206 R 21.0 25 6 978 165
848865161 1 54247 R 19.0 26 6 136 162
853204265 2 54487 R 18.0 28 5 952 166
853251203 1 54528 R 16.0 26 5 394 163
853274520 3 54510 R 20.0 26 6 982 167
857605399 1 54807 R 13.0 26 4 84 164
857684192 2 54774 R 6.0 30 1 1147 167
857692029 3 54792 R 5.0 28 1 1151 168
862007824 2 55051 R 12.0 27 3 1468 168
862053796 1 55091 R 4.0 32 1 17 165
862087930 3 55074 R 17.0 27 5 1518 169
866425189 2 55334 R 15.0 30 4 1494 169
866458295 3 55353 R 14.0 29 4 1215 170
870810639 2 55614 R 21.0 26 6 977 170
870877123 1 55656 R 19.0 27 6 132 166
870922069 3 55639 R 11.0 31 3 914 171
875253460 2 55899 R 9.0 30 2 1167 171
875262886 1 55937 R 7.0 28 2 327 167
875298012 3 55919 R 8.0 31 2 887 172
879684384 3 56200 R 5.0 29 1 1148 173
879717810 2 56184 R 12.0 28 3 1480 172
879742921 1 56223 R 10.0 29 3 633 168
884025727 2 56460 R 18.0 29 5 1234 173
884066334 1 56500 R 16.0 27 5 674 169
884127306 3 56484 R 17.0 28 5 1241 174
888466346 3 56762 R 20.0 27 6 1258 175
888540220 1 56786 R 13.0 27 4 935 170
888542097 2 56749 R 21.0 27 6 984 174
892897010 2 57028 R 6.0 31 1 1149 175
892898974 3 57046 R 14.0 30 4 933 176
892941605 1 57068 R 4.0 33 1 303 171
897300255 3 57327 R 8.0 32 2 886 177
897345695 2 57313 R 9.0 31 2 1455 176
897349249 1 57350 R 10.0 30 3 348 172
901670948 3 57607 R 5.0 30 1 1149 178
901672829 1 57627 R 19.0 28 6 129 173
901694601 2 57591 R 15.0 31 4 1775 177
906090078 1 57910 R 13.0 28 4 375 174
906094351 3 57890 R 17.0 29 5 1235 179
906095992 2 57873 R 21.0 28 6 977 178
910466651 2 58152 R 12.0 29 3 1192 179
910475844 1 58190 R 7.0 29 2 323 175
910568189 3 58176 R 20.0 28 6 1264 180
914930681 2 58438 R 18.0 30 5 1237 180
914955681 1 58477 R 16.0 28 5 955 176
914969763 3 58458 R 11.0 32 3 1477 181
919279232 1 58754 R 10.0 31 3 627 177
919339904 3 58738 R 8.0 33 2 1169 182
919363319 2 58722 R 6.0 32 1 1147 181
923678905 3 59016 R 14.0 31 4 929 183
923753097 1 59040 R 19.0 29 6 133 178
923755289 2 59003 R 9.0 32 2 1169 182
928110197 2 59281 R 21.0 29 6 1259 183
928111949 3 59299 R 5.0 31 1 1142 184
928154428 1 59322 R 4.0 34 1 301 179
932503944 3 59580 R 17.0 30 5 1238 185
932525143 1 59601 R 16.0 29 5 391 180
932599749 2 59569 R 12.0 30 3 1481 184
936907565 2 59844 R 15.0 32 4 1779 185
936983684 3 59867 R 20.0 29 6 1264 186
936989255 1 59887 R 13.0 29 4 654 181
941296885 1 60163 R 7.0 30 2 318 182
941307174 3 60144 R 11.0 33 3 1188 187
941308766 2 60126 R 21.0 30 6 975 186
945780874 3 60430 R 8.0 34 2 1455 188
945804527 2 60414 R 18.0 31 5 1244 187
945823791 1 60453 R 19.0 30 6 422 183
950143537 2 60692 R 6.0 33 1 1147 188
950168581 1 60731 R 10.0 32 3 632 184
950182246 3 60712 R 20.0 30 6 982 189
954552684 3 60991 R 11.0 34 3 907 190
954576292 2 60975 R 9.0 33 2 1456 189
954617116 1 61015 R 16.0 30 5 114 185
958965519 1 61294 R 13.0 30 4 85 186
958978112 2 61257 R 15.0 33 4 1216 190
959016764 3 61277 R 17.0 31 5 958 191
963330702 3 61553 R 5.0 32 1 1144 192
963348465 2 61537 R 12.0 31 3 1471 191
963367319 1 61575 R 4.0 35 1 301 187
967775139 1 61857 R 19.0 31 6 416 188
967812431 2 61822 R 6.0 34 1 1146 192
967841831 3 61842 R 14.0 32 4 1508 193
972188878 2 62102 R 18.0 32 5 1237 193
972223215 1 62142 R 10.0 33 3 65 189
972257194 3 62124 R 20.0 31 6 1266 194
976574643 2 62383 R 9.0 34 2 1449 194
976640632 1 62425 R 7.0 31 2 329 190
976644901 3 62405 R 8.0 35 2 1454 195
981026919 1 62706 R 13.0 31 4 371 191
981054529 2 62670 R 21.0 31 6 1265 195
981061888 3 62688 R 11.0 35 3 913 196
985356588 2 62945 R 12.0 32 3 1188 196
985381590 1 62984 R 19.0 32 6 414 192
985447867 3 62969 R 17.0 32 5 679 197
989788976 2 63229 R 15.0 34 4 930 197
989802460 3 63247 R 5.0 33 1 861 198
989871088 1 63272 R 16.0 31 5 687 193
994181016 2 63510 R 9.0 35 2 1169 198
994246966 1 63552 R 4.0 36 1 304 194
994251138 3 63532 R 14.0 33 4 936 199
998635316 3 63813 R 8.0 36 2 1164 200
998660979 2 63797 R 21.0 32 6 1262 199
1002984292 2 64073 R 6.0 35 1 1143 200
1003038392 1 64114 R 10.0 34 3 63 195
1003068466 3 64096 R 20.0 32 6 1263 201
1007392779 1 64393 R 7.0 32 2 37 196
1007401757 2 64356 R 18.0 33 5 1235 201
1007469604 3 64378 R 11.0 36 3 911 202
1011787385 2 64637 R 12.0 33 3 905 202
1011839724 3 64658 R 5.0 34 1 580 203
1011841961 1 64678 R 16.0 32 5 110 197
1016229961 2 64921 R 21.0 33 6 979 203
1016253405 1 64960 R 13.0 32 4 369 198
1016304261 3 64944 R 20.0 33 6 700 204
1020611948 3 65219 R 17.0 33 5 956 205
1020654670 1 65242 R 4.0 37 1 301 199
1020715549 2 65208 R 18.0 34 5 959 204
1025008131 2 65483 R 15.0 35 4 1210 205
1025013541 3 65501 R 11.0 37 3 915 206
1025025384 1 65521 R 19.0 33 6 696 200
1029407642 2 65765 R 9.0 36 2 1169 206
1029489493 1 65807 R 10.0 35 3 347 201
1029508674 3 65789 R 8.0 37 2 892 207
1033873704 2 66050 R 6.0 36 1 1144 207
1033881703 3 66068 R 14.0 34 4 1498 208
1033922348 1 66091 R 16.0 33 5 395 202
1038280876 3 66350 R 14.0 35 4 651 209
1038321977 2 66335 R 12.0 34 3 911 208
1038325574 1 66373 R 7.0 33 2 606 203
1042649342 1 66649 R 19.0 34 6 696 204
1042682481 3 66632 R 11.0 38 3 906 210
1042739285 2 66618 R 21.0 34 6 701 209
1047033091 1 66930 R 4.0 38 1 583 205
1047052696 3 66911 R 5.0 35 1 866 211
1047125001 2 66898 R 6.0 37 1 864 210
1051443096 2 67175 R 9.0 37 2 1163 211
1051466582 1 67214 R 13.0 33 4 1211 206
1051517043 3 67197 R 20.0 34 6 700 212
1055867786 1 67495 R 16.0 34 5 390 207
1055928379 2 67462 R 18.0 35 5 957 212
1055949591 3 67481 R 8.0 38 2 887 213
1060255798 1 67776 R 10.0 36 3 629 208
1060279583 3 67758 R 17.0 34 5 1241 214
1060346226 2 67745 R 15.0 36 4 1220 213
1064672859 1 68059 R 7.0 34 2 608 209
1064722281 3 68042 R 11.0 39 3 1196 215
1064745082 2 68026 R 9.0 38 2 888 214
1069058789 1 68340 R 4.0 39 1 581 210
1069060907 3 68320 R 17.0 35 5 391 216
1069086526 2 68304 R 6.0 38 1 1148 215
1073493539 3 68604 R 5.0 36 1 579 217
1073534823 2 68589 R 12.0 35 3 909 216
1073538755 1 68626 R 19.0 35 6 981 211
1077895376 3 68885 R 14.0 36 4 930 218
1077907219 1 68906 R 13.0 34 4 931 212
1077952062 2 68871 R 21.0 35 6 700 217
1082337896 2 69152 R 6.0 39 1 863 218
1082371332 1 69192 R 10.0 37 3 912 213
1082390592 3 69173 R 8.0 39 2 893 219
1086693321 2 69431 R 15.0 37 4 1216 219
1086700967 3 69449 R 20.0 35 6 1258 220
1086790464 1 69474 R 16.0 35 5 395 214
1091086722 3 69730 R 14.0 37 4 647 221
1091120223 2 69714 R 18.0 36 5 1517 220
1091145033 1 69753 R 7.0 35 2 611 215
1095558999 2 69998 R 12.0 36 3 1190 221
1095564405 3 70016 R 11.0 40 3 910 222
1095593459 1 70038 R 4.0 40 1 585 216
1099915229 1 70314 R 19.0 36 6 696 217
1099934466 3 70296 R 5.0 37 1 866 223
1099944687 2 70279 R 9.0 39 2 1174 222
1104307000 3 70576 R 20.0 36 6 976 224
1104396971 1 70601 R 13.0 35 4 933 218
1104424344 2 70566 R 18.0 37 5 965 223
1108747975 2 70842 R 6.0 40 1 1145 224
1108751638 1 70880 R 16.0 36 5 390 219
1108818062 3 70864 R 17.0 36 5 676 225
1113172730 3 71143 R 14.0 38 4 652 226
1113199906 1 71165 R 4.0 41 1 579 220
1113221719 2 71129 R 15.0 38 4 936 225
1117603407 3 71427 R 5.0 38 1 865 227
1117617139 1 71447 R 7.0 36 2 889 221
1117623231 2 71410 R 21.0 36 6 983 226
1121942965 3 71704 R 8.0 40 2 1164 228
1122003772 1 71728 R 10.0 38 3 1194 222
1122030857 2 71692 R 9.0 40 2 1171 227
1126354244 2 71969 R 18.0 38 5 953 228
1126358017 1 72007 R 19.0 37 6 696 223
1126375682 3 71988 R 11.0 41 3 909 229
1130771704 2 72252 R 6.0 41 1 1146 229
1130779169 3 72270 R 20.0 37 6 696 230
1130847593 1 72294 R 13.0 36 4 655 224
1135155390 1 72570 R 10.0 39 3 625 225
1135157871 2 72533 R 12.0 37 3 1479 230
1135227658 3 72555 R 17.0 37 5 959 231
1139609853 1 72855 R 16.0 37 5 672 226
1139637114 2 72819 R 21.0 37 6 983 231
1139644743 3 72837 R 8.0 41 2 894 232
1143960382 2 73096 R 6.0 42 1 859 232
1143964364 1 73134 R 4.0 42 1 863 227
1144030658 3 73118 R 5.0 39 1 866 233
1148377968 2 73379 R 15.0 39 4 930 233
1148385621 3 73397 R 14.0 39 4 930 234
1148457724 1 73421 R 7.0 37 2 888 228
1152764093 2 73659 R 9.0 41 2 1171 234
1152830190 1 73701 R 19.0 38 6 698 229
1152834179 3 73681 R 17.0 38 5 955 235
1157182974 3 73960 R 20.0 38 6 976 236
1157216244 1 73982 R 13.0 37 4 368 230
1157243994 2 73946 R 12.0 38 3 1191 235
1161637510 3 74245 R 8.0 42 2 1170 237
1161692472 2 74231 R 18.0 39 5 1241 236
1161695757 1 74268 R 4.0 43 1 590 231
1165978919 2 74505 R 21.0 38 6 1257 237
1165992736 3 74524 R 11.0 42 3 1472 238
1166019473 1 74545 R 16.0 38 5 672 232
1170436478 1 74828 R 7.0 38 2 894 233
1170441033 3 74808 R 14.0 40 4 1214 239
1170505576 2 74795 R 15.0 40 4 1219 238
1174822764 1 75109 R 10.0 40 3 907 234
1174857972 3 75091 R 5.0 40 1 1146 240
1174875670 2 75074 R 9.0 42 2 1458 239
1179214593 2 75352 R 21.0 39 6 976 240
1179243772 3 75372 R 11.0 43 3 908 241
1179302212 1 75395 R 4.0 44 1 583 235
1183623902 3 75652 R 17.0 39 5 954 242
1183625975 1 75672 R 19.0 39 6 695 236
1183647565 2 75636 R 6.0 43 1 1140 241
1188043212 1 75955 R 16.0 39 5 962 237
1188049603 2 75918 R 15.0 41 4 1214 242
1188087786 3 75938 R 8.0 43 2 886 243
1192429148 1 76235 R 13.0 38 4 647 238
1192456869 2 76200 R 12.0 39 3 1475 243
1192520900 3 76221 R 20.0 39 6 982 244
1196825338 2 76479 R 18.0 40 5 1517 244
1196922561 3 76503 R 11.0 44 3 912 245
1196934203 1 76524 R 10.0 41 3 914 239
1201273315 1 76801 R 19.0 40 6 696 240
1201293035 3 76783 R 5.0 41 1 1146 246
1201322676 2 76767 R 21.0 40 6 1263 245
1205632435 3 77061 R 14.0 41 4 1211 247
1205649367 1 77081 R 7.0 39 2 889 241
1205708469 2 77048 R 9.0 43 2 1455 246
1210035356 1 77362 R 4.0 45 1 862 242
1210062973 2 77326 R 12.0 40 3 626 247
1210071045 3 77345 R 8.0 44 2 1166 248
1214457069 3 77625 R 17.0 40 5 1235 249
1214478271 1 77646 R 16.0 40 5 955 243
1214511234 2 77611 R 6.0 44 1 863 248
1218928626 2 77894 R 15.0 42 4 940 249
1218936816 3 77912 R 11.0 45 3 1194 250
1218942158 1 77932 R 7.0 40 2 605 244
1223250233 1 78208 R 19.0 41 6 693 245
1223260070 3 78189 R 5.0 42 1 1141 251
1223314809 2 78175 R 21.0 41 6 978 250
1227669610 2 78453 R 9.0 44 2 1169 251
1227677149 3 78471 R 20.0 40 6 975 252
1227776688 1 78498 R 4.0 46 1 870 246
1232063183 3 78752 R 14.0 42 4 929 253
1232118249 2 78738 R 18.0 41 5 1519 252
1232165081 1 78778 R 13.0 39 4 1220 247
1236534849 2 79021 R 6.0 45 1 863 253
1236542621 3 79039 R 8.0 45 2 887 254
1236582390 1 79061 R 10.0 42 3 1197 248
1240919480 1 79339 R 16.0 41 5 1235 249
1240920866 2 79301 R 9.0 45 2 885 254
1240991412 3 79324 R 11.0 46 3 913 255
1245283645 3 79598 R 17.0 41 5 952 256
1245320675 1 79620 R 13.0 40 4 932 250
1245400866 2 79588 R 18.0 42 5 964 255
1249683219 3 79880 R 20.0 41 6 975 257
1249691299 1 79900 R 4.0 47 1 1142 251
1249724405 2 79865 R 15.0 43 4 931 256
1254155551 1 80186 R 10.0 43 3 1191 252
1254198633 2 80151 R 12.0 41 3 1199 257
1254209672 3 80169 R 5.0 43 1 866 258
1258580039 3 80449 R 8.0 46 2 887 259
1258587845 1 80469 R 7.0 41 2 887 253
1258599883 2 80433 R 21.0 42 6 982 258
1262919297 3 80727 R 17.0 42 5 671 260
1262970327 2 80713 R 18.0 43 5 956 259
1262989744 1 80751 R 19.0 42 6 980 254
1267331032 2 80992 R 9.0 46 2 1167 260
1267352352 3 81011 R 14.0 43 4 930 261
1267378037 1 81032 R 16.0 42 5 1246 255
1271748169 2 81274 R 6.0 46 1 1141 261
1271794794 1 81315 R 10.0 44 3 910 256
1271806507 3 81296 R 11.0 47 3 908 262
1276124143 3 81572 R 20.0 42 6 693 263
1276131796 1 81592 R 7.0 42 2 883 257
1276144130 2 81556 R 15.0 44 4 1494 262
1280533631 1 81874 R 16.0 43 5 954 258
1280588253 3 81858 R 17.0 43 5 393 264
1280639560 2 81843 R 12.0 42 3 1761 263
1284978227 2 82121 R 18.0 44 5 955 264
1285026738 3 82142 R 5.0 44 1 589 265
1285029165 1 82162 R 4.0 48 1 1152 259
1289368507 1 82439 R 13.0 41 4 1495 260
1289411571 2 82405 R 15.0 45 4 1222 265
1289412802 3 82422 R 8.0 47 2 890 266
1293767759 3 82701 R 14.0 44 4 367 267
1293800955 1 82723 R 19.0 43 6 978 261
1293814993 2 82687 R 6.0 47 1 1151 266
1298183503 2 82966 R 21.0 43 6 1260 267
1298257390 3 82989 R 11.0 48 3 635 268
1298267209 1 83009 R 7.0 43 2 1176 262
1302565070 3 83264 R 20.0 43 6 694 269
1302590438 1 83286 R 16.0 44 5 955 263
1302647537 2 83252 R 12.0 43 3 1193 268
1306955367 2 83528 R 9.0 47 2 1451 269
1306966435 3 83546 R 5.0 45 1 576 270
1307008151 1 83568 R 10.0 45 3 1189 264
1311461803 3 83834 R 8.0 48 2 893 271
1311470366 1 83854 R 13.0 42 4 1503 265
1311482089 2 83817 R 18.0 45 5 1524 270
1315801630 3 84111 R 17.0 44 5 1238 272
1315852143 2 84097 R 6.0 48 1 1436 271
1315871638 1 84136 R 4.0 49 1 1151 266
1320191487 2 84375 R 15.0 46 4 1211 272
1320234003 3 84395 R 14.0 45 4 933 273
1320242127 1 84415 R 7.0 44 2 1169 267
1324614665 1 84695 R 19.0 44 6 1261 268
1324624350 2 84658 R 21.0 44 6 1259 273
1324635603 3 84677 R 20.0 44 6 698 274
1329000231 1 84976 R 16.0 45 5 952 269
1329023734 3 84958 R 11.0 49 3 907 275
1329026029 2 84940 R 12.0 44 3 1473 274
1333396214 2 85220 R 6.0 49 1 1141 275
1333440857 3 85240 R 17.0 45 5 674 276
1333480455 1 85263 R 10.0 46 3 1195 270
1337881693 2 85507 R 9.0 48 2 1170 276
1337902724 3 85526 R 8.0 49 2 606 277
1337910891 1 85546 R 13.0 43 4 936 271
1342250058 1 85824 R 4.0 50 1 1150 272
1342293365 2 85789 R 18.0 46 5 1240 277
1342304587 3 85808 R 5.0 46 1 865 278
1346674994 3 86087 R 14.0 46 4 934 279
1346683336 1 86108 R 19.0 45 6 1262 273
1346685219 2 86070 R 15.0 47 4 1506 278
1351039881 2 86349 R 12.0 45 3 1190 279
1351047313 3 86367 R 17.0 46 5 674 280
1351084666 1 86389 R 7.0 45 2 1169 274
1355446886 3 86649 R 11.0 50 3 909 281
1355487948 2 86634 R 21.0 45 6 981 280
1355491885 1 86671 R 16.0 46 5 958 275
1359848505 3 86930 R 20.0 45 6 978 282
1359905374 2 86916 R 6.0 50 1 1145 281
1359919233 1 86955 R 10.0 47 3 1195 276
1364227149 1 87230 R 13.0 44 4 1211 277
1364238441 2 87194 R 18.0 47 5 953 282
1364343711 3 87218 R 5.0 47 1 870 283
1368682968 3 87496 R 14.0 47 4 650 284
1368733985 2 87481 R 9.0 49 2 1171 283
1368753416 1 87520 R 19.0 46 6 702 278
1373039626 3 87775 R 8.0 50 2 890 285
1373073349 2 87759 R 15.0 48 4 1213 284
1373098161 1 87798 R 4.0 51 1 863 279
1377506296 2 88043 R 12.0 46 3 1479 285
1377519469 3 88061 R 20.0 46 6 979 286
1377546988 1 88083 R 7.0 46 2 1171 280
1381888217 3 88341 R 11.0 51 3 1189 287
1381907644 2 88325 R 6.0 51 1 1147 286
1381964164 1 88366 R 16.0 47 5 959 281
1386278159 2 88604 R 18.0 48 5 1236 287
1386297352 1 88643 R 10.0 48 3 625 282
1386351881 3 88627 R 5.0 48 1 866 288
1390660195 3 88902 R 17.0 47 5 1233 289
1390667490 1 88923 R 7.0 47 2 883 283
1390701295 2 88887 R 21.0 46 6 1260 288
1395118493 2 89170 R 12.0 47 3 1191 289
1395153191 1 89210 R 13.0 45 4 933 284
1395186400 3 89192 R 20.0 47 6 702 290
1399504478 2 89451 R 15.0 49 4 1212 290
1399556533 3 89472 R 5.0 49 1 582 291
1399570265 1 89492 R 4.0 52 1 865 285
1403895898 3 89749 R 14.0 48 4 648 292
1403966230 1 89774 R 19.0 47 6 982 286
1403983983 2 89737 R 9.0 50 2 1171 291
1408307134 2 90014 R 6.0 52 1 860 292
1408328578 3 90033 R 8.0 51 2 881 293
1408336594 1 90053 R 13.0 46 4 650 287
1412724641 2 90297 R 21.0 47 6 978 293
1412730756 3 90315 R 11.0 52 3 1196 294
1412800493 1 90339 R 7.0 48 2 890 288
1417100779 3 90595 R 17.0 48 5 672 295
1417108288 1 90615 R 4.0 53 1 859 289
1417110992 2 90578 R 15.0 50 4 1207 294
1421512488 1 90897 R 16.0 48 5 1235 290
1421598082 3 90882 R 14.0 49 4 653 296
1421616050 2 90866 R 12.0 48 3 1191 295
1425955363 2 91144 R 18.0 49 5 1520 296
1425961109 1 91181 R 10.0 49 3 1480 291
1425984009 3 91163 R 20.0 48 6 700 297
1430338740 3 91442 R 11.0 53 3 625 298
1430378287 1 91464 R 19.0 48 6 1543 292
1430387422 2 91427 R 9.0 51 2 887 297
1434763791 1 91745 R 10.0 50 3 909 293
1434769490 3 91725 R 5.0 50 1 865 299
1434789223 2 91709 R 15.0 51 4 934 298
1439196891 2 91991 R 6.0 53 1 1151 299
1439234000 3 92011 R 8.0 52 2 1174 300
1439243871 1 92031 R 4.0 54 1 1147 294
1443541622 3 92287 R 14.0 50 4 928 301
1443608440 1 92311 R 19.0 49 6 1263 295
1443624108 2 92274 R 21.0 48 6 1263 300
1447932042 2 92550 R 12.0 49 3 1471 301
1447943084 3 92568 R 8.0 53 2 601 302
1448041201 1 92594 R 7.0 49 2 1454 296
1452370827 1 92872 R 13.0 47 4 1494 297
1452438641 3 92856 R 17.0 49 5 676 303
1452458691 2 92840 R 18.0 50 5 1805 302
1456777702 3 93134 R 20.0 49 6 696 304
1456828614 2 93119 R 18.0 51 5 959 303
1456850451 1 93158 R 16.0 49 5 1525 298
1461167908 2 93397 R 6.0 54 1 1149 304
1461173938 1 93435 R 10.0 51 3 1470 299
1461210825 3 93418 R 11.0 54 3 906 305
1465590887 1 93718 R 4.0 55 1 1433 300
1465600686 2 93681 R 9.0 52 2 1450 305
1465611957 3 93699 R 5.0 51 1 580 306
1469976934 1 93998 R 7.0 50 2 1447 301
1469982546 3 93979 R 17.0 50 5 672 307
1470055263 2 93966 R 15.0 52 4 1498 306
1474408242 2 94245 R 21.0 49 6 1543 307
1474446423 3 94265 R 8.0 54 2 889 308
1474482222 1 94287 R 13.0 48 4 1226 302
1478780377 1 94562 R 19.0 50 6 1259 303
1478823291 3 94545 R 14.0 51 4 1216 309
1478858487 2 94529 R 18.0 52 5 1240 308
1483197682 1 94844 R 16.0 50 5 1235 304
1483275795 2 94812 R 12.0 50 3 1482 309
1483281217 3 94830 R 11.0 55 3 911 310
1487583385 1 95125 R 7.0 51 2 1452 305
1487651488 3 95110 R 20.0 50 6 415 311
1487661417 2 95093 R 15.0 53 4 651 310
1492011863 3 95389 R 5.0 52 1 574 312
1492015886 2 95371 R 6.0 55 1 863 311
1492061389 1 95412 R 10.0 52 3 1752 306
1496429592 3 95672 R 14.0 52 4 934 313
1496431594 1 95691 R 4.0 56 1 1433 307
1496505848 2 95659 R 9.0 53 2 1171 312
1500804077 1 95971 R 19.0 51 6 1258 308
1500815388 3 95952 R 17.0 51 5 389 314
1500881763 2 95939 R 21.0 50 6 980 313
1505268351 2 96220 R 12.0 51 3 1191 314
1505314980 1 96260 R 13.0 49 4 1218 309
1505320389 3 96241 R 8.0 55 2 607 315
1509622964 2 96498 R 18.0 53 5 1235 315
1509659620 3 96518 R 11.0 56 3 908 316
1509669371 1 96539 R 10.0 53 3 910 310
1514049788 2 96782 R 6.0 56 1 1142 316
1514092176 3 96802 R 5.0 53 1 589 317
1514118041 1 96823 R 7.0 52 2 1175 311
1518482418 2 97065 R 15.0 54 4 934 317
1518494428 3 97084 R 14.0 53 4 1215 318
1518535292 1 97106 R 4.0 57 1 1147 312
1522864373 3 97363 R 20.0 51 6 980 319
1522872601 1 97384 R 16.0 51 5 1520 313
1522884139 2 97347 R 9.0 54 2 1169 318
1527254721 2 97627 R 21.0 51 6 1260 319
1527274211 1 97665 R 13.0 50 4 1494 314
1527328558 3 97649 R 17.0 52 5 959 320
1531636530 3 97925 R 8.0 56 2 1162 321
1531718685 2 97912 R 6.0 57 1 1146 320
1531724672 1 97950 R 19.0 52 6 1265 315
1536142018 1 98233 R 10.0 54 3 1192 316
1536151757 2 98196 R 12.0 52 3 1478 321
1536163039 3 98214 R 14.0 54 4 935 322
1540527591 1 98514 R 16.0 52 5 958 317
1540550893 3 98495 R 20.0 52 6 982 323
1540553425 2 98478 R 18.0 54 5 1241 322
1544878514 2 98755 R 9.0 55 2 1449 323
1544942877 1 98796 R 19.0 53 6 979 318
1544968137 3 98778 R 17.0 53 5 959 324
1549288040 1 99074 R 4.0 58 1 1148 319
1549295984 2 99037 R 21.0 52 6 1543 324
1549354539 3 99059 R 11.0 57 3 1199 325
1553682043 2 99318 R 15.0 55 4 1778 325
1553708706 3 99337 R 5.0 54 1 860 326
1553736388 1 99359 R 7.0 53 2 1451 320
1558153847 1 99642 R 13.0 51 4 1216 321
1558157828 3 99622 R 14.0 55 4 1216 327
1558161820 2 99605 R 12.0 53 3 1760 326
1562526279 2 99884 R 18.0 55 5 1519 327
1562539512 1 99922 R 10.0 55 3 628 322
1562574766 3 99905 R 8.0 57 2 1460 328
1566959372 2 100168 R 6.0 58 1 1423 328
1566961648 3 100186 R 20.0 53 6 1260 329
1566982517 1 100207 R 16.0 53 5 676 323
1571316205 3 100464 R 17.0 54 5 1519 330
1571321410 1 100484 R 7.0 54 2 887 324
1571360943 2 100449 R 9.0 56 2 1732 329
1575731531 2 100729 R 21.0 53 6 1824 330
1575754977 1 100768 R 13.0 52 4 1220 325
1575764617 3 100749 R 11.0 58 3 1476 331
1580103847 2 101009 R 15.0 56 4 1493 331
1580155884 1 101050 R 4.0 59 1 871 326
1580181443 3 101032 R 14.0 56 4 934 332
1584527013 1 101330 R 19.0 54 6 1542 327
1584567265 3 101312 R 8.0 58 2 887 333
1584614753 2 101298 R 18.0 56 5 1523 332
1588922018 3 101591 R 5.0 55 1 860 334
1588949625 1 101613 R 16.0 54 5 953 328
1588969345 2 101576 R 6.0 59 1 1707 333
1593349168 3 101874 R 20.0 54 6 977 335
1593366812 1 101895 R 10.0 56 3 910 329
1593418053 2 101861 R 12.0 54 3 2045 334
1597752569 1 102176 R 4.0 60 1 860 330
1597788381 3 102158 R 11.0 59 3 1194 336
1597834995 2 102144 R 9.0 57 2 2022 335
1602188013 3 102440 R 17.0 55 5 1528 337
1602221375 2 102425 R 21.0 54 6 2110 336
1602232506 1 102463 R 13.0 53 4 654 331
1606555779 1 102739 R 7.0 55 2 887 332
1606574050 2 102703 R 18.0 57 5 1801 337
1606589555 3 102722 R 14.0 57 4 1213 338
1610944232 2 102983 R 6.0 60 1 1986 338
1610959775 3 103001 R 5.0 56 1 1138 339
1610967320 1 103022 R 19.0 55 6 978 333
1615359227 1 103303 R 16.0 55 5 953 334
1615423691 3 103287 R 20.0 55 6 698 340
1615441652 2 103271 R 12.0 55 3 2039 339
1619780082 3 103566 R 8.0 59 2 885 341
1619839097 1 103590 R 10.0 57 3 629 335
1619841390 2 103552 R 21.0 55 6 2109 340
1624162229 1 103866 R 4.0 61 1 865 336
1624242925 2 103834 R 15.0 57 4 2352 341
1624260457 3 103853 R 17.0 56 5 1235 342
1628583960 3 104129 R 11.0 60 3 1192 343
1628613057 2 104114 R 9.0 58 2 2294 342
1628636232 1 104153 R 7.0 56 2 605 337
1633000615 3 104412 R 5.0 57 1 866 344
1633037941 1 104434 R 16.0 56 5 676 338
1633077469 2 104399 R 18.0 58 5 2088 343
1637386754 3 104693 R 20.0 56 6 977 345
1637434163 2 104678 R 12.0 56 3 1755 344
1637445351 1 104716 R 13.0 54 4 938 339
1641786990 2 104957 R 15.0 58 4 1777 345
1641802447 3 104975 R 14.0 58 4 1219 346
1641893661 1 105001 R 4.0 62 1 868 340
1646186069 1 105276 R 19.0 56 6 974 341
1646194235 2 105239 R 6.0 61 1 1986 346
1646297473 3 105263 R 17.0 57 5 960 347
1650636699 3 105541 R 8.0 60 2 1163 348
1650643021 2 105524 R 21.0 56 6 1824 347
1650697192 1 105564 R 10.0 58 3 631 342
1654993375 3 105820 R 14.0 59 4 647 349
1655051858 1 105843 R 16.0 57 5 674 343
1655060136 2 105806 R 12.0 57 3 1755 348
1659416423 1 106122 R 19.0 57 6 694 344
1659445820 2 106087 R 9.0 59 2 2017 349
1659470986 3 106106 R 11.0 61 3 915 350
1663841343 3 106386 R 20.0 57 6 978 351
1663849225 1 106406 R 13.0 55 4 930 345
1663925783 2 106374 R 18.0 59 5 2086 350
1668250662 1 106688 R 7.0 57 2 885 346
1668290062 2 106653 R 6.0 62 1 1991 351
1668305416 3 106672 R 5.0 58 1 869 352
1672621027 1 106968 R 4.0 63 1 863 347
1672723151 2 106937 R 18.0 60 5 1523 352
1672724728 3 106954 R 17.0 58 5 679 353
1677079160 3 107233 R 8.0 61 2 890 354
1677085722 1 107253 R 10.0 59 3 1192 348
1677124774 2 107218 R 12.0 58 3 1769 353
1681494979 2 107498 R 9.0 60 2 1729 354
1681518574 1 107537 R 16.0 58 5 1238 349
1681527880 3 107518 R 20.0 58 6 982 355
1685834359 2 107776 R 15.0 59 4 2340 355
1685849260 3 107794 R 5.0 59 1 864 356
1685920193 1 107819 R 19.0 58 6 1263 350
1690267175 2 108059 R 21.0 57 6 2388 356
1690282760 3 108078 R 11.0 62 3 1191 357
1690308034 1 108100 R 7.0 58 2 1169 351
1694668555 2 108341 R 6.0 63 1 1714 357
1694684286 3 108360 R 14.0 60 4 1213 358
1694725043 1 108382 R 13.0 56 4 935 352
1699062050 1 108660 R 19.0 59 6 975 353
1699134315 3 108645 R 20.0 59 6 699 359
1699164064 2 108629 R 18.0 61 5 2087 358
1703503301 2 108907 R 12.0 59 3 2314 359
1703516932 1 108945 R 10.0 60 3 1196 354
1703551660 3 108927 R 17.0 59 5 677 360
1707871442 1 109224 R 4.0 64 1 1143 355
1707936042 2 109190 R 21.0 58 6 1825 360
1707937614 3 109208 R 14.0 61 4 938 361
1712292046 3 109487 R 5.0 60 1 860 362
1712320048 1 109508 R 16.0 59 5 1807 356
1712337460 2 109472 R 9.0 61 2 2020 361
1716708015 2 109752 R 15.0 60 4 2060 362
1716736854 1 109791 R 16.0 60 5 673 357
1716741023 3 109771 R 8.0 62 2 1171 363
1721122620 1 110072 R 7.0 59 2 886 358
1721172210 2 110037 R 12.0 60 3 2318 363
1721187792 3 110056 R 11.0 63 3 1194 364
1725495574 3 110332 R 20.0 60 6 1260 365
1725503037 1 110352 R 19.0 60 6 976 359
1725591390 2 110320 R 18.0 62 5 2086 364
1729899393 3 110614 R 17.0 60 5 1233 366
1729945828 2 110599 R 6.0 64 1 1708 365
1729967499 1 110638 R 10.0 61 3 1196 360
1734343714 1 110918 R 13.0 57 4 1495 361
1734347279 3 110898 R 20.0 61 6 699 367
1734377032 2 110883 R 15.0 61 4 1780 366
1738716103 2 111160 R 12.0 61 3 2033 367
1738729200 1 111199 R 4.0 65 1 860 362
1738764223 3 111181 R 8.0 63 2 888 368
1743148708 2 111444 R 9.0 62 2 2011 368
1743164142 3 111463 R 5.0 61 1 862 369
1743171976 1 111483 R 10.0 62 3 909 363
1747511216 1 111761 R 16.0 61 5 671 364
1747550672 2 111726 R 21.0 59 6 2389 369
1747566212 3 111744 R 14.0 62 4 1507 370
1751943784 1 112044 R 7.0 60 2 891 365
1751953729 3 112025 R 11.0 64 3 907 371
1751958007 2 112008 R 12.0 62 3 1753 370
1756345332 1 112326 R 4.0 66 1 858 366
1756370894 3 112308 R 17.0 61 5 677 372
1756384874 2 112291 R 6.0 65 1 1996 371
1760756953 3 112588 R 20.0 62 6 693 373
1760817878 2 112575 R 18.0 63 5 2085 372
1760841277 1 112614 R 19.0 61 6 1266 367
1765180409 1 112891 R 13.0 58 4 1496 368
1765219560 2 112856 R 21.0 60 6 1827 373
1765236457 3 112875 R 5.0 62 1 862 374
1769589923 2 113136 R 15.0 62 4 1778 374
1769605432 3 113155 R 14.0 63 4 1213 375
1769613380 1 113175 R 10.0 63 3 1192 369
1773944401 3 113432 R 8.0 64 2 1161 376
1774016935 1 113457 R 16.0 62 5 1238 370
1774053740 2 113422 R 9.0 63 2 1735 375
1778362021 2 113698 R 12.0 63 3 1471 376
1778377488 3 113716 R 11.0 65 3 1479 377
1778464779 1 113742 R 7.0 61 2 890 371
1782757138 1 114016 R 13.0 59 4 931 372
1782763285 2 113979 R 6.0 66 1 1712 377
1782843057 3 114002 R 11.0 66 3 629 378
1787157319 1 114298 R 10.0 64 3 1191 373
1787166548 3 114279 R 17.0 62 5 672 379
1787258795 2 114267 R 21.0 61 6 1828 378
1791583626 3 114561 R 8.0 65 2 889 380
1791619472 2 114546 R 18.0 64 5 1800 379
1791683770 1 114588 R 4.0 67 1 1155 374
1796028778 1 114866 R 19.0 62 6 1544 375
1796036404 2 114829 R 9.0 64 2 2013 380
1796045714 3 114847 R 5.0 63 1 869 381
1800422699 2 115109 R 15.0 63 4 1778 381
1800449926 3 115129 R 20.0 63 6 1263 382
1800477331 1 115150 R 16.0 63 5 1524 376
1804802637 2 115390 R 6.0 67 1 1706 382
1804825723 1 115429 R 19.0 63 6 979 377
1804898476 3 115414 R 14.0 64 4 1499 383
1809227438 1 115710 R 13.0 60 4 650 378
1809266704 2 115675 R 9.0 65 2 1734 383
1809282100 3 115694 R 20.0 64 6 700 384
1813589665 3 115970 R 5.0 64 1 864 385
1813597603 1 115990 R 7.0 62 2 882 379
1813699799 2 115959 R 12.0 64 3 1759 384
1818029139 2 116236 R 21.0 62 6 1540 385
1818061646 1 116276 R 4.0 68 1 870 380
1818116991 3 116259 R 11.0 67 3 1198 386
1822486933 3 116539 R 17.0 63 5 677 387
1822495216 1 116559 R 10.0 65 3 1194 381
1822508793 2 116523 R 18.0 65 5 1808 386
1826832280 2 116800 R 15.0 64 4 1493 387
1826896759 1 116841 R 19.0 64 6 1263 382
1826921500 3 116823 R 8.0 66 2 893 388
1831249298 2 117082 R 6.0 68 1 1713 388
1831267179 1 117121 R 16.0 64 5 1239 383
1831308078 3 117104 R 14.0 65 4 1219 389
1835635586 2 117363 R 12.0 65 3 1752 389
1835662472 3 117382 R 20.0 65 6 696 390
1835730655 1 117407 R 4.0 69 1 866 384
1840106749 1 117687 R 7.0 63 2 887 385
1840110741 3 117667 R 5.0 65 1 863 391
1840115143 2 117650 R 9.0 66 2 1733 390
1844438582 2 117926 R 6.0 69 1 1423 391
1844493068 1 117967 R 13.0 61 4 932 386
1844527894 3 117950 R 8.0 67 2 887 392
1848848161 1 118246 R 10.0 66 3 1188 387
1848856046 2 118209 R 21.0 63 6 1540 392
1848927862 3 118231 R 14.0 66 4 936 393
1853241948 2 118490 R 18.0 66 5 1797 393
1853269337 3 118509 R 11.0 68 3 1194 394
1853274766 1 118529 R 19.0 65 6 696 388
1857707562 1 118813 R 16.0 65 5 955 389
1857717338 3 118794 R 17.0 64 5 957 395
1857721888 2 118777 R 15.0 65 4 1783 394
1862109233 1 119095 R 13.0 62 4 649 390
1862134565 3 119077 R 20.0 66 6 696 396
1862148694 2 119060 R 12.0 66 3 1474 395
1866456456 2 119336 R 6.0 70 1 1422 396
1866479504 1 119375 R 4.0 70 1 861 391
1866520394 3 119357 R 5.0 66 1 864 397
1870914562 1 119658 R 7.0 64 2 1166 392
1870963602 3 119642 R 11.0 69 3 1199 398
1870973405 2 119625 R 18.0 67 5 1523 397
1875302714 3 119919 R 14.0 67 4 1213 399
1875327964 2 119903 R 9.0 67 2 1738 398
1875377051 1 119944 R 10.0 67 3 1474 393
1879734996 3 120203 R 8.0 68 2 886 400
1879759043 2 120187 R 21.0 64 6 1826 399
1879778179 1 120226 R 19.0 66 6 981 394
1884098150 2 120465 R 15.0 66 4 1493 400
1884136752 3 120485 R 20.0 67 6 979 401
1884148608 1 120505 R 10.0 68 3 911 395
1888487913 1 120783 R 4.0 71 1 1143 396
1888579694 2 120751 R 6.0 71 1 1713 401
1888606921 3 120771 R 5.0 67 1 1151 402
1892913128 3 121046 R 17.0 65 5 1521 403
1892920518 1 121067 R 16.0 66 5 954 397
1892932620 2 121030 R 18.0 68 5 1800 402
1897303111 2 121310 R 12.0 67 3 1470 403
1897312490 1 121348 R 7.0 65 2 1173 398
1897347948 3 121330 R 14.0 68 4 1214 404
1901733858 3 121611 R 11.0 70 3 1477 405
1901767184 2 121595 R 21.0 65 6 1262 404
1901817962 1 121636 R 13.0 63 4 1219 399
1906156596 1 121914 R 19.0 67 6 978 400
1906199810 2 121879 R 9.0 68 2 1456 405
1906213180 3 121898 R 11.0 71 3 629 406
1910536443 3 122174 R 5.0 68 1 866 407
1910589359 1 122198 R 7.0 66 2 605 401
1910601348 2 122161 R 6.0 72 1 1426 406
1914953978 3 122457 R 17.0 66 5 954 408
1914972054 2 122441 R 18.0 69 5 1238 407
1914990850 1 122479 R 4.0 72 1 869 402
1919349918 3 122738 R 8.0 69 2 1165 409
1919361436 1 122759 R 13.0 64 4 931 403
1919436045 2 122726 R 12.0 68 3 1477 408
1923743711 2 123002 R 9.0 69 2 1448 409
1923820108 3 123024 R 20.0 68 6 1265 410
1923825891 1 123045 R 10.0 69 3 1193 404
1928133401 1 123320 R 16.0 67 5 960 405
1928143595 3 123301 R 14.0 69 4 1500 411
1928145509 2 123284 R 15.0 67 4 2058 410
1932560345 3 123584 R 11.0 72 3 906 412
1932640952 2 123571 R 21.0 66 6 1547 411
1932660013 1 123610 R 19.0 68 6 983 406
1936946697 3 123865 R 5.0 69 1 1142 413
1936980057 2 123849 R 12.0 69 3 1471 412
1937030147 1 123890 R 7.0 67 2 886 407
1941369485 1 124167 R 10.0 70 3 906 408
1941412749 2 124133 R 6.0 73 1 1144 413
1941426145 3 124151 R 14.0 70 4 935 414
1945814315 2 124415 R 9.0 70 2 1167 414
1945870833 1 124456 R 16.0 68 5 959 409
1945874624 3 124436 R 20.0 69 6 985 415
1950184854 2 124694 R 18.0 70 5 1235 415
1950256540 1 124736 R 4.0 73 1 865 410
1950259186 3 124717 R 17.0 67 5 1246 416
1954566715 3 124992 R 8.0 70 2 1162 417
1954611371 1 125015 R 13.0 65 4 932 411
1954619709 2 124978 R 15.0 68 4 1494 416
1959005742 2 125259 R 12.0 70 3 1467 417
1959059918 1 125300 R 16.0 69 5 676 412
1959092833 3 125282 R 5.0 70 1 867 418
1963463482 3 125562 R 20.0 70 6 700 419
1963477155 1 125582 R 19.0 69 6 701 413
1963483440 2 125545 R 21.0 67 6 1546 418
1967853842 2 125825 R 18.0 71 5 1240 419
1967863148 1 125863 R 10.0 71 3 628 414
1967898494 3 125846 R 11.0 73 3 915 420
1972192652 2 126103 R 9.0 71 2 1449 420
1972217590 1 126142 R 7.0 68 2 885 415
1972284772 3 126126 R 14.0 71 4 1220 421
1976625603 2 126386 R 6.0 74 1 1430 421
1976638794 3 126405 R 8.0 71 2 890 422
1976666369 1 126426 R 13.0 66 4 934 416
1981027428 2 126668 R 15.0 69 4 1494 422
1981083388 1 126709 R 4.0 74 1 581 417
1981087286 3 126690 R 5.0 71 1 864 423
1985469650 1 126990 R 10.0 72 3 628 418
1985505153 3 126972 R 17.0 68 5 1521 424
1985522717 2 126956 R 21.0 68 6 1265 423
1989824385 1 127269 R 16.0 70 5 669 419
1989862030 2 127234 R 18.0 72 5 1238 424
1989890811 3 127253 R 14.0 72 4 934 425
1994245471 3 127532 R 20.0 71 6 978 426
1994272598 1 127553 R 7.0 69 2 894 420
1994294770 2 127517 R 12.0 71 3 1473 425
1998656914 1 127834 R 13.0 67 4 932 421
1998694455 3 127816 R 11.0 74 3 1193 427
1998696083 2 127799 R 9.0 72 2 1169 426
2003043001 3 128095 R 8.0 72 2 1166 428
2003095549 1 128118 R 19.0 70 6 980 422
2003103606 2 128081 R 6.0 75 1 1145 427
2007444915 3 128376 R 17.0 69 5 1807 429
2007490827 1 128399 R 10.0 73 3 62 423
2007552243 2 128366 R 21.0 69 6 1266 428
2011861378 1 128679 R 4.0 75 1 295 424
2011936352 2 128646 R 12.0 72 3 1479 429
2011939795 3 128664 R 11.0 75 3 912 430
2016278909 3 128942 R 14.0 73 4 930 431
2016325712 1 128965 R 19.0 71 6 417 425
2016355546 2 128929 R 15.0 70 4 1788 430
2020709798 2 129208 R 18.0 73 5 956 431
2020717816 3 129226 R 5.0 72 1 1146 432
2020758689 1 129248 R 16.0 71 5 676 426
2025104029 3 129507 R 17.0 70 5 1235 433
2025158482 2 129493 R 21.0 70 6 700 432
2025160036 1 129530 R 7.0 70 2 608 427
2029567786 1 129812 R 13.0 68 4 652 428
2029575369 2 129775 R 6.0 76 1 870 433
2029583592 3 129793 R 8.0 73 2 1455 434
2033907256 3 130070 R 20.0 72 6 1543 435
2033961695 2 130056 R 9.0 73 2 1166 434
2038296316 1 130371 R 13.0 69 4 84 429
2038316657 2 130335 R 15.0 71 4 1215 435
2038323857 3 130353 R 5.0 73 1 861 436
2042707942 1 130653 R 7.0 71 2 324 430
2042743710 2 130618 R 12.0 73 3 1474 436
2042782390 3 130638 R 14.0 74 4 936 437
2047109495 1 130935 R 4.0 76 1 304 431
2047152690 3 130918 R 11.0 76 3 908 438
2047175879 2 130902 R 9.0 74 2 888 437
2051513482 3 131197 R 8.0 74 2 1167 439
2051577772 2 131183 R 21.0 71 6 981 438
2051605201 1 131223 R 10.0 74 3 921 432
2055922769 2 131461 R 18.0 74 5 955 439
2055931120 3 131480 R 17.0 71 5 1236 440
2055944199 1 131500 R 19.0 72 6 697 433
2060300896 1 131779 R 16.0 72 5 954 434
2060326465 3 131761 R 5.0 74 1 1145 441
2060353861 2 131745 R 6.0 77 1 1147 440
2064780553 1 132066 R 13.0 70 4 371 435
2064818243 2 132031 R 15.0 72 4 1501 441
2064822167 3 132049 R 20.0 73 6 1547 442
2069126062 2 132306 R 12.0 74 3 1473 442
2069160591 3 132326 R 8.0 75 2 885 443
2069228894 1 132350 R 4.0 77 1 591 436
2073521412 1 132625 R 10.0 75 3 905 437
2073527035 2 132588 R 9.0 75 2 602 443
2073593687 3 132610 R 20.0 74 6 982 444
2077977619 2 132873 R 21.0 72 6 696 444
2077995409 3 132892 R 5.0 75 1 1147 445
2078032391 1 132914 R 19.0 73 6 983 438
2082387124 1 133193 R 16.0 73 5 673 439
2082394854 2 133156 R 15.0 73 4 933 445
2082403100 3 133174 R 14.0 75 4 1498 446
2086751397 1 133472 R 7.0 72 2 888 440
2086780899 2 133436 R 12.0 75 3 911 446
2086851787 3 133459 R 17.0 72 5 1240 447
2091143901 3 133733 R 11.0 77 3 1466 448
2091184370 1 133756 R 13.0 71 4 933 441
2091195905 2 133719 R 6.0 78 1 870 447
2095566906 2 133999 R 18.0 75 5 1236 448
2095585980 1 134037 R 10.0 76 3 908 442
2095664617 3 134023 R 8.0 76 2 1172 449
2099956180 1 134317 R 4.0 78 1 861 443
2100030802 2 134284 R 9.0 76 2 1169 449
2100034610 3 134302 R 11.0 78 3 911 450
2104373636 3 134580 R 20.0 75 6 978 451
2104420509 1 134603 R 16.0 74 5 958 444
2104463536 2 134568 R 21.0 73 6 700 450
2108853438 1 134886 R 13.0 72 4 934 445
2108865195 2 134850 R 12.0 76 3 914 451
2108874939 3 134868 R 14.0 76 4 936 452
2113190628 2 135127 R 15.0 74 4 647 452
2113212393 3 135146 R 5.0 76 1 1148 453
2113245434 1 135168 R 19.0 74 6 981 446
2117607825 2 135409 R 18.0 76 5 672 453
2117613897 3 135427 R 8.0 77 2 1166 454
2117625701 1 135448 R 10.0 77 3 1199 447
2121984482 3 135707 R 17.0 73 5 1234 455
2122007178 2 135691 R 9.0 77 2 881 454
2122089353 1 135734 R 7.0 73 2 888 448
2126397377 1 136009 R 19.0 75 6 695 449
2126399032 2 135972 R 6.0 79 1 856 455
2126448106 3 135993 R 20.0 76 6 696 456
2130851505 1 136294 R 4.0 79 1 864 450
2130867317 3 136276 R 8.0 78 2 889 457
2130879402 2 136259 R 12.0 77 3 1192 456
2135206823 1 136573 R 16.0 75 5 1234 451
2135222521 3 136554 R 11.0 79 3 1190 458
2135243489 2 136538 R 21.0 74 6 415 457
2139654827 1 136858 R 13.0 73 4 932 452
2139670929 3 136839 R 14.0 77 4 1502 459
2139676355 2 136822 R 12.0 78 3 627 458
2144072132 1 137140 R 19.0 76 6 697 453
2144077818 2 137103 R 6.0 80 1 582 459
2144087527 3 137122 R 5.0 77 1 863 460
2148448350 2 137383 R 18.0 77 5 672 460
2148457957 1 137421 R 7.0 74 2 882 454
2148474160 3 137402 R 17.0 74 5 1239 461
2152838657 1 137701 R 10.0 78 3 1184 455
2152912559 2 137669 R 15.0 75 4 936 461
2152916775 3 137687 R 20.0 77 6 1263 462
2157255889 3 137964 R 11.0 80 3 1473 463
2157261936 1 137985 R 16.0 76 5 1238 456
2157331405 2 137952 R 9.0 78 2 896 462
2161678570 1 138267 R 19.0 77 6 697 457
2161686440 2 138230 R 12.0 79 3 628 463
2161688515 3 138248 R 8.0 79 2 1450 464
2166064268 1 138548 R 4.0 80 1 859 458
2166090365 3 138530 R 14.0 78 4 2059 465
2166134925 2 138515 R 21.0 75 6 700 464
2170460573 3 138809 R 5.0 78 1 1149 466
2170544229 1 138835 R 13.0 74 4 654 459
2170551983 2 138798 R 6.0 81 1 875 465
2174867781 1 139111 R 16.0 77 5 671 460
2174885423 2 139075 R 18.0 78 5 954 466
2174924861 3 139095 R 11.0 81 3 1475 467
2179251817 1 139392 R 10.0 79 3 624 461
2179256242 2 139355 R 15.0 76 4 1217 467
2179281606 3 139374 R 20.0 78 6 1261 468
2183670779 1 139675 R 7.0 75 2 892 462
2183741294 2 139642 R 12.0 80 3 911 468
2183761032 3 139661 R 8.0 80 2 1455 469
2188084827 3 139937 R 17.0 75 5 1806 470
2188125600 2 139922 R 9.0 79 2 1165 469
2188150809 1 139961 R 19.0 78 6 417 463
2192474008 1 140238 R 4.0 81 1 580 464
2192502064 3 140220 R 14.0 79 4 1779 471
2192558451 2 140206 R 6.0 82 1 1147 470
2196887973 3 140501 R 11.0 82 3 1470 472
2196891523 1 140521 R 16.0 78 5 671 465
2196960220 2 140488 R 21.0 76 6 1263 471
2201277494 1 140802 R 13.0 75 4 648 466
2201347744 2 140769 R 15.0 77 4 651 472
2201392960 3 140789 R 5.0 79 1 1436 473
2205732207 3 141067 R 20.0 79 6 1824 474
2205755014 1 141088 R 7.0 76 2 603 467
2205764990 2 141051 R 18.0 79 5 675 473
2210125652 1 141368 R 10.0 80 3 626 468
2210150817 2 141332 R 9.0 80 2 603 474
2210165255 3 141351 R 17.0 76 5 2095 475
2214497905 1 141648 R 16.0 79 5 388 469
2214503518 2 141611 R 6.0 83 1 861 475
2214566454 3 141632 R 8.0 81 2 2020 476
2218911224 2 141893 R 21.0 77 6 976 476
2218937050 3 141912 R 14.0 80 4 1496 477
2219008903 1 141936 R 13.0 76 4 372 470
2223309357 3 142192 R 11.0 83 3 1753 478
2223360198 2 142177 R 12.0 81 3 1193 477
2223363413 1 142215 R 4.0 82 1 578 471
2227776788 2 142460 R 9.0 81 2 323 478
2227794538 1 142499 R 19.0 79 6 699 472
2227820310 3 142481 R 5.0 80 1 1713 479
2232133467 1 142776 R 7.0 77 2 887 473
2232162920 2 142741 R 18.0 80 5 400 479
2232235654 3 142763 R 20.0 80 6 1829 480
2236543133 2 143021 R 15.0 78 4 655 480
2236605983 3 143043 R 17.0 77 5 2080 481
2236634939 1 143064 R 10.0 81 3 349 474
2240968063 1 143342 R 19.0 80 6 134 475
2241007166 2 143307 R 21.0 78 6 416 481
2241029085 3 143326 R 11.0 84 3 1757 482
2245338261 1 143621 R 4.0 83 1 295 476
2245383159 2 143587 R 6.0 84 1 581 482
2245446268 3 143609 R 8.0 82 2 1736 483
2249802603 1 143907 R 16.0 80 5 674 477
2249832378 3 143889 R 17.0 78 5 1804 484
2249845803 2 143873 R 12.0 82 3 631 483
2254186803 3 144168 R 5.0 81 1 1989 485
2254235512 1 144191 R 13.0 77 4 371 478
2254247217 2 144154 R 18.0 81 5 114 484
2258576293 1 144469 R 7.0 78 2 319 479
2258617509 2 144434 R 21.0 79 6 136 485
2258635516 3 144453 R 14.0 81 4 2061 486
2262989720 2 144714 R 9.0 82 2 325 486
2263025003 1 144753 R 19.0 81 6 418 480
2263046970 3 144735 R 20.0 81 6 1828 487
2267375661 2 144994 R 6.0 85 1 302 487
2267442081 1 145036 R 4.0 84 1 584 481
2267448287 3 145017 R 5.0 82 1 1428 488
2271818944 3 145296 R 14.0 82 4 1497 489
2271828159 1 145317 R 16.0 81 5 673 482
2271855620 2 145281 R 15.0 79 4 653 488
2276179038 2 145558 R 12.0 83 3 909 489
2276183094 1 145596 R 10.0 82 3 909 483
2276282839 3 145582 R 8.0 83 2 1737 490
2280590847 3 145858 R 11.0 85 3 2035 491
2280596474 2 145841 R 18.0 82 5 391 490
2280631520 1 145880 R 13.0 78 4 933 484
2284982330 2 146121 R 15.0 80 4 365 491
2284992653 3 146140 R 17.0 79 5 2081 492
2285048454 1 146163 R 7.0 79 2 887 485
2289399880 3 146422 R 5.0 83 1 1707 493
2289448465 1 146445 R 19.0 82 6 697 486
2289460037 2 146408 R 21.0 80 6 417 492
2293826935 3 146705 R 20.0 82 6 1824 494
2293830264 2 146688 R 12.0 84 3 62 493
2293850038 1 146726 R 10.0 83 3 628 487
2298202547 2 146967 R 9.0 83 2 316 494
2298220155 1 147006 R 4.0 85 1 296 488
2298265731 3 146989 R 14.0 83 4 2068 495
2302651630 3 147270 R 17.0 80 5 2082 496
2302684360 1 147292 R 16.0 82 5 394 489
2302713549 2 147256 R 6.0 86 1 299 495
2307117128 1 147575 R 7.0 80 2 607 490
2307128985 2 147539 R 18.0 83 5 678 496
2307131449 3 147556 R 11.0 86 3 1759 497
2311454719 3 147833 R 8.0 84 2 1730 498
2311499358 2 147818 R 21.0 81 6 135 497
2311518910 1 147857 R 13.0 79 4 930 491
2315838119 2 148096 R 15.0 81 4 84 498
2315889264 1 148137 R 10.0 84 3 918 492
2315901398 3 148118 R 14.0 84 4 1496 499
2320249855 1 148416 R 19.0 83 6 411 493
2320258059 3 148397 R 5.0 84 1 1706 500
2320270808 2 148380 R 9.0 84 2 38 499
2324666579 1 148699 R 4.0 86 1 15 494
2324673010 2 148661 R 18.0 84 5 110 500
2324737895 3 148683 R 20.0 83 6 1546 501
2329042920 2 148941 R 12.0 85 3 61 501
2329052751 1 148979 R 10.0 85 3 61 495
2329061303 3 148960 R 11.0 87 3 1760 502
2333478537 3 149243 R 17.0 81 5 2092 503
2333532649 1 149266 R 7.0 81 2 329 496
2333540607 2 149229 R 21.0 82 6 135 502
2337856241 1 149543 R 19.0 84 6 412 497
2337864307 3 149523 R 8.0 85 2 1165 504
2337940172 2 149511 R 6.0 87 1 305 503
2342273474 1 149825 R 13.0 80 4 652 498
2342341875 2 149792 R 18.0 85 5 112 504
2342344118 3 149810 R 5.0 85 1 1428 505
2346659596 1 150106 R 16.0 83 5 951 499
2346667755 3 150087 R 20.0 84 6 1538 506
2346712019 2 150072 R 9.0 85 2 325 505
2351085072 3 150369 R 14.0 85 4 1777 507
2351138573 1 150393 R 4.0 87 1 17 500
2351176361 2 150358 R 21.0 83 6 139 506
2355471051 3 150650 R 17.0 82 5 2090 508
2355533245 2 150637 R 15.0 82 4 372 507
2355587406 1 150677 R 10.0 86 3 67 501
2359880059 1 150952 R 19.0 85 6 130 502
2359887564 2 150915 R 6.0 88 1 293 508
2359950717 3 150937 R 11.0 88 3 1473 509
2364336263 2 151200 R 12.0 86 3 344 509
2364390683 1 151241 R 7.0 82 2 324 503
2364399458 3 151222 R 14.0 86 4 1501 510
2368691294 3 151496 R 8.0 86 2 1446 511
2368745834 1 151520 R 13.0 81 4 655 504
2368753510 2 151483 R 18.0 86 5 392 510
2373153018 2 151764 R 9.0 86 2 604 511
2373194207 1 151804 R 16.0 84 5 963 505
2373202208 3 151785 R 5.0 86 1 1430 512
2377543131 1 152083 R 10.0 87 3 345 506
2377554357 2 152046 R 12.0 87 3 63 512
2377557158 3 152064 R 20.0 85 6 1544 513
2381924839 2 152326 R 15.0 83 4 84 513
2381944466 1 152364 R 4.0 88 1 304 507
2382005691 3 152348 R 17.0 83 5 1522 514
2386314984 1 152644 R 16.0 85 5 672 508
2386360027 2 152609 R 21.0 84 6 132 514
2386422886 3 152631 R 14.0 87 4 1778 515
2390745790 2 152890 R 6.0 89 1 299 515
2390778879 1 152930 R 7.0 83 2 603 509
2390808876 3 152912 R 11.0 89 3 1474 516
2395163470 3 153190 R 8.0 87 2 1733 517
2395212028 1 153213 R 19.0 86 6 699 510
2395223724 2 153177 R 18.0 87 5 683 516
2399593751 2 153456 R 15.0 84 4 88 517
2399612181 3 153475 R 14.0 88 4 1500 518
2399613644 1 153495 R 13.0 82 4 370 511
