78164406 2 4885 R 5.0 1 1 15 1
82619165 2 5170 R 4.0 1 1 301 2
91441507 2 5735 R 4.0 2 1 20 3
95845076 2 6017 R 5.0 2 1 20 4
99683411 1 6300 R 3.0 1 1 21 1
104587879 2 6576 R 4.0 3 1 15 5
109015248 2 6860 R 5.0 3 1 303 6
112880429 1 7144 R 3.0 2 1 19 2
113447754 2 7143 R 5.0 4 1 18 7
117849287 2 7425 R 8.0 1 2 41 8
121640680 1 7705 R 3.0 3 1 16 3
122293834 2 7709 R 4.0 4 1 20 9
126625523 2 7987 R 7.0 1 2 39 10
130494684 1 8272 R 3.0 4 1 19 4
130997829 2 8266 R 5.0 5 1 10 11
135464437 2 8552 R 8.0 2 2 323 12
139903083 2 8836 R 4.0 5 1 301 13
144319856 2 9119 R 8.0 3 2 40 14
148122681 1 9400 R 3.0 5 1 19 5
148700061 2 9399 R 5.0 6 1 10 15
152524348 1 9682 R 6.0 1 2 42 6
153086596 2 9680 R 11.0 1 3 347 16
157505567 2 9963 R 7.0 2 2 607 17
161300762 1 10243 R 6.0 2 2 40 7
161860707 2 10242 R 4.0 6 1 292 18
166288005 2 10525 R 10.0 1 3 627 19
170170208 1 10811 R 3.0 6 1 21 8
170720581 2 10809 R 8.0 4 2 605 20
175122196 2 11090 R 5.0 7 1 869 21
178883654 1 11369 R 6.0 3 2 38 9
179492555 2 11370 R 7.0 3 2 610 22
183925458 2 11654 R 4.0 7 1 576 23
188286241 2 11933 R 11.0 2 3 908 24
192672074 2 12214 R 5.0 8 1 859 25
196504309 1 12496 R 6.0 4 2 38 10
197115042 2 12498 R 7.0 4 2 1165 26
200997946 1 12784 R 3.0 7 1 301 11
201547981 2 12782 R 8.0 5 2 1449 27
205908721 2 13061 R 10.0 2 3 2318 28
210294480 2 13341 R 7.0 5 2 1444 29
214147668 1 13625 R 6.0 5 2 47 12
218567055 1 13908 R 9.0 1 3 62 13
219125128 2 13906 R 5.0 9 1 1426 30
223047018 1 14195 R 3.0 8 1 307 14
223511336 2 14187 R 14.0 1 4 1775 31
227352984 1 14471 R 6.0 6 2 320 15
232341669 2 14752 R 8.0 6 2 2864 32
236792347 2 15037 R 10.0 3 3 3451 33
240598491 1 15318 R 9.0 2 3 63 16
241153118 2 15316 R 5.0 10 1 1706 34
244984761 1 15599 R 3.0 9 1 304 17
245538924 2 15597 R 11.0 3 3 3162 35
249462605 1 15886 R 6.0 7 2 326 18
250016714 2 15884 R 13.0 2 4 2625 36
253832672 1 16165 R 9.0 3 3 72 19
254414104 2 16165 R 4.0 9 1 2273 37
258774712 2 16444 R 8.0 7 2 3994 38
262577520 1 16725 R 3.0 10 1 14 20
263160694 2 16725 R 7.0 6 2 3428 39
267009977 1 17009 R 9.0 4 3 61 21
271412068 1 17290 R 6.0 8 2 327 22
271991546 2 17290 R 10.0 4 3 4861 40
275907591 1 17578 R 12.0 1 4 374 23
276377670 2 17571 R 5.0 11 1 2555 41
284651642 1 18138 R 9.0 5 3 64 24
285237339 2 18138 R 11.0 4 3 4856 42
289008622 1 18416 R 12.0 2 4 83 25
289593888 2 18416 R 8.0 8 2 5114 43
293489024 1 18703 R 3.0 11 1 309 26
297936972 1 18988 R 6.0 9 2 611 27
298424595 2 18982 R 13.0 1 4 6570 44
302229201 1 19263 R 9.0 6 3 626 28
306629212 1 19544 R 12.0 3 4 365 29
311094928 1 19830 R 6.0 10 2 41 30
311641412 2 19827 R 5.0 12 1 3685 45
315543830 1 20115 R 3.0 12 1 298 31
316027051 2 20108 R 7.0 7 2 5394 46
319960722 1 20397 R 9.0 7 3 349 32
324347112 1 20678 R 6.0 11 2 324 33
324914396 2 20677 R 10.0 5 3 6832 47
328701596 1 20957 R 12.0 4 4 368 34
329308395 2 20958 R 4.0 12 1 4525 48
333070192 1 21236 R 3.0 13 1 295 35
333669055 2 21237 R 5.0 13 1 4243 49
337534109 1 21522 R 15.0 1 5 112 36
341966750 1 21806 R 9.0 8 3 351 37
346308222 1 22084 R 6.0 12 2 320 38
346885146 2 22083 R 8.0 9 2 7653 50
350756792 1 22368 R 3.0 14 1 301 39
351271280 2 22364 R 11.0 5 3 8518 51
355173761 1 22651 R 12.0 5 4 652 40
355749144 2 22650 R 14.0 2 4 9110 52
359507055 1 22928 R 15.0 2 5 391 41
360180151 2 22934 R 4.0 14 1 4531 53
364002145 1 23216 R 9.0 9 3 348 42
364507420 2 23211 R 17.0 1 5 8849 54
368893125 2 23492 R 7.0 8 2 7362 55
372774608 1 23777 R 3.0 15 1 871 43
373363501 2 23778 R 4.0 15 1 4528 56
377176690 1 24059 R 6.0 13 2 1175 44
377724097 2 24057 R 8.0 10 2 8498 57
381564313 1 24340 R 15.0 3 5 1238 45
382110382 2 24337 R 13.0 3 4 10243 58
385981547 1 24623 R 12.0 6 4 1214 46
390367796 1 24903 R 9.0 10 3 1189 47
390969844 2 24905 R 11.0 6 3 9932 59
395326236 2 25183 R 7.0 9 2 7646 60
399170951 1 25467 R 6.0 14 2 1734 48
403582388 1 25749 R 3.0 16 1 1426 49
404157503 2 25749 R 14.0 3 4 11360 61
407983746 1 26031 R 18.0 1 6 1825 50
408543253 2 26029 R 8.0 11 2 9343 62
412986122 2 26314 R 17.0 2 5 11104 63
417418783 2 26597 R 4.0 17 1 5093 64
421779279 2 26876 R 5.0 14 1 3967 65
425654649 1 27162 R 12.0 7 4 2904 51
426241664 2 27162 R 10.0 7 3 11060 66
430103199 1 27446 R 15.0 4 5 3220 52
430635225 2 27443 R 4.0 18 1 4529 67
434395690 1 27721 R 6.0 15 2 2861 53
434995908 2 27722 R 5.0 15 1 3961 68
439381816 2 28003 R 7.0 10 2 9064 69
443859900 2 28289 R 14.0 4 4 12494 70
448230450 2 28569 R 8.0 12 2 10756 71
452058637 1 28852 R 9.0 11 3 4010 54
452602505 2 28849 R 11.0 7 3 12753 72
456462278 1 29133 R 3.0 17 1 3407 55
457068336 2 29135 R 4.0 19 1 5375 73
460910645 1 29418 R 12.0 8 4 4318 56
461458239 2 29416 R 7.0 11 2 9063 74
465327746 1 29701 R 18.0 2 6 4085 57
465891406 2 29699 R 10.0 8 3 12752 75
469713806 1 29982 R 15.0 5 5 4346 58
470284891 2 29981 R 4.0 20 1 4810 76
474645725 2 30260 R 13.0 4 4 15034 77
478557979 1 30548 R 12.0 9 4 4321 59
482866082 1 30823 R 6.0 16 2 4555 60
483456756 2 30824 R 13.0 5 4 15029 78
487267637 1 31105 R 9.0 12 3 4858 61
487842512 2 31104 R 5.0 16 1 3688 79
491762808 1 31393 R 15.0 6 5 4906 62
492285372 2 31389 R 17.0 3 5 15337 80
496102177 1 31670 R 6.0 17 2 4839 63
496718120 2 31672 R 4.0 21 1 5655 81
501078912 2 31951 R 14.0 5 4 15306 82
505000836 1 32240 R 18.0 3 6 5214 64
505464651 2 32232 R 5.0 17 1 3393 83
509324508 1 32517 R 9.0 13 3 5138 65
509907512 2 32517 R 16.0 2 5 15618 84
513741974 1 32799 R 12.0 10 4 5160 66
514361811 2 32802 R 11.0 8 3 16135 85
518701376 2 33079 R 10.0 10 3 14442 86
523087063 2 33360 R 7.0 13 2 10183 87
527529270 2 33644 R 5.0 18 1 3688 88
531342336 1 33926 R 6.0 18 2 6241 67
531983660 2 33929 R 4.0 22 1 7067 89
535808408 1 34212 R 9.0 14 3 6269 68
540131775 1 34488 R 18.0 4 6 6333 69
544548941 1 34771 R 15.0 7 5 6596 70
545151653 2 34772 R 20.0 1 6 17331 90
548935114 1 35052 R 6.0 19 2 6520 71
549605799 2 35057 R 4.0 23 1 7068 91
553377558 1 35336 R 15.0 8 5 6594 72
553945095 2 35335 R 14.0 7 4 16714 92
557842078 1 35622 R 12.0 11 4 6858 73
562149593 1 35897 R 18.0 5 6 6615 74
571567107 2 36463 R 14.0 6 4 18699 93
575953169 2 36743 R 19.0 1 6 19304 94
584222102 1 37310 R 15.0 9 5 8007 75
588670722 1 37595 R 9.0 15 3 7961 76
593081900 1 37877 R 18.0 6 6 8032 77
598018268 2 38156 R 10.0 11 3 18668 95
602471937 2 38441 R 4.0 24 1 9607 96
610622354 1 39000 R 12.0 12 4 8825 78
615117487 1 39287 R 9.0 16 3 8806 79
619456878 1 39565 R 15.0 10 5 8848 80
624433398 2 39846 R 11.0 9 3 19799 97
628819307 2 40127 R 13.0 7 4 22357 98
637096063 1 40694 R 18.0 7 6 9721 81
641554760 1 40979 R 12.0 13 4 9964 82
645924931 1 41259 R 9.0 17 3 9370 83
650884239 2 41539 R 7.0 15 2 15544 99
655339016 2 41824 R 4.0 26 1 11297 100
659677869 2 42102 R 14.0 8 4 22356 101
663594029 1 42390 R 18.0 8 6 10005 84
664063930 2 42382 R 14.0 9 4 21505 102
677300343 2 43230 R 11.0 10 3 20926 103
681686189 2 43510 R 7.0 16 2 16108 104
690031455 1 44082 R 15.0 11 5 11671 85
694401881 1 44362 R 12.0 14 4 11652 86
703751109 2 44922 R 10.0 13 3 23745 105
708205265 2 45208 R 4.0 27 1 13270 106
712544211 2 45485 R 19.0 2 6 27200 107
716436810 1 45772 R 18.0 9 6 12543 87
716930536 2 45766 R 14.0 10 4 23767 108
720778290 1 46050 R 15.0 12 5 12515 88
721373024 2 46050 R 7.0 18 2 15833 109
725226551 1 46334 R 9.0 18 3 12758 89
729644072 1 46617 R 12.0 15 4 12494 90
730166641 2 46613 R 14.0 11 4 23487 110
742811506 1 47460 R 9.0 19 3 13032 91
756616835 2 48306 R 17.0 9 5 27460 111
769279996 1 49154 R 18.0 10 6 14514 92
783032848 2 49996 R 14.0 12 4 25740 112
787418841 2 50277 R 14.0 13 4 24895 113
791861241 2 50562 R 7.0 19 2 17520 114
795717012 1 50846 R 15.0 13 5 15900 93
796315551 2 50847 R 4.0 31 1 14400 115
800087435 1 51125 R 12.0 16 4 16160 94
809483529 2 51689 R 11.0 11 3 24591 116
813937619 2 51974 R 7.0 17 2 23160 117
822191121 1 52540 R 18.0 11 6 17056 95
826576882 1 52821 R 9.0 20 3 17271 96
835899050 2 53380 R 14.0 14 4 26872 118
840284967 2 53661 R 10.0 18 3 28254 119
844727656 2 53945 R 14.0 15 4 26307 120
848581334 1 54229 R 15.0 14 5 18724 97
849160274 2 54229 R 4.0 33 1 13270 121
853520638 2 54508 R 20.0 3 6 35374 122
862349441 2 55073 R 7.0 20 2 19217 123
875000701 1 55920 R 18.0 12 6 19871 98
879370828 1 56200 R 9.0 21 3 20084 99
888764788 2 56763 R 17.0 6 5 37607 124
893150852 2 57044 R 13.0 9 4 37871 125
897593837 2 57328 R 11.0 12 3 25723 126
901406860 1 57610 R 18.0 13 6 20999 100
902048101 2 57613 R 4.0 35 1 13272 127
905808322 1 57892 R 9.0 22 3 21210 101
906387337 2 57891 R 14.0 19 4 25740 128
915215615 2 58456 R 20.0 4 6 38197 129
919670118 2 58741 R 4.0 36 1 13272 130
924009401 2 59019 R 10.0 21 3 28535 131
927927994 1 59307 R 12.0 17 4 22654 102
928395334 2 59300 R 11.0 13 3 25436 132
932220104 1 59582 R 15.0 15 5 22941 103
932838029 2 59584 R 14.0 20 4 26303 133
936740983 1 59871 R 12.0 18 4 22365 104
941631190 2 60147 R 7.0 21 2 17234 134
946017469 2 60427 R 14.0 21 4 26022 135
950459806 2 60712 R 7.0 22 2 14980 136
954284870 1 60994 R 18.0 14 6 23254 105
954914189 2 60997 R 4.0 38 1 12143 137
958735245 1 61279 R 15.0 16 5 23522 106
968081681 2 61840 R 19.0 5 6 40451 138
972536254 2 62125 R 4.0 39 1 11016 139
980690637 1 62684 R 15.0 17 5 24356 107
985092175 1 62966 R 15.0 18 5 24075 108
994497690 2 63530 R 17.0 10 5 41554 140
998883678 2 63811 R 10.0 23 3 27973 141
1003326361 2 64095 R 11.0 14 3 24592 142
1007149056 1 64377 R 12.0 19 4 25465 109
1007780454 2 64380 R 4.0 41 1 11016 143
1020948109 2 65223 R 7.0 23 2 18088 144
1033658331 1 66074 R 18.0 15 6 26922 110
1037997445 1 66352 R 15.0 19 5 26897 111
1042354203 1 66630 R 12.0 20 4 26868 112
1047363825 2 66914 R 17.0 12 5 43247 145
1060095344 1 67766 R 18.0 16 6 27206 113
1073814597 2 68607 R 17.0 19 5 39301 146
1078268675 2 68892 R 4.0 43 1 12144 147
1082608055 2 69169 R 10.0 24 3 31923 148
1086507096 1 69456 R 15.0 20 5 28873 114
1086993958 2 69450 R 14.0 28 4 27151 149
1090892953 1 69737 R 12.0 21 4 28847 115
1095247694 1 70016 R 18.0 17 6 28327 116
1099737202 1 70303 R 12.0 22 4 28571 117
1100229829 2 70297 R 8.0 13 2 17518 150
1104045053 1 70579 R 15.0 21 5 28863 118
1104616028 2 70578 R 10.0 25 3 27406 151
1109058735 2 70862 R 14.0 27 4 29691 152
1112897232 1 71145 R 18.0 18 6 28894 119
1117314346 1 71428 R 12.0 23 4 28566 120
1121710223 1 71709 R 18.0 19 6 28609 121
1126080458 1 71989 R 15.0 22 5 28869 122
1126680387 2 71990 R 16.0 9 5 47209 153
1131134963 2 72275 R 4.0 45 1 13272 154
1139381116 1 72840 R 18.0 20 6 28897 123
1143704478 1 73117 R 15.0 23 5 28867 124
1153096327 2 73681 R 14.0 32 4 26864 155
1157482379 2 73961 R 10.0 27 3 28253 156
1165784872 1 74530 R 18.0 21 6 29458 125
1170186424 1 74812 R 15.0 24 5 29436 126
1174636929 1 75097 R 15.0 25 5 29155 127
1179546975 2 75373 R 14.0 31 4 29691 157
1184001241 2 75658 R 4.0 47 1 13272 158
1188340484 2 75936 R 19.0 10 6 48627 159
1192243375 1 76223 R 18.0 22 6 30023 128
1205962363 2 77064 R 7.0 25 2 20054 160
1210348452 2 77345 R 17.0 17 5 49164 161
1218662866 1 77914 R 15.0 26 5 31410 129
1223050743 1 78195 R 18.0 23 6 30868 130
1227467916 1 78478 R 15.0 27 5 30563 131
1231853973 1 78758 R 18.0 24 6 30303 132
1232413149 2 78757 R 20.0 10 6 51732 162
1236867364 2 79042 R 4.0 49 1 14400 163
1241206614 2 79320 R 14.0 34 4 30254 164
1245054890 1 79603 R 18.0 25 6 30584 133
1249534636 1 79890 R 15.0 28 5 30566 134
1253899058 1 80169 R 15.0 29 5 30280 135
1258828743 2 80447 R 17.0 24 5 42684 165
1271443143 1 81292 R 18.0 26 6 31145 136
1275875878 1 81576 R 18.0 27 6 30584 137
1285279495 2 82140 R 17.0 28 5 39579 166
1297911347 1 82986 R 15.0 30 5 31971 138
1302283578 1 83266 R 15.0 31 5 31122 139
1306794573 1 83555 R 18.0 28 6 31152 140
1311174698 1 83835 R 15.0 32 5 30845 141
1311694885 2 83831 R 10.0 29 3 34177 167
1316080954 2 84112 R 14.0 38 4 30534 168
1320523508 2 84396 R 14.0 37 4 31948 169
1324348346 1 84678 R 18.0 29 6 31149 142
1328718641 1 84958 R 15.0 33 5 31404 143
1333215960 1 85246 R 18.0 30 6 30589 144
1338145575 2 85524 R 10.0 31 3 31640 170
1342599719 2 85809 R 4.0 52 1 16655 171
1346939103 2 86086 R 14.0 40 4 30252 172
1350754050 1 86368 R 15.0 34 5 31403 145
1351325097 2 86367 R 11.0 15 3 30226 173
1355155655 1 86650 R 15.0 35 5 31122 146
1355767716 2 86652 R 19.0 15 6 54549 174
1359651092 1 86937 R 18.0 31 6 31150 147
1364023404 1 87217 R 18.0 32 6 30303 148
1364561173 2 87214 R 14.0 41 4 30254 175
1368946879 2 87495 R 7.0 28 2 17808 176
1373389780 2 87779 R 11.0 16 3 28256 177
1377253623 1 88064 R 18.0 33 6 30586 149
1377822544 2 88063 R 4.0 53 1 15527 178
1381686422 1 88348 R 18.0 34 6 30307 150
1386088092 1 88629 R 18.0 35 6 29460 151
1390413539 1 88906 R 18.0 36 6 28609 152
1391011852 2 88907 R 11.0 17 3 25998 179
1395465996 2 89192 R 4.0 54 1 14400 180
1399805302 2 89470 R 14.0 42 4 31379 181
1403696424 1 89756 R 15.0 36 5 28871 153
1404191226 2 89751 R 14.0 43 4 30535 182
1408060924 1 90036 R 18.0 37 6 28330 154
1412493864 1 90319 R 15.0 37 5 27745 155
1417427312 2 90598 R 14.0 44 4 30254 183
1421813369 2 90878 R 14.0 48 4 26024 184
1430149064 1 91449 R 18.0 38 6 28332 156
1443878057 2 92291 R 17.0 27 5 50300 185
1448332146 2 92576 R 4.0 56 1 14400 186
1456570515 1 93140 R 18.0 39 6 28613 157
1470293602 2 93981 R 10.0 38 3 30793 187
1474679504 2 94262 R 11.0 19 3 24584 188
1479122196 2 94546 R 19.0 30 6 48064 189
1482939108 1 94828 R 15.0 38 5 30282 158
1483576381 2 94831 R 4.0 58 1 13272 190
1487371969 1 95112 R 18.0 40 6 29740 159
1496744292 2 95674 R 10.0 40 3 29102 191
1501198393 2 95959 R 4.0 59 1 13270 192
1505537658 2 96237 R 14.0 50 4 28564 193
1509407359 1 96522 R 18.0 41 6 29740 160
1509923728 2 96517 R 10.0 39 3 31638 194
1523159728 2 97365 R 10.0 42 3 27408 195
1527545559 2 97645 R 7.0 30 2 18080 196
1535772234 1 98209 R 18.0 42 6 30300 161
1540214805 1 98494 R 15.0 39 5 29716 162
1549610494 2 99057 R 17.0 38 5 42968 197
1562318626 1 99908 R 18.0 43 6 30869 163
1566704893 1 100189 R 18.0 44 6 30588 164
1576026377 2 100748 R 10.0 44 3 27409 198
1588709179 1 101597 R 18.0 45 6 30867 165
1593126288 1 101880 R 15.0 40 5 30562 166
1597459675 1 102157 R 18.0 46 6 30301 167
1602476800 2 102441 R 7.0 31 2 21473 199
1615192990 1 103292 R 18.0 47 6 30870 168
1619557497 1 103571 R 15.0 41 5 31124 169
1628892636 2 104131 R 14.0 53 4 33074 200
1641520634 1 104977 R 18.0 48 6 31710 170
1646025768 1 105265 R 15.0 42 5 31973 171
1655343276 2 105824 R 14.0 54 4 33639 201
1659797476 2 106109 R 4.0 64 1 14400 202
1664136783 2 106387 R 14.0 55 4 33073 203
1667941954 1 106668 R 15.0 43 5 32532 172
1672452939 1 106957 R 18.0 49 6 32563 173
1676833131 1 107237 R 15.0 44 5 32535 174
1681172197 1 107515 R 18.0 50 6 31993 175
1681758838 2 107515 R 10.0 43 3 35871 204
1685605111 1 107798 R 15.0 45 5 31688 176
1690008602 1 108080 R 18.0 51 6 31148 177
1694457152 1 108365 R 18.0 52 6 30306 178
1698874327 1 108648 R 18.0 53 6 29459 179
1703260383 1 108928 R 15.0 46 5 29436 180
1707640430 1 109209 R 18.0 54 6 28893 181
1708209447 2 109208 R 10.0 46 3 32486 205
1712104615 1 109494 R 15.0 47 5 28873 182
1720814030 1 110052 R 18.0 55 6 29172 183
1725309388 1 110340 R 15.0 48 5 29155 184
1734624987 2 110898 R 11.0 21 3 34458 206
1739011034 2 111179 R 10.0 47 3 32766 207
1743453680 2 111463 R 14.0 57 4 35895 208
1747288341 1 111746 R 15.0 49 5 29717 185
1747907895 2 111748 R 4.0 68 1 14400 209
1761075808 2 112591 R 14.0 56 4 38149 210
1765529823 2 112876 R 4.0 69 1 14400 211
1769869270 2 113154 R 17.0 46 5 45501 212
1773785712 1 113442 R 18.0 56 6 31152 186
1774255122 2 113435 R 11.0 23 3 30225 213
1787491193 2 114282 R 11.0 24 3 28821 214
1791877264 2 114562 R 11.0 25 3 27971 215
1796319823 2 114847 R 10.0 50 3 31357 216
1800222777 1 115134 R 15.0 50 5 31975 187
1813941886 2 115975 R 14.0 65 4 31383 217
1818374639 2 116258 R 4.0 71 1 14398 218
1826628542 1 116824 R 18.0 57 6 33127 188
1840357552 2 117665 R 10.0 52 3 30793 219
1844743474 2 117946 R 19.0 34 6 75997 220
1853002988 1 118512 R 18.0 58 6 33684 189
1857435856 1 118796 R 15.0 51 5 33381 190
1861901985 1 119081 R 18.0 59 6 33127 191
1866225533 1 119358 R 15.0 52 5 32535 192
1866808103 2 119358 R 20.0 29 6 61880 221
1879471257 1 120206 R 18.0 60 6 33122 193
1883810362 1 120484 R 15.0 53 5 32532 194
1888229623 1 120766 R 18.0 61 6 32274 195
1893223619 2 121049 R 10.0 53 3 33331 222
1905908270 1 121898 R 15.0 54 5 33100 196
1919674387 2 122742 R 14.0 68 4 34766 223
1932314024 1 123588 R 18.0 62 6 33969 197
1936717592 1 123870 R 15.0 55 5 33380 198
1946089918 2 124432 R 14.0 67 4 37582 224
1950475829 2 124713 R 10.0 54 3 36150 225
1954918524 2 124997 R 10.0 55 3 34741 226
1958784241 1 125282 R 18.0 63 6 34251 199
1963170225 1 125563 R 15.0 56 5 33383 200
1967524959 1 125841 R 18.0 64 6 33400 201
1971951963 1 126125 R 18.0 65 6 32557 202
1972540629 2 126125 R 11.0 27 3 32766 227
1976384893 1 126408 R 15.0 57 5 32535 203
1980851036 1 126694 R 18.0 66 6 31998 204
1985174383 1 126971 R 15.0 58 5 31688 205
1989591624 1 127254 R 18.0 67 6 31149 206
1998956132 2 127816 R 14.0 71 4 36455 228
2003342156 2 128096 R 10.0 57 3 34457 229
2007784711 2 128381 R 11.0 28 3 31638 230
2011593812 1 128662 R 18.0 68 6 31992 207
2012238803 2 128666 R 4.0 78 1 14400 231
2016089226 1 128949 R 15.0 59 5 32260 208
2016578118 2 128943 R 10.0 59 3 31922 232
2020399060 1 129225 R 18.0 69 6 31992 209
2024785045 1 129506 R 18.0 70 6 31708 210
2025406804 2 129508 R 14.0 74 4 34760 233
2029264712 1 129793 R 18.0 71 6 31151 211
2029861012 2 129793 R 4.0 79 1 14400 234
2033713267 1 130077 R 15.0 60 5 30282 212
2034200258 2 130071 R 10.0 61 3 29664 235
2038005510 1 130352 R 18.0 72 6 30299 213
2038586177 2 130352 R 10.0 60 3 31637 236
2042526245 1 130641 R 18.0 73 6 28897 214
2046896675 1 130921 R 18.0 74 6 28331 215
2051235664 1 131199 R 18.0 75 6 27764 216
2051822493 2 131199 R 17.0 51 5 55932 237
2056208234 2 131480 R 14.0 81 4 28843 238
2064520636 1 132049 R 15.0 61 5 28307 217
2068937809 1 132332 R 18.0 76 6 28332 218
2073323857 1 132612 R 18.0 77 6 27203 219
2077678649 1 132891 R 18.0 78 6 26917 220
2078272938 2 132892 R 19.0 45 6 71749 239
2090877502 1 133736 R 18.0 79 6 26634 221
2104688532 2 134582 R 10.0 62 3 32487 240
2109074523 2 134863 R 10.0 63 3 31069 241
2113517152 2 135147 R 11.0 31 3 28255 242
2117351623 1 135430 R 18.0 80 6 27484 222
2117971542 2 135433 R 11.0 29 3 35306 243
2121809869 1 135716 R 15.0 62 5 26898 223
2126180303 1 135995 R 18.0 81 6 26355 224
2130519415 1 136273 R 15.0 63 5 26614 225
2131139058 2 136275 R 7.0 36 2 21473 244
2135593377 2 136560 R 4.0 83 1 13272 245
2139932625 2 136838 R 17.0 59 5 47188 246
2143741893 1 137119 R 15.0 64 5 26611 226
2148159047 1 137402 R 18.0 82 6 26353 227
2152544974 1 137683 R 15.0 65 5 25765 228
2157024758 1 137969 R 18.0 83 6 25792 229
2157554676 2 137966 R 20.0 48 6 48345 247
2161940738 2 138247 R 10.0 65 3 31073 248
2166383290 2 138531 R 10.0 64 3 33050 249
2170286261 1 138818 R 18.0 84 6 25796 230
2170815968 2 138815 R 4.0 85 1 12143 250
2174656565 1 139098 R 15.0 66 5 25488 231
2178995741 1 139375 R 18.0 85 6 25225 232
2183477365 1 139662 R 15.0 67 5 25496 233
2184005365 2 139659 R 11.0 32 3 29382 251
2188459525 2 139944 R 4.0 86 1 11016 252
2196691955 1 140508 R 18.0 86 6 25793 234
2201093588 1 140790 R 15.0 68 5 25490 235
2210420889 2 141349 R 14.0 83 4 35893 253
2223088022 1 142197 R 18.0 87 6 26638 236
2236871647 2 143042 R 10.0 67 3 32487 254
2241325860 2 143327 R 4.0 88 1 12144 255
2245665091 2 143605 R 11.0 33 3 29947 256
2249570020 1 143892 R 18.0 88 6 27486 237
2250051019 2 143886 R 10.0 69 3 29946 257
2253895386 1 144169 R 18.0 89 6 26635 238
2254493754 2 144170 R 11.0 34 3 27127 258
2258312560 1 144452 R 18.0 90 6 26072 239
2258926377 2 144454 R 4.0 89 1 12143 259
2262698618 1 144732 R 18.0 91 6 24944 240
2263287098 2 144733 R 14.0 87 4 34765 260
2267673169 2 145013 R 14.0 90 4 31659 261
2272115707 2 145298 R 14.0 92 4 29687 262
2275975846 1 145582 R 15.0 69 5 24922 241
2280377259 1 145864 R 18.0 92 6 24947 242
2289737844 2 146426 R 10.0 71 3 29103 263
2302350281 1 147270 R 18.0 93 6 25791 243
2306783014 1 147554 R 15.0 70 5 25768 244
2311184630 1 147836 R 18.0 94 6 25791 245
2316153385 2 148116 R 14.0 95 4 29121 264
2320539306 2 148397 R 20.0 50 6 55393 265
2328793082 1 148963 R 15.0 71 5 25767 246
2342604070 2 149809 R 14.0 96 4 29690 266
2347036675 2 150093 R 4.0 93 1 12142 267
2355259343 1 150656 R 18.0 95 6 26918 247
2369019307 2 151500 R 7.0 37 2 19780 268
2373405596 2 151780 R 10.0 73 3 31074 269
2377848139 2 152065 R 14.0 98 4 29692 270
2381655341 1 152346 R 18.0 96 6 27481 248
2382302297 2 152350 R 4.0 94 1 13270 271
2386066714 1 152628 R 18.0 97 6 27201 249
2395470304 2 153192 R 19.0 59 6 70057 272
