109057791 2 6862 R 4.0 1 1 19 1
113467225 2 7144 R 5.0 1 1 25 2
130522053 1 8273 R 3.0 1 1 20 1
144294118 2 9117 R 5.0 2 1 19 3
148697752 2 9399 R 4.0 2 1 19 4
153083593 2 9680 R 8.0 1 2 46 5
157438336 2 9959 R 7.0 1 2 37 6
161290742 1 10243 R 3.0 2 1 16 2
183339823 1 11654 R 6.0 1 2 41 3
183880087 2 11651 R 5.0 3 1 300 7
187772758 1 11937 R 3.0 3 1 19 4
188266375 2 11932 R 11.0 1 3 342 8
192736038 2 12218 R 8.0 2 2 605 9
197097275 2 12497 R 10.0 1 3 625 10
201559292 2 12782 R 7.0 2 2 606 11
205974480 2 13065 R 4.0 3 1 867 12
214736280 2 13626 R 8.0 3 2 39 13
219183177 2 13910 R 11.0 2 3 69 14
222977832 1 14191 R 6.0 2 2 41 5
223530231 2 14188 R 5.0 4 1 580 15
227442001 1 14476 R 3.0 4 1 20 6
227916218 2 14469 R 7.0 3 2 318 16
232386466 2 14755 R 10.0 2 3 346 17
236747014 2 15034 R 13.0 1 4 378 18
241209093 2 15320 R 14.0 1 4 663 19
245602658 2 15601 R 4.0 4 1 868 20
249963321 2 15880 R 8.0 4 2 319 21
253773482 1 16161 R 9.0 1 3 60 7
254421392 2 16165 R 11.0 3 3 70 22
258829054 2 16448 R 5.0 5 1 302 23
263277414 2 16732 R 14.0 2 4 93 24
267079813 1 17013 R 6.0 3 2 42 8
267593495 2 17008 R 17.0 1 5 391 25
271418923 1 17291 R 3.0 5 1 16 9
271969656 2 17289 R 10.0 3 3 347 26
276441286 2 17575 R 4.0 5 1 299 27
280874696 2 17858 R 7.0 4 2 1170 28
285271855 2 18140 R 8.0 5 2 601 29
289658474 2 18421 R 13.0 2 4 1506 30
294043491 2 18701 R 7.0 5 2 41 31
297875883 1 18984 R 9.0 2 3 64 10
298445444 2 18983 R 5.0 6 1 303 32
302816022 2 19263 R 11.0 4 3 343 33
306669565 1 19547 R 12.0 1 4 86 11
307313827 2 19551 R 17.0 2 5 1244 34
311087060 1 19829 R 3.0 6 1 294 12
311699826 2 19831 R 16.0 1 5 1838 35
315549153 1 20115 R 6.0 4 2 617 13
316075629 2 20111 R 13.0 3 4 933 36
329263215 2 20955 R 14.0 3 4 1776 37
333166897 1 21243 R 9.0 3 3 67 14
333649203 2 21236 R 10.0 4 3 1758 38
337537553 1 21522 R 12.0 2 4 88 15
338119021 2 21522 R 4.0 6 1 1989 39
341876370 1 21800 R 3.0 7 1 13 16
342508836 2 21803 R 5.0 7 1 1149 40
350714755 1 22366 R 6.0 5 2 38 17
351290629 2 22365 R 8.0 6 2 2302 41
355676560 2 22646 R 7.0 6 2 2011 42
363927394 1 23211 R 9.0 4 3 60 18
368942176 2 23495 R 16.0 2 5 3496 43
373375118 2 23778 R 17.0 3 5 3494 44
377234428 1 24063 R 15.0 1 5 115 19
377776717 2 24060 R 11.0 5 3 2888 45
381573545 1 24341 R 12.0 3 4 372 20
382147009 2 24340 R 19.0 1 6 3798 46
386005794 1 24624 R 3.0 8 1 18 21
386579291 2 24624 R 4.0 8 1 580 47
390407378 1 24906 R 6.0 6 2 42 22
390940465 2 24903 R 17.0 4 5 2366 48
395326451 2 25183 R 20.0 1 6 4080 49
399183263 1 25468 R 9.0 5 3 63 23
408053176 1 26035 R 12.0 4 4 90 24
408562383 2 26030 R 5.0 8 1 2841 50
412361381 1 26311 R 15.0 2 5 107 25
412948598 2 26311 R 13.0 4 4 4603 51
417417566 2 26597 R 4.0 9 1 22 52
421293507 1 26883 R 18.0 1 6 140 26
421779167 2 26876 R 19.0 2 6 4079 53
425663237 1 27162 R 3.0 9 1 18 27
426164858 2 27157 R 8.0 7 2 5398 54
430002350 1 27440 R 6.0 7 2 38 28
430642858 2 27444 R 14.0 4 4 6008 55
435013222 2 27723 R 20.0 2 6 4362 56
438840724 1 28006 R 9.0 6 3 63 29
439408965 2 28005 R 16.0 4 5 3782 57
443863325 2 28290 R 16.0 3 5 6316 58
448265007 2 28571 R 14.0 5 4 4876 59
452054069 1 28851 R 15.0 3 5 109 30
452635140 2 28851 R 5.0 9 1 3122 60
456424376 1 29131 R 12.0 5 4 362 31
457066197 2 29135 R 13.0 6 4 3756 61
460888493 1 29417 R 18.0 2 6 136 32
461420784 2 29413 R 4.0 10 1 300 62
465321190 1 29700 R 3.0 10 1 19 33
465834273 2 29696 R 10.0 5 3 7674 63
470296509 2 29981 R 10.0 6 3 5417 64
474127841 1 30264 R 6.0 8 2 42 34
474689994 2 30263 R 7.0 9 2 2014 65
478498206 1 30544 R 9.0 7 3 63 35
479050601 2 30542 R 8.0 8 2 7088 66
482963018 1 30830 R 15.0 4 5 117 36
483509071 2 30827 R 13.0 5 4 7425 67
487879439 2 31107 R 11.0 6 3 7108 68
491676047 1 31387 R 12.0 6 4 84 37
492300567 2 31390 R 14.0 6 4 5161 69
496672974 2 31670 R 10.0 7 3 5136 70
500483468 1 31951 R 18.0 3 6 132 38
501059204 2 31950 R 5.0 10 1 3683 71
504978654 1 32239 R 3.0 11 1 20 39
505536661 2 32237 R 20.0 3 6 7186 72
509317415 1 32516 R 9.0 8 3 62 40
509907102 2 32517 R 11.0 7 3 6264 73
513750147 1 32800 R 6.0 9 2 41 41
514340301 2 32800 R 4.0 11 1 1431 74
518700334 2 33079 R 8.0 9 2 7376 75
522557913 1 33364 R 15.0 5 5 120 42
523151106 2 33364 R 7.0 10 2 2580 76
527511648 2 33643 R 17.0 5 5 8573 77
531333448 1 33925 R 12.0 7 4 86 43
531973668 2 33929 R 10.0 8 3 4859 78
535797680 1 34211 R 3.0 12 1 18 44
536367300 2 34210 R 4.0 12 1 300 79
540230774 1 34495 R 18.0 4 6 137 45
540728130 2 34489 R 19.0 3 6 8871 80
544632163 1 34776 R 9.0 9 3 351 46
545114056 2 34770 R 17.0 6 5 7151 81
549002521 1 35056 R 6.0 10 2 41 47
549593865 2 35056 R 16.0 6 5 5474 82
554042544 2 35341 R 8.0 10 2 7938 83
562152892 1 35898 R 15.0 6 5 110 48
562812374 2 35902 R 16.0 5 5 9136 84
567213982 2 36184 R 13.0 7 4 8554 85
570990870 1 36463 R 12.0 8 4 85 49
571560281 2 36462 R 4.0 13 1 13 86
575457469 1 36749 R 18.0 5 6 136 50
575972215 2 36745 R 14.0 7 4 7979 87
579781015 1 37026 R 3.0 13 1 297 51
584198255 1 37309 R 9.0 10 3 632 52
584812804 2 37310 R 5.0 11 1 3967 88
588660542 1 37594 R 6.0 11 2 610 53
593594766 2 37872 R 19.0 4 6 10284 89
597980413 2 38153 R 17.0 7 5 8576 90
601872633 1 38440 R 9.0 11 3 65 54
602423156 2 38438 R 8.0 11 2 8780 91
606323295 1 38725 R 15.0 7 5 116 55
606887139 2 38723 R 14.0 8 4 7135 92
610615730 1 38999 R 3.0 14 1 298 56
611201136 2 38999 R 11.0 8 3 10493 93
615126524 1 39288 R 12.0 9 4 659 57
615666872 2 39285 R 10.0 9 3 8519 94
619481263 1 39567 R 18.0 6 6 698 58
620027944 2 39564 R 20.0 4 6 11975 95
623912429 1 39850 R 6.0 12 2 324 59
624413617 2 39845 R 7.0 11 2 6516 96
628251054 1 40128 R 9.0 12 3 62 60
632684142 1 40412 R 15.0 8 5 111 61
633244422 2 40410 R 13.0 8 4 10801 97
646460962 2 41256 R 11.0 9 3 10777 98
650304257 1 41539 R 12.0 10 4 86 62
650846479 2 41537 R 16.0 7 5 9975 99
654752998 1 41824 R 3.0 15 1 302 63
659169980 1 42107 R 18.0 7 6 419 64
659677642 2 42102 R 8.0 12 2 9915 100
663556227 1 42387 R 6.0 13 2 609 65
664140018 2 42387 R 19.0 6 6 10567 101
667971441 1 42670 R 9.0 13 3 915 66
668533650 2 42669 R 4.0 15 1 1991 102
672894421 2 42948 R 17.0 8 5 11105 103
676747128 1 43232 R 15.0 9 5 118 67
677280176 2 43228 R 7.0 12 2 7365 104
681723036 2 43513 R 13.0 9 4 11656 105
685616533 1 43799 R 9.0 14 3 68 68
686155352 2 43796 R 4.0 16 1 581 106
689924883 1 44075 R 6.0 14 2 319 69
690545432 2 44077 R 20.0 7 6 9720 107
694328599 1 44357 R 12.0 11 4 367 70
698776860 1 44642 R 3.0 16 1 298 71
699327938 2 44639 R 11.0 10 3 12185 108
703193905 1 44924 R 18.0 8 6 416 72
703713582 2 44920 R 14.0 9 4 11080 109
707593979 1 45206 R 15.0 10 5 394 73
708183612 2 45206 R 17.0 9 5 10834 110
711994952 1 45488 R 6.0 15 2 41 74
712544549 2 45485 R 13.0 10 4 11368 111
717006649 2 45771 R 11.0 11 3 11344 112
721399450 2 46052 R 4.0 17 1 866 113
725176767 1 46331 R 18.0 9 6 131 75
725761049 2 46331 R 10.0 10 3 13597 114
729640877 1 46617 R 9.0 15 3 355 76
730146616 2 46612 R 19.0 7 6 12253 115
733997782 1 46896 R 12.0 12 4 367 77
734626426 2 46898 R 20.0 6 6 14232 116
738477379 1 47182 R 3.0 17 1 305 78
739074762 2 47183 R 7.0 13 2 8781 117
742845934 1 47462 R 15.0 11 5 675 79
747788634 2 47741 R 10.0 11 3 13028 118
751589914 1 48022 R 6.0 16 2 37 80
752174688 2 48022 R 13.0 11 4 12206 119
756023418 1 48305 R 18.0 10 6 132 81
761004772 2 48587 R 16.0 8 5 14209 120
764829909 1 48869 R 9.0 16 3 63 82
765455109 2 48872 R 4.0 18 1 1147 121
769218485 1 49150 R 15.0 12 5 108 83
769845590 2 49152 R 17.0 10 5 13084 122
773635576 1 49433 R 3.0 18 1 297 84
774278095 2 49436 R 19.0 8 6 12824 123
778097953 1 49718 R 12.0 13 4 660 85
778679351 2 49718 R 5.0 12 1 3693 124
783039169 2 49997 R 4.0 19 1 16 125
786904378 1 50282 R 6.0 17 2 42 86
787438371 2 50278 R 10.0 12 3 13594 126
791823805 2 50559 R 7.0 14 2 9619 127
795680548 1 50843 R 12.0 14 4 85 87
796302063 2 50846 R 14.0 10 4 14746 128
800053061 1 51123 R 9.0 17 3 337 88
800672098 2 51125 R 20.0 8 6 14230 129
804563962 1 51412 R 3.0 19 1 297 89
805044871 2 51405 R 11.0 12 3 15001 130
808918924 1 51691 R 18.0 11 6 697 90
809510517 2 51691 R 10.0 16 3 7112 131
813349904 1 51974 R 15.0 13 5 393 91
813871471 2 51970 R 10.0 13 3 13310 132
818257374 2 52251 R 10.0 14 3 11617 133
822734826 2 52537 R 10.0 15 3 9932 134
827105186 2 52817 R 16.0 9 5 15616 135
831000795 1 53104 R 12.0 15 4 92 92
831538495 2 53101 R 17.0 12 5 11956 136
835386970 1 53385 R 3.0 20 1 300 93
835899045 2 53380 R 20.0 10 6 11407 137
839741762 1 53663 R 6.0 18 2 612 94
840284974 2 53661 R 14.0 11 4 15034 138
844190193 1 53948 R 9.0 18 3 629 95
844727020 2 53945 R 5.0 13 1 2548 139
848574452 1 54229 R 18.0 12 6 699 96
849159874 2 54229 R 4.0 20 1 1991 140
853007322 1 54512 R 15.0 14 5 112 97
853520638 2 54508 R 19.0 9 6 15641 141
857408285 1 54794 R 6.0 19 2 42 98
857906893 2 54788 R 7.0 15 2 11313 142
861778866 1 55074 R 12.0 16 4 87 99
866213875 1 55358 R 9.0 19 3 67 100
866737611 2 55354 R 13.0 15 4 11371 143
870600348 1 55638 R 3.0 21 1 302 101
871123673 2 55634 R 13.0 13 4 16156 144
874953282 1 55917 R 18.0 13 6 412 102
875601387 2 55921 R 16.0 10 5 15903 145
879971801 2 56201 R 19.0 11 6 12539 146
884343635 2 56480 R 20.0 9 6 16766 147
888259740 1 56768 R 15.0 15 5 115 103
892631347 1 57048 R 6.0 20 2 41 104
893170150 2 57045 R 5.0 14 1 3121 148
897017753 1 57329 R 3.0 22 1 301 105
897556294 2 57326 R 10.0 18 3 8797 149
901497705 1 57616 R 12.0 17 4 373 106
902034256 2 57613 R 7.0 16 2 11598 150
905803466 1 57891 R 9.0 20 3 629 107
906404916 2 57892 R 19.0 10 6 16202 151
910267733 1 58177 R 18.0 14 6 136 108
910837884 2 58176 R 10.0 17 3 11618 152
915198305 2 58455 R 17.0 11 5 19564 153
919105475 1 58743 R 3.0 23 1 21 109
919584293 2 58736 R 20.0 12 6 11124 154
924026995 2 59020 R 13.0 17 4 11089 155
928480803 2 59305 R 4.0 22 1 2557 156
932318886 1 59588 R 15.0 16 5 113 110
932819742 2 59583 R 5.0 15 1 3111 157
936688897 1 59868 R 6.0 21 2 322 111
937206362 2 59864 R 16.0 11 5 17305 158
941028236 1 60146 R 12.0 18 4 366 112
945460924 1 60429 R 9.0 21 3 625 113
946036929 2 60429 R 17.0 14 5 14213 159
949862778 1 60711 R 18.0 15 6 132 114
950422990 2 60709 R 17.0 13 5 16743 160
954357427 1 60999 R 3.0 24 1 21 115
954900768 2 60996 R 16.0 12 5 16748 161
959270646 2 61276 R 10.0 20 3 8802 162
963102122 1 61558 R 6.0 22 2 40 116
963643449 2 61556 R 13.0 14 4 19821 163
967535561 1 61842 R 15.0 17 5 112 117
968108849 2 61841 R 4.0 23 1 3117 164
972470097 2 62120 R 20.0 14 6 10283 165
976342043 1 62406 R 9.0 22 3 65 118
976855447 2 62401 R 5.0 16 1 3401 166
980712698 1 62685 R 12.0 19 4 85 119
981325540 2 62687 R 4.0 24 1 1991 167
985686655 2 62966 R 19.0 15 6 10846 168
989582747 1 63253 R 18.0 16 6 136 120
990072650 2 63247 R 10.0 19 3 12746 169
998406750 1 63818 R 6.0 23 2 43 121
998903223 2 63812 R 14.0 14 4 17565 170
1002822499 1 64101 R 3.0 25 1 305 122
1003353698 2 64097 R 19.0 14 6 14232 171
1007193203 1 64380 R 15.0 18 5 110 123
1007743522 2 64378 R 13.0 16 4 18140 172
1011531489 1 64658 R 9.0 23 3 62 124
1015964993 1 64942 R 18.0 17 6 132 125
1016525202 2 64940 R 19.0 12 6 19303 173
1020366605 1 65223 R 12.0 20 4 372 126
1020910551 2 65221 R 5.0 17 1 3674 174
1029741752 2 65786 R 16.0 13 5 20995 175
1034203987 2 66071 R 20.0 11 6 21281 176
1038033604 1 66354 R 15.0 19 5 117 127
1038597126 2 66353 R 4.0 26 1 1145 177
1042450608 1 66637 R 3.0 26 1 309 128
1043015010 2 66635 R 20.0 15 6 12540 178
1046850335 1 66918 R 6.0 24 2 606 129
1047416634 2 66917 R 17.0 18 5 11672 179
1051251685 1 67200 R 12.0 21 4 89 130
1051775822 2 67196 R 4.0 27 1 13 180
1055622465 1 67480 R 18.0 18 6 134 131
1056174920 2 67478 R 10.0 21 3 13030 181
1060086352 1 67765 R 9.0 24 3 348 132
1060637099 2 67763 R 10.0 22 3 11352 182
1064393866 1 68041 R 6.0 25 2 38 133
1065038630 2 68045 R 13.0 18 4 17569 183
1068796048 1 68323 R 15.0 20 5 108 134
1069409078 2 68325 R 17.0 16 5 17590 184
1073791205 2 68605 R 19.0 16 6 14509 185
1077696360 1 68892 R 3.0 27 1 19 135
1078202506 2 68887 R 14.0 17 4 14744 186
1082660473 2 69173 R 7.0 18 2 13008 187
1087068175 2 69455 R 16.0 17 5 11955 188
1090846690 1 69734 R 12.0 22 4 95 136
1091463005 2 69736 R 4.0 28 1 300 189
1095279304 1 70018 R 6.0 26 2 41 137
1095824688 2 70015 R 17.0 15 5 21254 190
1099681624 1 70299 R 18.0 19 6 131 138
1100210521 2 70296 R 17.0 17 5 17587 191
1104051815 1 70579 R 9.0 25 3 345 139
1104690319 2 70583 R 16.0 14 5 20984 192
1109138872 2 70867 R 13.0 19 4 18137 193
1112921547 1 71147 R 15.0 21 5 111 140
1117353837 1 71431 R 3.0 28 1 21 141
1117852176 2 71425 R 20.0 13 6 22124 194
1122301548 2 71710 R 4.0 29 1 301 195
1126663153 2 71989 R 10.0 23 3 13591 196
1130567117 1 72276 R 18.0 20 6 137 142
1131049215 2 72270 R 11.0 14 3 15574 197
1134937189 1 72556 R 6.0 27 2 330 143
1135528364 2 72556 R 5.0 18 1 3405 198
1139276588 1 72834 R 12.0 23 4 649 144
1139897276 2 72836 R 20.0 18 6 12255 199
1143709298 1 73117 R 9.0 26 3 633 145
1144293163 2 73117 R 13.0 21 4 15603 200
1148111001 1 73399 R 15.0 22 5 110 146
1148690734 2 73399 R 10.0 24 3 13031 201
1152605713 1 73687 R 3.0 29 1 21 147
1153076795 2 73679 R 10.0 25 3 10769 202
1165756571 1 74528 R 18.0 21 6 132 148
1166342201 2 74528 R 19.0 18 6 15923 203
1170189143 1 74812 R 6.0 28 2 329 149
1174590982 1 75094 R 12.0 24 4 369 150
1175123842 2 75090 R 13.0 23 4 13333 204
1178961116 1 75373 R 9.0 27 3 345 151
1179509907 2 75371 R 17.0 21 5 12518 205
1183425527 1 75659 R 15.0 23 5 396 152
1188340480 2 75936 R 16.0 18 5 15905 206
1192138194 1 76217 R 3.0 30 1 13 153
1192802551 2 76222 R 13.0 20 4 20948 207
1201601298 2 76785 R 4.0 30 1 3124 208
1205476486 1 77070 R 18.0 22 6 139 154
1209846615 1 77350 R 6.0 29 2 326 155
1210368041 2 77346 R 19.0 17 6 24966 209
1214185946 1 77628 R 12.0 25 4 367 156
1214753963 2 77627 R 20.0 16 6 21841 210
1218618885 1 77911 R 15.0 24 5 392 157
1219231894 2 77913 R 17.0 19 5 20414 211
1223022227 1 78193 R 9.0 28 3 628 158
1223602174 2 78193 R 19.0 19 6 16769 212
1227390563 1 78473 R 3.0 31 1 298 159
1228065585 2 78479 R 5.0 19 1 4255 213
1232374160 2 78754 R 11.0 15 3 16131 214
1236260476 1 79041 R 18.0 23 6 135 160
1236846147 2 79041 R 13.0 22 4 19824 215
1241263318 2 79323 R 17.0 20 5 19002 216
1245098282 1 79606 R 6.0 30 2 43 161
1245592599 2 79600 R 13.0 24 4 15591 217
1249499763 1 79888 R 9.0 29 3 66 162
1253870748 1 80168 R 15.0 25 5 110 163
1254423232 2 80165 R 20.0 19 6 17896 218
1258334868 1 80453 R 12.0 26 4 378 164
1258808574 2 80446 R 5.0 20 1 3691 219
1262642088 1 80729 R 3.0 32 1 14 165
1267639785 2 81011 R 10.0 28 3 11621 220
1271449219 1 81293 R 6.0 31 2 38 166
1272101864 2 81297 R 19.0 22 6 13668 221
1275945232 1 81580 R 18.0 24 6 134 167
1276495125 2 81578 R 4.0 32 1 3120 222
1280284114 1 81858 R 9.0 30 3 343 168
1280912901 2 81861 R 10.0 29 3 10497 223
1285306830 2 82142 R 19.0 20 6 18745 224
1289122704 1 82424 R 15.0 26 5 110 169
1289667292 2 82421 R 14.0 22 4 15597 225
1293523973 1 82705 R 12.0 27 4 87 170
1294052635 2 82702 R 5.0 21 1 3403 226
1297911719 1 82986 R 6.0 32 2 39 171
1298531062 2 82988 R 19.0 21 6 17618 227
1302358568 1 83271 R 3.0 33 1 303 172
1302901420 2 83268 R 20.0 20 6 18459 228
1307333747 2 83552 R 4.0 33 1 3119 229
1311196609 1 83836 R 9.0 31 3 66 173
1311694885 2 83831 R 17.0 22 5 18441 230
1315598915 1 84118 R 18.0 25 6 136 174
1316080728 2 84112 R 7.0 19 2 12725 231
1319969147 1 84398 R 15.0 27 5 400 175
1320523501 2 84396 R 10.0 30 3 11055 232
1324308253 1 84676 R 12.0 28 4 362 176
1324977299 2 84681 R 4.0 34 1 2271 233
1328740963 1 84959 R 6.0 33 2 326 177
1329316952 2 84959 R 13.0 27 4 14466 234
1333142088 1 85241 R 3.0 34 1 15 178
1333702941 2 85239 R 16.0 20 5 20133 235
1342533590 2 85805 R 13.0 28 4 12782 236
1346919548 2 86085 R 14.0 23 4 16725 237
1350854717 1 86375 R 18.0 26 6 140 179
1351397285 2 86372 R 20.0 21 6 18745 238
1355193889 1 86652 R 12.0 29 4 372 180
1355767715 2 86652 R 16.0 24 5 11389 239
1359626399 1 86936 R 9.0 32 3 349 181
1360140007 2 86931 R 17.0 24 5 17306 240
1364028227 1 87218 R 15.0 28 5 675 182
1364605503 2 87217 R 4.0 35 1 2275 241
1368398425 1 87497 R 6.0 34 2 319 183
1368966753 2 87496 R 10.0 32 3 10209 242
1372862065 1 87783 R 3.0 35 1 19 184
1373352016 2 87777 R 5.0 22 1 3401 243
1377170560 1 88059 R 18.0 27 6 130 185
1377830542 2 88064 R 20.0 24 6 12540 244
1382200799 2 88343 R 13.0 25 4 21799 245
1386102350 1 88630 R 12.0 30 4 90 186
1386633706 2 88627 R 17.0 23 5 21539 246
1390472833 1 88910 R 9.0 33 3 352 187
1390994273 2 88906 R 19.0 23 6 19304 247
1395380185 2 89187 R 11.0 16 3 16977 248
1399217686 1 89470 R 15.0 29 5 118 188
1399822975 2 89471 R 16.0 22 5 19283 249
1403650384 1 89753 R 6.0 35 2 324 189
1404276660 2 89756 R 4.0 36 1 2271 250
1408051646 1 90035 R 3.0 36 1 16 190
1408615634 2 90034 R 5.0 23 1 3111 251
1413002339 2 90315 R 19.0 24 6 18457 252
1416828034 1 90597 R 18.0 28 6 131 191
1421291986 1 90883 R 9.0 34 3 342 192
1421832822 2 90880 R 10.0 31 3 15566 253
1425724732 1 91166 R 12.0 31 4 89 193
1426218845 2 91160 R 20.0 23 6 18458 254
1430696656 2 91447 R 16.0 23 5 18724 255
1435066548 2 91727 R 14.0 28 4 9385 256
1438937656 1 92012 R 15.0 30 5 117 194
1439439353 2 92006 R 10.0 33 3 12744 257
1443325595 1 92293 R 18.0 29 6 135 195
1443904825 2 92292 R 4.0 37 1 2274 258
1447742607 1 92575 R 3.0 37 1 306 196
1448266007 2 92571 R 20.0 26 6 13383 259
1452079766 1 92853 R 6.0 36 2 600 197
1452651267 2 92852 R 5.0 24 1 3401 260
1456480962 1 93135 R 9.0 35 3 62 198
1457129288 2 93139 R 10.0 35 3 9931 261
1461500092 2 93418 R 19.0 26 6 16769 262
1465382137 1 93704 R 12.0 32 4 93 199
1465932795 2 93702 R 7.0 20 2 12162 263
1469720955 1 93982 R 3.0 38 1 15 200
1470293600 2 93981 R 17.0 29 5 13370 264
1474154453 1 94266 R 15.0 31 5 110 201
1474679091 2 94262 R 10.0 36 3 9088 265
1478555908 1 94547 R 6.0 37 2 326 202
1479122197 2 94546 R 13.0 32 4 12499 266
1482926495 1 94827 R 18.0 30 6 412 203
1483576015 2 94831 R 4.0 38 1 2271 267
1487915017 2 95109 R 5.0 25 1 3111 268
1492301574 2 95390 R 17.0 27 5 19280 269
1500606467 1 95959 R 9.0 36 3 75 204
1501132153 2 95955 R 10.0 34 3 14721 270
1505040016 1 96242 R 15.0 32 5 113 205
1505518207 2 96236 R 20.0 25 6 19021 271
1509443382 1 96524 R 6.0 38 2 332 206
1509995993 2 96522 R 16.0 25 5 18719 272
1513766777 1 96801 R 3.0 39 1 300 207
1514366275 2 96802 R 13.0 30 4 18981 273
1518184241 1 97084 R 12.0 33 4 938 208
1518738589 2 97082 R 14.0 25 4 22643 274
1522584014 1 97365 R 18.0 31 6 978 209
1523204203 2 97367 R 4.0 39 1 2274 275
1527564908 2 97647 R 10.0 37 3 9930 276
1531390387 1 97929 R 9.0 37 3 63 210
1531950727 2 97927 R 5.0 26 1 3401 277
1535885753 1 98217 R 6.0 39 2 45 211
1536429024 2 98214 R 16.0 28 5 17330 278
1540196270 1 98492 R 18.0 32 6 131 212
1540799455 2 98494 R 13.0 29 4 22920 279
1544582032 1 98773 R 3.0 40 1 299 213
1545232478 2 98777 R 17.0 31 5 13646 280
1549061924 1 99060 R 12.0 34 4 654 214
1549592502 2 99056 R 10.0 38 3 8800 281
1553430333 1 99339 R 15.0 33 5 391 215
1553978905 2 99337 R 16.0 26 5 18998 282
1558421452 2 99621 R 19.0 28 6 18740 283
1562875391 2 99906 R 4.0 40 1 2271 284
1566705252 1 100189 R 6.0 40 2 42 216
1567214758 2 100184 R 5.0 27 1 3111 285
1571013345 1 100465 R 12.0 35 4 90 217
1571601305 2 100465 R 20.0 27 6 18739 286
1575540440 1 100754 R 18.0 33 6 136 218
1579928276 1 101035 R 9.0 38 3 357 219
1580431954 2 101030 R 17.0 30 5 18434 287
1584345379 1 101318 R 3.0 41 1 303 220
1584817858 2 101311 R 16.0 29 5 14486 288
1588682838 1 101596 R 15.0 34 5 392 221
1589295699 2 101597 R 19.0 29 6 18180 289
1593666154 2 101877 R 13.0 33 4 17566 290
1598038329 2 102157 R 13.0 31 4 22639 291
1602503781 2 102443 R 4.0 41 1 2274 292
1606300912 1 102723 R 18.0 34 6 133 222
1606864969 2 102722 R 19.0 31 6 14228 293
1610671054 1 103003 R 6.0 41 2 325 223
1611250395 2 103002 R 5.0 28 1 3402 294
1615168594 1 103291 R 12.0 36 4 652 224
1615728325 2 103289 R 10.0 40 3 9084 295
1619554389 1 103571 R 3.0 42 1 300 225
1620099104 2 103569 R 19.0 30 6 17333 296
1623969643 1 103854 R 9.0 39 3 629 226
1624532143 2 103852 R 16.0 27 5 21821 297
1628340223 1 104134 R 15.0 35 5 114 227
1628892632 2 104131 R 13.0 36 4 13619 298
1632803986 1 104419 R 12.0 37 4 89 228
1633278628 2 104412 R 16.0 31 5 12793 299
1637112031 1 104695 R 6.0 42 2 324 229
1637720837 2 104697 R 10.0 41 3 8517 300
1641513808 1 104977 R 18.0 35 6 131 230
1642174976 2 104982 R 4.0 42 1 2271 301
1646514042 2 105259 R 5.0 29 1 3112 302
1650369204 1 105543 R 9.0 40 3 64 231
1650900700 2 105540 R 20.0 29 6 18176 303
1654753645 1 105824 R 3.0 43 1 305 232
1659186665 1 106108 R 15.0 36 5 110 233
1659731263 2 106105 R 10.0 39 3 13872 304
1664117175 2 106386 R 17.0 32 5 18432 305
1668595035 2 106672 R 13.0 35 4 17851 306
1672964981 2 106952 R 10.0 42 3 8802 307
1676804897 1 107235 R 18.0 36 6 134 234
1677337691 2 107232 R 20.0 28 6 22687 308
1681175038 1 107515 R 6.0 43 2 326 235
1681803119 2 107518 R 4.0 43 1 2274 309
1685639301 1 107801 R 12.0 38 4 662 236
1686164294 2 107797 R 13.0 38 4 13061 310
1690072002 1 108084 R 9.0 41 3 348 237
1690549700 2 108078 R 5.0 30 1 3402 311
1694475790 1 108366 R 15.0 37 5 395 238
1695028151 2 108364 R 16.0 33 5 12797 312
1698843914 1 108646 R 3.0 44 1 306 239
1699398432 2 108644 R 13.0 34 4 22363 313
1703831585 2 108928 R 16.0 32 5 15337 314
1708191882 2 109207 R 17.0 36 5 12522 315
1711994346 1 109487 R 18.0 37 6 131 240
1712577941 2 109487 R 17.0 33 5 19568 316
1716427271 1 109771 R 15.0 38 5 108 241
1717020496 2 109772 R 20.0 31 6 18179 317
1720828345 1 110053 R 12.0 39 4 86 242
1721474306 2 110057 R 4.0 44 1 2270 318
1725323945 1 110341 R 6.0 44 2 328 243
1725813401 2 110334 R 5.0 31 1 3112 319
1729662592 1 110618 R 9.0 42 3 64 244
1730200011 2 110615 R 20.0 34 6 11407 320
1734095447 1 110902 R 3.0 45 1 18 245
1739030589 2 111180 R 20.0 33 6 14511 321
1743416563 2 111461 R 13.0 37 4 19256 322
1747308739 1 111748 R 18.0 38 6 136 246
1747894285 2 111748 R 17.0 34 5 19003 323
1752264633 2 112027 R 20.0 32 6 17896 324
1756637023 2 112307 R 10.0 43 3 12188 325
1760490257 1 112591 R 15.0 39 5 108 247
1761102429 2 112593 R 4.0 45 1 2275 326
1764862219 1 112871 R 6.0 45 2 316 248
1765463681 2 112872 R 19.0 33 6 19586 327
1769373209 1 113160 R 3.0 46 1 298 249
1769848954 2 113153 R 5.0 32 1 3401 328
1773728245 1 113438 R 12.0 40 4 930 250
1774327463 2 113439 R 17.0 35 5 19001 329
1778158906 1 113722 R 9.0 43 3 916 251
1778697819 2 113719 R 14.0 35 4 13901 330
1782498185 1 114000 R 18.0 39 6 132 252
1783130695 2 114003 R 11.0 17 3 19234 331
1787491200 2 114282 R 19.0 34 6 18739 332
1791385460 1 114568 R 15.0 40 5 113 253
1791877255 2 114562 R 13.0 39 4 17283 333
1795740099 1 114847 R 3.0 47 1 298 254
1796319812 2 114847 R 16.0 34 5 16756 334
1800188627 1 115132 R 12.0 41 4 371 255
1800773624 2 115132 R 4.0 46 1 2271 335
1804605629 1 115415 R 6.0 46 2 607 256
1805112635 2 115410 R 5.0 33 1 3111 336
1809005403 1 115696 R 9.0 44 3 348 257
1809499327 2 115690 R 17.0 38 5 13643 337
1818329895 2 116255 R 10.0 44 3 14165 338
1822157609 1 116538 R 18.0 40 6 133 258
1822715470 2 116536 R 10.0 46 3 9366 339
1826588358 1 116821 R 3.0 48 1 297 259
1827193589 2 116823 R 19.0 37 6 14232 340
1831052758 1 117107 R 15.0 41 5 113 260
1831564028 2 117102 R 16.0 35 5 16189 341
1835360082 1 117383 R 12.0 42 4 85 261
1835936328 2 117382 R 13.0 41 4 17871 342
1839761472 1 117665 R 6.0 47 2 38 262
1840401822 2 117668 R 4.0 47 1 2275 343
1844763011 2 117947 R 14.0 36 4 15308 344
1848662483 1 118234 R 9.0 45 3 67 263
1849148274 2 118228 R 5.0 34 1 3401 345
1853626771 2 118514 R 16.0 36 5 14772 346
1857997135 2 118794 R 10.0 45 3 14164 347
1861812491 1 119076 R 3.0 49 1 16 264
1862430021 2 119078 R 17.0 37 5 19853 348
1866246046 1 119360 R 18.0 41 6 136 265
1866790630 2 119357 R 10.0 47 3 10213 349
1870647662 1 119641 R 15.0 42 5 396 266
1871176513 2 119638 R 20.0 36 6 15074 350
1875619275 2 119922 R 14.0 37 4 14747 351
1879423068 1 120203 R 12.0 43 4 86 267
1880073011 2 120207 R 4.0 48 1 2271 352
1883887364 1 120489 R 6.0 48 2 327 268
1884411948 2 120485 R 5.0 35 1 3111 353
1888320300 1 120772 R 9.0 46 3 632 269
1888798659 2 120765 R 20.0 35 6 19023 354
1897629146 2 121331 R 19.0 36 6 20713 355
1902015154 2 121611 R 19.0 39 6 13947 356
1905940644 1 121900 R 18.0 42 6 137 270
1906492908 2 121898 R 10.0 48 3 10773 357
1910263843 1 122177 R 3.0 50 1 304 271
1910863268 2 122178 R 13.0 45 4 12219 358
1914681366 1 122459 R 15.0 43 5 677 272
1915235664 2 122457 R 11.0 18 3 17824 359
1919067354 1 122740 R 12.0 44 4 653 273
1919701143 2 122743 R 4.0 49 1 2275 360
1923546794 1 123027 R 6.0 49 2 607 274
1924062311 2 123022 R 16.0 37 5 17307 361
1927977776 1 123310 R 9.0 47 3 915 275
1928447661 2 123303 R 5.0 36 1 3401 362
1932926010 2 123590 R 17.0 40 5 16748 363
1937296401 2 123869 R 13.0 43 4 18417 364
1941128147 1 124152 R 18.0 43 6 133 276
1941729358 2 124153 R 14.0 38 4 16440 365
1945560295 1 124436 R 3.0 51 1 18 277
1946089906 2 124432 R 20.0 37 6 17046 366
1949962619 1 124717 R 15.0 44 5 111 278
1950475820 2 124713 R 13.0 44 4 17007 367
1954332749 1 124997 R 6.0 50 2 328 279
1954918107 2 124997 R 10.0 50 3 9926 368
1958796793 1 125283 R 9.0 48 3 633 280
1959372311 2 125282 R 4.0 50 1 2271 369
1963104945 1 125559 R 12.0 45 4 647 281
1963711391 2 125560 R 5.0 37 1 3111 370
1968097889 2 125841 R 16.0 40 5 12512 371
1976442656 1 126412 R 15.0 45 5 115 282
1976928452 2 126406 R 13.0 42 4 22653 372
1980830467 1 126693 R 18.0 44 6 136 283
1981314105 2 126686 R 10.0 51 3 9645 373
1985247486 1 126976 R 3.0 52 1 304 284
1985792287 2 126973 R 19.0 40 6 17335 374
1989633542 1 127256 R 9.0 49 3 634 285
1990162591 2 127253 R 16.0 39 5 16471 375
1993988276 1 127535 R 6.0 51 2 604 286
1994534913 2 127533 R 20.0 39 6 15921 376
1998356840 1 127815 R 12.0 46 4 365 287
1999000465 2 127818 R 4.0 51 1 2274 377
2003361616 2 128097 R 19.0 41 6 16485 378
2007747033 2 128378 R 5.0 38 1 3401 379
2012225316 2 128665 R 17.0 42 5 16466 380
2016037681 1 128946 R 18.0 45 6 135 288
2016595760 2 128944 R 16.0 38 5 20692 381
2020470357 1 129230 R 15.0 46 5 394 289
2021028684 2 129228 R 20.0 38 6 19872 382
2024810785 1 129508 R 9.0 50 3 63 290
2025389288 2 129507 R 20.0 40 6 15357 383
2029259750 1 129792 R 3.0 53 1 297 291
2029775188 2 129788 R 10.0 52 3 10772 384
2033677051 1 130075 R 6.0 52 2 602 292
2034217756 2 130072 R 19.0 44 6 10847 385
2038014302 1 130353 R 12.0 47 4 650 293
2038671567 2 130357 R 4.0 52 1 2271 386
2043010611 2 130635 R 5.0 39 1 3111 387
2047397203 2 130916 R 20.0 41 6 14510 388
2055632533 1 131480 R 18.0 46 6 130 294
2056227830 2 131481 R 17.0 41 5 22104 389
2060127656 1 131768 R 6.0 53 2 332 295
2060613764 2 131762 R 19.0 42 6 17891 390
2064466935 1 132046 R 15.0 47 5 678 296
2065091675 2 132048 R 17.0 43 5 18158 391
2068886197 1 132329 R 12.0 48 4 652 297
2069461964 2 132328 R 11.0 19 3 13879 392
2073365774 1 132615 R 3.0 54 1 305 298
2073834213 2 132608 R 14.0 41 4 17284 393
2077671555 1 132891 R 9.0 51 3 626 299
2078299699 2 132894 R 4.0 53 1 2274 394
2082660877 2 133173 R 10.0 54 3 10206 395
2086541057 1 133458 R 12.0 49 4 89 300
2087046215 2 133453 R 5.0 40 1 3402 396
2090974155 1 133742 R 6.0 54 2 323 301
2091524707 2 133740 R 20.0 43 6 13103 397
2095375874 1 134024 R 18.0 47 6 418 302
2095895011 2 134020 R 13.0 46 4 21514 398
2099746238 1 134304 R 15.0 48 5 112 303
2100327982 2 134303 R 10.0 53 3 13317 399
2104688120 2 134582 R 10.0 55 3 9655 400
2108523438 1 134865 R 9.0 52 3 62 304
2109074520 2 134863 R 13.0 48 4 18697 401
2112909907 1 135146 R 3.0 55 1 300 305
2113517153 2 135147 R 19.0 43 6 18743 402
2117325337 1 135429 R 12.0 50 4 366 306
2117970958 2 135433 R 4.0 54 1 2271 403
2122310030 2 135710 R 5.0 41 1 3111 404
2126226293 1 135998 R 15.0 49 5 115 307
2126696582 2 135991 R 13.0 49 4 18122 405
2130565156 1 136276 R 6.0 55 2 328 308
2134998188 1 136560 R 18.0 48 6 416 309
2135527162 2 136556 R 20.0 42 6 18458 406
2139399459 1 136841 R 12.0 51 4 86 310
2139913072 2 136837 R 16.0 42 5 17869 407
2143769942 1 137121 R 9.0 53 3 347 311
2144390858 2 137123 R 14.0 43 4 17009 408
2148761213 2 137403 R 14.0 44 4 14747 409
2152639150 1 137689 R 3.0 56 1 20 312
2153133527 2 137683 R 16.0 41 5 21536 410
2157599012 2 137969 R 4.0 55 1 2274 411
2161353237 1 138246 R 15.0 50 5 105 313
2161960184 2 138248 R 17.0 48 5 13929 412
2165879631 1 138536 R 6.0 56 2 328 314
2166345613 2 138529 R 5.0 42 1 3402 413
2170250147 1 138816 R 18.0 49 6 419 315
2170824041 2 138815 R 13.0 52 4 14180 414
2175194323 2 139095 R 14.0 42 4 21233 415
2179627423 2 139379 R 13.0 51 4 17008 416
2183399952 1 139657 R 12.0 52 4 85 316
2183987845 2 139658 R 10.0 57 3 10209 417
2187881767 1 139944 R 9.0 54 3 347 317
2188373824 2 139938 R 16.0 43 5 18437 418
2192234546 1 140223 R 3.0 57 1 300 318
2192816397 2 140223 R 17.0 47 5 17872 419
2196605196 1 140503 R 15.0 51 5 108 319
2197270200 2 140508 R 4.0 56 1 2271 420
2201068733 1 140788 R 6.0 57 2 41 320
2201609303 2 140785 R 5.0 43 1 3112 421
2205502096 1 141072 R 18.0 50 6 136 321
2205995908 2 141066 R 20.0 44 6 18176 422
2214826541 2 141631 R 10.0 56 3 14159 423
2219212504 2 141912 R 16.0 44 5 18435 424
2223119913 1 142200 R 12.0 53 4 91 322
2223690258 2 142199 R 20.0 46 6 15079 425
2227508194 1 142480 R 15.0 52 5 115 323
2228060684 2 142478 R 13.0 54 4 12779 426
2231925284 1 142763 R 3.0 58 1 308 324
2232432911 2 142758 R 17.0 49 5 16179 427
2236311208 1 143044 R 9.0 55 3 634 325
2236898332 2 143044 R 4.0 57 1 2275 428
2240666009 1 143322 R 6.0 58 2 604 326
2241259238 2 143323 R 10.0 59 3 9080 429
2245159637 1 143610 R 18.0 51 6 981 327
2245644854 2 143604 R 5.0 44 1 3402 430
2250123424 2 143890 R 19.0 47 6 17897 431
2253903607 1 144170 R 3.0 59 1 16 328
2254493754 2 144170 R 13.0 53 4 17002 432
2258926598 2 144454 R 10.0 58 3 13040 433
2262742264 1 144735 R 12.0 54 4 87 329
2263287096 2 144733 R 16.0 45 5 18724 434
2267144313 1 145017 R 15.0 53 5 111 330
2267673163 2 145013 R 19.0 49 6 14793 435
2271514383 1 145297 R 9.0 56 3 348 331
2272115706 2 145298 R 20.0 48 6 13103 436
2275978566 1 145582 R 6.0 59 2 323 332
2276569521 2 145583 R 4.0 58 1 2271 437
2280411656 1 145866 R 18.0 52 6 700 333
2280908607 2 145861 R 5.0 45 1 3111 438
2285294879 2 146141 R 10.0 60 3 9928 439
2289218068 1 146430 R 3.0 60 1 20 334
2294125801 2 146706 R 19.0 46 6 22971 440
2298511786 2 146987 R 13.0 56 4 13337 441
2302400175 1 147273 R 18.0 53 6 135 335
2302989072 2 147274 R 10.0 61 3 9089 442
2306739288 1 147551 R 12.0 55 4 363 336
2307359930 2 147553 R 20.0 49 6 12539 443
2311171861 1 147835 R 9.0 57 3 350 337
2311732305 2 147833 R 19.0 48 6 19867 444
2315573542 1 148117 R 6.0 60 2 317 338
2316197722 2 148119 R 4.0 59 1 2275 445
2320069182 1 148404 R 15.0 54 5 960 339
2320558915 2 148398 R 16.0 49 5 12798 446
2324944170 2 148679 R 5.0 46 1 3401 447
2329422667 2 148965 R 14.0 48 4 21822 448
2333218555 1 149246 R 3.0 61 1 17 340
2333793029 2 149245 R 16.0 46 5 21248 449
2337652132 1 149530 R 18.0 54 6 136 341
2338225919 2 149529 R 17.0 50 5 20986 450
2342053329 1 149811 R 12.0 56 4 88 342
2342586414 2 149808 R 16.0 47 5 19564 451
2346424032 1 150091 R 15.0 55 5 110 343
2346971991 2 150089 R 10.0 62 3 9366 452
2350887931 1 150377 R 9.0 58 3 354 344
2351415102 2 150373 R 20.0 50 6 12539 453
2355195786 1 150652 R 6.0 61 2 320 345
2355868896 2 150658 R 4.0 60 1 2271 454
2360207856 2 150936 R 5.0 47 1 3111 455
2364127500 1 151224 R 3.0 62 1 21 346
2364594552 2 151216 R 19.0 51 6 15639 456
2372904017 1 151786 R 18.0 55 6 136 347
2373425123 2 151782 R 20.0 47 6 22124 457
2377242863 1 152063 R 12.0 57 4 86 348
2377811165 2 152062 R 19.0 53 6 11973 458
2382288810 2 152349 R 16.0 48 5 19278 459
2386081575 1 152629 R 15.0 56 5 109 349
2386659252 2 152629 R 19.0 50 6 19589 460
2390482895 1 152911 R 6.0 62 2 321 350
2391031500 2 152908 R 19.0 52 6 15355 461
2394853338 1 153190 R 9.0 59 3 625 351
2395497112 2 153194 R 4.0 61 1 2275 462
2399858209 2 153473 R 16.0 50 5 15335 463
