74907601 2 4677 R 4.0 1 1 14 1
77932326 1 4652 R 5.0 1 1 20 1
86739406 2 5434 R 3.0 1 1 20 2
95478256 2 5993 R 6.0 1 2 39 3
99952104 1 6061 R 8.0 1 2 44 2
101327298 2 6368 R 7.0 1 2 37 4
104307263 1 6340 R 5.0 2 1 305 3
105781919 2 6653 R 4.0 2 1 300 5
108659753 2 6837 R 3.0 2 1 13 6
108738452 1 6623 R 11.0 1 3 349 4
110136416 2 6931 R 10.0 1 3 60 7
121887958 1 7465 R 8.0 2 2 37 5
121968175 2 7689 R 9.0 1 3 67 8
123395639 2 7780 R 4.0 3 1 17 9
126354458 2 7969 R 6.0 2 2 42 10
127813630 2 8063 R 13.0 1 4 87 11
130709338 2 8248 R 12.0 1 4 85 12
130775443 1 8034 R 11.0 2 3 64 6
132199985 2 8343 R 10.0 2 3 348 13
135130325 1 8312 R 5.0 3 1 293 7
136679424 2 8630 R 7.0 2 2 329 14
139563241 2 8815 R 3.0 3 1 17 15
139578965 1 8597 R 14.0 1 4 371 8
143963121 1 8878 R 17.0 1 5 393 9
152791684 2 9661 R 12.0 2 4 89 16
152801217 1 9443 R 8.0 3 2 42 10
154260294 2 9755 R 13.0 2 4 88 17
157177792 2 9942 R 6.0 3 2 328 18
157203397 1 9725 R 17.0 2 5 114 11
158693752 2 10039 R 4.0 4 1 308 19
161591749 1 10006 R 11.0 3 3 353 12
161620923 2 10226 R 9.0 2 3 632 20
163095484 2 10321 R 7.0 3 2 610 21
165959943 2 10504 R 3.0 4 1 304 22
166008824 1 10288 R 5.0 4 1 306 13
167466013 2 10600 R 16.0 1 5 675 23
170393032 2 10788 R 18.0 1 6 980 24
170395039 1 10569 R 14.0 2 4 930 14
171805064 2 10878 R 10.0 3 3 903 25
174749768 1 10848 R 20.0 1 6 413 15
174795112 2 11069 R 15.0 1 5 1245 26
176237925 2 11162 R 19.0 1 6 977 27
179164784 2 11349 R 6.0 4 2 601 28
179198037 1 11133 R 8.0 4 2 606 16
180639606 2 11443 R 13.0 3 4 649 29
183582363 1 11413 R 11.0 4 3 627 17
183629236 2 11635 R 15.0 2 5 676 30
185134751 2 11731 R 4.0 5 1 302 31
188015087 1 11697 R 17.0 3 5 110 18
188061838 2 11918 R 9.0 3 3 630 32
189432841 2 12006 R 7.0 4 2 319 33
192416601 1 11979 R 8.0 5 2 325 19
192465615 2 12200 R 12.0 3 4 655 34
193850225 2 12289 R 16.0 2 5 107 35
196804828 1 12259 R 14.0 3 4 649 20
196833946 2 12480 R 18.0 2 6 416 36
198236337 2 12570 R 10.0 4 3 342 37
201194331 2 12759 R 3.0 5 1 585 38
201221656 1 12542 R 5.0 5 1 293 21
202716013 2 12856 R 19.0 2 6 417 39
205607856 1 12823 R 20.0 2 6 977 22
205611137 2 13042 R 6.0 5 2 39 40
207142530 2 13140 R 13.0 4 4 87 41
209997820 2 13322 R 15.0 3 5 107 42
210085772 1 13109 R 11.0 5 3 909 23
211456449 2 13416 R 4.0 6 1 294 43
214455367 1 13389 R 5.0 6 1 17 24
214502475 2 13611 R 12.0 4 4 92 44
215967736 2 13704 R 16.0 3 5 114 45
218795116 1 13667 R 20.0 3 6 132 25
218841783 2 13888 R 3.0 6 1 300 46
220322470 2 13983 R 19.0 3 6 133 47
223218080 2 14168 R 9.0 4 3 624 48
223228050 1 13950 R 14.0 4 4 369 26
224770653 2 14268 R 7.0 5 2 327 49
227604210 2 14449 R 18.0 3 6 130 50
227629497 1 14232 R 8.0 6 2 320 27
229188317 2 14551 R 10.0 5 3 349 51
232083722 2 14736 R 6.0 6 2 325 52
232125019 1 14520 R 11.0 6 3 629 28
236464193 1 14798 R 17.0 4 5 955 29
236531999 2 15021 R 3.0 7 1 20 53
240820826 1 15076 R 17.0 5 5 107 30
242331991 2 15392 R 13.0 5 4 86 54
245230267 2 15577 R 15.0 4 5 108 55
245300336 1 15363 R 5.0 7 1 302 31
246739659 2 15674 R 4.0 7 1 305 56
249740953 2 15866 R 6.0 7 2 334 57
249748978 1 15648 R 14.0 5 4 372 32
251188568 2 15959 R 16.0 4 5 113 58
254041188 1 15923 R 8.0 7 2 600 33
254095692 2 16145 R 9.0 5 3 626 59
255605419 2 16241 R 7.0 6 2 327 60
258460413 2 16424 R 12.0 5 4 928 61
258552270 1 16211 R 11.0 7 3 918 34
259991589 2 16522 R 10.0 6 3 633 62
262893051 2 16708 R 3.0 8 1 299 63
262906932 1 16490 R 20.0 4 6 699 35
264346316 2 16801 R 19.0 4 6 696 64
267271288 1 16769 R 8.0 8 2 319 36
267294883 2 16989 R 18.0 4 6 979 65
268794201 2 17085 R 4.0 8 1 17 66
271702212 2 17271 R 9.0 6 3 345 67
271704303 1 17053 R 17.0 6 5 391 37
273211405 2 17368 R 7.0 7 2 42 68
276105691 1 17335 R 5.0 8 1 577 38
276150517 2 17556 R 12.0 6 4 90 69
277598027 2 17649 R 16.0 5 5 109 70
280476395 1 17614 R 11.0 8 3 904 39
280568090 2 17839 R 18.0 5 6 136 71
281952964 2 17927 R 13.0 6 4 364 72
284954042 2 18120 R 6.0 8 2 325 73
284974075 1 17902 R 14.0 6 4 1215 40
286401256 2 18212 R 19.0 5 6 132 74
289308886 2 18398 R 15.0 5 5 678 75
289359573 1 18183 R 20.0 5 6 981 41
290818492 2 18495 R 10.0 7 3 346 76
293714145 1 18462 R 8.0 9 2 889 42
293798014 2 18686 R 12.0 7 4 89 77
295204380 2 18776 R 7.0 8 2 322 78
298106024 2 18961 R 3.0 9 1 299 79
298162575 1 18746 R 5.0 9 1 866 43
299584609 2 19056 R 16.0 6 5 390 80
302507775 2 19243 R 15.0 6 5 388 81
302609342 1 19031 R 17.0 7 5 959 44
304048611 2 19342 R 4.0 9 1 302 82
306915025 2 19525 R 9.0 7 3 621 83
306917733 1 19307 R 11.0 9 3 1194 45
308424931 2 19622 R 10.0 8 3 345 84
311319220 1 19588 R 14.0 7 4 1212 46
311363226 2 19810 R 6.0 9 2 39 85
312810922 2 19902 R 19.0 6 6 132 86
315726395 1 19870 R 20.0 6 6 694 47
315781046 2 20092 R 18.0 6 6 135 87
317290431 2 20189 R 7.0 9 2 326 88
320153465 1 20154 R 8.0 10 2 887 48
320166737 2 20373 R 9.0 8 3 349 89
321614149 2 20466 R 13.0 7 4 651 90
324586211 1 20437 R 14.0 8 4 368 49
326025599 2 20748 R 16.0 7 5 673 91
328952260 2 20935 R 12.0 8 4 83 92
328988007 1 20719 R 5.0 10 1 582 50
330417632 2 21029 R 4.0 10 1 301 93
333416981 2 21221 R 3.0 10 1 306 94
333457786 1 21005 R 17.0 8 5 676 51
337781676 1 21282 R 11.0 10 3 910 52
337849768 2 21505 R 6.0 10 2 611 95
339302213 2 21598 R 10.0 9 3 66 96
342198564 1 21565 R 20.0 7 6 416 53
342251384 2 21787 R 15.0 7 5 676 97
343626303 2 21875 R 16.0 8 5 106 98
346584683 1 21845 R 8.0 11 2 604 54
346621629 2 22066 R 18.0 7 6 700 99
348100398 2 22161 R 13.0 8 4 376 100
350960852 2 22344 R 9.0 9 3 902 101
351064167 1 22132 R 14.0 9 4 654 55
352502315 2 22443 R 4.0 11 1 300 102
355366282 1 22407 R 17.0 9 5 389 56
355394122 2 22628 R 6.0 11 2 602 103
356872633 2 22722 R 7.0 10 2 608 104
359799437 1 22691 R 11.0 11 3 344 57
359860076 2 22913 R 12.0 9 4 371 105
361336487 2 23008 R 19.0 7 6 982 106
364183756 2 23190 R 9.0 10 3 629 107
364200831 1 22973 R 5.0 11 1 578 58
365644755 2 23284 R 10.0 10 3 622 108
368600916 2 23473 R 3.0 11 1 582 109
368696072 1 23260 R 20.0 8 6 700 59
370170963 2 23573 R 13.0 9 4 655 110
372994472 1 23536 R 8.0 12 2 886 60
373062963 2 23758 R 18.0 8 6 700 111
374541395 2 23853 R 19.0 8 6 416 112
377392420 2 24036 R 15.0 8 5 671 113
377441179 1 23820 R 14.0 10 4 932 61
378976135 2 24137 R 16.0 9 5 397 114
381797317 1 24099 R 20.0 9 6 129 62
381834848 2 24320 R 18.0 9 6 131 115
383362303 2 24418 R 7.0 11 2 601 116
386277243 1 24386 R 5.0 12 1 300 63
386299275 2 24606 R 3.0 12 1 298 117
387717117 2 24696 R 4.0 12 1 576 118
390607090 2 24881 R 6.0 12 2 603 119
390725853 1 24670 R 8.0 13 2 606 64
392086085 2 24976 R 10.0 11 3 1191 120
395018258 1 24945 R 11.0 12 3 913 65
395133852 2 25171 R 12.0 10 4 373 121
396550261 2 25262 R 13.0 10 4 1214 122
399503993 2 25451 R 9.0 11 3 630 123
399529181 1 25234 R 17.0 10 5 960 66
400982652 2 25545 R 13.0 11 4 372 124
403884405 1 25512 R 14.0 11 4 1218 67
403939211 2 25735 R 18.0 10 6 419 125
405384259 2 25827 R 10.0 12 3 637 126
408324592 2 26015 R 15.0 9 5 672 127
408332463 1 25797 R 20.0 10 6 701 68
409754200 2 26107 R 19.0 9 6 415 128
412679518 2 26294 R 3.0 13 1 582 129
412681347 1 26075 R 17.0 11 5 671 69
414189634 2 26391 R 16.0 10 5 678 130
417082731 1 26357 R 8.0 14 2 883 70
417128005 2 26579 R 6.0 13 2 889 131
418575272 2 26671 R 7.0 12 2 608 132
421453026 1 26637 R 5.0 13 1 579 71
421512087 2 26859 R 9.0 12 3 910 133
422929932 2 26950 R 4.0 13 1 577 134
425917900 1 26923 R 14.0 12 4 1502 72
425931493 2 27142 R 12.0 11 4 651 135
427423763 2 27238 R 10.0 13 3 911 136
430286090 2 27421 R 9.0 13 3 343 137
430356554 1 27207 R 11.0 13 3 1193 73
431795952 2 27517 R 13.0 12 4 932 138
434734531 2 27705 R 3.0 14 1 583 139
434751834 1 27488 R 20.0 11 6 981 74
436181946 2 27798 R 16.0 11 5 391 140
439122212 1 27768 R 14.0 13 4 369 75
439151997 2 27988 R 18.0 11 6 699 141
440661378 2 28085 R 4.0 14 1 587 142
443485019 2 28265 R 6.0 14 2 885 143
443586278 1 28053 R 5.0 14 1 584 76
444985286 2 28361 R 19.0 10 6 696 144
447894070 1 28329 R 8.0 15 2 888 77
447981020 2 28553 R 15.0 10 5 1249 145
449402171 2 28644 R 7.0 13 2 884 146
452295782 1 28611 R 20.0 12 6 975 78
452319633 2 28831 R 12.0 12 4 650 147
453788723 2 28925 R 10.0 14 3 1188 148
456703663 1 28893 R 17.0 12 5 1242 79
456752406 2 29115 R 3.0 15 1 871 149
458231428 2 29209 R 13.0 13 4 1214 150
461151860 1 29178 R 11.0 14 3 909 80
461153975 2 29396 R 9.0 14 3 909 151
462570055 2 29487 R 16.0 12 5 953 152
465524475 2 29676 R 18.0 12 6 976 153
465563110 1 29460 R 20.0 13 6 415 81
467002974 2 29771 R 19.0 11 6 695 154
469947430 2 29959 R 6.0 15 2 883 155
469964785 1 29742 R 14.0 14 4 651 82
471404340 2 30052 R 4.0 15 1 860 156
474334998 1 30021 R 5.0 15 1 584 83
474364941 2 30242 R 15.0 11 5 955 157
475900101 2 30340 R 7.0 14 2 1176 158
478751287 2 30522 R 12.0 13 4 1209 159
478798977 1 30307 R 8.0 16 2 892 84
480239412 2 30618 R 10.0 15 3 1473 160
483230378 2 30809 R 3.0 16 1 584 161
483232477 1 30591 R 17.0 13 5 1243 85
484672344 2 30901 R 13.0 14 4 1497 162
487554010 2 31086 R 12.0 14 4 648 163
487633745 1 30872 R 11.0 15 3 630 86
489073249 2 31183 R 4.0 16 1 863 164
491959182 1 31149 R 20.0 14 6 696 87
491971087 2 31369 R 9.0 15 3 626 165
493443829 2 31463 R 13.0 15 4 935 166
496357090 2 31649 R 6.0 16 2 884 167
496376353 1 31432 R 14.0 15 4 931 88
497908144 2 31749 R 16.0 13 5 956 168
500776199 1 31714 R 17.0 14 5 673 89
500862371 2 31938 R 18.0 13 6 983 169
502216284 2 32024 R 10.0 16 3 1189 170
505177464 1 31995 R 5.0 16 1 856 90
505201552 2 32215 R 15.0 12 5 955 171
506742603 2 32314 R 7.0 15 2 1169 172
509634334 2 32499 R 12.0 15 4 933 173
509647356 1 32281 R 8.0 17 2 887 91
511113185 2 32594 R 19.0 12 6 1263 174
513971073 1 32558 R 20.0 15 6 694 92
514035847 2 32781 R 3.0 17 1 870 175
515536280 2 32877 R 13.0 16 4 1217 176
518388364 1 32841 R 14.0 16 4 367 93
518406389 2 33060 R 18.0 14 6 977 177
519953188 2 33159 R 10.0 17 3 912 178
522846566 1 33126 R 11.0 16 3 633 94
522870422 2 33346 R 15.0 13 5 959 179
524338863 2 33440 R 4.0 17 1 865 180
527178279 2 33622 R 12.0 16 4 929 181
527216697 1 33406 R 8.0 18 2 608 95
528693827 2 33719 R 16.0 14 5 673 182
531644542 2 33908 R 9.0 16 3 1196 183
531702290 1 33693 R 5.0 17 1 583 96
533142284 2 34004 R 7.0 16 2 893 184
536075478 2 34191 R 6.0 17 2 1173 185
536086620 1 33973 R 17.0 15 5 683 97
537553692 2 34286 R 19.0 13 6 700 186
540394478 1 34249 R 20.0 16 6 130 98
540498427 2 34474 R 18.0 15 6 983 187
541945536 2 34567 R 13.0 17 4 936 188
544915593 2 34757 R 15.0 14 5 958 189
544921028 1 34539 R 11.0 17 3 352 99
546300277 2 34846 R 10.0 18 3 914 190
549301893 2 35038 R 3.0 18 1 1149 191
549309213 1 34820 R 8.0 19 2 331 100
550748566 2 35130 R 4.0 18 1 863 192
553656166 2 35316 R 9.0 17 3 627 193
553726517 1 35102 R 5.0 18 1 301 101
555166076 2 35413 R 16.0 15 5 676 194
558104598 2 35601 R 6.0 18 2 898 195
558113080 1 35383 R 14.0 17 4 1216 102
559551987 2 35694 R 13.0 18 4 651 196
562467756 1 35662 R 17.0 16 5 1236 103
562522035 2 35884 R 18.0 16 6 981 197
563904623 2 35972 R 7.0 17 2 879 198
566835868 1 35941 R 11.0 18 3 624 104
566918276 2 36165 R 12.0 17 4 1220 199
568400128 2 36260 R 19.0 14 6 982 200
571288149 2 36445 R 15.0 15 5 955 201
571299435 1 36227 R 14.0 18 4 87 105
572772440 2 36540 R 10.0 19 3 347 202
575732715 1 36511 R 20.0 17 6 136 106
575752162 2 36731 R 9.0 18 3 912 203
577158549 2 36821 R 13.0 19 4 369 204
580059973 2 37006 R 3.0 19 1 863 205
580073679 1 36789 R 8.0 20 2 320 107
581638026 2 37107 R 4.0 19 1 588 206
584461915 2 37288 R 6.0 19 2 1442 207
584522116 1 37073 R 5.0 19 1 302 108
585961654 2 37384 R 19.0 15 6 697 208
588869284 2 37570 R 18.0 17 6 976 209
588939512 1 37356 R 11.0 19 3 914 109
590408162 2 37669 R 7.0 18 2 605 210
593318228 2 37855 R 12.0 18 4 1216 211
593325496 1 37637 R 17.0 17 5 954 110
594784416 2 37949 R 10.0 20 3 626 212
597680419 1 37915 R 11.0 20 3 342 111
597734785 2 38137 R 9.0 19 3 910 213
599169836 2 38229 R 4.0 20 1 15 214
602128564 1 38200 R 8.0 21 2 321 112
602130793 2 38419 R 15.0 16 5 674 215
603650127 2 38516 R 16.0 17 5 114 216
606501116 2 38698 R 12.0 19 4 934 217
606512741 1 38481 R 14.0 19 4 370 113
607973618 2 38793 R 13.0 20 4 368 218
610945759 1 38764 R 20.0 18 6 132 114
610965003 2 38984 R 6.0 20 2 883 219
612391050 2 39075 R 19.0 16 6 413 220
615341224 2 39264 R 3.0 20 1 868 221
615411737 1 39050 R 17.0 18 5 405 115
616776282 2 39356 R 7.0 19 2 37 222
619717358 1 39326 R 5.0 20 1 299 116
619803949 2 39550 R 18.0 18 6 1265 223
621281755 2 39644 R 10.0 21 3 66 224
624181353 1 39611 R 14.0 20 4 87 117
624207295 2 39832 R 9.0 20 3 1194 225
625620935 2 39922 R 4.0 21 1 306 226
628530609 2 40108 R 12.0 20 4 376 227
628614623 1 39895 R 17.0 19 5 113 118
629997370 2 40202 R 13.0 21 4 366 228
632947672 2 40391 R 3.0 21 1 582 229
633016223 1 40177 R 11.0 21 3 356 119
634383279 2 40483 R 16.0 18 5 107 230
637333927 2 40672 R 18.0 19 6 696 231
637386418 1 40457 R 8.0 22 2 328 120
638862387 2 40770 R 7.0 20 2 40 232
641725066 1 40734 R 5.0 21 1 13 121
641813619 2 40958 R 15.0 17 5 962 233
643311575 2 41054 R 19.0 17 6 136 234
646136873 2 41235 R 6.0 21 2 884 235
646158490 1 41018 R 20.0 19 6 131 122
650560122 1 41300 R 11.0 22 3 344 123
650611095 2 41522 R 12.0 21 4 652 236
652008612 2 41611 R 4.0 22 1 13 237
654940144 2 41799 R 9.0 21 3 902 238
655055664 1 41587 R 17.0 20 5 396 124
656520245 2 41900 R 16.0 19 5 113 239
659394478 1 41865 R 8.0 23 2 326 125
659418103 2 42085 R 18.0 20 6 981 240
660875056 2 42178 R 10.0 22 3 349 241
663788164 2 42365 R 3.0 22 1 861 242
663827440 1 42149 R 14.0 21 4 369 126
665323490 2 42463 R 13.0 22 4 371 243
668252622 2 42651 R 15.0 18 5 393 244
669740475 2 42746 R 7.0 21 2 327 245
672671544 2 42933 R 6.0 22 2 611 246
674126888 2 43027 R 19.0 18 6 419 247
677026280 2 43212 R 9.0 22 3 916 248
677042232 1 42995 R 20.0 20 6 135 127
678481084 2 43305 R 13.0 23 4 85 249
681474695 2 43497 R 3.0 23 1 591 250
681490358 1 43279 R 5.0 22 1 312 128
682929914 2 43590 R 10.0 23 3 355 251
685782543 1 43554 R 8.0 24 2 599 129
685892761 2 43780 R 12.0 22 4 1219 252
687341365 2 43872 R 16.0 20 5 114 253
690278604 2 44060 R 18.0 21 6 1264 254
690293751 1 43843 R 11.0 23 3 918 130
691742683 2 44154 R 4.0 23 1 301 255
694632878 2 44339 R 15.0 19 5 954 256
694649089 1 44121 R 17.0 21 5 1242 131
696113039 2 44434 R 7.0 22 2 605 257
699013462 1 44401 R 14.0 22 4 1210 132
699081555 2 44624 R 6.0 23 2 1174 258
700577379 2 44719 R 19.0 19 6 418 259
703446045 1 44684 R 20.0 21 6 697 133
703492922 2 44906 R 9.0 23 3 1479 260
704885371 2 44995 R 10.0 24 3 343 261
707847364 1 44966 R 5.0 23 1 584 134
707894353 2 45188 R 12.0 23 4 933 262
709288868 2 45277 R 16.0 21 5 390 263
712218298 1 45246 R 11.0 24 3 1185 135
712264713 2 45467 R 15.0 20 5 957 264
713737126 2 45562 R 7.0 23 2 609 265
716682544 1 45532 R 17.0 22 5 1239 136
716728677 2 45753 R 3.0 24 1 864 266
718154362 2 45844 R 4.0 24 1 584 267
721036994 2 46029 R 6.0 24 2 1441 268
721115293 1 45815 R 14.0 23 4 1500 137
722554238 2 46126 R 13.0 24 4 651 269
725438567 2 46310 R 9.0 24 3 1757 270
725516238 1 46097 R 8.0 25 2 889 138
726955971 2 46408 R 19.0 20 6 697 271
729886962 1 46377 R 17.0 23 5 959 139
729934149 2 46598 R 18.0 22 6 1546 272
731343992 2 46688 R 10.0 25 3 344 273
734272962 2 46876 R 9.0 25 3 1190 274
734322131 1 46660 R 11.0 25 3 1191 140
735761032 2 46971 R 13.0 25 4 367 275
738692382 2 47159 R 15.0 21 5 1237 276
738707706 1 46941 R 20.0 22 6 980 141
740146799 2 47252 R 4.0 25 1 576 277
743062365 1 47220 R 14.0 24 4 647 142
743171958 2 47445 R 6.0 25 2 1454 278
744626955 2 47539 R 16.0 22 5 678 279
747495674 2 47722 R 18.0 23 6 1542 280
747510825 1 47505 R 5.0 24 1 861 143
748995223 2 47818 R 19.0 21 6 697 281
751912821 2 48005 R 12.0 24 4 1778 282
751928283 1 47787 R 8.0 26 2 1167 144
753334042 2 48096 R 7.0 24 2 884 283
756298785 2 48286 R 3.0 25 1 1142 284
756328161 1 48069 R 17.0 24 5 1238 145
757767329 2 48380 R 13.0 26 4 366 285
760729960 1 48351 R 11.0 26 3 1474 146
760778602 2 48572 R 15.0 22 5 1522 286
762233192 2 48665 R 10.0 26 3 348 287
765099732 1 48630 R 20.0 23 6 978 147
765146854 2 48852 R 6.0 26 2 1450 288
766556493 2 48942 R 7.0 25 2 603 289
769519277 2 49132 R 12.0 25 4 1495 290
769563611 1 48916 R 5.0 25 1 582 148
770973700 2 49225 R 4.0 26 1 581 291
773905090 2 49412 R 9.0 26 3 1471 292
773996472 1 49200 R 8.0 27 2 606 149
775436565 2 49510 R 19.0 22 6 1264 293
778385077 2 49699 R 18.0 24 6 1544 294
778398459 1 49481 R 14.0 25 4 653 150
779838186 2 49792 R 16.0 23 5 1237 295
782768671 1 49761 R 11.0 27 3 906 151
782815270 2 49983 R 6.0 27 2 890 296
784245020 2 50074 R 4.0 27 1 300 297
787140981 1 50041 R 17.0 25 5 961 152
787154801 2 50260 R 3.0 26 1 1152 298
788693653 2 50359 R 13.0 27 4 102 299
791527096 1 50322 R 20.0 24 6 978 153
791587967 2 50544 R 15.0 23 5 1239 300
792986089 2 50634 R 10.0 27 3 341 301
795989621 2 50826 R 12.0 26 4 1215 302
796006780 1 50608 R 11.0 28 3 629 154
797506414 2 50923 R 7.0 26 2 329 303
800437393 1 50892 R 5.0 26 1 867 155
800439730 2 51111 R 18.0 25 6 982 304
801876965 2 51203 R 4.0 28 1 309 305
804732017 2 51385 R 9.0 27 3 1190 306
804747631 1 51168 R 8.0 28 2 1169 156
806216185 2 51480 R 19.0 23 6 976 307
809133547 1 51448 R 14.0 26 4 929 157
809242929 2 51674 R 6.0 28 2 1173 308
810649386 2 51764 R 16.0 24 5 1237 309
813597482 2 51953 R 15.0 24 5 956 310
813613220 1 51735 R 20.0 25 6 698 158
815050577 2 52046 R 13.0 28 4 648 311
817962168 2 52232 R 3.0 27 1 1143 312
818061408 1 52020 R 5.0 27 1 869 159
819420731 2 52325 R 7.0 27 2 600 313
822354352 1 52294 R 11.0 29 3 1186 160
822395255 2 52516 R 18.0 26 6 1261 314
823885136 2 52611 R 10.0 28 3 627 315
826796724 2 52797 R 9.0 28 3 1190 316
826865112 1 52583 R 8.0 29 2 1173 161
828317915 2 52895 R 19.0 24 6 698 317
831167125 2 53077 R 6.0 29 2 1444 318
831220063 1 52862 R 17.0 26 5 1804 162
832659106 2 53173 R 16.0 25 5 671 319
835631456 2 53363 R 12.0 27 4 1498 320
835668613 1 53147 R 14.0 27 4 1500 163
837107461 2 53457 R 10.0 29 3 346 321
840016960 1 53425 R 11.0 30 3 908 164
840064171 2 53647 R 3.0 28 1 1431 322
841524483 2 53740 R 4.0 29 1 580 323
844418825 1 53707 R 8.0 30 2 1170 165
844465879 2 53928 R 15.0 25 5 1803 324
845910463 2 54021 R 7.0 28 2 890 325
848789495 1 53986 R 14.0 28 4 1214 166
848836173 2 54208 R 18.0 27 6 1826 326
850265502 2 54299 R 16.0 26 5 679 327
853274656 1 54273 R 20.0 26 6 982 167
853300053 2 54494 R 6.0 30 2 1735 328
854758834 2 54587 R 13.0 29 4 933 329
857608220 2 54769 R 15.0 26 5 1517 330
857691953 1 54556 R 5.0 28 1 1151 168
859097946 2 54865 R 19.0 25 6 695 331
862009530 2 55051 R 3.0 29 1 1423 332
862088000 1 54837 R 17.0 27 5 1518 169
863530810 2 55148 R 16.0 27 5 392 333
866458359 1 55117 R 14.0 29 4 1215 170
866505016 2 55339 R 9.0 29 3 1476 334
867996728 2 55434 R 7.0 29 2 605 335
870844308 2 55616 R 18.0 28 6 1543 336
870921992 1 55403 R 11.0 31 3 914 171
872320366 2 55711 R 10.0 30 3 626 337
875276947 2 55900 R 6.0 31 2 1733 338
875297984 1 55683 R 8.0 31 2 887 172
876737381 2 55994 R 4.0 30 1 582 339
879678700 2 56182 R 12.0 28 4 2064 340
879684390 1 55964 R 5.0 29 1 1148 173
881199832 2 56279 R 13.0 30 4 653 341
884049260 2 56462 R 15.0 27 5 1799 342
884127236 1 56248 R 17.0 28 5 1241 174
885601362 2 56561 R 19.0 26 6 700 343
888466346 1 56526 R 20.0 27 6 1258 175
888513250 2 56747 R 12.0 29 4 1497 344
889971723 2 56841 R 16.0 28 5 393 345
892898914 1 56809 R 14.0 30 4 933 176
892945811 2 57031 R 3.0 30 1 1429 346
894310622 2 57118 R 7.0 30 2 318 347
897300251 1 57091 R 8.0 32 2 886 177
897349722 2 57313 R 15.0 28 5 1522 348
898743711 2 57402 R 19.0 27 6 413 349
901670961 1 57371 R 5.0 30 1 1149 178
901672948 2 57589 R 6.0 32 2 1732 350
903145309 2 57684 R 10.0 31 3 626 351
906056972 2 57870 R 9.0 30 3 2036 352
906094274 1 57654 R 17.0 29 5 1235 179
907640648 2 57971 R 4.0 31 1 302 353
910490106 2 58154 R 18.0 29 6 2106 354
910568220 1 57940 R 20.0 28 6 1264 180
911979781 2 58249 R 13.0 31 4 368 355
914956166 2 58440 R 12.0 30 4 1779 356
914969769 1 58222 R 11.0 32 3 1477 181
916412648 2 58533 R 16.0 29 5 392 357
919279617 2 58716 R 15.0 29 5 1517 358
919340027 1 58502 R 8.0 33 2 1169 182
920814235 2 58815 R 7.0 31 2 602 359
923678900 1 58779 R 14.0 31 4 929 183
923725841 2 59001 R 3.0 31 1 1709 360
925184695 2 59094 R 19.0 28 6 695 361
928102288 2 59281 R 18.0 30 6 1822 362
928111876 1 59063 R 5.0 31 1 1142 184
929648729 2 59380 R 10.0 32 3 348 363
932504079 1 59344 R 17.0 30 5 1238 185
932560392 2 59566 R 9.0 31 3 1474 364
934067921 2 59663 R 13.0 32 4 370 365
936930676 2 59846 R 6.0 33 2 1731 366
936983683 1 59631 R 20.0 29 6 1264 186
938422860 2 59941 R 16.0 30 5 393 367
941307243 1 59907 R 11.0 33 3 1188 187
941394793 2 60132 R 3.0 32 1 1712 368
942870998 2 60226 R 4.0 32 1 591 369
945702901 2 60407 R 12.0 31 4 2057 370
945780820 1 60194 R 8.0 34 2 1455 188
947192451 2 60503 R 7.0 32 2 888 371
950182440 1 60476 R 20.0 30 6 982 189
950229489 2 60697 R 15.0 30 5 1242 372
951625743 2 60786 R 19.0 29 6 696 373
954552716 1 60755 R 11.0 34 3 907 190
954599746 2 60977 R 3.0 33 1 1432 374
956027004 2 61068 R 4.0 33 1 297 375
958938815 2 61254 R 6.0 34 2 1736 376
959016723 1 61041 R 17.0 31 5 958 191
960397516 2 61348 R 16.0 31 5 388 377
963330633 1 61317 R 5.0 32 1 1144 192
963371874 2 61538 R 18.0 31 6 1825 378
964861746 2 61634 R 10.0 33 3 631 379
967775163 2 61820 R 9.0 32 3 1754 380
967841834 1 61606 R 14.0 32 4 1508 193
969294340 2 61917 R 7.0 33 2 604 381
972143915 2 62100 R 12.0 32 4 1775 382
972257193 1 61888 R 20.0 31 6 1266 194
973696096 2 62199 R 13.0 33 4 936 383
976607910 2 62385 R 18.0 32 6 1543 384
976644891 1 62169 R 8.0 35 2 1454 195
978041138 2 62477 R 19.0 30 6 413 385
981046652 2 62669 R 15.0 31 5 1813 386
981061884 1 62452 R 11.0 35 3 913 196
982530610 2 62764 R 16.0 32 5 115 387
985432466 2 62950 R 6.0 35 2 1740 388
985448060 1 62733 R 17.0 32 5 679 197
986838281 2 63040 R 4.0 34 1 299 389
989802386 1 63011 R 5.0 33 1 861 198
989812597 2 63230 R 9.0 33 3 1755 390
991240045 2 63322 R 13.0 34 4 364 391
994251099 1 63296 R 14.0 33 4 935 199
994276632 2 63516 R 3.0 34 1 1714 392
995735608 2 63610 R 10.0 34 3 628 393
998584719 2 63792 R 12.0 33 4 1493 394
998635450 1 63577 R 8.0 36 2 1164 200
1000074585 2 63887 R 19.0 31 6 413 395
1002986509 2 64074 R 18.0 33 6 1259 396
1003068416 1 63860 R 20.0 32 6 1263 201
1004507139 2 64171 R 7.0 34 2 605 397
1007393912 2 64356 R 15.0 32 5 1516 398
1007469653 1 64142 R 11.0 36 3 911 202
1008973435 2 64457 R 13.0 35 4 372 399
1011839850 1 64422 R 5.0 34 1 580 203
1011842118 2 64640 R 3.0 35 1 1429 400
1013297110 2 64733 R 10.0 35 3 344 401
1016253421 2 64923 R 6.0 36 2 1741 402
1016304065 1 64707 R 20.0 33 6 700 204
1017743228 2 65018 R 4.0 35 1 589 403
1020611928 1 64983 R 17.0 33 5 956 205
1020655089 2 65204 R 9.0 34 3 1472 404
1022119745 2 65298 R 16.0 33 5 674 405
1025013544 1 65265 R 11.0 37 3 915 206
1025025698 2 65484 R 12.0 34 4 1494 406
1026505024 2 65579 R 7.0 35 2 38 407
1029489856 2 65770 R 15.0 33 5 1239 408
1029508750 1 65552 R 8.0 37 2 892 207
1030985592 2 65866 R 19.0 32 6 136 409
1033881701 1 65832 R 14.0 34 4 1498 208
1033922445 2 66053 R 6.0 37 2 1453 410
1035308956 2 66142 R 16.0 34 5 109 411
1038280872 1 66114 R 14.0 35 4 651 209
1038324067 2 66335 R 3.0 36 1 1433 412
1039720456 2 66425 R 13.0 36 4 366 413
1042682679 1 66396 R 11.0 38 3 906 210
1042694566 2 66615 R 18.0 34 6 1826 414
1044121725 2 66706 R 4.0 36 1 301 415
1047033875 2 66893 R 12.0 35 4 1492 416
1047052691 1 66675 R 5.0 35 1 866 211
1048617234 2 66994 R 10.0 36 3 350 417
1051466400 2 67176 R 9.0 35 3 1471 418
1051516958 1 66961 R 20.0 34 6 700 212
1052956119 2 67272 R 7.0 36 2 609 419
1055868160 2 67458 R 15.0 34 5 1517 420
1055949594 1 67245 R 8.0 38 2 887 213
1057332564 2 67552 R 19.0 33 6 695 421
1060279578 1 67522 R 17.0 34 5 1241 214
1060363291 2 67746 R 6.0 38 2 1453 422
1061718628 2 67832 R 16.0 35 5 104 423
1064702624 2 68023 R 18.0 35 6 1543 424
1064722283 1 67806 R 11.0 39 3 1196 215
1066198349 2 68119 R 10.0 37 3 345 425
1069060906 1 68084 R 17.0 35 5 391 216
1069135563 2 68307 R 12.0 36 4 1781 426
1070625262 2 68402 R 7.0 37 2 324 427
1073493674 1 68367 R 5.0 36 1 579 217
1073536997 2 68589 R 3.0 37 1 1427 428
1074932932 2 68678 R 4.0 37 1 296 429
1077895449 1 68649 R 14.0 36 4 930 218
1077987662 2 68874 R 15.0 35 5 1525 430
1079459766 2 68968 R 13.0 37 4 938 431
1082279776 2 69148 R 12.0 37 4 1492 432
1082390518 1 68937 R 8.0 39 2 893 219
1083830398 2 69248 R 19.0 34 6 980 433
1086700968 1 69213 R 20.0 35 6 1258 220
1086790770 2 69437 R 18.0 36 6 1546 434
1088169318 2 69525 R 16.0 36 5 391 435
1091086667 1 69493 R 14.0 37 4 647 221
1091145281 2 69716 R 9.0 36 3 1756 436
1092602098 2 69809 R 13.0 38 4 656 437
1095564326 1 69780 R 11.0 40 3 910 222
1095593842 2 70000 R 6.0 39 2 1737 438
1097056493 2 70094 R 10.0 38 3 630 439
1099934467 1 70060 R 5.0 37 1 866 223
1100011303 2 70283 R 15.0 36 5 1525 440
1101373443 2 70370 R 7.0 38 2 35 441
1104307076 1 70339 R 20.0 36 6 976 224
1104344323 2 70560 R 3.0 38 1 1711 442
1105838037 2 70656 R 4.0 38 1 300 443
1108714911 2 70840 R 18.0 37 6 1822 444
1108818001 1 70628 R 17.0 36 5 676 225
1110271043 2 70940 R 19.0 35 6 418 445
1113172724 1 70907 R 14.0 38 4 652 226
1113178726 2 71126 R 9.0 37 3 1755 446
1114672852 2 71221 R 13.0 39 4 653 447
1117603546 1 71190 R 5.0 38 1 865 227
1117617674 2 71410 R 12.0 38 4 1780 448
1119060604 2 71502 R 10.0 39 3 632 449
1121943006 1 71468 R 8.0 40 2 1164 228
1122003425 2 71691 R 6.0 40 2 2021 450
1123477834 2 71785 R 16.0 37 5 394 451
1126375606 1 71752 R 11.0 41 3 909 229
1126419016 2 71973 R 15.0 37 5 1806 452
1127863591 2 72066 R 4.0 39 1 587 453
1130779226 1 72034 R 20.0 37 6 696 230
1130806956 2 72254 R 18.0 38 6 1824 454
1132216672 2 72344 R 13.0 40 4 647 455
1135224013 2 72537 R 3.0 39 1 1994 456
1135227733 1 72318 R 17.0 37 5 959 231
1136711970 2 72632 R 10.0 40 3 631 457
1139610175 2 72817 R 12.0 39 4 2060 458
1139644736 1 72601 R 8.0 41 2 894 232
1141051077 2 72910 R 19.0 36 6 413 459
1143964696 2 73096 R 9.0 38 3 2317 460
1144030653 1 72882 R 5.0 39 1 866 233
1145489577 2 73194 R 7.0 39 2 604 461
1148385806 1 73161 R 14.0 39 4 930 234
1148413100 2 73381 R 6.0 41 2 1731 462
1149875980 2 73474 R 16.0 38 5 110 463
1152797434 2 73661 R 15.0 38 5 1518 464
1152834168 1 73445 R 17.0 38 5 955 235
1154255910 2 73755 R 10.0 41 3 349 465
1157183171 1 73724 R 20.0 38 6 976 236
1157230070 2 73945 R 3.0 40 1 1714 466
1158719995 2 74041 R 4.0 40 1 304 467
1161631834 2 74227 R 12.0 40 4 2060 468
1161637515 1 74009 R 8.0 42 2 1170 237
1163152957 2 74324 R 13.0 41 4 654 469
1165992624 1 74287 R 11.0 42 3 1472 238
1166002392 2 74507 R 18.0 39 6 2106 470
1167554270 2 74606 R 7.0 40 2 608 471
1170441092 1 74572 R 14.0 40 4 1214 239
1170466104 2 74792 R 9.0 39 3 2046 472
1171924856 2 74886 R 16.0 39 5 393 473
1174857972 1 74855 R 5.0 40 1 1146 240
1174898944 2 75076 R 3.0 41 1 1711 474
1176297370 2 75165 R 13.0 42 4 367 475
1179228595 2 75353 R 18.0 40 6 1542 476
1179243928 1 75135 R 11.0 43 3 908 241
1180696834 2 75447 R 10.0 42 3 627 477
1183623965 1 75416 R 17.0 39 5 954 242
1183670917 2 75637 R 6.0 42 2 1736 478
1185088530 2 75728 R 4.0 41 1 586 479
1188010327 2 75915 R 12.0 41 4 1776 480
1188087854 1 75701 R 8.0 43 2 886 243
1189568116 2 76015 R 10.0 43 3 66 481
1192443005 2 76199 R 9.0 40 3 2033 482
1192520945 1 75985 R 20.0 39 6 982 244
1193892092 2 76292 R 19.0 38 6 129 483
1196844793 2 76480 R 15.0 39 5 2082 484
1196922485 1 76267 R 11.0 44 3 912 245
1198308953 2 76574 R 7.0 41 2 324 485
1201293158 1 76547 R 5.0 41 1 1146 246
1201340164 2 76768 R 18.0 41 6 1265 486
1202767570 2 76860 R 16.0 40 5 678 487
1205632425 1 76824 R 14.0 41 4 1211 247
1205678960 2 77046 R 3.0 42 1 1429 488
1207137562 2 77139 R 4.0 42 1 299 489
1210070982 1 77108 R 8.0 44 2 1166 248
1210112174 2 77330 R 12.0 42 4 1498 490
1211601854 2 77425 R 13.0 43 4 370 491
1214457141 1 77389 R 17.0 40 5 1235 249
1214515691 2 77611 R 15.0 40 5 1520 492
1215909716 2 77701 R 16.0 41 5 388 493
1218883803 2 77891 R 6.0 43 2 1737 494
1218936811 1 77676 R 11.0 45 3 1194 250
1220436336 2 77990 R 10.0 44 3 637 495
1223260204 1 77952 R 5.0 42 1 1141 251
1223347912 2 78177 R 9.0 41 3 1758 496
1224806493 2 78270 R 7.0 42 2 604 497
1227656025 2 78452 R 18.0 42 6 1540 498
1227677190 1 78235 R 20.0 40 6 976 252
1229145577 2 78548 R 4.0 43 1 295 499
1232063106 1 78516 R 14.0 42 4 929 253
1232182610 2 78742 R 12.0 43 4 1500 500
1233647024 2 78836 R 19.0 39 6 420 501
1236542735 1 78803 R 8.0 45 2 887 254
1236570557 2 79023 R 15.0 41 5 1522 502
1238032796 2 79117 R 13.0 44 4 89 503
1240987567 2 79306 R 3.0 43 1 1714 504
1240991402 1 79087 R 11.0 46 3 913 255
1242387562 2 79395 R 7.0 43 2 323 505
1245283628 1 79362 R 17.0 41 5 952 256
1245373854 2 79586 R 18.0 43 6 1546 506
1246836236 2 79680 R 10.0 45 3 632 507
1249683346 1 79644 R 20.0 41 6 975 257
1249726561 2 79865 R 12.0 44 4 1495 508
1251253477 2 79963 R 16.0 42 5 394 509
1254176891 2 80150 R 6.0 44 2 1738 510
1254209684 1 79933 R 5.0 43 1 866 258
1255639445 2 80243 R 19.0 40 6 135 511
1258579965 1 80213 R 8.0 46 2 887 259
1258594084 2 80432 R 9.0 42 3 1757 512
1259993549 2 80522 R 4.0 44 1 15 513
1262919364 1 80491 R 17.0 42 5 671 260
1262980070 2 80713 R 3.0 44 1 1710 514
1264442255 2 80807 R 13.0 45 4 88 515
1267334949 2 80992 R 15.0 42 5 2080 516
1267352297 1 80774 R 14.0 43 4 930 261
1268860111 2 81089 R 10.0 46 3 351 517
1271806581 1 81059 R 11.0 47 3 908 262
1271824390 2 81279 R 6.0 45 2 1735 518
1273245749 2 81370 R 7.0 44 2 325 519
1276124200 1 81336 R 20.0 42 6 693 263
1276200760 2 81559 R 18.0 44 6 1545 520
1277688722 2 81655 R 19.0 41 6 135 521
1280586438 2 81840 R 3.0 45 1 1711 522
1280588316 1 81621 R 17.0 43 5 393 264
1282027481 2 81932 R 4.0 45 1 301 523
1284939410 2 82119 R 9.0 43 3 2038 524
1285026876 1 81906 R 5.0 44 1 589 265
1286460491 2 82216 R 16.0 43 5 680 525
1289412855 1 82186 R 8.0 47 2 890 266
1289434858 2 82406 R 12.0 45 4 2351 526
1290862224 2 82498 R 13.0 46 4 367 527
1293767685 1 82465 R 14.0 44 4 367 267
1293773911 2 82684 R 15.0 43 5 2651 528
1295232320 2 82777 R 7.0 45 2 600 529
1298193001 2 82967 R 6.0 46 2 2016 530
1298257277 1 82752 R 11.0 48 3 635 268
1299655615 2 83060 R 10.0 47 3 625 531
1302565058 1 83028 R 20.0 43 6 693 269
1302672690 2 83253 R 3.0 46 1 1997 532
1306966439 1 83310 R 5.0 45 1 576 270
1306996404 2 83530 R 15.0 44 5 1802 533
1308478368 2 83625 R 19.0 42 6 132 534
1311413567 2 83813 R 18.0 45 6 1543 535
1311461870 1 83597 R 8.0 48 2 893 271
1312936576 2 83910 R 10.0 48 3 349 536
1315801623 1 83875 R 17.0 44 5 1237 272
1315871663 2 84098 R 9.0 44 3 1760 537
1317306785 2 84190 R 4.0 46 1 300 538
1320234009 1 84159 R 14.0 45 4 933 273
1320242178 2 84378 R 12.0 46 4 2068 539
1321646044 2 84468 R 16.0 44 5 670 540
1324581183 2 84656 R 3.0 47 1 1708 541
1324635797 1 84441 R 20.0 44 6 698 274
1326079102 2 84751 R 13.0 47 4 367 542
1329020008 2 84940 R 15.0 45 5 1799 543
1329023746 1 84721 R 11.0 49 3 907 275
1330480368 2 85033 R 7.0 46 2 601 544
1333419516 2 85221 R 6.0 47 2 2014 545
1333440856 1 85004 R 17.0 45 5 674 276
1334975653 2 85321 R 4.0 47 1 302 546
1337885592 2 85507 R 9.0 45 3 2038 547
1337902724 1 85290 R 8.0 49 2 606 277
1339315120 2 85599 R 16.0 45 5 390 548
1342209338 2 85784 R 18.0 46 6 1821 549
1342304486 1 85571 R 5.0 46 1 865 278
1343747926 2 85882 R 10.0 49 3 347 550
1346626311 2 86066 R 3.0 48 1 1989 551
1346674920 1 85851 R 14.0 46 4 933 279
1348149463 2 86164 R 19.0 43 6 417 552
1351012506 2 86347 R 12.0 47 4 2340 553
1351047296 1 86131 R 17.0 46 5 674 280
1352519820 2 86444 R 13.0 48 4 659 554
1355446957 1 86412 R 11.0 50 3 909 281
1355455046 2 86632 R 6.0 48 2 2301 555
1356983936 2 86729 R 16.0 46 5 395 556
1359848572 1 86694 R 20.0 45 6 978 282
1359919232 2 86917 R 15.0 46 5 1527 557
1361291655 2 87005 R 7.0 47 2 602 558
1364226822 2 87193 R 3.0 49 1 1705 559
1364343647 1 86982 R 5.0 47 1 870 283
1365808492 2 87294 R 4.0 48 1 302 560
1368683164 1 87260 R 14.0 47 4 650 284
1368753431 2 87483 R 6.0 49 2 2023 561
1370163379 2 87573 R 19.0 44 6 133 562
1373039572 1 87538 R 8.0 50 2 890 285
1373124067 2 87762 R 12.0 48 4 2349 563
1374611983 2 87858 R 13.0 49 4 371 564
1377462978 2 88040 R 9.0 46 3 2319 565
1377519536 1 87825 R 20.0 46 6 979 286
1379028949 2 88140 R 7.0 48 2 325 566
1381888227 1 88105 R 11.0 51 3 1189 287
1381944817 2 88327 R 18.0 47 6 2391 567
1383415088 2 88421 R 10.0 50 3 626 568
1386299451 2 88606 R 3.0 50 1 1992 569
1386351815 1 88390 R 5.0 48 1 866 288
1387732794 2 88697 R 16.0 47 5 953 570
1390660268 1 88666 R 17.0 47 5 1233 289
1390747895 2 88890 R 6.0 50 2 2297 571
1392196601 2 88983 R 4.0 49 1 302 572
1395165056 2 89173 R 9.0 47 3 2321 573
1395186405 1 88956 R 20.0 47 6 702 290
1396629691 2 89267 R 10.0 51 3 347 574
1399556605 1 89235 R 5.0 49 1 582 291
1399565146 2 89455 R 18.0 48 6 2392 575
1401031281 2 89548 R 7.0 49 2 608 576
1403895942 1 89513 R 14.0 48 4 648 292
1403966621 2 89736 R 15.0 47 5 2367 577
1405401653 2 89828 R 19.0 45 6 698 578
1408328499 1 89797 R 8.0 51 2 881 293
1408336907 2 90016 R 12.0 49 4 2342 579
1409865774 2 90114 R 13.0 50 4 943 580
1412730884 1 90079 R 11.0 52 3 1196 294
1412759860 2 90299 R 6.0 51 2 2296 581
1414173838 2 90390 R 16.0 48 5 953 582
1417100773 1 90358 R 17.0 48 5 672 295
1417108656 2 90577 R 3.0 51 1 2269 583
1418577202 2 90671 R 13.0 51 4 365 584
1421510345 2 90859 R 9.0 48 3 2598 585
1421598074 1 90646 R 14.0 49 4 653 296
1423025769 2 90956 R 10.0 52 3 626 586
1425984001 1 90927 R 20.0 48 6 700 297
1426005977 2 91147 R 15.0 48 5 2653 587
1427442700 2 91239 R 4.0 50 1 583 588
1430338926 1 91206 R 11.0 53 3 625 298
1430345047 2 91424 R 18.0 49 6 2386 589
1431829191 2 91519 R 19.0 46 6 979 590
1434769557 1 91489 R 5.0 50 1 865 299
1434783889 2 91709 R 12.0 50 4 2062 591
1436308725 2 91806 R 16.0 49 5 677 592
1439179227 2 91990 R 6.0 52 2 2301 593
1439233962 1 91775 R 8.0 52 2 1174 300
1440673121 2 92086 R 7.0 50 2 886 594
1443541817 1 92051 R 14.0 50 4 928 301
1443549701 2 92270 R 9.0 49 3 1753 595
1445106083 2 92369 R 13.0 52 4 654 596
1447943012 1 92332 R 8.0 53 2 601 302
1448013767 2 92555 R 3.0 52 1 1993 597
1449435432 2 92646 R 10.0 53 3 909 598
1452438595 1 92620 R 17.0 49 5 676 303
1452446835 2 92839 R 18.0 50 6 2110 599
1453914865 2 92933 R 4.0 51 1 869 600
1456777700 1 92898 R 20.0 49 6 696 304
1456848160 2 93121 R 6.0 53 2 2301 601
1458238990 2 93210 R 19.0 47 6 1258 602
1461174019 2 93398 R 15.0 49 5 2649 603
1461210763 1 93181 R 11.0 54 3 906 305
1462655812 2 93492 R 16.0 50 5 672 604
1465591104 2 93680 R 15.0 50 5 1802 605
1465611956 1 93463 R 5.0 51 1 580 306
1467041879 2 93773 R 10.0 54 3 910 606
1469982546 1 93743 R 17.0 50 5 672 307
1469990622 2 93962 R 3.0 53 1 1988 607
1471547130 2 94061 R 19.0 48 6 984 608
1474392309 2 94244 R 6.0 54 2 2296 609
1474446498 1 94028 R 8.0 54 2 889 308
1475845063 2 94337 R 7.0 51 2 884 610
1478823487 1 94309 R 14.0 51 4 1216 309
1478887772 2 94531 R 12.0 51 4 2631 611
1480262343 2 94619 R 13.0 53 4 931 612
1483226807 2 94809 R 18.0 51 6 2389 613
1483281133 1 94594 R 11.0 55 3 911 310
1484724195 2 94905 R 4.0 52 1 869 614
1487651681 1 94874 R 20.0 50 6 415 311
1487659442 2 95093 R 9.0 50 3 2607 615
1489126241 2 95187 R 10.0 55 3 628 616
1492011869 1 95153 R 5.0 52 1 574 312
1492063311 2 95374 R 12.0 52 4 2344 617
1493496464 2 95466 R 16.0 51 5 391 618
1496429400 1 95435 R 14.0 52 4 934 313
1496431493 2 95654 R 3.0 54 1 2271 619
1497868489 2 95746 R 7.0 52 2 601 620
1500815314 1 95716 R 17.0 51 5 389 314
1500917252 2 95941 R 15.0 51 5 2371 621
1502379684 2 96035 R 19.0 49 6 699 622
1505209587 2 96216 R 18.0 52 6 2104 623
1505320325 1 96004 R 8.0 55 2 607 315
1506734406 2 96313 R 4.0 53 1 579 624
1509659613 1 96282 R 11.0 56 3 908 316
1509720431 2 96505 R 6.0 55 2 2300 625
1511165337 2 96597 R 13.0 54 4 933 626
1514075002 2 96783 R 9.0 51 3 2036 627
1514092243 1 96566 R 5.0 53 1 589 317
1515588508 2 96880 R 10.0 56 3 631 628
1518439893 2 97063 R 12.0 53 4 2058 629
1518494559 1 96847 R 14.0 53 4 1215 318
1520005257 2 97163 R 13.0 55 4 89 630
1522864449 1 97127 R 20.0 51 6 979 319
1522872627 2 97346 R 15.0 52 5 2083 631
1524391621 2 97444 R 7.0 53 2 325 632
1527273940 2 97628 R 3.0 55 1 2280 633
1527328489 1 97413 R 17.0 52 5 959 320
1528709281 2 97720 R 19.0 50 6 696 634
1531636653 1 97689 R 8.0 56 2 1162 321
1531644533 2 97908 R 18.0 53 6 1823 635
1533173365 2 98006 R 4.0 54 1 305 636
1536108642 2 98193 R 12.0 54 4 2064 637
1536163028 1 97978 R 14.0 54 4 935 322
1537606318 2 98289 R 16.0 52 5 966 638
1540541356 2 98477 R 6.0 56 2 2013 639
1540550999 1 98259 R 20.0 52 6 982 323
1542007857 2 98571 R 10.0 57 3 910 640
1544943227 2 98759 R 15.0 53 5 2086 641
1544968203 1 98542 R 17.0 53 5 959 324
1546378220 2 98851 R 13.0 56 4 649 642
1549287858 2 99037 R 3.0 56 1 1988 643
1549354729 1 98823 R 11.0 57 3 1199 325
1550842170 2 99136 R 7.0 54 2 325 644
1553708768 1 99101 R 5.0 54 1 860 326
1553736544 2 99322 R 9.0 52 3 2319 645
1555150243 2 99412 R 19.0 51 6 414 646
1558153876 2 99604 R 12.0 55 4 2062 647
1558157756 1 99386 R 14.0 55 4 1216 327
1559553761 2 99694 R 16.0 53 5 671 648
1562539786 2 99885 R 18.0 54 6 2106 649
1562574770 1 99669 R 8.0 57 2 1460 328
1564002376 2 99979 R 10.0 58 3 625 650
1566894931 2 100164 R 15.0 54 5 2081 651
1566961052 1 99949 R 20.0 53 6 1260 329
1568386545 2 100259 R 4.0 55 1 579 652
1571316199 1 100228 R 17.0 54 5 1519 330
1571343202 2 100448 R 3.0 57 1 1990 653
1572819968 2 100543 R 13.0 57 4 1217 654
1575754579 2 100731 R 6.0 57 2 2013 655
1575764617 1 100513 R 11.0 58 3 1476 331
1577221359 2 100825 R 10.0 59 3 345 656
1580156489 2 101012 R 12.0 56 4 1778 657
1580181517 1 100795 R 14.0 56 4 934 332
1581591531 2 101104 R 19.0 52 6 411 658
1584567271 1 101076 R 8.0 58 2 887 333
1584626235 2 101298 R 9.0 53 3 2036 659
1586055640 2 101390 R 13.0 58 4 650 660
1588921942 1 101355 R 5.0 55 1 860 334
1588949952 2 101575 R 18.0 55 6 1825 661
1590488281 2 101674 R 7.0 55 2 609 662
1593349235 1 101638 R 20.0 54 6 977 335
1593367105 2 101858 R 15.0 55 5 1800 663
1594892680 2 101956 R 16.0 54 5 1244 664
1597752995 2 102139 R 6.0 58 2 2016 665
1597788435 1 101922 R 11.0 59 3 1194 336
1599215558 2 102232 R 10.0 60 3 343 666
1602187964 1 102204 R 17.0 55 5 1528 337
1602232879 2 102425 R 12.0 57 4 1781 667
1603632553 2 102515 R 4.0 56 1 587 668
1606534723 2 102701 R 3.0 58 1 1988 669
1606589738 1 102486 R 14.0 57 4 1213 338
1608032415 2 102796 R 7.0 56 2 602 670
1610959764 1 102765 R 5.0 56 1 1138 339
1610973326 2 102985 R 9.0 54 3 2319 671
1612498577 2 103082 R 16.0 55 5 675 672
1615373203 2 103266 R 18.0 56 6 1822 673
1615423621 1 103051 R 20.0 55 6 698 340
1616821993 2 103359 R 13.0 59 4 367 674
1619774817 2 103548 R 15.0 56 5 1799 675
1619780085 1 103330 R 8.0 59 2 885 341
1621239007 2 103642 R 4.0 57 1 581 676
1624162653 2 103829 R 6.0 59 2 2016 677
1624260593 1 103616 R 17.0 56 5 1235 342
1625701387 2 103927 R 19.0 53 6 980 678
1628580070 2 104111 R 12.0 58 4 2338 679
1628584020 1 103893 R 11.0 60 3 1192 343
1630102994 2 104209 R 10.0 61 3 908 680
1632965834 2 104392 R 9.0 55 3 2319 681
1633000542 1 104176 R 5.0 57 1 866 344
1634473356 2 104489 R 16.0 56 5 390 682
1637386875 1 104457 R 20.0 56 6 977 345
1637445488 2 104679 R 3.0 59 1 1996 683
1638937325 2 104774 R 7.0 57 2 607 684
1641802523 1 104739 R 14.0 58 4 1219 346
1641894317 2 104964 R 18.0 57 6 1547 685
1643356733 2 105057 R 19.0 54 6 699 686
1646180576 2 105238 R 12.0 59 4 1780 687
1646297398 1 105027 R 17.0 57 5 960 347
1647711393 2 105336 R 13.0 60 4 654 688
1650636893 1 105305 R 8.0 60 2 1163 348
1650706967 2 105528 R 3.0 60 1 1712 689
1652159656 2 105621 R 4.0 58 1 590 690
1654993393 1 105583 R 14.0 59 4 647 349
1655077391 2 105807 R 6.0 60 2 2024 691
1656481493 2 105897 R 10.0 62 3 624 692
1659416516 2 106085 R 9.0 56 3 2314 693
1659470993 1 105870 R 11.0 61 3 915 350
1660982467 2 106185 R 7.0 58 2 894 694
1663841350 1 106150 R 20.0 57 6 978 351
1663849649 2 106369 R 15.0 57 5 2932 695
1665368623 2 106466 R 16.0 57 5 113 696
1668251211 2 106650 R 18.0 58 6 2108 697
1668305354 1 106435 R 5.0 58 1 869 352
1669723361 2 106745 R 19.0 55 6 132 698
1672701628 2 106935 R 15.0 58 5 2085 699
1672724654 1 106718 R 17.0 58 5 679 353
1674150445 2 107028 R 13.0 61 4 374 700
1677079224 1 106997 R 8.0 61 2 890 354
1677118592 2 107218 R 3.0 61 1 1989 701
1678583007 2 107312 R 4.0 59 1 303 702
1681504577 2 107499 R 6.0 61 2 2577 703
1681527994 1 107282 R 20.0 58 6 982 355
1682985033 2 107593 R 10.0 63 3 347 704
1685849248 1 107558 R 5.0 59 1 864 356
1685859617 2 107777 R 18.0 59 6 2105 705
1687329777 2 107872 R 7.0 59 2 320 706
1690282742 1 107842 R 11.0 62 3 1191 357
1690349040 2 108065 R 12.0 60 4 2342 707
1694656752 2 108340 R 9.0 57 3 2320 708
1694684414 1 108124 R 14.0 60 4 1213 358
1696183249 2 108438 R 4.0 60 1 17 709
1699058589 2 108622 R 15.0 59 5 2081 710
1699134389 1 108408 R 20.0 59 6 698 359
1700601050 2 108721 R 19.0 56 6 136 711
1703551625 1 108691 R 17.0 59 5 677 360
1703553874 2 108910 R 18.0 60 6 2110 712
1704987155 2 109002 R 13.0 62 4 371 713
1707914247 2 109189 R 3.0 62 1 2276 714
1707937598 1 108972 R 14.0 61 4 938 361
1709341544 2 109280 R 7.0 60 2 323 715
1712292244 1 109251 R 5.0 60 1 860 362
1712331602 2 109472 R 6.0 62 2 2575 716
1713790264 2 109565 R 16.0 58 5 954 717
1716731445 2 109753 R 12.0 61 4 2624 718
1716741023 1 109535 R 8.0 62 2 1171 363
1718207494 2 109848 R 10.0 64 3 346 719
1721187715 1 109820 R 11.0 63 3 1194 364
1721197512 2 110039 R 15.0 60 5 2369 720
1722593551 2 110128 R 19.0 57 6 132 721
1725495762 1 110096 R 20.0 60 6 1260 365
1725520695 2 110316 R 9.0 58 3 2604 722
1727072649 2 110415 R 7.0 61 2 44 723
1729899303 1 110377 R 17.0 60 5 1233 366
1729938014 2 110598 R 3.0 63 1 2553 724
1731437382 2 110694 R 13.0 63 4 87 725
1734324216 2 110879 R 18.0 61 6 2670 726
1734347279 1 110662 R 20.0 61 6 699 367
1735870367 2 110978 R 4.0 61 1 308 727
1738764223 1 110945 R 8.0 63 2 888 368
1738803877 2 111166 R 12.0 62 4 2628 728
1740199932 2 111255 R 16.0 59 5 391 729
1743127334 2 111443 R 6.0 63 2 2866 730
1743163882 1 111226 R 5.0 61 1 862 369
1747538749 2 111725 R 15.0 61 5 2364 731
1747566208 1 111508 R 14.0 62 4 1507 370
1749047863 2 111821 R 10.0 65 3 63 732
1751930578 2 112006 R 12.0 63 4 2058 733
1751953663 1 111789 R 11.0 64 3 907 371
1753387031 2 112099 R 4.0 62 1 298 734
1756371088 1 112072 R 17.0 61 5 677 372
1756410099 2 112293 R 3.0 64 1 2278 735
1757820047 2 112383 R 16.0 60 5 391 736
1760756950 1 112352 R 20.0 62 6 693 373
1760841002 2 112576 R 6.0 64 2 2587 737
1762221549 2 112665 R 7.0 62 2 604 738
1765180107 2 112854 R 9.0 59 3 2888 739
1765236396 1 112639 R 5.0 62 1 862 374
1766717018 2 112952 R 19.0 58 6 702 740
1769537150 2 113133 R 18.0 62 6 2666 741
1769605628 1 112919 R 14.0 63 4 1212 375
1771015133 2 113227 R 13.0 64 4 937 742
1773944396 1 113196 R 8.0 64 2 1161 376
1774016846 2 113419 R 15.0 62 5 2367 743
1775432016 2 113510 R 10.0 66 3 61 744
1778377413 1 113480 R 11.0 65 3 1479 377
1778465101 2 113704 R 6.0 65 2 2585 745
1779890451 2 113795 R 7.0 63 2 322 746
1782757268 2 113979 R 9.0 60 3 2314 747
1782843062 1 113766 R 11.0 66 3 629 378
1784260741 2 114075 R 4.0 63 1 302 748
1787157002 2 114260 R 3.0 65 1 2558 749
1787166616 1 114042 R 17.0 62 5 672 379
1788725079 2 114361 R 16.0 61 5 396 750
1791583626 1 114325 R 8.0 65 2 889 380
1791683843 2 114550 R 12.0 64 4 2347 751
1793033136 2 114637 R 13.0 65 4 651 752
1796045779 1 114611 R 5.0 63 1 869 381
1796054125 2 114830 R 18.0 63 6 2108 753
1797549905 2 114926 R 19.0 59 6 418 754
1800393207 2 115108 R 6.0 66 2 2289 755
1800450049 1 114893 R 20.0 63 6 1262 382
1801904096 2 115204 R 10.0 67 3 63 756
1804874698 2 115394 R 3.0 66 1 2283 757
1804898486 1 115177 R 14.0 64 4 1499 383
1806352772 2 115489 R 7.0 64 2 329 758
1809229462 2 115673 R 9.0 61 3 2600 759
1809282026 1 115458 R 20.0 64 6 700 384
1810701918 2 115767 R 13.0 66 4 367 760
1813589786 1 115734 R 5.0 64 1 864 385
1813598063 2 115953 R 15.0 63 5 2645 761
1815103266 2 116049 R 4.0 64 1 302 762
1818083783 2 116240 R 12.0 65 4 2344 763
1818116927 1 116023 R 11.0 67 3 1198 386
1819473855 2 116329 R 16.0 62 5 670 764
1822486923 1 116303 R 17.0 63 5 677 387
1822500974 2 116522 R 18.0 64 6 2111 765
1823938163 2 116614 R 19.0 60 6 416 766
1826886732 2 116803 R 6.0 67 2 2298 767
1826921449 1 116587 R 8.0 66 2 893 388
1828370903 2 116898 R 10.0 68 3 629 768
1831266870 2 117083 R 9.0 62 3 2318 769
1831308265 1 116868 R 14.0 65 4 1219 389
1832772217 2 117180 R 4.0 65 1 301 770
1835662528 1 117146 R 20.0 65 6 696 390
1835731207 2 117369 R 15.0 64 5 2370 771
1837143001 2 117460 R 16.0 63 5 391 772
1840038766 2 117645 R 3.0 67 1 2265 773
1840110667 1 117431 R 5.0 65 1 863 391
1841606772 2 117745 R 7.0 65 2 607 774
1844440715 2 117927 R 12.0 66 4 2620 775
1844527902 1 117714 R 8.0 67 2 887 392
1845914771 2 118021 R 13.0 67 4 648 776
1848848068 2 118209 R 18.0 65 6 1822 777
1848927786 1 117995 R 14.0 66 4 936 393
1850316390 2 118303 R 10.0 69 3 904 778
1853269333 1 118273 R 11.0 68 3 1194 394
1853296323 2 118493 R 6.0 68 2 2012 779
1854811746 2 118590 R 19.0 61 6 981 780
1857713642 2 118776 R 9.0 63 3 2038 781
1857717336 1 118558 R 17.0 64 5 957 395
1859150709 2 118868 R 7.0 66 2 321 782
1862099679 2 119057 R 3.0 68 1 1992 783
1862134638 1 118840 R 20.0 66 6 696 396
1863589435 2 119152 R 4.0 66 1 299 784
1866479909 2 119337 R 15.0 65 5 2364 785
1866520400 1 119121 R 5.0 66 1 864 397
1867975568 2 119433 R 16.0 64 5 111 786
1870944143 2 119623 R 12.0 67 4 2630 787
1870963728 1 119405 R 11.0 69 3 1199 398
1872455498 2 119720 R 19.0 62 6 137 788
1875302775 1 119683 R 14.0 67 4 1213 399
1875320246 2 119903 R 18.0 66 6 2388 789
1876819588 2 119999 R 7.0 67 2 328 790
1879734991 1 119967 R 8.0 68 2 886 400
1879782247 2 120188 R 9.0 64 3 1758 791
1881252566 2 120283 R 4.0 67 1 309 792
1884136882 1 120249 R 20.0 67 6 980 401
1884184082 2 120470 R 15.0 66 5 1805 793
1885654351 2 120564 R 10.0 70 3 915 794
1888554148 2 120750 R 6.0 69 2 2012 795
1888606922 1 120535 R 5.0 67 1 1151 402
1890062160 2 120846 R 13.0 68 4 1224 796
1892893680 2 121028 R 12.0 68 4 2335 797
1892913119 1 120810 R 17.0 65 5 1521 403
1894385306 2 121123 R 16.0 65 5 107 798
1897312527 2 121310 R 3.0 69 1 1988 799
1897347874 1 121094 R 14.0 68 4 1214 404
1898802237 2 121406 R 7.0 68 2 326 800
1901733921 1 121375 R 11.0 70 3 1477 405
1901792414 2 121597 R 18.0 67 6 2390 801
1906116010 2 121874 R 15.0 67 5 1516 802
1906213250 1 121661 R 11.0 71 3 629 406
1907594042 2 121968 R 19.0 63 6 132 803
1910533199 2 122156 R 12.0 69 4 1783 804
1910536505 1 121938 R 5.0 68 1 866 407
1912099093 2 122257 R 10.0 71 3 349 805
1914953907 1 122221 R 17.0 66 5 954 408
1914991152 2 122442 R 9.0 65 3 1757 806
1916438186 2 122534 R 4.0 68 1 304 807
1919349911 1 122502 R 8.0 69 2 1165 409
1919398621 2 122724 R 6.0 70 2 1732 808
1920871151 2 122818 R 13.0 69 4 935 809
1923820107 1 122788 R 20.0 68 6 1265 410
1923847287 2 123009 R 3.0 70 1 1717 810
1925272455 2 123100 R 7.0 69 2 605 811
1928139636 2 123283 R 18.0 68 6 2103 812
1928143582 1 123065 R 14.0 69 4 1500 411
1929643235 2 123380 R 16.0 66 5 673 813
1932560345 1 123348 R 11.0 72 3 906 412
1932650625 2 123572 R 15.0 68 5 2087 814
1934107150 2 123665 R 13.0 70 4 652 815
1936946708 1 123628 R 5.0 69 1 1142 413
1937005063 2 123851 R 9.0 66 3 2037 816
1938415017 2 123941 R 10.0 72 3 907 817
1941426141 1 123915 R 14.0 70 4 935 414
1941453852 2 124135 R 12.0 70 4 1782 818
1942941626 2 124231 R 19.0 64 6 700 819
1945870865 2 124418 R 3.0 71 1 1993 820
1945874550 1 124200 R 20.0 69 6 984 415
1947329765 2 124512 R 13.0 71 4 371 821
1950208175 2 124696 R 18.0 69 6 1824 822
1950259119 1 124480 R 17.0 67 5 1246 416
1951746662 2 124794 R 7.0 70 2 611 823
1954566645 1 124756 R 8.0 70 2 1162 417
1954609629 2 124977 R 6.0 71 2 2015 824
1956132565 2 125075 R 4.0 69 1 589 825
1959060080 2 125262 R 3.0 72 1 1710 826
1959092897 1 125046 R 5.0 70 1 867 418
1960487650 2 125354 R 16.0 67 5 672 827
1963463554 1 125325 R 20.0 70 6 700 419
1963477454 2 125545 R 15.0 69 5 1804 828
1964936089 2 125638 R 10.0 73 3 629 829
1967863218 2 125826 R 9.0 67 3 2042 830
1967898322 1 125609 R 11.0 73 3 915 420
1969320049 2 125919 R 19.0 65 6 696 831
1972218241 2 126104 R 12.0 71 4 1776 832
1972284830 1 125890 R 14.0 71 4 1220 421
1973758544 2 126203 R 4.0 70 1 583 833
1976638796 1 126169 R 8.0 71 2 890 422
1976707697 2 126392 R 18.0 70 6 1546 834
1978144748 2 126484 R 16.0 68 5 111 835
1981015325 2 126667 R 9.0 68 3 1752 836
1981087354 1 126453 R 5.0 71 1 864 423
1982499279 2 126762 R 7.0 71 2 324 837
1985416959 2 126949 R 3.0 73 1 1710 838
1985505224 1 126736 R 17.0 68 5 1522 424
1986948051 2 127047 R 13.0 72 4 656 839
1989890739 1 127017 R 14.0 72 4 934 425
1989912419 2 127237 R 6.0 72 2 2017 840
1991296929 2 127325 R 19.0 66 6 694 841
1994245663 1 127296 R 20.0 71 6 978 426
1995698242 2 127607 R 4.0 71 1 297 842
1998622079 2 127794 R 15.0 70 5 2362 843
1998694444 1 127580 R 11.0 74 3 1193 427
2000193835 2 127895 R 10.0 74 3 915 844
2003043220 1 127859 R 8.0 72 2 1166 428
2004533118 2 128173 R 16.0 69 5 672 845
2007444909 1 128140 R 17.0 69 5 1807 429
2007544422 2 128365 R 12.0 72 4 2347 846
2008965860 2 128456 R 19.0 67 6 416 847
2011924441 2 128646 R 6.0 73 2 2297 848
2011939794 1 128428 R 11.0 75 3 912 430
2013367397 2 128738 R 13.0 73 4 369 849
2016263443 2 128923 R 3.0 74 1 2556 850
2016278907 1 128706 R 14.0 73 4 930 431
2017755343 2 129019 R 10.0 75 3 627 851
2020696450 2 129207 R 18.0 71 6 2670 852
2020717816 1 128990 R 5.0 72 1 1146 432
2022172551 2 129301 R 7.0 72 2 600 853
2025097828 2 129489 R 9.0 69 3 2881 854
2025104165 1 129270 R 17.0 70 5 1235 433
2026634518 2 129587 R 4.0 72 1 581 855
2029505647 2 129771 R 15.0 71 5 3215 856
2029583672 1 129557 R 8.0 73 2 1455 434
2031036347 2 129869 R 19.0 68 6 701 857
2033907257 1 129834 R 20.0 72 6 1543 435
2033932584 2 130054 R 12.0 73 4 1786 858
2035406914 2 130148 R 16.0 70 5 957 859
2038324046 1 130117 R 5.0 73 1 861 436
2038371109 2 130338 R 6.0 74 2 1735 860
2039745897 2 130426 R 13.0 74 4 652 861
2042757017 2 130619 R 3.0 75 1 1991 862
2042782390 1 130402 R 14.0 74 4 936 437
2044178690 2 130710 R 10.0 76 3 628 863
2047112173 2 130898 R 18.0 72 6 2106 864
2047152812 1 130682 R 11.0 76 3 908 438
2048580496 2 130992 R 16.0 71 5 397 865
2051513477 1 130961 R 8.0 74 2 1167 439
2051560323 2 131182 R 9.0 70 3 2326 866
2052968033 2 131272 R 7.0 73 2 604 867
2055931122 1 131243 R 17.0 71 5 1235 440
2055977700 2 131465 R 15.0 72 5 2655 868
2057385548 2 131555 R 13.0 75 4 648 869
2060315058 2 131743 R 12.0 74 4 1777 870
2060326460 1 131525 R 5.0 74 1 1145 441
2061771240 2 131836 R 4.0 73 1 573 871
2064716322 2 132024 R 3.0 76 1 1996 872
2064822248 1 131812 R 20.0 73 6 1547 442
2066251391 2 132122 R 19.0 69 6 697 873
2069160523 1 132090 R 8.0 75 2 885 443
2069166960 2 132309 R 15.0 73 5 1801 874
2070699762 2 132407 R 10.0 77 3 917 875
2073584046 2 132592 R 6.0 75 2 2016 876
2073593611 1 132374 R 20.0 74 6 982 444
2074991919 2 132682 R 13.0 76 4 649 877
2077969989 2 132872 R 9.0 71 3 2322 878
2077995602 1 132656 R 5.0 75 1 1147 445
2079502805 2 132971 R 7.0 74 2 892 879
2082403231 1 132938 R 14.0 75 4 1498 446
2082449945 2 133159 R 18.0 73 6 2111 880
2083857640 2 133249 R 16.0 72 5 956 881
2086755900 2 133435 R 12.0 75 4 1495 882
2086851658 1 133222 R 17.0 72 5 1241 447
2088222144 2 133529 R 10.0 78 3 625 883
2091143894 1 133497 R 11.0 77 3 1466 448
2091219740 2 133720 R 6.0 76 2 1451 884
2092655044 2 133812 R 19.0 70 6 696 885
2095652601 2 134004 R 3.0 77 1 1717 886
2095664477 1 133786 R 8.0 76 2 1172 449
2097109199 2 134097 R 7.0 75 2 885 887
2100034605 1 134066 R 11.0 78 3 911 450
2100054144 2 134286 R 9.0 72 3 1757 888
2101463867 2 134376 R 4.0 74 1 861 889
2104373644 1 134344 R 20.0 75 6 978 451
2104461827 2 134568 R 18.0 74 6 1829 890
2105912695 2 134661 R 13.0 77 4 935 891
2108785313 2 134845 R 15.0 74 5 2081 892
2108874862 1 134632 R 14.0 76 4 936 452
2110330006 2 134944 R 16.0 73 5 677 893
2113202619 2 135127 R 12.0 76 4 1496 894
2113212399 1 134909 R 5.0 76 1 1148 453
2114715874 2 135224 R 10.0 79 3 916 895
2117588392 2 135408 R 6.0 77 2 1447 896
2117613827 1 135191 R 8.0 77 2 1166 454
2119070314 2 135503 R 7.0 76 2 602 897
2121984409 1 135471 R 17.0 73 5 1234 455
2122068174 2 135695 R 3.0 78 1 1428 898
2123519018 2 135788 R 19.0 71 6 697 899
2126391852 2 135971 R 18.0 75 6 1257 900
2126448174 1 135757 R 20.0 76 6 696 456
2127965403 2 136072 R 4.0 75 1 584 901
2130808853 2 136254 R 9.0 73 3 1473 902
2130867185 1 136039 R 8.0 78 2 889 457
2132273408 2 136348 R 13.0 78 4 649 903
2135194988 2 136535 R 12.0 77 4 1776 904
2135222519 1 136318 R 11.0 79 3 1190 458
2136675152 2 136630 R 16.0 74 5 388 905
2139670932 1 136603 R 14.0 77 4 1502 459
2139674696 2 136822 R 6.0 78 2 1448 906
2141170241 2 136917 R 7.0 77 2 608 907
2144087595 1 136885 R 5.0 77 1 863 460
2144123213 2 137106 R 15.0 75 5 2089 908
2145509501 2 137195 R 10.0 80 3 907 909
2148415229 2 137381 R 3.0 79 1 1140 910
2148474222 1 137166 R 17.0 74 5 1239 461
2149948224 2 137479 R 19.0 72 6 698 911
2152916852 1 137450 R 20.0 77 6 1263 462
2152936201 2 137670 R 15.0 76 5 1242 912
2154344045 2 137760 R 16.0 75 5 108 913
2157255948 1 137728 R 11.0 80 3 1473 463
2157306648 2 137950 R 18.0 76 6 1263 914
2158714120 2 138040 R 4.0 76 1 302 915
2161645456 2 138228 R 9.0 74 3 1477 916
2161688527 1 138012 R 8.0 79 2 1450 464
2163178446 2 138326 R 10.0 81 3 632 917
2166078613 2 138511 R 12.0 78 4 1780 918
2166090485 1 138294 R 14.0 78 4 2059 465
2167611508 2 138610 R 19.0 73 6 700 919
2170460568 1 138573 R 5.0 78 1 1149 466
2170481958 2 138793 R 6.0 79 2 1453 920
2172012768 2 138891 R 7.0 78 2 607 921
2174924836 1 138859 R 11.0 81 3 1475 467
2174930364 2 139078 R 3.0 80 1 1435 922
2176383697 2 139171 R 13.0 79 4 1217 923
2179281532 1 139138 R 20.0 78 6 1261 468
2179314821 2 139359 R 15.0 77 5 1522 924
2180722393 2 139449 R 16.0 76 5 671 925
2183753464 2 139643 R 18.0 77 6 1546 926
2183761231 1 139425 R 8.0 80 2 1455 469
2185141775 2 139731 R 13.0 80 4 648 927
2188084820 1 139701 R 17.0 75 5 1806 470
2188139329 2 139923 R 12.0 79 4 1498 928
2189621390 2 140018 R 19.0 74 6 699 929
2192493851 2 140202 R 6.0 80 2 1730 930
2192501991 1 139984 R 14.0 79 4 1779 471
2193944585 2 140295 R 4.0 77 1 578 931
2196887972 1 140265 R 11.0 82 3 1470 472
2196942323 2 140487 R 3.0 81 1 1711 932
2198362168 2 140578 R 10.0 82 3 625 933
2201291288 2 140765 R 9.0 75 3 1752 934
2201392946 1 140553 R 5.0 79 1 1436 473
2202824041 2 140863 R 7.0 79 2 893 935
2205693162 2 141047 R 18.0 78 6 1258 936
2205732206 1 140831 R 20.0 79 6 1824 474
2207225814 2 141145 R 16.0 77 5 959 937
2210100633 2 141329 R 15.0 78 5 1234 938
2210165213 1 141114 R 17.0 76 5 2095 475
2211596372 2 141425 R 19.0 75 6 415 939
2214548965 2 141614 R 6.0 81 2 1457 940
2214566527 1 141396 R 8.0 81 2 2020 476
2215968562 2 141704 R 13.0 81 4 365 941
2218937042 1 141676 R 14.0 80 4 1496 477
2218966308 2 141896 R 12.0 80 4 1498 942
2220479325 2 141993 R 7.0 80 2 325 943
2223309484 1 141956 R 11.0 83 3 1753 478
2223361957 2 142178 R 3.0 82 1 1422 944
2224894538 2 142276 R 4.0 78 1 579 945
2227732198 2 142457 R 9.0 76 3 2036 946
2227820123 1 142244 R 5.0 80 1 1713 479
2229265135 2 142555 R 10.0 83 3 628 947
2232196464 2 142743 R 18.0 79 6 1262 948
2232235685 1 142527 R 20.0 80 6 1829 480
2233604308 2 142833 R 16.0 78 5 392 949
2236606104 1 142807 R 17.0 77 5 2081 481
2236629101 2 143027 R 6.0 82 2 1455 950
2238036869 2 143117 R 7.0 81 2 321 951
2241029090 1 143090 R 11.0 84 3 1757 482
2241030715 2 143308 R 9.0 77 3 1754 952
2242438898 2 143398 R 19.0 76 6 414 953
2245401144 2 143588 R 3.0 83 1 1430 954
2245446233 1 143372 R 8.0 82 2 1736 483
2246808918 2 143678 R 4.0 79 1 295 955
2249740527 2 143866 R 15.0 79 5 1796 956
2249832305 1 143653 R 17.0 78 5 1804 484
2251273175 2 143964 R 13.0 82 4 368 957
2254173334 2 144149 R 12.0 81 4 1777 958
2254186822 1 143932 R 5.0 81 1 1989 485
2255706152 2 144248 R 10.0 84 3 629 959
2258574721 2 144431 R 9.0 78 3 1753 960
2258635590 1 144216 R 14.0 81 4 2061 486
2260107467 2 144529 R 7.0 82 2 615 961
2262962601 2 144712 R 6.0 83 2 2014 962
2263046899 1 144499 R 20.0 81 6 1829 487
2264477768 2 144809 R 4.0 80 1 298 963
2267379817 2 144995 R 3.0 84 1 1424 964
2267448356 1 144781 R 5.0 82 1 1428 488
2268942115 2 145095 R 19.0 77 6 419 965
2271818893 1 145060 R 14.0 82 4 1497 489
2271842254 2 145280 R 18.0 80 6 1545 966
2273250048 2 145370 R 16.0 79 5 680 967
2276243591 2 145562 R 6.0 84 2 1736 968
2276282823 1 145346 R 8.0 83 2 1737 490
2277651362 2 145652 R 7.0 83 2 598 969
2280590968 1 145622 R 11.0 85 3 2035 491
2280614183 2 145842 R 15.0 80 5 1518 970
2282102025 2 145937 R 13.0 83 4 931 971
2284986688 2 146122 R 12.0 82 4 1780 972
2284992481 1 145903 R 17.0 79 5 2081 492
2286519265 2 146220 R 10.0 85 3 910 973
2289399895 1 146185 R 5.0 83 1 1707 493
2289497255 2 146410 R 3.0 85 1 1713 974
2290905103 2 146500 R 4.0 81 1 588 975
2293826991 1 146469 R 20.0 82 6 1824 494
2293912664 2 146693 R 9.0 79 3 1758 976
2295385065 2 146787 R 19.0 78 6 700 977
2298265656 1 146753 R 14.0 83 4 2068 495
2298283202 2 146972 R 18.0 81 6 1546 978
2299708248 2 147064 R 7.0 84 2 881 979
2302622228 2 147250 R 15.0 81 5 1801 980
2302651772 1 147034 R 17.0 80 5 2082 496
2304182424 2 147350 R 16.0 80 5 677 981
2307054869 2 147534 R 6.0 85 2 1734 982
2307131397 1 147320 R 11.0 86 3 1759 497
2308583963 2 147632 R 13.0 84 4 941 983
2311454640 1 147597 R 8.0 84 2 1730 498
2311458559 2 147816 R 3.0 86 1 1706 984
2312991438 2 147914 R 10.0 86 3 629 985
2315901464 1 147881 R 14.0 84 4 1496 499
2315907231 2 148100 R 12.0 83 4 2351 986
2317314890 2 148191 R 4.0 82 1 857 987
2320257920 1 148160 R 5.0 84 1 1706 500
2320291034 2 148381 R 6.0 86 2 1450 988
2321698805 2 148471 R 7.0 85 2 882 989
2324724041 2 148665 R 12.0 84 4 1501 990
2324737896 1 148447 R 20.0 83 6 1546 501
2326131820 2 148755 R 19.0 79 6 695 991
2329061309 1 148724 R 11.0 87 3 1760 502
2329125506 2 148946 R 9.0 80 3 1753 992
2330597879 2 149041 R 16.0 81 5 394 993
2333478611 1 149006 R 17.0 81 5 2092 503
2333496090 2 149226 R 18.0 82 6 1826 994
2334921378 2 149317 R 13.0 85 4 365 995
2337864435 1 149287 R 8.0 85 2 1165 504
2337959910 2 149512 R 3.0 87 1 1712 996
2339338453 2 149600 R 4.0 83 1 583 997
2342268184 2 149788 R 15.0 82 5 2362 998
2342344050 1 149574 R 5.0 85 1 1428 505
2343724361 2 149881 R 7.0 86 2 880 999
2346667941 1 149851 R 20.0 84 6 1538 506
2346671968 2 150069 R 18.0 83 6 1541 1000
2348205352 2 150167 R 10.0 87 3 1197 1001
2351085064 1 150133 R 14.0 85 4 1777 507
2351120306 2 150354 R 9.0 81 3 1760 1002
2352653298 2 150452 R 19.0 80 6 984 1003
2355470975 1 150414 R 17.0 82 5 2090 508
2355537586 2 150637 R 6.0 87 2 1734 1004
2356945234 2 150727 R 4.0 84 1 577 1005
2359923757 2 150917 R 12.0 85 4 2350 1006
2359950723 1 150701 R 11.0 88 3 1473 509
2361456572 2 151016 R 16.0 82 5 675 1007
2364399331 1 150985 R 14.0 86 4 1501 510
2364403481 2 151204 R 15.0 83 5 2658 1008
2365811183 2 151294 R 19.0 81 6 699 1009
2368691283 1 151260 R 8.0 86 2 1446 511
2368726899 2 151481 R 18.0 84 6 1824 1010
2370259677 2 151579 R 13.0 86 4 939 1011
2373144035 2 151764 R 3.0 88 1 1709 1012
2373202208 1 151549 R 5.0 86 1 1430 512
2374608356 2 151857 R 7.0 87 2 891 1013
2377557238 1 151827 R 20.0 85 6 1543 513
2377602161 2 152049 R 6.0 88 2 2016 1014
2379010650 2 152139 R 10.0 88 3 1188 1015
2382005721 1 152112 R 17.0 83 5 1522 514
2382009930 2 152331 R 15.0 84 5 2086 1016
2383380522 2 152419 R 16.0 83 5 951 1017
2386378243 2 152611 R 9.0 82 3 2037 1018
2386422888 1 152395 R 14.0 87 4 1778 515
2387844607 2 152704 R 4.0 85 1 869 1019
2390717376 2 152888 R 12.0 86 4 2056 1020
2390809067 1 152676 R 11.0 89 3 1474 516
2392277567 2 152988 R 19.0 82 6 981 1021
2395150245 2 153172 R 15.0 85 5 1799 1022
2395163460 1 152954 R 8.0 87 2 1733 517
2396679528 2 153270 R 10.0 89 3 1196 1023
2399551628 2 153454 R 6.0 89 2 1730 1024
2399612128 1 153239 R 14.0 88 4 1500 518
