131081401 2 8272 R 4.0 1 1 17 1
135418562 2 8549 R 5.0 1 1 15 2
148075743 1 9397 R 3.0 1 1 16 1
170657247 2 10805 R 4.0 2 1 15 3
179458114 2 11368 R 5.0 2 1 8 4
183925001 2 11654 R 8.0 1 2 604 5
187766832 1 11937 R 3.0 2 1 19 2
188314899 2 11935 R 7.0 1 2 322 6
196589583 1 12502 R 6.0 1 2 44 3
205887951 2 13059 R 11.0 1 3 64 7
214719004 2 13625 R 10.0 1 3 351 8
219180868 2 13910 R 8.0 2 2 324 9
223575148 2 14191 R 4.0 3 1 579 10
227935709 2 14470 R 7.0 2 2 321 11
232397893 2 14756 R 5.0 3 1 300 12
236168935 1 15035 R 3.0 3 1 15 4
245063948 1 15604 R 6.0 2 2 44 5
254386218 2 16163 R 13.0 1 4 84 13
258819211 2 16447 R 4.0 4 1 303 14
263164408 2 16725 R 11.0 2 3 340 15
267630243 2 17011 R 8.0 3 2 883 16
271395552 1 17289 R 9.0 1 3 61 6
272048197 2 17294 R 14.0 1 4 1217 17
275890858 1 17577 R 3.0 4 1 20 7
276449413 2 17575 R 10.0 2 3 909 18
280856574 2 17857 R 5.0 4 1 588 19
285225391 2 18137 R 7.0 3 2 1445 20
293446586 1 18701 R 6.0 3 2 47 8
294026131 2 18700 R 13.0 2 4 80 21
298474728 2 18985 R 8.0 4 2 325 22
302808342 2 19262 R 11.0 3 3 335 23
307278669 2 19548 R 17.0 1 5 1519 24
311632692 2 19827 R 4.0 5 1 298 25
316081847 2 20112 R 14.0 2 4 1215 26
319903289 1 20394 R 12.0 1 4 86 9
320498717 2 20394 R 10.0 3 3 346 27
324273897 1 20673 R 9.0 2 3 62 10
324857698 2 20673 R 16.0 1 5 1518 28
328738000 1 20959 R 3.0 5 1 18 11
329319278 2 20959 R 5.0 5 1 581 29
333721240 2 21241 R 7.0 4 2 1166 30
338128297 2 21523 R 8.0 5 2 327 31
346387356 1 22089 R 6.0 4 2 46 12
351350932 2 22369 R 13.0 3 4 655 32
355783571 2 22653 R 4.0 6 1 310 33
359600247 1 22934 R 12.0 2 4 94 13
360079946 2 22928 R 11.0 4 3 908 34
364552273 2 23214 R 19.0 1 6 2108 35
368375881 1 23496 R 3.0 6 1 18 14
368976277 2 23497 R 5.0 6 1 16 36
373363314 2 23778 R 10.0 4 3 1186 37
377796247 2 24061 R 20.0 1 6 2957 38
381526030 1 24338 R 9.0 3 3 60 15
382158748 2 24341 R 14.0 3 4 2628 39
390939822 2 24903 R 8.0 6 2 882 40
394770752 1 25185 R 15.0 1 5 109 16
395326228 2 25183 R 7.0 5 2 1734 41
399171545 1 25467 R 6.0 5 2 39 17
399796552 2 25469 R 17.0 3 5 2086 42
404157085 2 25749 R 19.0 2 6 1823 43
408543135 2 26029 R 16.0 2 5 3489 44
412478227 1 26319 R 12.0 3 4 91 18
412985700 2 26314 R 20.0 2 6 1824 45
416817102 1 26596 R 3.0 7 1 16 19
417418396 2 26597 R 4.0 7 1 1147 46
421779164 2 26876 R 13.0 4 4 2630 47
426165077 2 27157 R 10.0 5 3 1752 48
434466462 1 27726 R 9.0 4 3 72 20
434995492 2 27722 R 5.0 7 1 1429 49
438868777 1 28008 R 18.0 1 6 134 21
439381632 2 28003 R 14.0 4 4 3186 50
443239344 1 28287 R 15.0 2 5 392 22
448212187 2 28568 R 16.0 3 5 2646 51
452108059 1 28855 R 6.0 6 2 42 23
452598171 2 28849 R 20.0 3 6 1821 52
465338511 1 29702 R 12.0 4 4 93 24
465834039 2 29696 R 7.0 6 2 2851 53
469754124 1 29984 R 3.0 8 1 312 25
470220110 2 29977 R 8.0 7 2 2863 54
479050824 2 30542 R 17.0 4 5 3776 55
483436879 2 30822 R 13.0 5 4 3467 56
487341126 1 31110 R 15.0 3 5 113 26
491680077 1 31387 R 9.0 5 3 340 27
492267427 2 31388 R 10.0 6 3 2882 57
496112941 1 31671 R 6.0 7 2 325 28
496653456 2 31668 R 11.0 6 3 3735 58
500514718 1 31953 R 18.0 2 6 698 29
501123106 2 31954 R 4.0 8 1 3121 59
505483772 2 32233 R 5.0 8 1 2837 60
509290240 1 32515 R 12.0 5 4 82 30
509933788 2 32518 R 4.0 9 1 583 61
513754243 1 32800 R 3.0 9 1 17 31
514295021 2 32797 R 14.0 5 4 4598 62
518680721 2 33078 R 8.0 8 2 3420 63
523160678 2 33365 R 16.0 4 5 4061 64
527609240 2 33649 R 13.0 6 4 3760 65
531901248 2 33924 R 7.0 7 2 3699 66
535795959 1 34211 R 15.0 4 5 117 32
536367299 2 34210 R 8.0 9 2 1453 67
540150538 1 34490 R 9.0 6 3 348 33
540757418 2 34491 R 17.0 5 5 4065 68
544599315 1 34774 R 18.0 3 6 417 34
545190223 2 34775 R 14.0 6 4 4036 69
549016194 1 35057 R 6.0 8 2 326 35
549591894 2 35056 R 20.0 4 6 5210 70
553401987 1 35338 R 12.0 6 4 88 36
553951921 2 35335 R 4.0 10 1 16 71
558406857 2 35620 R 19.0 4 6 4647 72
562808526 2 35902 R 11.0 7 3 4571 73
567215946 2 36184 R 16.0 5 5 4060 74
570973659 1 36462 R 3.0 10 1 14 37
571664413 2 36469 R 10.0 7 3 4580 75
575422181 1 36747 R 15.0 5 5 109 38
575966475 2 36744 R 16.0 6 5 1236 76
580377727 2 37027 R 13.0 7 4 4327 77
584244295 1 37312 R 9.0 7 3 66 39
584763767 2 37307 R 20.0 5 6 4080 78
588630767 1 37592 R 6.0 9 2 325 40
589243459 2 37594 R 17.0 6 5 4345 79
593110657 1 37879 R 18.0 4 6 420 41
593638693 2 37875 R 7.0 9 2 894 80
597434147 1 38156 R 12.0 7 4 367 42
597999655 2 38154 R 7.0 8 2 4550 81
602385843 2 38435 R 10.0 8 3 4007 82
606828489 2 38719 R 13.0 8 4 3471 83
611261218 2 39003 R 4.0 11 1 857 84
615622063 2 39282 R 19.0 5 6 4924 85
619529869 1 39570 R 3.0 11 1 26 43
620007913 2 39563 R 11.0 8 3 4859 86
623931544 1 39852 R 6.0 10 2 43 44
628302189 1 40131 R 15.0 6 5 112 45
628838463 2 40128 R 14.0 7 4 5722 87
632640947 1 40409 R 9.0 8 3 342 46
633224394 2 40409 R 10.0 9 3 3443 88
637074037 1 40693 R 18.0 5 6 415 47
641475659 1 40974 R 12.0 8 4 366 48
642055207 2 40974 R 8.0 10 2 4841 89
646440951 2 41255 R 17.0 7 5 5472 90
659677039 2 42102 R 20.0 6 6 6052 91
663485427 1 42383 R 3.0 12 1 14 49
664063099 2 42382 R 11.0 9 3 5136 92
667902248 1 42666 R 9.0 9 3 62 50
672893365 2 42948 R 5.0 9 1 4246 93
676694410 1 43228 R 15.0 7 5 109 51
677279575 2 43228 R 14.0 8 4 5441 94
681173910 1 43515 R 6.0 11 2 41 52
685622621 1 43800 R 18.0 6 6 138 53
686110231 2 43794 R 19.0 6 6 6334 95
689914509 1 44074 R 12.0 9 4 84 54
690496273 2 44074 R 17.0 8 5 5745 96
694966412 2 44360 R 4.0 12 1 3123 97
699326889 2 44639 R 7.0 10 2 4269 98
703236646 1 44927 R 3.0 13 1 20 55
703712945 2 44920 R 8.0 11 2 6244 99
712543802 2 45485 R 14.0 9 4 4308 100
716427811 1 45771 R 9.0 10 3 66 56
716929706 2 45766 R 20.0 7 6 6617 101
725172670 1 46331 R 18.0 7 6 130 57
725760634 2 46331 R 10.0 10 3 5990 102
729605713 1 46615 R 6.0 12 2 323 58
730146611 2 46612 R 11.0 10 3 5698 103
734007198 1 46896 R 15.0 8 5 391 59
738377507 1 47176 R 12.0 10 4 85 60
739006487 2 47179 R 13.0 10 4 6295 104
747787994 2 47741 R 8.0 12 2 6523 105
752173864 2 48022 R 17.0 9 5 6874 106
756091148 1 48310 R 9.0 11 3 67 61
760491288 1 48591 R 3.0 14 1 300 62
761004546 2 48587 R 7.0 11 2 5396 107
764892636 1 48873 R 18.0 8 6 135 63
765390603 2 48867 R 5.0 10 1 3961 108
769263189 1 49153 R 6.0 13 2 329 64
774220977 2 49433 R 19.0 7 6 8308 109
778132630 1 49720 R 15.0 9 5 115 65
778683145 2 49718 R 20.0 8 6 8029 110
783085096 2 50000 R 11.0 11 3 6274 111
787492626 2 50282 R 13.0 11 4 6854 112
791251524 1 50560 R 12.0 11 4 84 66
791919709 2 50565 R 14.0 10 4 6293 113
796227273 2 50841 R 5.0 11 1 3114 114
800058435 1 51124 R 3.0 15 1 14 67
800722893 2 51129 R 13.0 12 4 4323 115
804553843 1 51411 R 6.0 14 2 43 68
805059821 2 51406 R 8.0 13 2 6806 116
808892893 1 51689 R 9.0 12 3 62 69
809445575 2 51687 R 19.0 8 6 6895 117
817731505 1 52255 R 18.0 9 6 132 70
818276269 2 52252 R 7.0 12 2 6525 118
822662069 2 52533 R 16.0 9 5 7723 119
826539043 1 52818 R 15.0 10 5 110 71
835927866 2 53382 R 17.0 10 5 8852 120
839720031 1 53662 R 12.0 12 4 87 72
840360810 2 53665 R 10.0 12 3 7678 121
844754578 2 53947 R 20.0 11 6 3800 122
849114894 2 54226 R 5.0 12 1 3687 123
852965655 1 54510 R 9.0 13 3 63 73
853500959 2 54506 R 7.0 13 2 5394 124
857352130 1 54790 R 3.0 16 1 301 74
861831798 1 55077 R 6.0 15 2 611 75
862331669 2 55072 R 20.0 10 6 8027 125
866155507 1 55354 R 18.0 10 6 414 76
866717719 2 55352 R 19.0 10 6 4358 126
870539612 1 55634 R 15.0 11 5 390 77
875548309 2 55917 R 11.0 12 3 8801 127
880006252 2 56203 R 7.0 14 2 4560 128
883783012 1 56482 R 12.0 13 4 85 78
884376693 2 56483 R 8.0 14 2 8784 129
888831058 2 56768 R 7.0 15 2 1729 130
893169892 2 57045 R 19.0 9 6 9436 131
897059895 1 57332 R 9.0 14 3 65 79
897556771 2 57326 R 14.0 11 4 10242 132
901383855 1 57608 R 3.0 17 1 303 80
905830329 1 57893 R 6.0 16 2 604 81
906386925 2 57891 R 16.0 11 5 6592 133
910772835 2 58172 R 13.0 14 4 5166 134
914668931 1 58459 R 15.0 12 5 113 82
919070544 1 58740 R 18.0 11 6 133 83
919603896 2 58737 R 16.0 10 5 10540 135
923440560 1 59020 R 12.0 14 4 85 84
923989390 2 59018 R 10.0 13 3 9647 136
928432097 2 59302 R 17.0 13 5 6032 137
932886543 2 59587 R 14.0 14 4 3199 138
937225253 2 59865 R 5.0 13 1 3678 139
941611953 2 60146 R 13.0 13 4 10519 140
945434654 1 60428 R 9.0 15 3 64 85
949946127 1 60716 R 3.0 18 1 300 86
950442447 2 60711 R 11.0 13 3 11061 141
954361332 1 60999 R 6.0 17 2 327 87
954828089 2 60991 R 13.0 15 4 5442 142
963659075 2 61557 R 17.0 12 5 11386 143
967542949 1 61843 R 18.0 12 6 136 88
968045119 2 61837 R 14.0 12 4 11358 144
971882131 1 62120 R 12.0 15 4 368 89
976314924 1 62404 R 15.0 13 5 392 90
976875213 2 62402 R 17.0 14 5 6311 145
981261617 2 62683 R 10.0 14 3 10214 146
985121417 1 62968 R 3.0 19 1 16 91
989491780 1 63247 R 9.0 16 3 61 92
990091560 2 63248 R 5.0 14 1 3967 147
994478156 2 63529 R 11.0 14 3 10210 148
1003308302 2 64094 R 20.0 13 6 6616 149
1007172661 1 64379 R 12.0 16 4 87 93
1007694634 2 64375 R 14.0 13 4 11075 150
1011605710 1 64663 R 6.0 18 2 327 94
1016007607 1 64944 R 18.0 13 6 136 95
1016525209 2 64940 R 16.0 12 5 11110 151
1020377982 1 65224 R 15.0 14 5 109 96
1025380160 2 65507 R 4.0 20 1 297 152
1029759238 2 65787 R 7.0 16 2 11331 153
1034191887 2 66071 R 16.0 13 5 8852 154
1038552800 2 66350 R 19.0 11 6 12537 155
1042434158 1 66636 R 9.0 17 3 68 97
1042938213 2 66630 R 5.0 15 1 4243 156
1046820633 1 66916 R 3.0 20 1 300 98
1051173348 1 67195 R 6.0 19 2 320 99
1051769353 2 67196 R 20.0 12 6 13383 157
1055669342 1 67483 R 18.0 14 6 138 100
1056154997 2 67476 R 10.0 16 3 8231 158
1060008034 1 67760 R 12.0 17 4 85 101
1060625438 2 67762 R 19.0 12 6 11412 159
1065014772 2 68043 R 14.0 15 4 8548 160
1069371954 2 68322 R 11.0 15 3 12189 161
1073252349 1 68608 R 15.0 15 5 112 102
1078202503 2 68887 R 10.0 15 3 13033 162
1082058838 1 69172 R 3.0 21 1 17 103
1082588097 2 69168 R 13.0 17 4 7978 163
1090834744 1 69733 R 9.0 18 3 62 104
1091418506 2 69733 R 7.0 17 2 7929 164
1095804582 2 70014 R 11.0 17 3 7673 165
1099704997 1 70301 R 18.0 15 6 135 105
1104137208 1 70585 R 6.0 20 2 44 106
1104635608 2 70579 R 19.0 13 6 11410 166
1109097294 2 70865 R 20.0 15 6 8029 167
1112945049 1 71148 R 15.0 16 5 112 107
1113500939 2 71146 R 17.0 16 5 8005 168
1117314927 1 71428 R 12.0 18 4 89 108
1117897164 2 71428 R 16.0 14 5 10833 169
1122257620 2 71707 R 11.0 16 3 12189 170
1126059333 1 71988 R 3.0 22 1 14 109
1126643681 2 71988 R 17.0 15 5 12514 171
1134897723 1 72553 R 9.0 19 3 61 110
1135473772 2 72553 R 16.0 15 5 9412 172
1139859609 2 72833 R 7.0 18 2 7650 173
1148111001 1 73399 R 18.0 16 6 132 111
1148690736 2 73399 R 20.0 14 6 13385 174
1153152544 2 73684 R 10.0 18 3 8805 175
1157545767 2 73965 R 4.0 23 1 299 176
1161417047 1 74251 R 12.0 19 4 93 112
1161907360 2 74244 R 10.0 17 3 12467 177
1165756345 1 74528 R 6.0 21 2 323 113
1166365545 2 74530 R 19.0 14 6 11977 178
1170189372 1 74812 R 15.0 17 5 394 114
1170735337 2 74809 R 5.0 16 1 3691 179
1174590343 1 75094 R 9.0 20 3 65 115
1175131298 2 75091 R 13.0 19 4 8266 180
1178960701 1 75373 R 3.0 23 1 15 116
1179529495 2 75372 R 19.0 15 6 10000 181
1183914998 2 75653 R 20.0 16 6 9434 182
1187830973 1 75941 R 18.0 17 6 137 117
1188395088 2 75940 R 13.0 18 4 11931 183
1192823753 2 76223 R 19.0 16 6 8032 184
1197180788 2 76502 R 14.0 16 4 13624 185
1200949457 1 76781 R 12.0 20 4 83 118
1205476485 1 77070 R 15.0 18 5 114 119
1205962519 2 77064 R 17.0 17 5 11390 186
1210348447 2 77345 R 11.0 18 3 12184 187
1214251712 1 77632 R 6.0 22 2 42 120
1214790488 2 77629 R 7.0 19 2 9058 188
1219223396 2 77913 R 4.0 24 1 1709 189
1223584538 2 78192 R 16.0 16 5 12518 190
1227401859 1 78474 R 9.0 21 3 64 121
1227970600 2 78472 R 14.0 17 4 11927 191
1231884257 1 78760 R 18.0 18 6 135 122
1232440137 2 78759 R 17.0 19 5 7729 192
1236236754 1 79039 R 3.0 24 1 296 123
1236801091 2 79038 R 17.0 18 5 10828 193
1241263315 2 79323 R 16.0 17 5 11107 194
1245012439 1 79601 R 12.0 21 4 85 124
1245656183 2 79604 R 4.0 25 1 867 195
1249476962 1 79886 R 15.0 19 5 111 125
1250017724 2 79884 R 11.0 19 3 11904 196
1254403759 2 80164 R 10.0 19 3 11906 197
1258314697 1 80452 R 6.0 23 2 43 126
1258883418 2 80451 R 14.0 18 4 11084 198
1263310492 2 80734 R 13.0 20 4 10804 199
1267617646 2 81010 R 7.0 20 2 9058 200
1272089870 2 81296 R 13.0 21 4 7983 201
1275932873 1 81580 R 9.0 22 3 65 127
1276450396 2 81575 R 10.0 20 3 9929 202
1280303228 1 81859 R 3.0 25 1 16 128
1280836793 2 81856 R 20.0 17 6 11973 203
1284767969 1 82145 R 18.0 19 6 138 129
1285268168 2 82140 R 4.0 26 1 14 204
1289075415 1 82421 R 12.0 22 4 84 130
1289667286 2 82421 R 16.0 18 5 11669 205
1294053276 2 82702 R 11.0 20 3 12183 206
1297883017 1 82984 R 15.0 20 5 107 131
1302378167 1 83272 R 6.0 24 2 334 132
1307289362 2 83549 R 19.0 17 6 12536 207
1311674942 2 83830 R 17.0 20 5 9981 208
1315527832 1 84114 R 9.0 23 3 61 133
1320505506 2 84395 R 10.0 21 3 9366 209
1324366918 1 84679 R 18.0 20 6 133 134
1324891976 2 84675 R 14.0 19 4 12208 210
1329361586 2 84962 R 13.0 22 4 8829 211
1333173339 1 85243 R 3.0 26 1 17 135
1333721834 2 85241 R 7.0 21 2 9901 212
1338108538 2 85521 R 20.0 18 6 11974 213
1346354960 1 86087 R 12.0 23 4 87 136
1346939105 2 86086 R 11.0 21 3 12755 214
1350819341 1 86372 R 6.0 25 2 330 137
1351388959 2 86371 R 4.0 27 1 1427 215
1355252354 1 86656 R 15.0 21 5 396 138
1355750096 2 86650 R 14.0 20 4 10799 216
1360136046 2 86931 R 16.0 19 5 13076 217
1364615771 2 87218 R 20.0 19 6 10568 218
1368464364 1 87502 R 9.0 24 3 67 139
1369063712 2 87502 R 7.0 22 2 8782 219
1377195949 1 88060 R 18.0 21 6 130 140
1377777721 2 88060 R 19.0 18 6 13383 220
1381579763 1 88341 R 3.0 27 1 293 141
1382163630 2 88341 R 10.0 22 3 10774 221
1386012436 1 88625 R 12.0 24 4 85 142
1390994276 2 88906 R 17.0 21 5 12522 222
1395380191 2 89187 R 19.0 19 6 11126 223
1399225504 1 89470 R 15.0 22 5 117 143
1399822569 2 89471 R 17.0 22 5 9980 224
1403720217 1 89758 R 6.0 26 2 43 144
1404255359 2 89755 R 16.0 21 5 9982 225
1408059330 1 90036 R 9.0 25 3 64 145
1408616267 2 90034 R 11.0 22 3 13309 226
1413002336 2 90315 R 13.0 23 4 11363 227
1417480115 2 90601 R 11.0 23 3 11061 228
1421849986 2 90881 R 10.0 23 3 9930 229
1425709516 1 91165 R 18.0 22 6 135 146
1426282867 2 91165 R 4.0 28 1 2839 230
1430112601 1 91447 R 12.0 25 4 88 147
1430643860 2 91444 R 19.0 20 6 10000 231
1434481135 1 91727 R 3.0 28 1 300 148
1435029925 2 91724 R 20.0 20 6 11408 232
1443860265 2 92289 R 7.0 23 2 10186 233
1447755933 1 92576 R 9.0 26 3 66 149
1448310572 2 92574 R 17.0 23 5 9709 234
1452064133 1 92852 R 6.0 27 2 324 150
1452671445 2 92853 R 14.0 22 4 11081 235
1456590979 1 93142 R 15.0 23 5 397 151
1457057487 2 93134 R 13.0 24 4 10797 236
1461535224 2 93421 R 11.0 24 3 11344 237
1465366926 1 93703 R 18.0 23 6 135 152
1465905633 2 93700 R 16.0 22 5 10547 238
1470338617 2 93984 R 20.0 21 6 10284 239
1474698700 2 94263 R 14.0 23 4 9105 240
1478612315 1 94551 R 12.0 26 4 89 153
1479084610 2 94544 R 17.0 24 5 9126 241
1482949639 1 94829 R 3.0 29 1 300 154
1487350850 1 95110 R 6.0 28 2 38 155
1487915650 2 95109 R 10.0 24 3 10775 242
1491721906 1 95390 R 15.0 24 5 108 156
1492301581 2 95390 R 13.0 25 4 10239 243
1496185734 1 95676 R 9.0 27 3 354 157
1496744063 2 95674 R 7.0 24 2 10187 244
1501177169 2 95958 R 11.0 25 3 11349 245
1505537655 2 96237 R 19.0 21 6 11129 246
1509923308 2 96517 R 20.0 22 6 9152 247
1518240951 1 97087 R 18.0 24 6 137 158
1518753802 2 97083 R 13.0 26 4 9391 248
1523139786 2 97363 R 19.0 22 6 9435 249
1527047371 1 97651 R 3.0 30 1 19 159
1531970838 2 97929 R 10.0 25 3 11058 250
1535823467 1 98213 R 12.0 27 4 86 160
1536356896 2 98209 R 14.0 24 4 10231 251
1540287840 1 98498 R 6.0 29 2 331 161
1544595640 1 98774 R 9.0 28 3 625 162
1545187327 2 98774 R 16.0 23 5 12796 252
1548997533 1 99056 R 15.0 25 5 391 163
1549572967 2 99055 R 16.0 24 5 9692 253
1554050677 2 99342 R 20.0 23 6 9156 254
1558421448 2 99621 R 11.0 26 3 11621 255
1562885222 2 99907 R 13.0 27 4 9689 256
1566709343 1 100189 R 3.0 31 1 19 164
1567193829 2 100183 R 17.0 25 5 12225 257
1571048970 1 100467 R 18.0 25 6 132 165
1571665181 2 100469 R 4.0 31 1 3116 258
1576026377 2 100748 R 10.0 26 3 10496 259
1580412341 2 101029 R 17.0 26 5 10538 260
1584292507 1 101315 R 12.0 28 4 88 166
1588694261 1 101596 R 6.0 30 2 325 167
1593064619 1 101876 R 9.0 29 3 629 168
1593648020 2 101876 R 16.0 25 5 9411 261
1597528949 1 102162 R 15.0 26 5 111 169
1598110253 2 102161 R 13.0 28 4 9109 262
1606366680 1 102727 R 3.0 32 1 20 170
1606909302 2 102725 R 4.0 32 1 2838 263
1611288073 2 103005 R 10.0 27 3 12773 264
1615174448 1 103291 R 18.0 26 6 137 171
1615720898 2 103289 R 7.0 25 2 11034 265
1620081174 2 103568 R 14.0 26 4 9954 266
1624467167 2 103848 R 19.0 24 6 9433 267
1628355433 1 104135 R 12.0 29 4 89 172
1632694389 1 104412 R 9.0 30 3 59 173
1633297508 2 104413 R 8.0 15 2 8497 268
1637127183 1 104696 R 6.0 31 2 39 174
1637748010 2 104698 R 4.0 33 1 2273 269
1642109188 2 104977 R 17.0 27 5 11958 270
1645934950 1 105260 R 15.0 27 5 110 175
1646570927 2 105263 R 20.0 25 6 9437 271
1650965207 2 105544 R 20.0 24 6 12258 272
1655325803 2 105823 R 11.0 28 3 12461 273
1659241492 1 106111 R 18.0 27 6 138 176
1659711012 2 106104 R 5.0 17 1 4528 274
1663579824 1 106389 R 3.0 33 1 16 177
1668542288 2 106669 R 11.0 29 3 10494 275
1672928207 2 106950 R 13.0 29 4 10515 276
1676823939 1 107237 R 12.0 30 4 88 178
1681758423 2 107515 R 16.0 27 5 9687 277
1685630977 1 107800 R 9.0 31 3 65 179
1686208630 2 107800 R 4.0 34 1 2836 278
1690001620 1 108080 R 6.0 32 2 325 180
1690599096 2 108081 R 19.0 25 6 10285 279
1698871472 1 108648 R 15.0 28 5 114 181
1699380842 2 108643 R 10.0 28 3 12467 280
1703179402 1 108923 R 18.0 28 6 131 182
1703766903 2 108923 R 14.0 27 4 11934 281
1712110830 1 109495 R 3.0 34 1 21 183
1712597392 2 109489 R 20.0 26 6 10846 282
1716983377 2 109769 R 17.0 28 5 13078 283
1720886940 1 110057 R 12.0 31 4 89 184
1721463199 2 110056 R 13.0 30 4 11085 284
1725225849 1 110334 R 6.0 33 2 38 185
1725858523 2 110337 R 11.0 31 3 7971 285
1730219548 2 110616 R 10.0 29 3 11906 286
1734677713 2 110902 R 19.0 26 6 10284 287
1738469728 1 111182 R 9.0 32 3 64 186
1739036908 2 111181 R 4.0 36 1 16 288
1743436167 2 111462 R 11.0 30 3 12477 289
1747277488 1 111746 R 18.0 29 6 134 187
1747822113 2 111743 R 17.0 29 5 12231 290
1751647843 1 112025 R 15.0 29 5 394 188
1756652651 2 112308 R 14.0 28 4 12215 291
1760517063 1 112593 R 12.0 32 4 87 189
1761038565 2 112589 R 10.0 30 3 11338 292
1764949693 1 112877 R 3.0 35 1 20 190
1769351313 1 113158 R 6.0 34 2 42 191
1769869268 2 113154 R 16.0 28 5 12514 293
1774255119 2 113435 R 13.0 31 4 11925 294
1778733034 2 113721 R 17.0 30 5 10826 295
1786938226 1 114284 R 9.0 33 3 64 192
1787491200 2 114282 R 16.0 29 5 11103 296
1791877261 2 114562 R 14.0 29 4 11356 297
1795808550 1 114852 R 18.0 30 6 136 193
1800707759 2 115128 R 13.0 32 4 11083 298
1804522059 1 115409 R 15.0 30 5 109 194
1805093732 2 115408 R 10.0 31 3 10778 299
1813328589 1 115973 R 12.0 33 4 84 195
1813923976 2 115974 R 16.0 30 5 9981 300
1817823718 1 116261 R 3.0 36 1 20 196
1818310425 2 116254 R 20.0 28 6 12254 301
1826568478 1 116820 R 9.0 34 3 62 197
1827140860 2 116819 R 17.0 31 5 10259 302
1831001632 1 117104 R 6.0 35 2 329 198
1831526856 2 117100 R 13.0 33 4 10231 303
1839808983 1 117668 R 18.0 31 6 135 199
1840356907 2 117665 R 5.0 18 1 3680 304
1844743457 2 117946 R 11.0 32 3 12202 305
1853574034 2 118511 R 20.0 29 6 10844 306
1857395389 1 118793 R 3.0 37 1 15 200
1857959960 2 118792 R 14.0 30 4 12780 307
1861860008 1 119079 R 15.0 31 5 114 201
1866292508 1 119363 R 12.0 34 4 91 202
1866819595 2 119359 R 7.0 27 2 11877 308
1871252755 2 119643 R 14.0 31 4 11085 309
1875099553 1 119926 R 6.0 36 2 43 203
1875645481 2 119924 R 4.0 39 1 299 310
1879469722 1 120206 R 9.0 35 3 64 204
1880007070 2 120203 R 16.0 31 5 10821 311
1883809465 1 120484 R 18.0 32 6 131 205
1884392491 2 120484 R 5.0 19 1 3961 312
1888872935 2 120770 R 10.0 32 3 13039 313
1893320931 2 121055 R 10.0 33 3 9937 314
1897613525 2 121330 R 17.0 32 5 11386 315
1901458428 1 121613 R 3.0 38 1 15 206
1902079197 2 121615 R 8.0 16 2 7942 316
1906440261 2 121895 R 11.0 33 3 12750 317
1910902422 2 122180 R 13.0 34 4 12785 318
1914735982 1 122463 R 15.0 32 5 114 207
1915295206 2 122461 R 4.0 40 1 299 319
1919059057 1 122740 R 12.0 35 4 85 208
1919656804 2 122740 R 14.0 32 4 11084 320
1923476544 1 123022 R 9.0 36 3 345 209
1924042782 2 123021 R 17.0 33 5 10543 321
1927862755 1 123303 R 18.0 33 6 129 210
1928485409 2 123305 R 19.0 29 6 13668 322
1932342201 1 123590 R 6.0 37 2 328 211
1932880725 2 123587 R 19.0 31 6 6899 323
1937278921 2 123868 R 20.0 30 6 13382 324
1941664783 2 124149 R 13.0 35 4 11074 325
1950006898 1 124720 R 3.0 39 1 21 212
1950495409 2 124714 R 11.0 34 3 12753 326
1954957500 2 125000 R 16.0 32 5 13086 327
1963756470 2 125563 R 20.0 32 6 9439 328
1967510465 1 125840 R 15.0 33 5 106 213
1968135067 2 125843 R 20.0 31 6 16229 329
1972037132 1 126130 R 18.0 34 6 138 214
1972566900 2 126127 R 4.0 41 1 863 330
1976407142 1 126410 R 6.0 38 2 326 215
1976985167 2 126409 R 19.0 30 6 13105 331
1980746480 1 126688 R 12.0 36 4 654 216
1981378544 2 126691 R 13.0 36 4 9959 332
1985179196 1 126971 R 9.0 37 3 629 217
1985739495 2 126970 R 16.0 33 5 12511 333
1990125557 2 127250 R 17.0 34 5 12231 334
1993985838 1 127535 R 3.0 40 1 16 218
1998956124 2 127816 R 11.0 35 3 13314 335
2003342153 2 128096 R 10.0 34 3 13588 336
2012172662 2 128661 R 14.0 33 4 14193 337
2016058969 1 128948 R 15.0 34 5 120 219
2016558653 2 128942 R 11.0 36 3 11904 338
2020476285 1 129230 R 12.0 37 4 373 220
2024862031 1 129511 R 6.0 39 2 329 221
2029216711 1 129790 R 9.0 38 3 623 222
2029794803 2 129789 R 14.0 34 4 12770 339
2033665492 1 130074 R 18.0 35 6 980 223
2034180705 2 130070 R 10.0 36 3 10492 340
2038649200 2 130356 R 4.0 43 1 23 341
2042487603 1 130639 R 3.0 41 1 19 224
2043040629 2 130637 R 16.0 35 5 10825 342
2047473375 2 130921 R 17.0 35 5 12235 343
2051874979 2 131202 R 20.0 33 6 11412 344
2056245412 2 131482 R 11.0 37 3 11629 345
2060038112 1 131762 R 18.0 36 6 132 225
2060640592 2 131763 R 7.0 28 2 7364 346
2065038797 2 132045 R 13.0 37 4 12201 347
2069424862 2 132326 R 19.0 32 6 12255 348
2073344382 1 132614 R 15.0 35 5 112 226
2073867414 2 132610 R 14.0 35 4 12488 349
2077683317 1 132892 R 6.0 40 2 325 227
2078299969 2 132894 R 20.0 35 6 7746 350
2082102744 1 133174 R 12.0 38 4 650 228
2082660873 2 133173 R 10.0 37 3 11062 351
2086582190 1 133461 R 3.0 42 1 301 229
2087123175 2 133458 R 13.0 38 4 10238 352
2090888108 1 133737 R 9.0 39 3 912 230
2095922069 2 134021 R 16.0 37 5 8570 353
2099758022 1 134304 R 18.0 37 6 134 231
2100300533 2 134302 R 17.0 36 5 15921 354
2104732423 2 134585 R 4.0 44 1 863 355
2109093990 2 134864 R 16.0 36 5 12507 356
2113001856 1 135152 R 15.0 36 5 114 232
2113479960 2 135145 R 20.0 34 6 12817 357
2121808340 1 135716 R 3.0 43 1 20 233
2126179005 1 135995 R 12.0 39 4 88 234
2126716133 2 135992 R 14.0 36 4 12489 358
2130517814 1 136273 R 6.0 41 2 36 235
2134950675 1 136557 R 9.0 40 3 62 236
2135527168 2 136556 R 10.0 38 3 11904 359
2139913072 2 136837 R 19.0 33 6 14820 360
2143758450 1 137120 R 18.0 38 6 133 237
2148743059 2 137402 R 5.0 20 1 4812 361
2152659391 1 137690 R 15.0 37 5 115 238
2153129622 2 137683 R 11.0 38 3 14159 362
2161960187 2 138248 R 14.0 37 4 11927 363
2166346254 2 138529 R 19.0 34 6 11691 364
2170214349 1 138814 R 6.0 42 2 41 239
2170788807 2 138813 R 13.0 39 4 12490 365
2174647243 1 139097 R 3.0 44 1 18 240
2175242612 2 139098 R 4.0 45 1 2839 366
2179582039 2 139376 R 7.0 29 2 11596 367
2183454560 1 139661 R 12.0 40 4 89 241
2183968278 2 139656 R 17.0 38 5 11671 368
2187824698 1 139941 R 9.0 41 3 63 242
2192289448 1 140226 R 18.0 39 6 136 243
2192798891 2 140221 R 11.0 40 3 11624 369
2197184886 2 140502 R 10.0 39 3 12460 370
2205408344 1 141066 R 15.0 38 5 108 244
2206015438 2 141067 R 16.0 38 5 12521 371
2209934318 1 141356 R 6.0 43 2 44 245
2210401378 2 141348 R 10.0 40 3 10772 372
2214304681 1 141635 R 3.0 45 1 18 246
2214881097 2 141635 R 13.0 40 4 12777 373
2219298158 2 141917 R 16.0 40 5 7725 374
2223637517 2 142195 R 20.0 36 6 13665 375
2227455047 1 142477 R 12.0 41 4 88 247
2228023435 2 142476 R 14.0 39 4 10238 376
2231887688 1 142761 R 9.0 42 3 63 248
2232503240 2 142763 R 11.0 41 3 11624 377
2236897918 2 143044 R 4.0 47 1 300 378
2240695517 1 143324 R 18.0 40 6 132 249
2241259580 2 143323 R 14.0 38 4 13898 379
2245065884 1 143604 R 15.0 39 5 107 250
2245645494 2 143604 R 13.0 41 4 12204 380
2249529288 1 143890 R 6.0 44 2 41 251
2250125237 2 143890 R 10.0 41 3 10779 381
2254573708 2 144175 R 17.0 39 5 13647 382
2258367792 1 144455 R 3.0 46 1 19 252
2258860168 2 144449 R 19.0 36 6 12255 383
2263332070 2 144736 R 20.0 38 6 10002 384
2267175149 1 145019 R 12.0 42 4 92 253
2267691982 2 145015 R 5.0 21 1 3116 385
2272078678 2 145295 R 20.0 37 6 13946 386
2280356256 1 145863 R 9.0 43 3 65 254
2280909243 2 145861 R 16.0 39 5 14207 387
2284821005 1 146148 R 18.0 41 6 137 255
2285295292 2 146141 R 17.0 40 5 12230 388
2289128929 1 146424 R 15.0 40 5 109 256
2293530255 1 146706 R 6.0 45 2 321 257
2294125580 2 146706 R 7.0 30 2 12159 389
2298025270 1 146993 R 3.0 47 1 19 258
2298511789 2 146987 R 19.0 37 6 12253 390
2302954412 2 147271 R 11.0 42 3 12469 391
2306770121 1 147553 R 12.0 43 4 86 259
2307408505 2 147557 R 19.0 38 6 9721 392
2311747932 2 147834 R 13.0 42 4 13616 393
2316133206 2 148115 R 5.0 22 1 3678 394
2324419241 1 148683 R 9.0 44 3 64 260
2324964341 2 148680 R 17.0 41 5 19298 395
2329350334 2 148961 R 13.0 43 4 11935 396
2333227053 1 149246 R 15.0 41 5 111 261
2337614790 1 149527 R 6.0 46 2 324 262
2338180958 2 149526 R 10.0 42 3 13024 397
2342031966 1 149810 R 3.0 48 1 299 263
2342566888 2 149807 R 11.0 43 3 12466 398
2346494417 1 150095 R 18.0 42 6 700 264
2350895616 1 150377 R 12.0 44 4 91 265
2351397449 2 150372 R 16.0 41 5 12803 399
2355783512 2 150652 R 17.0 42 5 11667 400
2360253054 2 150939 R 16.0 43 5 7723 401
2364613362 2 151218 R 5.0 23 1 3963 402
2368482236 1 151503 R 9.0 45 3 66 266
2368999992 2 151498 R 14.0 41 4 13335 403
2372821421 1 151780 R 6.0 47 2 37 267
2377241327 1 152063 R 15.0 42 5 108 268
2377830713 2 152064 R 10.0 43 3 13028 404
2381656233 1 152346 R 3.0 49 1 302 269
2382216680 2 152344 R 20.0 39 6 13944 405
2390557413 1 152915 R 18.0 43 6 137 270
2391047114 2 152909 R 20.0 40 6 11975 406
2394896164 1 153193 R 12.0 45 4 87 271
2395433099 2 153190 R 10.0 44 3 11616 407
2399912847 2 153477 R 16.0 42 5 12793 408
