91102255 1 5751 R 4.0 1 1 23 1
95558421 2 5998 R 6.0 1 1 21 1
99846720 3 6290 R 5.0 1 1 13 1
117584181 3 7426 R 8.0 1 2 43 2
121932870 1 7724 R 7.0 1 2 40 2
126287858 1 8002 R 10.0 1 3 61 3
126326735 2 7967 R 9.0 1 2 39 2
126360182 3 7987 R 11.0 1 3 76 3
130712937 2 8248 R 12.0 1 3 61 3
139547129 1 8851 R 4.0 2 1 16 4
144003531 2 9099 R 6.0 2 1 19 4
148370175 1 9416 R 13.0 1 4 87 5
148416763 3 9399 R 5.0 2 1 21 4
152803152 3 9680 R 14.0 1 4 90 5
157157564 3 9958 R 8.0 2 2 39 6
161523022 2 10220 R 18.0 1 5 104 5
161607011 3 10243 R 17.0 1 5 116 7
165955873 2 10504 R 15.0 1 4 367 6
170357276 2 10785 R 9.0 2 2 318 7
174852853 2 11073 R 12.0 2 3 349 8
174858855 1 11111 R 16.0 1 5 113 6
179182337 1 11388 R 10.0 2 3 345 7
179240657 3 11372 R 11.0 2 3 66 8
183596963 2 11633 R 6.0 3 1 16 9
183599294 1 11670 R 7.0 2 2 328 8
188030829 2 11916 R 21.0 1 6 136 10
188032393 3 11934 R 20.0 1 6 134 9
188057709 1 11956 R 19.0 1 6 419 9
192428324 1 12235 R 4.0 3 1 295 10
196789142 1 12514 R 13.0 2 4 368 11
196818029 3 12496 R 14.0 2 4 86 10
201241436 3 12780 R 5.0 3 1 298 11
210054020 2 13326 R 15.0 2 4 97 11
210064296 3 13344 R 17.0 2 5 119 12
214422858 1 13643 R 16.0 2 5 110 12
214424151 2 13606 R 9.0 3 2 38 12
214449979 3 13625 R 8.0 3 2 319 13
218808269 1 13924 R 7.0 3 2 37 13
218888908 2 13891 R 18.0 2 5 113 13
223210229 3 14186 R 11.0 3 3 61 14
223288584 1 14210 R 19.0 2 6 136 14
227601871 2 14449 R 12.0 3 3 58 14
227611655 1 14487 R 10.0 3 3 59 15
232128899 2 14739 R 21.0 2 6 136 15
236434187 1 15052 R 4.0 4 1 14 16
236469349 3 15034 R 5.0 4 1 16 15
240887223 3 15317 R 20.0 2 6 134 16
240904144 2 15300 R 6.0 4 1 18 16
245225914 1 15614 R 13.0 3 4 81 17
249648995 2 15860 R 15.0 3 4 84 17
249678569 3 15880 R 14.0 3 4 86 17
254111640 1 16183 R 16.0 3 5 111 18
258563412 3 16448 R 8.0 4 2 45 18
262892661 2 16708 R 9.0 4 2 38 18
267292972 3 17007 R 17.0 3 5 108 19
271700436 2 17271 R 18.0 3 5 110 19
271710045 3 17290 R 11.0 4 3 62 20
271776330 1 17314 R 10.0 4 3 66 19
276068863 1 17588 R 19.0 3 6 131 20
276070796 2 17551 R 21.0 3 6 129 20
276095647 3 17570 R 5.0 5 1 15 21
280534493 2 17837 R 12.0 4 3 63 21
280579621 1 17877 R 7.0 4 2 322 21
289339460 1 18438 R 4.0 5 1 16 22
289372638 2 18402 R 6.0 5 1 19 22
293788683 1 18722 R 16.0 4 5 112 23
293792492 3 18703 R 20.0 3 6 136 22
298116245 3 18980 R 14.0 4 4 373 23
298205878 1 19005 R 13.0 4 4 380 24
302585510 2 19248 R 15.0 4 4 88 23
306955648 2 19528 R 9.0 5 2 40 24
311343916 3 19826 R 11.0 5 3 62 24
315730014 3 20107 R 8.0 5 2 322 25
315807951 1 20132 R 10.0 5 3 66 25
315826023 2 20095 R 21.0 4 6 137 25
320133784 2 20371 R 18.0 4 5 107 26
320210240 3 20394 R 17.0 4 5 393 26
324532897 3 20670 R 5.0 6 1 13 27
324568042 1 20692 R 7.0 5 2 39 26
328995610 1 20976 R 19.0 4 6 135 27
333345782 2 21217 R 6.0 6 1 13 27
333434174 1 21260 R 4.0 6 1 305 28
337819980 1 21540 R 13.0 5 4 87 29
337841443 2 21504 R 12.0 5 3 66 28
346580577 1 22101 R 16.0 5 5 107 30
346585782 2 22064 R 9.0 6 2 37 29
346629448 3 22084 R 20.0 4 6 135 28
351031100 3 22366 R 14.0 5 4 374 29
355400741 3 22646 R 8.0 6 2 38 30
355424383 2 22630 R 15.0 5 4 86 30
359826451 2 22911 R 18.0 5 5 114 31
364178979 3 23208 R 11.0 6 3 59 31
364196835 2 23191 R 21.0 5 6 131 32
364244981 1 23232 R 7.0 6 2 41 31
368690058 3 23496 R 5.0 7 1 299 32
372999725 1 23792 R 10.0 6 3 59 32
373105487 3 23779 R 17.0 5 5 397 33
377401524 1 24074 R 4.0 7 1 297 33
377471274 2 24041 R 6.0 7 1 18 33
381809094 1 24356 R 19.0 5 6 414 34
381904371 2 24324 R 12.0 6 3 67 34
386257225 1 24640 R 13.0 6 4 87 35
386305752 2 24606 R 9.0 7 2 42 35
390692064 3 24904 R 14.0 6 4 91 34
395031593 3 25182 R 20.0 5 6 131 35
399464150 3 25466 R 8.0 7 2 323 36
399485856 1 25487 R 16.0 6 5 109 36
403893298 2 25732 R 21.0 6 6 134 36
408232483 2 26009 R 15.0 6 4 368 37
408271159 3 26029 R 11.0 7 3 62 37
412641218 3 26309 R 5.0 8 1 13 38
412665274 2 26293 R 18.0 6 5 671 38
412682581 1 26332 R 10.0 7 3 63 37
417105968 3 26595 R 17.0 6 5 109 39
417162040 1 26618 R 7.0 7 2 44 38
425877285 2 27139 R 6.0 8 1 14 39
430296616 1 27459 R 4.0 8 1 15 39
430349530 3 27443 R 14.0 7 4 89 40
430372642 2 27426 R 9.0 8 2 43 40
434711983 2 27704 R 12.0 7 3 67 41
434714369 1 27742 R 19.0 6 6 131 40
434751556 3 27724 R 20.0 6 6 135 41
439100421 1 28022 R 13.0 7 4 370 41
443550361 2 28270 R 15.0 7 4 87 42
447985611 1 28591 R 16.0 7 5 111 42
452337750 3 28850 R 8.0 8 2 39 42
452357907 2 28833 R 18.0 7 5 113 43
456728272 2 29113 R 21.0 7 6 131 44
461119845 1 29432 R 10.0 8 3 62 43
461208100 3 29417 R 17.0 7 5 113 43
465515547 3 29693 R 11.0 8 3 61 44
465536798 1 29714 R 7.0 8 2 39 44
465597376 2 29681 R 6.0 9 1 19 45
469916859 3 29975 R 5.0 9 1 13 45
474310719 2 30238 R 9.0 9 2 36 46
474338764 1 30278 R 19.0 7 6 132 45
474413113 3 30263 R 20.0 7 6 136 46
478752051 3 30540 R 14.0 8 4 372 47
478833908 1 30565 R 4.0 9 1 309 46
483132150 1 30840 R 13.0 8 4 648 47
483242987 2 30810 R 12.0 8 3 67 47
492018868 2 31372 R 15.0 8 4 87 48
496360364 1 31687 R 16.0 8 5 109 48
496400750 3 31670 R 8.0 9 2 39 48
505169499 2 32213 R 18.0 8 5 106 49
509557097 1 32532 R 10.0 9 3 60 49
509602060 2 32497 R 6.0 10 1 15 50
513999493 1 32816 R 7.0 9 2 38 50
514003900 2 32779 R 21.0 8 6 134 51
514019542 3 32797 R 17.0 8 5 109 49
518389911 3 33077 R 20.0 8 6 132 50
518464440 1 33102 R 4.0 10 1 306 51
522777846 1 33378 R 19.0 8 6 412 52
522854016 3 33363 R 11.0 9 3 345 51
527185097 2 33622 R 9.0 10 2 37 52
527210889 3 33642 R 14.0 9 4 652 52
531648999 2 33908 R 15.0 9 4 87 53
531688757 3 33928 R 5.0 10 1 301 53
531693953 1 33948 R 13.0 9 4 90 53
540487379 2 34474 R 12.0 9 3 66 54
549275187 3 35054 R 8.0 10 2 39 54
553614598 3 35331 R 17.0 9 5 107 55
553639966 2 35315 R 18.0 9 5 108 55
553671282 1 35355 R 16.0 9 5 110 54
558036143 1 35634 R 10.0 10 3 349 55
558047384 3 35615 R 11.0 10 3 62 56
558070990 2 35599 R 6.0 11 1 297 56
562448989 3 35897 R 20.0 9 6 131 57
562468831 1 35918 R 4.0 11 1 294 56
566870443 1 36200 R 7.0 10 2 611 57
566945019 3 36185 R 14.0 10 4 375 58
571277602 1 36482 R 19.0 9 6 978 58
571345942 2 36449 R 21.0 9 6 137 57
575653879 2 36724 R 15.0 10 4 84 58
580055603 2 37006 R 9.0 11 2 321 59
580094334 3 37026 R 5.0 11 1 16 59
584537194 1 37330 R 13.0 10 4 89 59
593359943 1 37895 R 10.0 11 3 66 60
593361590 2 37858 R 6.0 12 1 19 60
597668161 3 38151 R 17.0 10 5 104 60
597700948 2 38135 R 12.0 10 3 70 61
597745646 1 38176 R 4.0 12 1 18 61
602148142 3 38438 R 20.0 10 6 135 61
606506599 1 38736 R 19.0 10 6 131 62
606539714 2 38701 R 18.0 10 5 109 62
606596037 3 38722 R 14.0 11 4 90 62
610888397 3 38997 R 8.0 11 2 319 63
610941326 2 38983 R 21.0 10 6 133 63
610955083 1 39021 R 16.0 10 5 110 63
615372091 1 39304 R 7.0 11 2 326 64
615399185 3 39286 R 11.0 11 3 65 64
619716855 2 39544 R 15.0 11 4 85 64
628586195 2 40112 R 9.0 12 2 41 65
637326939 1 40709 R 4.0 13 1 18 65
637401157 3 40694 R 5.0 12 1 14 65
637424799 2 40678 R 12.0 11 3 67 66
641740968 3 40972 R 17.0 11 5 106 66
641822708 1 40997 R 13.0 11 4 90 66
641826223 2 40959 R 6.0 13 1 20 67
646173426 3 41255 R 14.0 12 4 87 67
646197258 2 41239 R 18.0 11 5 110 68
650567588 1 41556 R 19.0 11 6 132 67
650575154 3 41537 R 8.0 12 2 320 68
654941809 2 41799 R 21.0 11 6 130 69
655000316 1 41840 R 7.0 12 2 326 68
659351438 3 42099 R 20.0 11 6 131 69
659402163 1 42122 R 10.0 12 3 629 69
663779783 2 42364 R 15.0 12 4 85 70
663815035 3 42384 R 11.0 12 3 64 70
668177980 1 42683 R 16.0 11 5 109 70
672586683 2 42928 R 9.0 13 2 38 71
677082389 2 43216 R 12.0 12 3 67 72
681451115 3 43513 R 17.0 12 5 119 71
681452771 1 43533 R 13.0 12 4 87 71
685805627 3 43792 R 5.0 13 1 296 72
690236833 3 44075 R 14.0 13 4 369 73
690290993 1 44099 R 4.0 14 1 20 72
694638346 2 44339 R 18.0 12 5 109 73
694693119 1 44380 R 19.0 12 6 137 73
694700227 3 44361 R 8.0 13 2 44 74
699063253 1 44660 R 7.0 13 2 327 74
699070574 2 44623 R 6.0 14 1 17 74
703402174 1 44938 R 10.0 13 3 60 75
703414012 3 44919 R 11.0 13 3 60 75
703472400 2 44905 R 15.0 13 4 88 75
712221451 3 45482 R 20.0 12 6 132 76
712241035 1 45503 R 16.0 12 5 108 76
712248699 2 45466 R 21.0 12 6 132 76
716712601 2 45752 R 9.0 14 2 324 77
721020385 2 46028 R 12.0 13 3 60 78
721122263 3 46052 R 17.0 13 5 113 77
725453264 1 46349 R 13.0 13 4 84 77
725461136 3 46330 R 14.0 14 4 84 78
729893660 3 46613 R 5.0 14 1 17 79
729948398 1 46637 R 4.0 15 1 20 78
734287456 1 46914 R 7.0 14 2 40 79
734358319 2 46881 R 18.0 13 5 120 79
738720893 1 47198 R 19.0 13 6 136 80
743106234 3 47459 R 8.0 14 2 40 80
743122084 1 47480 R 10.0 14 3 65 81
743133781 2 47443 R 15.0 14 4 87 80
751878176 2 48003 R 9.0 15 2 37 81
751882927 3 48021 R 20.0 13 6 131 81
756303957 1 48323 R 16.0 13 5 107 82
756311121 2 48286 R 6.0 15 1 16 82
756346453 3 48306 R 11.0 14 3 64 82
760713372 2 48568 R 21.0 13 6 132 83
760779725 3 48590 R 17.0 14 5 115 83
769578687 1 49173 R 13.0 14 4 89 83
773886263 1 49449 R 7.0 15 2 36 84
773894692 2 49412 R 18.0 14 5 108 84
773992140 3 49436 R 14.0 15 4 89 84
778358882 2 49697 R 12.0 14 3 347 85
778362098 3 49715 R 5.0 15 1 17 85
787163681 1 50298 R 10.0 15 3 64 85
787196835 2 50263 R 15.0 15 4 88 86
791594753 1 50582 R 4.0 16 1 302 86
791598287 2 50545 R 9.0 16 2 42 87
795917989 3 50839 R 11.0 15 3 63 86
795934025 1 50860 R 19.0 14 6 131 87
795968599 2 50824 R 6.0 16 1 16 88
800351451 3 51123 R 20.0 14 6 131 87
800366938 1 51143 R 16.0 14 5 396 88
800433359 2 51110 R 21.0 14 6 137 89
804752713 3 51404 R 8.0 15 2 324 88
809248226 3 51692 R 17.0 15 5 115 89
813552284 2 51950 R 18.0 15 5 108 90
817984749 1 52271 R 13.0 15 4 84 89
822355185 1 52551 R 7.0 16 2 318 90
822397915 3 52534 R 5.0 16 1 16 90
826819005 1 52836 R 4.0 17 1 17 91
826830826 3 52817 R 14.0 16 4 90 91
831169981 2 53077 R 12.0 15 3 61 91
835657897 1 53402 R 16.0 15 5 111 92
840043949 3 53663 R 20.0 15 6 134 92
840059512 1 53684 R 10.0 16 3 351 93
840070570 2 53647 R 9.0 17 2 42 92
844409907 2 53925 R 15.0 16 4 86 93
844414261 3 53943 R 8.0 16 2 320 93
844429871 1 53963 R 19.0 15 6 415 94
848829710 2 54208 R 21.0 15 6 132 94
848878448 3 54228 R 11.0 16 3 348 94
853186278 3 54504 R 17.0 16 5 107 95
853244644 2 54490 R 6.0 17 1 300 95
857615150 2 54770 R 18.0 16 5 107 96
862109898 1 55095 R 7.0 17 2 43 95
866462971 3 55354 R 14.0 17 4 86 96
870823626 1 55653 R 13.0 16 4 83 96
870894073 3 55637 R 5.0 17 1 298 97
875225533 1 55934 R 16.0 16 5 107 97
879700948 2 56183 R 12.0 16 3 70 97
879720890 1 56222 R 19.0 16 6 136 98
884044437 3 56479 R 20.0 16 6 131 98
884059357 1 56500 R 4.0 18 1 15 99
888477073 3 56763 R 8.0 17 2 319 99
892898469 1 57065 R 10.0 17 3 62 100
892944822 2 57031 R 15.0 17 4 88 98
897348759 2 57313 R 9.0 18 2 332 99
901672559 2 57589 R 6.0 18 1 301 100
901690014 3 57608 R 11.0 17 3 63 100
901705272 1 57629 R 7.0 18 2 40 101
906090005 2 57872 R 21.0 16 6 414 101
906140872 3 57893 R 17.0 17 5 114 101
910489720 2 58154 R 18.0 17 5 390 102
910524605 3 58174 R 5.0 18 1 301 102
914887314 1 58473 R 16.0 17 5 107 102
919296388 2 58717 R 12.0 17 3 61 103
919351440 1 58758 R 13.0 17 4 375 103
923768392 3 59021 R 14.0 18 4 88 103
923784347 1 59042 R 19.0 17 6 418 104
928170339 3 59303 R 20.0 17 6 136 104
932540063 3 59583 R 8.0 18 2 39 105
932590838 1 59606 R 4.0 19 1 19 105
936900875 2 59844 R 15.0 18 4 85 104
941347524 2 60129 R 6.0 19 1 300 105
941366935 1 60167 R 10.0 18 3 65 106
945780033 2 60412 R 9.0 19 2 42 106
945815285 3 60432 R 5.0 19 1 20 106
950123300 3 60708 R 11.0 18 3 61 107
950182363 2 60694 R 21.0 17 6 134 107
954517029 1 61009 R 13.0 18 4 83 107
954552760 2 60974 R 18.0 18 5 110 108
958930841 3 61272 R 17.0 18 5 107 108
958950368 1 61293 R 16.0 18 5 110 108
963351690 1 61574 R 7.0 19 2 323 109
967827528 2 61823 R 12.0 18 3 65 109
967847344 1 61862 R 19.0 18 6 417 110
976642820 3 62405 R 20.0 18 6 137 109
976652163 2 62388 R 15.0 19 4 99 110
980981866 3 62683 R 14.0 19 4 369 110
980996791 1 62704 R 4.0 20 1 16 111
981067684 2 62671 R 6.0 20 1 306 111
985414677 3 62967 R 8.0 19 2 325 111
989843738 2 63232 R 21.0 18 6 136 112
994182217 2 63510 R 9.0 20 2 37 113
998570673 1 63828 R 16.0 19 5 108 112
998627040 3 63812 R 11.0 19 3 62 112
1002997081 3 64092 R 5.0 20 1 15 113
1003021258 2 64076 R 18.0 19 5 108 114
1003050236 1 64115 R 7.0 20 2 323 113
1007498884 1 64400 R 10.0 19 3 632 114
1011791182 1 64674 R 13.0 19 4 646 115
1011828016 2 64639 R 12.0 19 3 63 115
1011867529 3 64660 R 17.0 19 5 110 114
1016278374 2 64924 R 15.0 20 4 87 116
1016302171 1 64963 R 19.0 19 6 418 116
1020662521 2 65205 R 6.0 21 1 298 117
1025061727 1 65524 R 4.0 21 1 16 117
1025111333 3 65507 R 20.0 19 6 136 115
1029512637 3 65789 R 8.0 20 2 328 116
1033883408 3 66069 R 14.0 20 4 369 117
1038222005 3 66346 R 11.0 20 3 59 118
1038312240 2 66334 R 21.0 19 6 136 118
1038321958 1 66372 R 16.0 20 5 111 118
1042713206 2 66616 R 9.0 21 2 43 119
1042739188 1 66655 R 10.0 20 3 351 119
1047125002 1 66936 R 7.0 21 2 325 120
1051452608 3 67193 R 17.0 20 5 107 119
1055867801 3 67476 R 5.0 21 1 298 120
1055895166 2 67460 R 18.0 20 5 109 120
1060290596 1 67778 R 13.0 20 4 90 121
1060358721 2 67745 R 6.0 22 1 20 121
1064739431 1 68063 R 19.0 20 6 136 122
1069072323 2 68303 R 15.0 21 4 84 122
1069173677 3 68327 R 8.0 21 2 43 121
1073474392 2 68585 R 12.0 20 3 341 123
1073512939 3 68605 R 14.0 21 4 94 122
1073561483 1 68628 R 4.0 22 1 19 123
1077946329 3 68889 R 20.0 20 6 135 123
1082353115 1 69190 R 7.0 22 2 41 124
1082375226 2 69154 R 21.0 20 6 137 124
1086714114 2 69432 R 9.0 22 2 321 125
1086753007 3 69452 R 11.0 21 3 64 124
1091113499 1 69751 R 10.0 21 3 60 125
1091123708 3 69732 R 17.0 21 5 109 125
1095562370 1 70036 R 16.0 21 5 109 126
1099992701 3 70300 R 5.0 22 1 19 126
1104363673 2 70562 R 18.0 21 5 113 126
1108829525 2 70848 R 15.0 22 4 90 127
1113127381 1 71160 R 13.0 21 4 83 127
1113153045 2 71124 R 6.0 23 1 298 128
1117581991 1 71445 R 4.0 23 1 301 128
1117599889 2 71409 R 12.0 21 3 629 129
1121936936 1 71724 R 19.0 21 6 130 129
1122032819 2 71693 R 21.0 21 6 139 130
1122034035 3 71710 R 8.0 22 2 43 127
1126384908 1 72009 R 7.0 23 2 40 130
1126388921 3 71989 R 14.0 22 4 86 128
1130837404 3 72274 R 11.0 22 3 66 129
1135207773 1 72573 R 10.0 22 3 64 131
1135255131 3 72556 R 20.0 21 6 138 130
1139641118 3 72837 R 17.0 22 5 404 131
1139650147 2 72820 R 9.0 23 2 42 131
1143999682 1 73136 R 16.0 22 5 106 132
1148426787 2 73382 R 18.0 22 5 110 132
1152765854 2 73659 R 15.0 23 4 374 133
1152806174 3 73680 R 5.0 23 1 15 132
1161590545 2 74224 R 21.0 22 6 131 134
1161695563 1 74268 R 13.0 22 4 90 133
1166044440 3 74527 R 14.0 23 4 87 133
1166070002 2 74511 R 6.0 24 1 301 135
1170424279 1 74827 R 4.0 24 1 15 134
1170477297 3 74811 R 11.0 23 3 66 134
1170501216 2 74795 R 12.0 22 3 628 136
1174842159 1 75110 R 19.0 22 6 133 135
1174879406 3 75092 R 20.0 22 6 137 135
1179227634 1 75390 R 7.0 24 2 38 136
1179245126 2 75354 R 9.0 24 2 40 137
1179249483 3 75372 R 8.0 23 2 321 136
1183707949 1 75677 R 16.0 23 5 112 137
1183713801 3 75658 R 17.0 23 5 395 137
1188031077 1 75954 R 10.0 23 3 60 138
1192489781 2 76202 R 18.0 23 5 111 138
1201296869 2 76765 R 21.0 23 6 136 139
1205667139 2 77045 R 15.0 24 4 367 140
1205692216 3 77064 R 14.0 24 4 87 138
1210045115 3 77343 R 5.0 24 1 300 139
1210131256 2 77331 R 12.0 23 3 356 141
1214438676 2 77607 R 6.0 25 1 13 142
1214456722 1 77645 R 19.0 23 6 131 139
1214540287 3 77631 R 11.0 24 3 66 140
1218879845 3 77908 R 17.0 24 5 107 141
1218961438 1 77933 R 13.0 23 4 91 140
1218965131 2 77896 R 9.0 25 2 45 143
1223259721 1 78208 R 4.0 25 1 303 141
1223312751 3 78192 R 20.0 23 6 133 142
1227677179 1 78491 R 16.0 24 5 108 142
1232119166 3 78756 R 8.0 24 2 39 143
1236468043 1 79054 R 7.0 25 2 36 143
1240948134 1 79341 R 10.0 24 3 65 144
1240958285 2 79304 R 18.0 24 5 110 144
1245297354 2 79581 R 21.0 24 6 131 145
1249706161 3 79881 R 5.0 25 1 14 144
1249730217 2 79865 R 12.0 24 3 341 146
1254131324 2 80147 R 15.0 25 4 87 147
1254170406 3 80167 R 14.0 25 4 88 145
1254207938 1 80189 R 19.0 24 6 137 145
1258499591 1 80464 R 4.0 26 1 13 146
1258501665 2 80427 R 6.0 26 1 13 148
1258603684 3 80451 R 17.0 25 5 112 146
1263005300 3 80732 R 20.0 24 6 136 147
1267371093 2 80994 R 9.0 26 2 41 149
1267416390 1 81035 R 13.0 24 4 89 147
1271780765 3 81294 R 11.0 25 3 64 148
1280582392 1 81877 R 16.0 25 5 110 148
1280615630 2 81842 R 18.0 25 5 112 150
1285017434 2 82124 R 21.0 25 6 137 151
1289369399 3 82420 R 8.0 25 2 38 149
1289387596 2 82403 R 12.0 25 3 347 152
1289436032 1 82444 R 10.0 25 3 64 149
1293769489 3 82701 R 5.0 26 1 298 150
1293851296 2 82689 R 15.0 26 4 90 153
1293853525 1 82726 R 7.0 26 2 326 150
1298171357 3 82983 R 17.0 26 5 108 151
1302644610 1 83289 R 4.0 27 1 18 151
1302666260 3 83271 R 14.0 26 4 90 152
1306999446 1 83568 R 13.0 25 4 85 152
1307005860 3 83548 R 20.0 25 6 132 153
1311375566 2 83811 R 6.0 27 1 14 154
1311448533 1 83853 R 19.0 25 6 137 153
1315843827 3 84114 R 11.0 26 3 64 154
1320184650 2 84374 R 9.0 27 2 37 155
1320271167 1 84417 R 16.0 26 5 111 154
1329058124 3 84960 R 8.0 26 2 40 155
1333426954 3 85239 R 5.0 27 1 304 156
1333444317 2 85223 R 12.0 26 3 63 156
1333467487 1 85262 R 7.0 27 2 41 155
1337862092 2 85506 R 18.0 26 5 110 157
1342248030 2 85786 R 15.0 27 4 375 158
1342253427 1 85824 R 10.0 26 3 70 156
1346676715 1 86107 R 4.0 28 1 301 157
1346727695 2 86073 R 21.0 26 6 419 159
1351094235 1 86390 R 19.0 26 6 134 158
1351107842 3 86371 R 17.0 27 5 123 157
1355415698 3 86647 R 14.0 27 4 367 158
1359942348 3 86936 R 11.0 27 3 347 159
1364291250 1 87234 R 16.0 27 5 111 159
1364308182 2 87198 R 9.0 28 2 41 160
1364312740 3 87216 R 20.0 26 6 416 160
1368645930 1 87513 R 13.0 26 4 367 160
1368651139 3 87494 R 5.0 28 1 13 161
1368684819 2 87478 R 6.0 28 1 301 161
1373070541 2 87759 R 12.0 27 3 62 162
1381895034 3 88341 R 8.0 27 2 39 162
1381904965 1 88362 R 10.0 27 3 62 161
1381956197 2 88328 R 18.0 27 5 113 163
1386316182 1 88644 R 7.0 28 2 40 162
1390702394 3 88905 R 14.0 28 4 86 163
1390718148 1 88926 R 4.0 29 1 304 163
1395073171 3 89185 R 17.0 28 5 108 164
1395090728 2 89168 R 21.0 27 6 133 164
1395188463 1 89212 R 19.0 27 6 419 164
1399507964 2 89451 R 15.0 28 4 365 165
1399537360 3 89470 R 11.0 28 3 342 165
1403893304 2 89732 R 9.0 29 2 38 166
1403917527 1 89771 R 16.0 28 5 108 165
1408334649 1 90053 R 13.0 27 4 375 166
1408375733 3 90036 R 20.0 27 6 135 166
1417182142 3 90600 R 5.0 29 1 18 167
1417184079 2 90582 R 6.0 29 1 19 167
1421507795 2 90859 R 12.0 28 3 66 168
1421552668 3 90879 R 8.0 28 2 39 168
1425936549 1 91180 R 7.0 29 2 38 167
1434736678 2 91706 R 18.0 28 5 108 169
1434784921 1 91746 R 10.0 28 3 64 168
1434827891 3 91729 R 11.0 29 3 67 169
1439122548 2 91986 R 21.0 28 6 129 170
1439124154 1 92024 R 4.0 30 1 291 169
1439136151 3 92005 R 17.0 29 5 106 170
1443537427 3 92286 R 14.0 29 4 83 171
1443563221 1 92308 R 19.0 28 6 412 170
1447949200 1 92589 R 16.0 29 5 109 171
1448007306 2 92555 R 15.0 29 4 87 171
1448033208 3 92574 R 20.0 28 6 137 172
1452455974 2 92840 R 9.0 30 2 329 172
1461182639 3 93416 R 5.0 30 1 14 173
1461239552 1 93439 R 13.0 28 4 88 172
1465553206 2 93678 R 12.0 29 3 59 173
1465615578 3 93699 R 8.0 29 2 40 174
1469968350 1 93998 R 7.0 30 2 37 173
1470070246 2 93967 R 6.0 30 1 304 174
1478791168 1 94563 R 4.0 31 1 14 174
1478830844 2 94528 R 21.0 29 6 134 175
1483234379 3 94827 R 17.0 30 5 111 175
1483279285 2 94812 R 18.0 29 5 398 176
1487583189 1 95125 R 19.0 29 6 130 175
1487604666 3 95107 R 14.0 30 4 368 176
1492062979 1 95412 R 10.0 29 3 345 176
1492068857 3 95392 R 11.0 30 3 347 177
1496507070 2 95659 R 15.0 30 4 89 177
1500893372 2 95940 R 9.0 31 2 330 178
1500907165 3 95958 R 20.0 29 6 138 178
1500917059 1 95979 R 16.0 30 5 115 177
1509614267 1 96535 R 13.0 29 4 83 178
1514058881 2 96782 R 12.0 30 3 62 179
1514119157 3 96804 R 5.0 31 1 19 179
1514125490 1 96824 R 7.0 31 2 323 179
1518479824 1 97103 R 4.0 32 1 17 180
1518489601 3 97083 R 8.0 30 2 41 180
1518507721 2 97067 R 21.0 30 6 136 180
1522924317 2 97350 R 6.0 31 1 19 181
1527311016 2 97630 R 18.0 30 5 111 182
1531640307 3 97925 R 17.0 31 5 107 181
1536070788 2 98191 R 15.0 31 4 86 183
1536072761 3 98209 R 11.0 31 3 62 182
1536145445 1 98233 R 19.0 30 6 137 181
1540474446 3 98490 R 14.0 31 4 84 183
1540519460 2 98476 R 9.0 32 2 323 184
1540562324 1 98516 R 10.0 30 3 67 182
1544948790 1 98797 R 16.0 31 5 112 183
1544970220 3 98778 R 20.0 30 6 139 184
1549303052 1 99075 R 13.0 30 4 87 184
1553751594 1 99360 R 7.0 32 2 326 185
1558153550 2 99604 R 21.0 31 6 135 185
1562495873 3 99900 R 8.0 31 2 37 185
1562539045 2 99885 R 12.0 31 3 64 186
1566893964 2 100164 R 6.0 32 1 13 187
1566958933 3 100185 R 5.0 32 1 307 186
1571385568 1 100489 R 4.0 33 1 19 186
1575748646 2 100730 R 18.0 31 5 111 188
1575766290 3 100749 R 17.0 32 5 112 187
1580165868 2 101013 R 15.0 32 4 374 189
1580187295 1 101052 R 19.0 31 6 133 187
1584541681 3 101311 R 14.0 32 4 85 188
1584557846 1 101332 R 10.0 31 3 345 188
1588956720 2 101576 R 9.0 33 2 40 190
1589021836 1 101617 R 16.0 32 5 394 189
1593329752 1 101893 R 13.0 31 4 367 190
1593411724 3 101878 R 20.0 31 6 136 189
1597719605 3 102154 R 11.0 32 3 347 190
1597731079 1 102175 R 7.0 33 2 322 191
1602248108 2 102426 R 21.0 32 6 138 191
1606570969 2 102703 R 6.0 33 1 15 192
1611037121 1 103026 R 4.0 34 1 20 192
1611056580 3 103008 R 5.0 33 1 20 191
1615394356 2 103268 R 18.0 32 5 109 193
1615427021 3 103287 R 8.0 32 2 41 192
1619780349 2 103548 R 12.0 32 3 343 194
1624220568 1 103870 R 10.0 32 3 64 193
1624260161 2 103835 R 15.0 33 4 651 195
1628606964 1 104151 R 19.0 32 6 132 194
1632983244 3 104411 R 17.0 33 5 107 193
1633086814 1 104437 R 16.0 33 5 397 195
1637416110 3 104695 R 11.0 33 3 350 194
1641815395 1 104996 R 13.0 32 4 84 196
1641817772 3 104976 R 14.0 33 4 645 195
1646188159 3 105256 R 20.0 32 6 695 196
1646205841 2 105240 R 21.0 33 6 132 196
1646232724 1 105279 R 7.0 34 2 319 197
1650622730 2 105522 R 9.0 34 2 320 197
1655008448 2 105803 R 12.0 33 3 60 198
1659514065 2 106091 R 18.0 33 5 115 199
1663852877 2 106369 R 6.0 34 1 300 200
1663868112 3 106388 R 8.0 33 2 40 197
1663907455 1 106410 R 10.0 33 3 70 198
1668229399 2 106649 R 15.0 34 4 365 201
1668277888 1 106690 R 4.0 35 1 302 199
1668300973 3 106671 R 5.0 34 1 19 198
1672638708 1 106969 R 16.0 34 5 390 200
1672703302 3 106953 R 17.0 34 5 111 199
1677073584 3 107233 R 11.0 34 3 347 200
1681461525 1 107533 R 19.0 33 6 133 201
1681537778 3 107518 R 14.0 34 4 654 201
1685847100 1 107814 R 13.0 33 4 84 202
1690251137 3 108076 R 20.0 33 6 132 202
1690309020 2 108062 R 9.0 35 2 42 202
1690326543 1 108101 R 7.0 35 2 41 203
1694680007 2 108342 R 21.0 34 6 131 203
1703549753 2 108910 R 18.0 34 5 113 204
1707857084 2 109185 R 15.0 35 4 84 205
1707868594 3 109204 R 8.0 34 2 36 203
1712272753 1 109505 R 16.0 35 5 108 204
1712323639 2 109471 R 12.0 34 3 352 206
1712364236 3 109491 R 11.0 35 3 73 204
1716746328 1 109792 R 10.0 34 3 65 205
1716754253 2 109755 R 6.0 35 1 301 207
1721108590 3 110051 R 5.0 35 1 15 205
1721148082 1 110073 R 4.0 36 1 306 206
1725542094 3 110335 R 17.0 35 5 110 206
1725555833 1 110355 R 19.0 34 6 416 207
1729943778 3 110616 R 20.0 34 6 132 207
1734314139 3 110896 R 14.0 35 4 369 208
1734409288 1 110922 R 13.0 34 4 90 208
1743106820 1 111479 R 7.0 36 2 36 209
1743148516 2 111444 R 21.0 35 6 130 208
1747550253 2 111726 R 18.0 35 5 392 209
1747588577 3 111746 R 8.0 35 2 41 209
1752000417 2 112010 R 9.0 36 2 318 210
1752021730 3 112029 R 11.0 36 3 67 210
1752024028 1 112049 R 16.0 36 5 114 210
1756378355 1 112328 R 10.0 35 3 62 211
1756417658 2 112293 R 6.0 36 1 303 211
1760803793 2 112574 R 15.0 36 4 370 212
1765219143 2 112856 R 12.0 35 3 348 213
1765232056 1 112895 R 4.0 37 1 19 212
1774047146 3 113439 R 5.0 36 1 22 211
1778371193 3 113716 R 20.0 35 6 131 212
1778460973 1 113741 R 19.0 35 6 136 213
1782788505 3 113998 R 17.0 36 5 389 213
1787174029 3 114279 R 14.0 36 4 84 214
1787229161 2 114265 R 18.0 36 5 117 214
1787252070 1 114304 R 13.0 35 4 90 214
1791607048 1 114583 R 7.0 37 2 320 215
1791646446 2 114548 R 21.0 36 6 135 215
1796032155 2 114828 R 9.0 37 2 328 216
1796059257 3 114848 R 11.0 37 3 66 215
1800383200 3 115125 R 8.0 36 2 319 216
1800386490 2 115107 R 6.0 37 1 14 217
1804845373 1 115430 R 16.0 37 5 111 216
1809240632 2 115674 R 15.0 37 4 85 218
1809277891 1 115714 R 4.0 38 1 308 217
1813658485 2 115957 R 12.0 36 3 354 219
1813670024 1 115995 R 10.0 36 3 346 218
1818017021 3 116253 R 20.0 36 6 133 217
1818024763 1 116273 R 19.0 36 6 131 219
1822475273 3 116538 R 17.0 37 5 110 218
1826878352 1 116840 R 13.0 36 4 88 220
1826882636 3 116821 R 5.0 37 1 298 219
1831260262 2 117083 R 9.0 38 2 38 220
1831295297 1 117123 R 7.0 38 2 41 221
1835736335 3 117387 R 11.0 38 3 67 220
1835740683 2 117370 R 18.0 37 5 114 221
1844434014 3 117944 R 14.0 37 4 86 221
1844492423 1 117967 R 4.0 39 1 17 222
1844510650 2 117931 R 21.0 37 6 135 222
1848886658 2 118211 R 6.0 38 1 305 223
1848945036 3 118233 R 8.0 37 2 44 222
1857746744 1 118816 R 19.0 37 6 134 223
1862083526 2 119056 R 15.0 38 4 84 224
1862085802 1 119093 R 10.0 37 3 349 224
1862111264 3 119075 R 20.0 37 6 135 223
1866518661 1 119377 R 16.0 38 5 391 225
1866563221 2 119342 R 12.0 37 3 67 225
1870886489 2 119619 R 9.0 39 2 39 226
1870919572 1 119659 R 7.0 39 2 40 226
1875370710 3 119924 R 17.0 38 5 112 224
1879695772 1 120220 R 13.0 37 4 85 227
1879787377 3 120206 R 5.0 38 1 20 225
1884173585 3 120487 R 14.0 38 4 89 226
1888520956 2 120748 R 18.0 38 5 114 227
1888528664 3 120766 R 11.0 39 3 347 227
1892906897 2 121028 R 21.0 38 6 132 228
1892976694 3 121051 R 8.0 38 2 41 228
1897347523 1 121350 R 19.0 38 6 134 228
1897385996 2 121315 R 6.0 39 1 19 229
1901733207 1 121631 R 4.0 40 1 297 229
1906115266 2 121874 R 15.0 39 4 85 230
1906205502 3 121897 R 20.0 38 6 137 229
1906211283 1 121917 R 10.0 38 3 348 230
1910581651 1 122197 R 16.0 39 5 112 231
1914996926 3 122460 R 17.0 39 5 110 230
1923748947 2 123002 R 12.0 38 3 60 231
1923756839 3 123020 R 14.0 39 4 85 231
1928134766 2 123283 R 9.0 40 2 36 232
1928136952 1 123321 R 13.0 38 4 83 232
1928246680 3 123308 R 11.0 40 3 348 232
1932569943 1 123604 R 7.0 40 2 324 233
1932615190 2 123570 R 18.0 39 5 112 233
1932622680 3 123588 R 5.0 39 1 298 233
1937042100 2 123853 R 21.0 39 6 134 234
1941355648 2 124129 R 6.0 40 1 297 235
1941441685 1 124172 R 19.0 39 6 136 234
1945765010 1 124449 R 4.0 41 1 298 235
1950211713 1 124733 R 10.0 39 3 622 236
1950224886 3 124714 R 8.0 39 2 47 234
1954644636 1 125017 R 16.0 40 5 112 237
1958985778 3 125275 R 20.0 39 6 132 235
1963434179 3 125560 R 17.0 40 5 109 236
1963498236 2 125546 R 15.0 40 4 90 236
1967851614 3 125843 R 11.0 41 3 355 237
1972237065 3 126123 R 14.0 40 4 85 238
1972274079 2 126108 R 12.0 39 3 65 237
1976709438 2 126392 R 21.0 40 6 138 238
1981046297 2 126669 R 6.0 41 1 300 239
1981118354 1 126711 R 13.0 39 4 90 238
1985410837 1 126986 R 4.0 42 1 292 239
1985447516 2 126951 R 9.0 41 2 38 240
1985527539 3 126974 R 5.0 40 1 20 239
1989818561 2 127231 R 18.0 40 5 107 241
1989851288 3 127251 R 8.0 40 2 38 240
1989921692 1 127275 R 7.0 41 2 602 240
1994337269 1 127557 R 10.0 40 3 350 241
1998707562 1 127837 R 19.0 40 6 134 242
2003046651 1 128115 R 16.0 41 5 107 243
2007485513 3 128379 R 17.0 41 5 110 241
2007498675 2 128362 R 15.0 41 4 87 242
2011871422 3 128660 R 11.0 42 3 345 242
2016336831 2 128928 R 6.0 42 1 18 243
2016351364 3 128947 R 20.0 40 6 137 243
2020695769 1 129244 R 13.0 40 4 86 244
2020739085 2 129210 R 21.0 41 6 133 244
2025079832 3 129505 R 14.0 41 4 84 244
2025097115 1 129526 R 4.0 43 1 15 245
2029467405 1 129806 R 7.0 42 2 37 246
2029496765 3 129788 R 8.0 41 2 39 245
2029514568 2 129771 R 12.0 40 3 63 245
2033882937 3 130069 R 5.0 41 1 13 246
2033978924 2 130057 R 9.0 42 2 330 246
2038287059 2 130333 R 18.0 41 5 106 247
2047148771 1 130937 R 19.0 41 6 132 247
2051581636 1 131221 R 10.0 41 3 351 248
2055906719 2 131460 R 15.0 42 4 84 248
2055983194 1 131503 R 16.0 42 5 393 249
2056010594 3 131485 R 17.0 42 5 115 247
2060349780 3 131762 R 20.0 41 6 131 248
2060355398 2 131745 R 6.0 43 1 298 249
2064739696 2 132026 R 21.0 42 6 414 250
2064758717 1 132064 R 13.0 41 4 88 250
2064782635 3 132046 R 11.0 43 3 344 249
2069183759 3 132328 R 14.0 42 4 87 250
2073554589 3 132608 R 8.0 42 2 320 251
2073577624 2 132591 R 12.0 41 3 63 251
2073598835 1 132630 R 7.0 43 2 40 251
2077936337 1 132908 R 4.0 44 1 297 252
2077979003 2 132873 R 9.0 43 2 40 252
2082423603 3 133175 R 5.0 42 1 19 252
2086755572 2 133435 R 18.0 42 5 107 253
2091148792 1 133753 R 10.0 42 3 60 253
2100050151 1 134323 R 19.0 42 6 137 254
2100059504 3 134304 R 11.0 44 3 66 253
2104389193 1 134601 R 16.0 43 5 395 255
2104414823 3 134583 R 20.0 42 6 134 254
2104435734 2 134566 R 15.0 43 4 90 254
2108822123 1 134884 R 13.0 42 4 366 256
2108863208 3 134867 R 17.0 43 5 113 255
2108868331 2 134850 R 6.0 44 1 19 255
2113223162 1 135166 R 7.0 44 2 39 257
2113270585 2 135132 R 21.0 43 6 136 256
2113280373 3 135150 R 14.0 43 4 371 256
2117593450 1 135446 R 4.0 45 1 14 258
2117641024 2 135411 R 12.0 42 3 350 257
2122071238 3 135713 R 8.0 43 2 42 257
2126385655 2 135971 R 18.0 43 5 107 258
2126425977 3 135991 R 5.0 43 1 15 258
2130817919 2 136255 R 9.0 44 2 37 259
2130868890 1 136295 R 10.0 43 3 64 259
2139707552 1 136861 R 19.0 43 6 135 260
2144030745 2 137100 R 15.0 44 4 83 260
2144091651 3 137122 R 20.0 43 6 134 259
2144109228 1 137143 R 16.0 44 5 113 261
2148479309 1 137423 R 13.0 43 4 88 262
2152818067 1 137700 R 7.0 45 2 36 263
2152824169 2 137663 R 12.0 43 3 61 261
2152914657 3 137687 R 17.0 44 5 114 260
2157250984 1 137984 R 4.0 46 1 14 264
2157270974 2 137948 R 6.0 45 1 296 262
2157300401 3 137967 R 11.0 45 3 349 261
2161655120 3 138246 R 14.0 44 4 366 262
2161704018 2 138231 R 21.0 44 6 136 263
2166102973 3 138531 R 8.0 44 2 40 263
2170463926 1 138830 R 10.0 44 3 70 265
2170511141 2 138795 R 18.0 44 5 111 264
2179286431 2 139357 R 9.0 45 2 39 265
2179331247 3 139377 R 5.0 44 1 18 264
2179365096 1 139399 R 19.0 44 6 136 266
2188109246 1 139959 R 13.0 44 4 87 267
2192561503 2 140206 R 6.0 46 1 19 266
2196869615 2 140482 R 12.0 44 3 60 267
2196881767 3 140500 R 20.0 44 6 129 265
2196948105 1 140524 R 16.0 45 5 112 268
2201376727 3 140788 R 14.0 45 4 90 266
2201396279 2 140772 R 15.0 45 4 89 268
2205716161 3 141066 R 11.0 46 3 339 267
2205754593 1 141088 R 7.0 46 2 39 269
2210125235 1 141368 R 10.0 45 3 62 270
2210148985 3 141350 R 8.0 45 2 321 268
2210172519 2 141333 R 21.0 45 6 136 269
2214550714 3 141631 R 17.0 45 5 390 269
2214589189 1 141654 R 4.0 47 1 19 271
2218916513 2 141893 R 9.0 46 2 36 270
2223325883 3 142193 R 5.0 45 1 15 270
2223350118 2 142177 R 18.0 45 5 111 271
2227708600 1 142493 R 19.0 45 6 129 272
2232235271 1 142783 R 13.0 45 4 375 273
2236601924 3 143043 R 20.0 45 6 136 271
2236605632 1 143063 R 16.0 46 5 111 274
2240969719 2 143304 R 15.0 46 4 84 272
2241034194 3 143326 R 11.0 47 3 66 272
2245338313 2 143584 R 6.0 47 1 293 273
2245349628 1 143622 R 7.0 47 2 38 275
2245435720 3 143608 R 14.0 46 4 90 273
2249802695 2 143870 R 21.0 46 6 132 274
2249806496 3 143888 R 17.0 46 5 110 274
2254235507 2 144153 R 12.0 45 3 353 275
2258593678 1 144470 R 10.0 46 3 69 276
2262956080 3 144729 R 8.0 46 2 36 275
2262995188 1 144752 R 4.0 48 1 15 277
2263041959 2 144717 R 9.0 47 2 42 276
2267365657 1 145031 R 13.0 46 4 84 278
2276224079 2 145561 R 18.0 46 5 108 277
2276235761 1 145599 R 19.0 46 6 135 279
2280605419 3 145859 R 5.0 46 1 14 276
2280668617 1 145883 R 16.0 47 5 112 280
2280687505 2 145846 R 6.0 48 1 20 278
2285007451 3 146141 R 11.0 48 3 61 277
2285069532 1 146164 R 7.0 48 2 42 281
2289401106 2 146404 R 15.0 47 4 83 279
2289503105 3 146428 R 20.0 46 6 137 278
2293842140 3 146706 R 14.0 47 4 366 279
2298208287 2 146968 R 12.0 46 3 60 280
2298275004 3 146990 R 17.0 47 5 681 280
2302674183 1 147291 R 10.0 47 3 70 282
2302704009 2 147255 R 21.0 47 6 137 281
2307042487 2 147533 R 9.0 48 2 39 282
2307121033 1 147576 R 4.0 49 1 304 283
2311487090 3 147835 R 8.0 47 2 41 281
2320240096 1 148415 R 19.0 47 6 129 284
2324641761 1 148697 R 13.0 47 4 363 285
2324692459 2 148663 R 18.0 47 5 110 283
2329074557 3 148961 R 20.0 47 6 132 282
2329137119 1 148985 R 16.0 48 5 112 286
2333475474 1 149262 R 7.0 49 2 39 287
2333499003 2 149226 R 6.0 49 1 17 284
2333538459 3 149247 R 11.0 49 3 66 283
2337957455 3 149529 R 14.0 48 4 90 284
2342300475 1 149827 R 10.0 48 3 63 288
2342312450 3 149808 R 5.0 47 1 303 285
2346680580 2 150070 R 15.0 48 4 93 285
2346715945 1 150110 R 4.0 50 1 298 289
2346743635 3 150092 R 17.0 48 5 392 286
2351145108 2 150356 R 12.0 47 3 348 286
2355487505 3 150651 R 8.0 48 2 38 287
2355578043 2 150639 R 21.0 48 6 419 287
2359897637 1 150953 R 19.0 48 6 131 290
2359979010 2 150921 R 9.0 49 2 42 288
2368766842 1 151521 R 13.0 48 4 87 291
2373160973 2 151765 R 18.0 48 5 113 289
2377499518 2 152042 R 6.0 50 1 13 290
2377542659 3 152063 R 11.0 50 3 61 288
2381946752 3 152345 R 20.0 48 6 132 289
2386338128 2 152608 R 12.0 48 3 61 291
2386340492 1 152646 R 16.0 49 5 109 292
2386394968 3 152629 R 5.0 48 1 302 290
2390740196 2 152890 R 21.0 49 6 132 292
2390779162 3 152910 R 14.0 49 4 369 291
2390819963 1 152932 R 4.0 51 1 305 293
2395143662 1 153209 R 10.0 49 3 343 294
2395212211 3 153194 R 17.0 49 5 113 292
2395235106 2 153177 R 15.0 49 4 91 293
2399560621 1 153492 R 7.0 50 2 602 295
2399613488 3 153475 R 8.0 49 2 326 293
