83744098 2 5242 R 4.0 1 1 16 1
91127456 1 5496 R 5.0 1 1 23 1
95482161 2 5993 R 3.0 1 1 16 2
104289271 2 6557 R 6.0 1 2 38 3
108651808 1 6618 R 8.0 1 2 37 2
110138109 2 6931 R 7.0 1 2 35 4
117584308 1 7189 R 11.0 1 3 68 3
118945426 2 7495 R 10.0 1 3 61 5
121954300 1 7469 R 5.0 2 1 18 4
123440561 2 7783 R 4.0 2 1 19 6
126361911 2 7970 R 3.0 2 1 24 7
130779093 2 8252 R 9.0 1 3 67 8
139570744 2 8815 R 12.0 1 4 86 9
140996862 2 8906 R 13.0 1 4 86 10
143925798 2 9094 R 6.0 2 2 38 11
144011409 1 8881 R 14.0 1 4 95 5
149835246 2 9472 R 10.0 2 3 63 12
152803470 1 9443 R 17.0 1 5 112 6
154237041 2 9754 R 7.0 2 2 321 13
157120745 1 9720 R 8.0 2 2 325 7
161585448 1 10005 R 5.0 3 1 304 8
163012950 2 10315 R 4.0 3 1 14 14
166008770 2 10507 R 9.0 2 3 350 15
166024265 1 10289 R 11.0 2 3 629 9
167477662 2 10601 R 16.0 1 5 112 16
170394879 2 10788 R 3.0 3 1 298 17
174749795 2 11066 R 18.0 1 6 693 18
176316048 2 11167 R 19.0 1 6 136 19
179198291 2 11351 R 15.0 1 5 953 20
179221644 1 11134 R 20.0 1 6 136 10
180717316 2 11448 R 13.0 2 4 89 21
183575955 1 11413 R 14.0 2 4 85 11
183615217 2 11634 R 6.0 3 2 887 22
185087605 2 11728 R 10.0 3 3 65 23
188015596 2 11915 R 12.0 2 4 1218 24
188024920 1 11697 R 17.0 2 5 112 12
189426486 2 12006 R 7.0 3 2 36 25
192416152 2 12197 R 3.0 4 1 17 26
193859552 2 12290 R 4.0 4 1 14 27
196778835 1 12258 R 11.0 3 3 62 13
201180713 1 12539 R 5.0 4 1 297 14
201192082 2 12759 R 9.0 3 3 60 28
202667188 2 12853 R 19.0 2 6 133 29
205588289 1 12822 R 8.0 3 2 605 15
205656900 2 13045 R 18.0 2 6 135 30
207162484 2 13141 R 16.0 2 5 399 31
210089643 2 13328 R 15.0 2 5 114 32
211501304 2 13419 R 13.0 3 4 86 33
214442404 1 13388 R 20.0 2 6 134 16
214491173 2 13610 R 12.0 3 4 373 34
218859156 1 13671 R 14.0 3 4 87 17
218861312 2 13890 R 6.0 4 2 320 35
220339380 2 13984 R 7.0 4 2 41 36
223244983 1 13952 R 8.0 4 2 38 18
227605600 2 14449 R 3.0 5 1 13 37
227724951 1 14238 R 11.0 4 3 67 19
229147103 2 14548 R 16.0 3 5 110 38
232089798 1 14518 R 17.0 3 5 111 20
233597543 2 14833 R 10.0 4 3 349 39
236443910 2 15015 R 9.0 4 3 68 40
236465798 1 14798 R 5.0 5 1 299 21
237981358 2 15113 R 4.0 5 1 302 41
242289433 2 15389 R 19.0 3 6 130 42
245251797 2 15579 R 18.0 3 6 131 43
246815411 2 15679 R 7.0 5 2 43 44
249662746 1 15642 R 14.0 4 4 84 22
249746700 2 15866 R 12.0 4 4 90 45
254086142 2 16144 R 15.0 3 5 111 46
255591582 2 16240 R 13.0 4 4 89 47
258518364 2 16428 R 6.0 5 2 40 48
258548289 1 16211 R 20.0 3 6 137 23
259930624 2 16518 R 10.0 5 3 60 49
262871563 1 16488 R 8.0 5 2 321 24
264363893 2 16802 R 16.0 4 5 111 50
267289204 1 16770 R 17.0 4 5 108 25
268765071 2 17083 R 4.0 6 1 15 51
271675069 1 17051 R 11.0 5 3 343 26
271731095 2 17273 R 3.0 6 1 18 52
276154101 1 17338 R 5.0 6 1 19 27
277541464 2 17645 R 19.0 4 6 130 53
280477937 1 17615 R 14.0 5 4 83 28
280506900 2 17835 R 9.0 5 3 61 54
284971645 2 18121 R 18.0 4 6 136 55
286410383 2 18213 R 7.0 6 2 40 56
289279097 2 18396 R 12.0 5 4 83 57
293806119 2 18686 R 15.0 4 5 113 58
298111604 1 18743 R 11.0 6 3 61 29
298175964 2 18966 R 6.0 6 2 41 59
299654511 2 19060 R 13.0 5 4 89 60
302498006 1 19024 R 20.0 4 6 128 30
304056601 2 19342 R 16.0 5 5 111 61
306920546 2 19525 R 3.0 7 1 14 62
306977581 1 19310 R 8.0 6 2 320 31
308444467 2 19623 R 10.0 6 3 345 63
311426297 1 19595 R 17.0 5 5 675 32
312861484 2 19906 R 4.0 7 1 302 64
315758851 2 20091 R 9.0 6 3 64 65
317198938 2 20183 R 19.0 5 6 412 66
320117778 1 20151 R 14.0 6 4 83 33
320161225 2 20373 R 18.0 5 6 133 67
324531533 2 20652 R 15.0 5 5 389 68
324634939 1 20441 R 5.0 7 1 304 34
326005348 2 20747 R 7.0 7 2 37 69
328989064 1 20719 R 8.0 7 2 39 35
330501064 2 21035 R 13.0 6 4 88 70
333400749 2 21220 R 12.0 6 4 88 71
333437770 1 21004 R 11.0 7 3 67 36
334840540 2 21312 R 16.0 6 5 113 72
337833726 2 21504 R 6.0 7 2 326 73
346666646 1 21851 R 20.0 5 6 136 37
348070280 2 22159 R 10.0 7 3 62 74
351046040 2 22349 R 3.0 8 1 18 75
351052518 1 22131 R 17.0 6 5 394 38
352485868 2 22442 R 4.0 8 1 301 76
355417039 2 22629 R 18.0 6 6 133 77
356856332 2 22721 R 19.0 6 6 130 78
359775368 1 22690 R 14.0 7 4 82 39
359880850 2 22915 R 9.0 7 3 356 79
361320221 2 23007 R 7.0 8 2 323 80
364189057 2 23191 R 15.0 6 5 678 81
364239480 1 22975 R 5.0 8 1 298 40
368590206 2 23472 R 12.0 7 4 83 82
368672340 1 23259 R 8.0 8 2 613 41
373064415 1 23540 R 11.0 8 3 628 42
374564050 2 23855 R 13.0 7 4 91 83
377490777 2 24042 R 6.0 8 2 42 84
378966012 2 24136 R 16.0 7 5 115 85
381824659 1 24101 R 20.0 6 6 132 43
386273269 1 24385 R 17.0 7 5 110 44
390641126 2 24884 R 3.0 9 1 15 86
392102012 2 24977 R 10.0 8 3 62 87
395074506 2 25167 R 15.0 7 5 110 88
395095491 1 24950 R 14.0 8 4 87 45
396519443 2 25260 R 4.0 9 1 293 89
399475820 2 25449 R 9.0 8 3 349 90
399481676 1 25231 R 8.0 9 2 319 46
400905636 2 25540 R 7.0 9 2 319 91
403846394 2 25729 R 18.0 7 6 414 92
403924530 1 25515 R 11.0 9 3 637 47
405320928 2 25823 R 19.0 7 6 413 93
408263400 1 25793 R 5.0 9 1 305 48
408310282 2 26014 R 6.0 9 2 327 94
409815879 2 26111 R 13.0 8 4 90 95
412702405 1 26077 R 20.0 7 6 415 49
412743372 2 26298 R 12.0 8 4 372 96
418531470 2 26669 R 10.0 9 3 60 97
421493687 1 26640 R 14.0 9 4 86 50
421552458 2 26862 R 15.0 8 5 117 98
422917875 2 26949 R 4.0 10 1 298 99
425876746 2 27139 R 3.0 10 1 303 100
427397757 2 27236 R 16.0 8 5 400 101
430260243 2 27419 R 9.0 9 3 629 102
430379230 1 27208 R 17.0 8 5 121 51
431766558 2 27515 R 7.0 10 2 320 103
434693024 2 27703 R 6.0 10 2 38 104
434743739 1 27487 R 11.0 10 3 63 52
436230357 2 27801 R 19.0 8 6 137 105
439176856 1 27771 R 5.0 10 1 310 53
440537728 2 28077 R 13.0 9 4 83 106
443500452 2 28266 R 18.0 8 6 132 107
443578331 1 28053 R 8.0 10 2 609 54
447948628 1 28333 R 20.0 8 6 415 55
447995406 2 28554 R 12.0 9 4 89 108
449470237 2 28649 R 4.0 11 1 20 109
452309513 1 28612 R 14.0 10 4 366 56
452334848 2 28832 R 15.0 9 5 110 110
453840480 2 28928 R 7.0 11 2 42 111
456768027 2 29116 R 9.0 10 3 343 112
462585257 2 29488 R 16.0 9 5 110 113
465537500 1 29458 R 17.0 9 5 114 57
465574648 2 29679 R 3.0 11 1 18 114
467018596 2 29772 R 10.0 10 3 350 115
469923360 1 29739 R 11.0 11 3 61 58
469945207 2 29959 R 18.0 9 6 132 116
471419739 2 30053 R 19.0 9 6 131 117
474428745 1 30027 R 8.0 11 2 322 59
478726966 1 30302 R 5.0 11 1 298 60
478814734 2 30527 R 9.0 11 3 66 118
483122960 2 30802 R 6.0 11 2 318 119
483143888 1 30585 R 20.0 9 6 133 61
484601125 2 30897 R 13.0 10 4 84 120
487530213 1 30866 R 14.0 11 4 362 62
487649721 2 31092 R 15.0 10 5 395 121
489065016 2 31183 R 4.0 12 1 16 122
492020083 2 31372 R 12.0 10 4 370 123
493497955 2 31466 R 7.0 12 2 42 124
496415541 1 31434 R 17.0 10 5 112 63
497900132 2 31748 R 16.0 10 5 111 125
500764714 2 31931 R 18.0 10 6 131 126
500863802 1 31719 R 8.0 12 2 325 64
502270474 2 32028 R 10.0 11 3 340 127
505196977 2 32215 R 3.0 12 1 15 128
506734797 2 32313 R 19.0 10 6 137 129
509561290 1 32276 R 11.0 12 3 60 65
509598660 2 32497 R 9.0 12 3 62 130
513968984 2 32776 R 6.0 12 2 36 131
514082585 1 32565 R 20.0 10 6 138 66
515447638 2 32871 R 13.0 11 4 84 132
518427272 1 32843 R 5.0 12 1 303 67
519848950 2 33153 R 4.0 13 1 14 133
522839172 2 33344 R 15.0 11 5 112 134
522875920 1 33128 R 17.0 11 5 113 68
527271613 2 33628 R 12.0 11 4 89 135
527292927 1 33411 R 8.0 13 2 329 69
531679297 1 33691 R 14.0 12 4 372 70
533155645 2 34004 R 10.0 12 3 66 136
537495098 2 34282 R 19.0 11 6 132 137
540484119 2 34473 R 3.0 13 1 18 138
541927726 2 34566 R 7.0 13 2 324 139
544855119 2 34753 R 18.0 11 6 134 140
546329769 2 34848 R 16.0 11 5 677 141
549319157 2 35039 R 15.0 12 5 114 142
550699937 2 35127 R 13.0 12 4 366 143
553618561 1 35095 R 11.0 13 3 60 71
553626987 2 35315 R 6.0 13 2 320 144
558028481 2 35596 R 9.0 13 3 343 145
558082859 1 35381 R 5.0 13 1 305 72
559568925 2 35695 R 4.0 14 1 18 146
562515656 1 35665 R 8.0 14 2 612 73
564002134 2 35979 R 10.0 13 3 67 147
566917612 1 35947 R 20.0 11 6 699 74
571287917 1 36226 R 14.0 13 4 939 75
571334608 2 36448 R 12.0 12 4 91 148
572809629 2 36542 R 19.0 12 6 137 149
575711125 1 36509 R 17.0 12 5 674 76
577179912 2 36822 R 13.0 13 4 372 150
580079209 2 37008 R 3.0 14 1 15 151
581518805 2 37100 R 7.0 14 2 324 152
584512563 2 37291 R 18.0 12 6 134 153
585951917 2 37383 R 16.0 12 5 672 154
588870567 1 37352 R 14.0 14 4 89 77
590352863 2 37665 R 4.0 15 1 15 155
593272313 1 37633 R 5.0 14 1 290 78
593319644 2 37855 R 15.0 13 5 110 156
597689911 2 38135 R 6.0 14 2 319 157
597767830 1 37921 R 20.0 12 6 418 79
599253973 2 38235 R 10.0 14 3 67 158
602106725 1 38199 R 8.0 15 2 607 80
602153963 2 38420 R 9.0 14 3 346 159
603593558 2 38512 R 16.0 13 5 108 160
606539861 1 38482 R 11.0 14 3 907 81
608025785 2 38796 R 7.0 15 2 40 161
610931711 1 38764 R 17.0 13 5 672 82
612427540 2 39078 R 13.0 14 4 89 162
615398007 2 39268 R 18.0 13 6 136 163
616798522 2 39358 R 19.0 13 6 131 164
619801701 2 39550 R 12.0 13 4 372 165
619816556 1 39332 R 14.0 15 4 90 83
624124917 2 39826 R 3.0 15 1 303 166
624181060 1 39611 R 11.0 15 3 64 84
625667388 2 39925 R 4.0 16 1 19 167
628542095 2 40109 R 6.0 15 2 605 168
628614109 1 39895 R 5.0 15 1 308 85
629975394 2 40201 R 10.0 15 3 58 169
632928283 2 40390 R 15.0 14 5 389 170
633015868 1 40177 R 20.0 13 6 417 86
634502542 2 40491 R 16.0 14 5 114 171
637343418 2 40672 R 9.0 15 3 344 172
637423116 1 40459 R 8.0 16 2 325 87
638872225 2 40770 R 7.0 16 2 42 173
646152338 1 41018 R 17.0 14 5 107 88
646243852 2 41242 R 3.0 16 1 20 174
652022506 2 41612 R 13.0 15 4 86 175
654974718 1 41582 R 14.0 16 4 84 89
654989188 2 41802 R 18.0 14 6 132 176
656455909 2 41896 R 19.0 14 6 131 177
659361085 1 41863 R 11.0 16 3 343 90
659421779 2 42085 R 6.0 16 2 325 178
663823573 2 42367 R 12.0 14 4 369 179
663840184 1 42150 R 5.0 16 1 18 91
665264867 2 42459 R 16.0 15 5 109 180
668164425 1 42426 R 20.0 14 6 131 92
668193678 2 42647 R 9.0 16 3 343 181
669633056 2 42739 R 4.0 17 1 299 182
672581395 1 42709 R 8.0 17 2 317 93
672658216 2 42933 R 15.0 15 5 113 183
674096982 2 43025 R 10.0 16 3 63 184
678530095 2 43308 R 7.0 17 2 326 185
685778563 1 43554 R 17.0 15 5 107 94
685887680 2 43779 R 6.0 17 2 43 186
687337458 2 43872 R 19.0 15 6 136 187
690220786 1 43838 R 11.0 17 3 62 95
690242755 2 44058 R 3.0 17 1 303 188
691707744 2 44152 R 13.0 16 4 368 189
694685085 1 44124 R 5.0 17 1 300 96
694691467 2 44343 R 12.0 15 4 371 190
698993302 1 44399 R 20.0 15 6 411 97
699013080 2 44619 R 18.0 15 6 413 191
700548340 2 44718 R 16.0 16 5 109 192
703445218 2 44903 R 9.0 17 3 62 193
703510142 1 44689 R 14.0 17 4 654 98
704885148 2 44995 R 4.0 18 1 297 194
707847469 2 45185 R 15.0 16 5 109 195
707864234 1 44967 R 8.0 18 2 40 99
709286272 2 45277 R 7.0 18 2 36 196
712313648 1 45252 R 17.0 16 5 112 100
716703096 2 45751 R 12.0 16 4 88 197
718187572 2 45846 R 10.0 17 3 65 198
721120526 2 46034 R 3.0 18 1 305 199
725520221 2 46316 R 6.0 18 2 323 200
725541685 1 46099 R 14.0 18 4 91 101
726932483 2 46406 R 19.0 16 6 133 201
729874760 1 46376 R 11.0 18 3 63 102
731365276 2 46690 R 13.0 17 4 368 202
734245501 1 46656 R 5.0 18 1 296 103
734327482 2 46879 R 18.0 16 6 136 203
735767085 2 46972 R 16.0 17 5 111 204
738697897 2 47159 R 15.0 17 5 396 205
738731190 1 46943 R 20.0 16 6 416 104
740154669 2 47252 R 7.0 19 2 325 206
744601139 2 47537 R 4.0 19 1 296 207
747537514 2 47725 R 9.0 18 3 65 208
747553955 1 47507 R 17.0 17 5 114 105
751924023 2 48006 R 3.0 19 1 298 209
751939293 1 47788 R 8.0 19 2 41 106
756276990 2 48284 R 12.0 17 4 366 210
756294185 1 48067 R 14.0 19 4 86 107
757845516 2 48385 R 19.0 17 6 138 211
760742642 1 48351 R 5.0 19 1 17 108
760772279 2 48572 R 18.0 17 6 136 212
762246524 2 48666 R 10.0 18 3 66 213
765111581 2 48850 R 15.0 18 5 107 214
765159991 1 48634 R 11.0 19 3 65 109
766617229 2 48946 R 16.0 18 5 110 215
769544102 2 49133 R 6.0 19 2 321 216
770989132 2 49226 R 13.0 18 4 85 217
773945224 2 49415 R 3.0 20 1 16 218
773951836 1 49197 R 20.0 17 6 134 110
775389050 2 49507 R 4.0 20 1 300 219
778306062 1 49475 R 8.0 20 2 37 111
779790178 2 49789 R 7.0 20 2 37 220
782721104 2 49977 R 9.0 19 3 60 221
787160229 1 50042 R 14.0 20 4 87 112
787185518 2 50262 R 12.0 18 4 95 222
788691696 2 50359 R 19.0 18 6 138 223
791577812 1 50325 R 17.0 18 5 110 113
797436329 2 50918 R 16.0 19 5 110 224
800368745 1 50887 R 5.0 20 1 15 114
800429762 2 51110 R 18.0 18 6 137 225
801868533 2 51202 R 4.0 21 1 18 226
804831355 2 51392 R 15.0 19 5 113 227
804848717 1 51174 R 11.0 20 3 68 115
806270372 2 51484 R 13.0 19 4 88 228
809156236 2 51668 R 6.0 20 2 38 229
810641354 2 51763 R 10.0 19 3 350 230
813573889 2 51951 R 3.0 21 1 295 231
813578050 1 51733 R 20.0 18 6 131 116
815104625 2 52049 R 7.0 21 2 42 232
817960022 2 52232 R 12.0 19 4 366 233
817994836 1 52016 R 8.0 21 2 39 117
822375154 2 52514 R 9.0 20 3 344 234
822380929 1 52296 R 14.0 21 4 84 118
823818645 2 52607 R 19.0 19 6 130 235
828345455 2 52897 R 16.0 20 5 398 236
831229598 1 52863 R 17.0 19 5 109 119
835568366 1 53140 R 5.0 21 1 296 120
837120575 2 53458 R 4.0 22 1 18 237
840001399 1 53424 R 11.0 21 3 628 121
840087221 2 53648 R 15.0 20 5 114 238
841459613 2 53736 R 7.0 22 2 38 239
844393240 1 53705 R 20.0 19 6 413 122
844426326 2 53926 R 18.0 19 6 132 240
845892814 2 54020 R 13.0 20 4 87 241
850294387 2 54301 R 10.0 20 3 62 242
853188192 2 54486 R 12.0 20 4 84 243
853278077 1 54274 R 14.0 22 4 88 123
854665075 2 54581 R 19.0 20 6 131 244
857601512 1 54550 R 8.0 22 2 37 124
857668128 2 54773 R 3.0 22 1 308 245
862018661 1 54833 R 5.0 22 1 14 125
862116542 2 55058 R 6.0 21 2 610 246
863534711 2 55149 R 16.0 21 5 110 247
866405201 1 55114 R 17.0 20 5 106 126
866500653 2 55338 R 9.0 21 3 629 248
870884592 1 55400 R 11.0 22 3 63 127
872372530 2 55714 R 7.0 23 2 41 249
875214176 2 55896 R 18.0 20 6 130 250
875333490 1 55685 R 20.0 20 6 139 128
879740787 2 56186 R 15.0 21 5 395 251
881179583 2 56278 R 4.0 23 1 19 252
885550168 2 56558 R 13.0 21 4 87 253
890014698 2 56843 R 16.0 22 5 114 254
892841570 1 56806 R 5.0 23 1 13 129
892921841 2 57029 R 12.0 21 4 88 255
894322632 2 57119 R 19.0 21 6 130 256
897352859 1 57094 R 14.0 23 4 96 130
897356437 2 57313 R 6.0 22 2 44 257
898724168 2 57401 R 10.0 21 3 342 258
901707786 1 57373 R 8.0 23 2 324 131
901742767 2 57594 R 3.0 23 1 299 259
903219492 2 57688 R 7.0 24 2 325 260
906095743 2 57873 R 9.0 22 3 343 261
910466205 2 58152 R 18.0 21 6 131 262
910561937 1 57940 R 17.0 21 5 114 132
914930241 2 58438 R 15.0 22 5 392 263
914979311 1 58223 R 20.0 21 6 136 133
919365215 1 58503 R 11.0 23 3 356 134
925213973 2 59096 R 16.0 23 5 110 264
928124781 1 59064 R 5.0 24 1 16 135
928160045 2 59285 R 12.0 22 4 87 265
929599680 2 59377 R 4.0 24 1 305 266
932515054 2 59563 R 3.0 24 1 298 267
932573390 1 59349 R 8.0 24 2 42 136
934079839 2 59664 R 10.0 22 3 628 268
936963547 2 59848 R 6.0 23 2 612 269
936991171 1 59631 R 17.0 22 5 112 137
938403187 2 59940 R 13.0 22 4 649 270
941376721 1 59912 R 14.0 24 4 89 138
941381054 2 60131 R 15.0 23 5 394 271
942820361 2 60223 R 19.0 22 6 697 272
945717889 2 60408 R 9.0 23 3 622 273
947282491 2 60509 R 7.0 25 2 325 274
950119772 2 60690 R 18.0 22 6 129 275
950136974 1 60473 R 11.0 24 3 60 139
951683544 2 60790 R 4.0 25 1 19 276
954585996 1 60757 R 20.0 22 6 134 140
963407988 1 61322 R 8.0 25 2 41 141
964865522 2 61634 R 16.0 24 5 111 277
967794602 1 61603 R 17.0 23 5 111 142
967830969 2 61824 R 9.0 24 3 67 278
969204837 2 61912 R 10.0 23 3 342 279
972148894 1 61881 R 5.0 25 1 13 143
972203769 2 62103 R 6.0 24 2 327 280
973637562 2 62195 R 19.0 23 6 414 281
976589767 2 62384 R 3.0 25 1 300 282
978039107 2 62477 R 13.0 23 4 654 283
981003037 1 62448 R 14.0 25 4 86 144
981069650 2 62671 R 12.0 23 4 659 284
982533828 2 62765 R 7.0 26 2 43 285
985393253 2 62948 R 15.0 24 5 672 286
986873009 2 63042 R 4.0 26 1 16 287
989826105 1 63013 R 20.0 23 6 133 145
989839744 2 63232 R 18.0 23 6 700 288
994211748 1 63293 R 11.0 25 3 62 146
998601244 2 63793 R 9.0 25 3 60 289
998691832 1 63580 R 17.0 24 5 114 147
1003056181 1 63859 R 8.0 26 2 318 148
1003081372 2 64080 R 3.0 26 1 300 290
1004522985 2 64172 R 19.0 24 6 135 291
1007405089 2 64356 R 15.0 25 5 398 292
1007432508 1 64140 R 5.0 26 1 302 149
1008924722 2 64454 R 10.0 24 3 345 293
1011788903 2 64637 R 6.0 25 2 601 294
1013294820 2 64733 R 7.0 27 2 317 295
1016221571 2 64921 R 12.0 24 4 84 296
1017667280 2 65013 R 16.0 25 5 671 297
1020623648 2 65202 R 18.0 24 6 132 298
1020629151 1 64984 R 14.0 26 4 89 150
1022178042 2 65302 R 4.0 27 1 301 299
1025108955 1 65271 R 11.0 26 3 68 151
1026594047 2 65584 R 13.0 24 4 1226 300
1029432983 1 65548 R 20.0 24 6 131 152
1030963977 2 65864 R 19.0 25 6 137 301
1033822054 2 66047 R 9.0 26 3 59 302
1033850101 1 65830 R 17.0 25 5 388 153
1035302388 2 66142 R 7.0 28 2 38 303
1038235793 1 66111 R 8.0 27 2 319 154
1038239711 2 66330 R 3.0 27 1 294 304
1042625647 2 66610 R 6.0 26 2 604 305
1042715117 1 66398 R 5.0 27 1 18 155
1044141188 2 66707 R 10.0 25 3 63 306
1047038953 1 66674 R 14.0 27 4 83 156
1047103652 2 66897 R 15.0 26 5 675 307
1048543089 2 66989 R 16.0 26 5 109 308
1051456063 1 66957 R 11.0 27 3 61 157
1052993454 2 67274 R 13.0 25 4 374 309
1055879045 2 67459 R 12.0 25 4 85 310
1057377327 2 67555 R 4.0 28 1 299 311
1060247974 1 67520 R 17.0 26 5 107 158
1060343650 2 67744 R 18.0 25 6 136 312
1064727783 1 67806 R 20.0 25 6 135 159
1066215277 2 68120 R 7.0 29 2 42 313
1069056352 2 68302 R 6.0 27 2 36 314
1070617478 2 68402 R 19.0 26 6 137 315
1073583046 2 68592 R 3.0 28 1 20 316
1077953367 2 68871 R 9.0 27 3 65 317
1077986592 1 68655 R 8.0 28 2 43 160
1079410523 2 68965 R 10.0 26 3 63 318
1082278830 1 68930 R 5.0 28 1 13 161
1082293108 2 69149 R 15.0 27 5 110 319
1083828219 2 69247 R 4.0 29 1 308 320
1086790108 1 69218 R 14.0 28 4 98 162
1088214156 2 69528 R 13.0 26 4 369 321
1092566936 2 69807 R 16.0 27 5 388 322
1095537053 2 69997 R 18.0 26 6 131 323
1095550837 1 69779 R 20.0 26 6 132 163
1099938623 2 70278 R 12.0 26 4 370 324
1099999200 1 70064 R 11.0 28 3 356 164
1101467827 2 70376 R 19.0 27 6 419 325
1104416507 1 70347 R 17.0 27 5 680 165
1105806351 2 70654 R 4.0 30 1 15 326
1108793933 2 70845 R 6.0 28 2 42 327
1108801846 1 70627 R 5.0 29 1 19 166
1110239380 2 70938 R 10.0 27 3 63 328
1113178309 2 71126 R 3.0 29 1 302 329
1114641379 2 71219 R 7.0 30 2 330 330
1117611592 2 71410 R 15.0 28 5 122 331
1121967781 1 71470 R 14.0 29 4 89 167
1122013077 2 71691 R 18.0 27 6 136 332
1123417281 2 71781 R 16.0 28 5 112 333
1126383146 2 71971 R 9.0 28 3 353 334
1126416642 1 71755 R 8.0 29 2 327 168
1127881388 2 72067 R 13.0 27 4 368 335
1130833972 1 72037 R 17.0 28 5 393 169
1130847058 2 72257 R 12.0 27 4 89 336
1135219901 1 72318 R 11.0 29 3 347 170
1136719560 2 72633 R 10.0 28 3 67 337
1139574638 1 72597 R 20.0 27 6 413 171
1141121239 2 72914 R 7.0 31 2 322 338
1145491749 2 73194 R 19.0 28 6 417 339
1148420083 2 73381 R 6.0 29 2 41 340
1149830342 2 73472 R 4.0 31 1 12 341
1152773278 2 73660 R 3.0 30 1 293 342
1152874763 1 73448 R 14.0 30 4 90 172
1157183006 1 73724 R 5.0 30 1 295 173
1157268863 2 73948 R 15.0 29 5 113 343
1161584717 1 74005 R 17.0 29 5 396 174
1161607797 2 74225 R 9.0 29 3 338 344
1166040868 2 74509 R 18.0 28 6 415 345
1166080009 1 74293 R 11.0 30 3 348 175
1167480348 2 74601 R 16.0 29 5 110 346
1170440395 1 74572 R 8.0 30 2 321 176
1170442159 2 74791 R 12.0 28 4 87 347
1171881881 2 74883 R 13.0 28 4 371 348
1174857842 1 74855 R 20.0 28 6 133 177
1176377149 2 75171 R 7.0 32 2 329 349
1179217777 2 75352 R 6.0 30 2 38 350
1180716437 2 75448 R 19.0 29 6 415 351
1183648902 1 75417 R 5.0 31 1 15 178
1183681879 2 75638 R 3.0 31 1 18 352
1185149228 2 75732 R 10.0 29 3 634 353
1188115427 2 75922 R 18.0 29 6 136 354
1189550195 2 76014 R 4.0 32 1 17 355
1192517116 2 76204 R 15.0 30 5 112 356
1196886671 2 76483 R 9.0 30 3 65 357
1196939766 1 76268 R 14.0 31 4 88 179
1198326359 2 76575 R 13.0 29 4 87 358
1201263612 1 76545 R 11.0 31 3 353 180
1205631263 2 77043 R 6.0 31 2 35 359
1205680903 1 76827 R 17.0 30 5 390 181
1210066258 1 77108 R 8.0 31 2 38 182
1211601854 2 77425 R 16.0 30 5 113 360
1214456189 2 77608 R 12.0 29 4 87 361
1215909303 2 77701 R 10.0 30 3 59 362
1218871748 2 77890 R 3.0 32 1 304 363
1218915161 1 77674 R 20.0 29 6 134 183
1220436106 2 77990 R 7.0 33 2 324 364
1223275416 1 77953 R 5.0 32 1 297 184
1223367254 2 78178 R 18.0 30 6 137 365
1224824344 2 78271 R 19.0 30 6 419 366
1227706368 2 78456 R 15.0 31 5 393 367
1229145579 2 78548 R 4.0 33 1 296 368
1232139051 2 78739 R 9.0 31 3 351 369
1236503490 1 78800 R 14.0 32 4 85 185
1240889828 1 79081 R 11.0 32 3 342 186
1242389289 2 79395 R 13.0 30 4 93 370
1245351241 2 79585 R 6.0 32 2 41 371
1245369632 1 79368 R 17.0 31 5 397 187
1249733433 1 79647 R 8.0 32 2 39 188
1251196836 2 79959 R 19.0 31 6 133 372
1254110067 1 79927 R 5.0 33 1 298 189
1254127873 2 80147 R 18.0 31 6 132 373
1255567189 2 80239 R 16.0 31 5 392 374
1258496387 1 80208 R 20.0 30 6 130 190
1258500141 2 80426 R 12.0 30 4 361 375
1260031269 2 80524 R 7.0 34 2 322 376
1263010850 2 80715 R 3.0 33 1 302 377
1264464159 2 80808 R 10.0 31 3 632 378
1267381589 1 80776 R 17.0 32 5 109 191
1267426335 2 80998 R 15.0 32 5 678 379
1268865131 2 81090 R 4.0 34 1 19 380
1271796140 2 81277 R 9.0 32 3 66 381
1271829597 1 81061 R 14.0 33 4 91 192
1273235917 2 81370 R 13.0 31 4 86 382
1276121834 1 81336 R 11.0 33 3 59 193
1280540916 2 81837 R 12.0 31 4 88 383
1282105828 2 81937 R 19.0 32 6 136 384
1284974077 2 82121 R 6.0 33 2 321 385
1285038303 1 81906 R 8.0 33 2 43 194
1286412982 2 82213 R 7.0 35 2 37 386
1289375866 2 82402 R 18.0 32 6 415 387
1289418933 1 82187 R 20.0 31 6 135 195
1290815351 2 82495 R 16.0 32 5 107 388
1293746232 2 82682 R 15.0 33 5 676 389
1293841746 1 82470 R 5.0 34 1 301 196
1295310597 2 82782 R 10.0 32 3 353 390
1299649068 2 83060 R 4.0 35 1 15 391
1302615143 2 83250 R 3.0 34 1 17 392
1307048433 2 83534 R 12.0 32 4 88 393
1311449652 2 83815 R 9.0 33 3 66 394
1311475831 1 83598 R 17.0 33 5 116 197
1312893186 2 83908 R 13.0 32 4 84 395
1315861332 1 83879 R 14.0 34 4 89 198
1317294985 2 84189 R 7.0 36 2 323 396
1320216483 1 84158 R 11.0 34 3 349 199
1320226141 2 84377 R 18.0 33 6 132 397
1321665586 2 84469 R 19.0 33 6 414 398
1324643257 1 84441 R 8.0 34 2 324 200
1324689730 2 84663 R 6.0 34 2 43 399
1326129682 2 84755 R 16.0 33 5 112 400
1328998102 2 84938 R 15.0 34 5 107 401
1329076185 1 84725 R 5.0 35 1 309 201
1330562103 2 85038 R 4.0 36 1 19 402
1333468189 1 85006 R 20.0 32 6 982 202
1334963817 2 85320 R 10.0 33 3 66 403
1339334100 2 85600 R 13.0 33 4 87 404
1342210114 2 85784 R 3.0 35 1 13 405
1342228099 1 85566 R 14.0 35 4 87 203
1351082449 1 86133 R 20.0 33 6 134 204
1351111762 2 86354 R 18.0 34 6 136 406
1352484856 2 86441 R 16.0 34 5 107 407
1355450825 2 86631 R 12.0 33 4 371 408
1355499682 1 86416 R 17.0 34 5 397 205
1356917599 2 86725 R 19.0 34 6 131 409
1359883387 2 86915 R 9.0 34 3 347 410
1359885857 1 86697 R 11.0 35 3 345 206
1361318915 2 87007 R 7.0 37 2 323 411
1364240216 1 86975 R 8.0 35 2 318 207
1364285229 2 87197 R 15.0 35 5 393 412
1365814694 2 87295 R 10.0 34 3 348 413
1368654972 2 87476 R 6.0 35 2 38 414
1368688253 1 87260 R 5.0 36 1 16 208
1370123944 2 87570 R 13.0 34 4 84 415
1374586248 2 87856 R 4.0 37 1 302 416
1377524567 2 88044 R 3.0 36 1 17 417
1386322748 1 88389 R 17.0 35 5 109 209
1386363590 2 88610 R 18.0 35 6 136 418
1387799241 2 88702 R 16.0 35 5 111 419
1390708801 1 88669 R 14.0 36 4 372 210
1390764864 2 88891 R 12.0 34 4 90 420
1395188411 1 88956 R 20.0 34 6 419 211
1396654440 2 89268 R 7.0 38 2 44 421
1399511801 1 89233 R 8.0 36 2 319 212
1399540447 2 89453 R 9.0 35 3 63 422
1400947119 2 89543 R 4.0 38 1 294 423
1403880312 2 89731 R 15.0 36 5 106 424
1403929154 1 89515 R 11.0 36 3 633 213
1405458294 2 89832 R 19.0 35 6 419 425
1408298863 2 90014 R 6.0 36 2 37 426
1408314473 1 89796 R 5.0 37 1 15 214
1409813233 2 90110 R 10.0 35 3 346 427
1412714517 2 90296 R 3.0 37 1 304 428
1414243994 2 90394 R 13.0 35 4 372 429
1418583056 2 90672 R 16.0 36 5 107 430
1421605474 1 90647 R 14.0 37 4 88 215
1421615548 2 90866 R 18.0 36 6 139 431
1425929564 1 90923 R 17.0 36 5 108 216
1425954441 2 91144 R 12.0 35 4 85 432
1427420797 2 91237 R 7.0 39 2 39 433
1430345971 1 91206 R 8.0 37 2 39 217
1431822565 2 91519 R 4.0 39 1 15 434
1434732601 1 91487 R 20.0 35 6 131 218
1434792476 2 91709 R 9.0 36 3 66 435
1436193535 2 91799 R 19.0 36 6 131 436
1439212412 1 91773 R 11.0 37 3 349 219
1440657721 2 92085 R 10.0 36 3 345 437
1443535252 1 92050 R 5.0 38 1 13 220
1443600162 2 92273 R 15.0 37 5 114 438
1445090456 2 92368 R 13.0 36 4 372 439
1448049962 2 92558 R 6.0 37 2 44 440
1452434439 2 92838 R 3.0 38 1 306 441
1456742500 2 93114 R 18.0 37 6 130 442
1458303028 2 93214 R 16.0 37 5 394 443
1461169611 1 93179 R 17.0 37 5 107 221
1462672943 2 93494 R 4.0 40 1 16 444
1465555560 1 93459 R 8.0 38 2 322 222
1465674336 2 93686 R 12.0 36 4 90 445
1467137149 2 93779 R 10.0 37 3 67 446
1470035375 1 93746 R 11.0 38 3 632 223
1470044428 2 93965 R 9.0 37 3 65 447
1471445363 2 94055 R 19.0 37 6 131 448
1474483821 1 94031 R 14.0 38 4 655 224
1475846750 2 94337 R 7.0 40 2 327 449
1478776250 1 94306 R 20.0 36 6 411 225
1478789623 2 94525 R 15.0 38 5 114 450
1483270791 2 94812 R 6.0 38 2 42 451
1483286478 1 94594 R 5.0 39 1 20 226
1484747515 2 94906 R 13.0 37 4 88 452
1487623871 2 95090 R 3.0 39 1 294 453
1491994530 2 95370 R 18.0 38 6 131 454
1492047303 1 95155 R 17.0 38 5 112 227
1493525769 2 95468 R 16.0 38 5 394 455
1496495682 1 95440 R 8.0 39 2 333 228
1497925127 2 95750 R 4.0 41 1 302 456
1500863802 2 95938 R 12.0 37 4 88 457
1500912635 1 95722 R 11.0 39 3 67 229
1505296377 2 96221 R 9.0 38 3 65 458
1506732058 2 96313 R 10.0 38 3 63 459
1509698550 2 96503 R 15.0 39 5 113 460
1509704521 1 96285 R 20.0 37 6 137 230
1511102834 2 96593 R 19.0 38 6 131 461
1514059259 1 96564 R 14.0 39 4 376 231
1514068694 2 96783 R 6.0 39 2 320 462
1515566942 2 96879 R 13.0 38 4 371 463
1519923613 2 97158 R 7.0 41 2 319 464
1522913336 1 97130 R 17.0 39 5 112 232
1524403192 2 97444 R 4.0 42 1 306 465
1527314883 2 97631 R 18.0 39 6 136 466
1527324228 1 97413 R 11.0 40 3 65 233
1528771778 2 97724 R 16.0 39 5 394 467
1531700611 2 97911 R 3.0 40 1 300 468
1531726214 1 97694 R 5.0 40 1 299 234
1536053539 2 98190 R 12.0 38 4 365 469
1536071191 1 97972 R 8.0 40 2 319 235
1544925299 1 98539 R 20.0 38 6 136 236
1549342049 1 98822 R 14.0 40 4 88 237
1549359374 2 99041 R 9.0 39 3 66 470
1550765957 2 99131 R 10.0 39 3 62 471
1553728523 1 99102 R 17.0 40 5 110 238
1553732320 2 99321 R 15.0 40 5 110 472
1555152229 2 99412 R 19.0 39 6 131 473
1558083254 1 99381 R 11.0 41 3 338 239
1558118010 2 99602 R 3.0 41 1 297 474
1559657254 2 99701 R 7.0 42 2 328 475
1562531033 1 99666 R 5.0 41 1 16 240
1562533415 2 99885 R 6.0 40 2 613 476
1563996244 2 99978 R 4.0 43 1 299 477
1566904339 2 100164 R 18.0 40 6 129 478
1568429666 2 100262 R 13.0 39 4 935 479
1571354388 1 100231 R 8.0 41 2 40 241
1571367986 2 100450 R 12.0 39 4 89 480
1572759008 2 100539 R 16.0 40 5 953 481
1575740891 1 100511 R 20.0 39 6 133 242
1577238323 2 100826 R 10.0 40 3 63 482
1580206142 2 101016 R 9.0 40 3 65 483
1589013909 2 101579 R 15.0 41 5 117 484
1589031182 1 101362 R 14.0 41 4 91 243
1590476367 2 101673 R 13.0 40 4 89 485
1593354861 1 101639 R 11.0 42 3 62 244
1593383629 2 101859 R 3.0 42 1 17 486
1594784421 2 101949 R 4.0 44 1 299 487
1597722746 2 102137 R 6.0 41 2 36 488
1597828958 1 101925 R 17.0 41 5 120 245
1599311068 2 102238 R 7.0 43 2 612 489
1602158084 1 102202 R 5.0 42 1 299 246
1603681681 2 102518 R 19.0 40 6 700 490
1606561336 2 102702 R 12.0 40 4 85 491
1606638023 1 102489 R 20.0 40 6 137 247
1608104741 2 102801 R 16.0 41 5 396 492
1610963437 2 102984 R 18.0 41 6 130 493
1615366426 1 103047 R 8.0 42 2 38 248
1615458622 2 103272 R 9.0 41 3 350 494
1616927040 2 103366 R 10.0 41 3 66 495
1619783921 1 103330 R 14.0 42 4 85 249
1619797920 2 103549 R 15.0 42 5 393 496
1624170263 1 103611 R 11.0 43 3 347 250
1624230137 2 103833 R 6.0 42 2 42 497
1625718396 2 103928 R 4.0 45 1 19 498
1630073772 2 104207 R 19.0 41 6 134 499
1633039366 2 104397 R 12.0 41 4 86 500
1634521954 2 104492 R 7.0 44 2 321 501
1637408161 2 104677 R 3.0 43 1 301 502
1637460515 1 104461 R 5.0 43 1 18 251
1638939622 2 104775 R 13.0 41 4 370 503
1641784587 1 104738 R 17.0 42 5 108 252
1641871731 2 104962 R 9.0 42 3 66 504
1643325484 2 105055 R 16.0 42 5 395 505
1646201753 1 105021 R 20.0 41 6 130 253
1647679731 2 105334 R 10.0 42 3 62 506
1650585680 2 105520 R 18.0 42 6 130 507
1650587174 1 105301 R 8.0 43 2 36 254
1652127986 2 105619 R 4.0 46 1 17 508
1655111776 2 105810 R 6.0 43 2 43 509
1659472652 1 105870 R 11.0 44 3 63 255
1659482651 2 106089 R 15.0 43 5 112 510
1660950802 2 106183 R 7.0 45 2 40 511
1663821125 2 106367 R 3.0 44 1 13 512
1663921072 1 106155 R 14.0 43 4 91 256
1665337372 2 106464 R 19.0 42 6 133 513
1669692106 2 106743 R 13.0 42 4 365 514
1672619308 1 106711 R 17.0 43 5 106 257
1672659508 2 106933 R 9.0 43 3 62 515
1677061342 2 107214 R 12.0 42 4 86 516
1678546114 2 107309 R 16.0 43 5 109 517
1681535172 1 107282 R 5.0 44 1 20 258
1685837635 2 107776 R 18.0 43 6 130 518
1685890475 1 107561 R 20.0 42 6 136 259
1687368230 2 107874 R 7.0 46 2 41 519
1690301523 2 108062 R 6.0 44 2 330 520
1691764285 2 108155 R 10.0 43 3 63 521
1694721133 2 108345 R 15.0 44 5 682 522
1694744136 1 108127 R 14.0 44 4 90 260
1696234444 2 108441 R 4.0 47 1 304 523
1699135997 2 108627 R 3.0 45 1 298 524
1699161624 1 108410 R 8.0 44 2 333 261
1700558157 2 108718 R 19.0 43 6 133 525
1703547775 1 108691 R 11.0 45 3 635 262
1707902562 1 108970 R 17.0 44 5 392 263
1709380409 2 109283 R 13.0 43 4 86 526
1712317101 2 109471 R 9.0 44 3 70 527
1713767015 2 109563 R 16.0 44 5 108 528
1716781806 2 109756 R 15.0 45 5 113 529
1721138008 2 110035 R 12.0 43 4 87 530
1722651737 2 110132 R 10.0 44 3 67 531
1725492935 2 110314 R 3.0 46 1 299 532
1725566909 1 110100 R 5.0 45 1 18 264
1726974916 2 110409 R 4.0 48 1 15 533
1729941421 2 110599 R 6.0 45 2 607 534
1729984723 1 110383 R 20.0 43 6 136 265
1731392358 2 110692 R 7.0 47 2 38 535
1734325755 2 110879 R 18.0 44 6 695 536
1734370485 1 110664 R 14.0 45 4 87 266
1738725511 1 110942 R 11.0 46 3 345 267
1740183891 2 111254 R 13.0 44 4 84 537
1743173703 1 111227 R 8.0 45 2 328 268
1744664040 2 111541 R 19.0 44 6 136 538
1747591173 1 111510 R 17.0 45 5 675 269
1748987653 2 111818 R 16.0 45 5 382 539
1751974566 2 112009 R 6.0 46 2 39 540
1756376900 2 112291 R 15.0 46 5 109 541
1760764477 2 112571 R 9.0 45 3 348 542
1762215451 2 112664 R 10.0 45 3 61 543
1765140564 1 112633 R 11.0 47 3 60 270
1765181727 2 112854 R 3.0 47 1 292 544
1766601139 2 112945 R 4.0 49 1 13 545
1769568048 2 113135 R 12.0 44 4 928 546
1769636299 1 112921 R 5.0 46 1 306 271
1771080879 2 113232 R 7.0 48 2 41 547
1773975514 1 113198 R 20.0 44 6 413 272
1774045669 2 113421 R 18.0 45 6 982 548
1778408082 1 113482 R 8.0 46 2 604 273
1779935590 2 113798 R 19.0 45 6 136 549
1782809912 1 113764 R 14.0 46 4 649 274
1782820887 2 113983 R 6.0 47 2 39 550
1784227758 2 114073 R 13.0 45 4 367 551
1787160222 2 114261 R 12.0 45 4 84 552
1787279888 1 114050 R 17.0 46 5 396 275
1788738750 2 114362 R 16.0 46 5 394 553
1791592940 2 114544 R 3.0 48 1 15 554
1793118870 2 114642 R 10.0 46 3 347 555
1795995110 2 114826 R 15.0 47 5 106 556
1796009082 1 114608 R 20.0 45 6 132 276
1797541826 2 114925 R 4.0 50 1 303 557
1800425558 1 114891 R 8.0 47 2 39 277
1800490384 2 115114 R 9.0 46 3 350 558
1801958557 2 115208 R 7.0 49 2 43 559
1804811769 1 115172 R 14.0 47 4 86 278
1804829653 2 115391 R 18.0 46 6 416 560
1806344971 2 115489 R 13.0 46 4 93 561
1809254454 1 115456 R 11.0 48 3 63 279
1813593626 1 115734 R 5.0 47 1 297 280
1815105516 2 116049 R 19.0 46 6 134 562
1818032570 1 116018 R 17.0 47 5 391 281
1819553925 2 116334 R 16.0 47 5 400 563
1822479066 2 116521 R 15.0 48 5 121 564
1823970948 2 116617 R 10.0 47 3 66 565
1826880727 2 116803 R 12.0 46 4 374 566
1828356587 2 116897 R 7.0 50 2 41 567
1831229782 1 116863 R 20.0 46 6 131 282
1831250818 2 117082 R 6.0 48 2 328 568
1835623093 2 117362 R 9.0 47 3 623 569
1837116771 2 117458 R 4.0 51 1 15 570
1840134051 2 117651 R 3.0 49 1 302 571
1840139607 1 117433 R 8.0 48 2 44 283
1841565483 2 117743 R 13.0 47 4 89 572
1844479200 1 117711 R 5.0 48 1 298 284
1844549682 2 117934 R 18.0 47 6 702 573
1845983168 2 118025 R 19.0 47 6 136 574
1848912233 1 117994 R 17.0 48 5 393 285
1850369198 2 118306 R 16.0 48 5 396 575
1853313832 1 118276 R 11.0 49 3 631 286
1857721296 1 118558 R 14.0 48 4 937 287
1859128957 2 118867 R 10.0 48 3 59 576
1862154049 2 119060 R 15.0 49 5 113 577
1863577711 2 119151 R 7.0 51 2 322 578
1866571065 2 119343 R 3.0 50 1 306 579
1866574659 1 119125 R 8.0 49 2 43 288
1870867654 1 119399 R 20.0 47 6 129 289
1870957052 2 119624 R 6.0 49 2 611 580
1875311795 2 119902 R 9.0 48 3 916 581
1875378105 1 119688 R 14.0 49 4 90 290
1879758846 1 119968 R 11.0 50 3 343 291
1879760575 2 120187 R 12.0 47 4 933 582
1881205911 2 120280 R 19.0 48 6 133 583
1884097605 1 120246 R 5.0 49 1 295 292
1884144524 2 120468 R 18.0 48 6 698 584
1885607175 2 120561 R 4.0 52 1 301 585
1888599051 1 120534 R 17.0 49 5 678 293
1889977756 2 120841 R 13.0 48 4 651 586
1892984327 1 120815 R 8.0 50 2 42 294
1894441873 2 121127 R 16.0 49 5 675 587
1898818099 2 121407 R 10.0 49 3 625 588
1901794025 2 121597 R 15.0 50 5 111 589
1903203636 2 121687 R 7.0 52 2 38 590
1906134867 2 121875 R 6.0 50 2 319 591
1906150801 1 121657 R 20.0 48 6 132 295
1910583392 2 122160 R 3.0 51 1 304 592
1915000583 2 122442 R 9.0 49 3 911 593
1916494519 2 122538 R 13.0 49 4 91 594
1919386794 2 122723 R 18.0 49 6 698 595
1919388901 1 122505 R 17.0 50 5 111 296
1920818339 2 122815 R 16.0 50 5 108 596
1923739619 2 123002 R 12.0 48 4 935 597
1923821614 1 122788 R 5.0 50 1 308 297
1925229745 2 123097 R 19.0 49 6 132 598
1928223321 1 123070 R 11.0 51 3 631 298
1929631103 2 123379 R 4.0 53 1 306 599
1932593614 1 123350 R 14.0 50 4 937 299
1934101293 2 123665 R 10.0 50 3 348 600
1937016478 1 123633 R 8.0 51 2 324 300
1937045952 2 123853 R 15.0 51 5 113 601
1941384857 2 124131 R 9.0 50 3 345 602
1941434067 1 123916 R 20.0 49 6 134 301
1942829854 2 124224 R 7.0 53 2 36 603
1945817765 2 124415 R 6.0 51 2 317 604
1950225103 1 124478 R 11.0 52 3 63 302
1950284052 2 124701 R 12.0 49 4 655 605
1954579774 1 124757 R 14.0 51 4 85 303
1954607190 2 124977 R 3.0 52 1 299 606
1959007183 1 125040 R 17.0 51 5 108 304
1959053955 2 125262 R 18.0 50 6 698 607
1960464119 2 125352 R 16.0 51 5 108 608
1963445825 1 125324 R 5.0 51 1 299 305
1964922538 2 125637 R 13.0 50 4 371 609
1967831318 1 125605 R 8.0 52 2 39 306
1969292562 2 125917 R 4.0 54 1 301 610
1972297290 2 126109 R 9.0 51 3 66 611
1972311630 1 125892 R 20.0 50 6 140 307
1973756821 2 126203 R 10.0 51 3 630 612
1976634772 1 126168 R 11.0 53 3 62 308
1976699542 2 126391 R 18.0 51 6 138 613
1978070537 2 126479 R 19.0 50 6 977 614
1981069831 2 126671 R 15.0 52 5 399 615
1985409054 2 126949 R 12.0 50 4 368 616
1985457456 1 126733 R 14.0 52 4 85 309
1986986524 2 127050 R 7.0 54 2 43 617
1989828061 2 127231 R 6.0 52 2 318 618
1991341430 2 127328 R 13.0 51 4 87 619
1994243190 2 127514 R 3.0 53 1 303 620
1994249380 1 127296 R 17.0 52 5 116 310
1995790265 2 127613 R 19.0 51 6 138 621
1998728547 1 127582 R 5.0 52 1 19 311
2000139223 2 127891 R 16.0 52 5 391 622
2003143629 2 128084 R 9.0 52 3 67 623
2004540586 2 128173 R 4.0 55 1 304 624
2007457756 1 128141 R 11.0 54 3 60 312
2008948212 2 128455 R 10.0 52 3 624 625
2011874701 1 128424 R 8.0 53 2 38 313
2011888901 2 128643 R 15.0 53 5 110 626
2016261519 1 128705 R 20.0 51 6 130 314
2016321834 2 128927 R 18.0 52 6 133 627
2017801801 2 129022 R 13.0 52 4 88 628
2020725330 2 129209 R 12.0 51 4 373 629
2020740718 1 128991 R 14.0 53 4 89 315
2025173793 2 129494 R 3.0 54 1 308 630
2026624413 2 129586 R 7.0 55 2 41 631
2029557624 2 129774 R 6.0 53 2 325 632
2031010394 2 129867 R 4.0 56 1 18 633
2035365698 2 130146 R 19.0 52 6 132 634
2038270722 2 130332 R 9.0 53 3 59 635
2038322194 1 130116 R 17.0 53 5 114 316
2039814382 2 130431 R 16.0 53 5 110 636
2042754829 1 130400 R 5.0 53 1 302 317
2042797923 2 130621 R 15.0 54 5 113 637
2044231500 2 130713 R 10.0 53 3 346 638
2047156595 1 130682 R 11.0 55 3 347 318
2047168282 2 130901 R 18.0 53 6 136 639
2051527148 1 130962 R 20.0 52 6 413 319
2055912190 2 131461 R 3.0 55 1 14 640
2055991127 1 131247 R 14.0 54 4 657 320
2057428019 2 131558 R 13.0 53 4 88 641
2060304685 1 131523 R 8.0 54 2 606 321
2060345473 2 131745 R 12.0 52 4 85 642
2061782736 2 131837 R 4.0 57 1 13 643
2064746737 2 132026 R 9.0 54 3 63 644
2069117448 2 132306 R 6.0 54 2 317 645
2070637250 2 132403 R 16.0 54 5 109 646
2073581776 2 132592 R 15.0 55 5 110 647
2075054189 2 132686 R 7.0 56 2 332 648
2078032327 1 132658 R 17.0 54 5 115 322
2079440108 2 132967 R 10.0 54 3 63 649
2082412523 1 132938 R 11.0 56 3 353 323
2082420150 2 133157 R 18.0 54 6 135 650
2086751335 1 133216 R 5.0 54 1 291 324
2088325318 2 133535 R 13.0 54 4 92 651
2091184424 1 133500 R 14.0 55 4 366 325
2091226649 2 133721 R 3.0 56 1 18 652
2095586156 1 133781 R 20.0 53 6 416 326
2095597004 2 134001 R 6.0 55 2 40 653
2097054657 2 134094 R 19.0 54 6 132 654
2099993480 1 134063 R 8.0 55 2 602 327
2100061345 2 134286 R 12.0 53 4 89 655
2104368993 2 134562 R 9.0 55 3 61 656
2105934124 2 134662 R 16.0 55 5 115 657
2110335444 2 134944 R 4.0 58 1 304 658
2113176745 2 135126 R 15.0 56 5 107 659
2113252615 1 134912 R 14.0 56 4 90 328
2114705925 2 135224 R 7.0 57 2 605 660
2117670270 1 135195 R 11.0 57 3 345 329
2117672185 2 135413 R 18.0 55 6 137 661
2119066631 2 135503 R 10.0 55 3 625 662
2122066088 1 135476 R 17.0 55 5 113 330
2126416403 2 135973 R 12.0 54 4 84 663
2126436159 1 135756 R 5.0 55 1 296 331
2127889003 2 136067 R 13.0 55 4 91 664
2130849079 2 136257 R 3.0 57 1 16 665
2130900332 1 136041 R 8.0 56 2 605 332
2132275435 2 136348 R 19.0 55 6 132 666
2135250649 2 136538 R 6.0 56 2 39 667
2135276898 1 136322 R 20.0 54 6 417 333
2136755100 2 136635 R 16.0 56 5 111 668
2139621009 2 136818 R 9.0 56 3 61 669
2141078378 2 136911 R 10.0 56 3 59 670
2145495225 2 137194 R 7.0 58 2 38 671
2149881174 2 137475 R 4.0 59 1 13 672
2152878907 1 137448 R 14.0 57 4 92 334
2152896839 2 137668 R 15.0 57 5 112 673
2157233636 1 137727 R 11.0 58 3 60 335
2157329659 2 137951 R 18.0 56 6 137 674
2161682544 1 138012 R 17.0 56 5 110 336
2163172777 2 138325 R 19.0 56 6 136 675
2166093209 1 138294 R 8.0 57 2 40 337
2166136374 2 138515 R 12.0 55 4 90 676
2167620726 2 138610 R 13.0 56 4 89 677
2170461515 2 138792 R 9.0 57 3 59 678
2170495430 1 138576 R 5.0 56 1 305 338
2174846161 2 139073 R 3.0 58 1 295 679
2174965556 1 138862 R 20.0 55 6 422 339
2176318824 2 139167 R 16.0 57 5 105 680
2179278488 2 139356 R 6.0 57 2 39 681
2179288528 1 139138 R 14.0 58 4 85 340
2180830008 2 139456 R 10.0 57 3 354 682
2185184323 2 139734 R 7.0 59 2 324 683
2188111675 1 139703 R 17.0 57 5 110 341
2192491689 2 140202 R 15.0 58 5 109 684
2194037910 2 140301 R 4.0 60 1 20 685
2196902770 1 140266 R 11.0 59 3 61 342
2201383044 1 140552 R 20.0 56 6 138 343
2201392773 2 140772 R 18.0 57 6 136 686
2202861492 2 140866 R 19.0 57 6 137 687
2205705755 1 140829 R 5.0 57 1 14 344
2207246949 2 141146 R 10.0 58 3 65 688
2210123226 1 141112 R 14.0 59 4 85 345
2210136861 2 141331 R 12.0 56 4 87 689
2211601613 2 141425 R 13.0 57 4 86 690
2214493250 2 141610 R 9.0 58 3 60 691
2214509467 1 141392 R 8.0 58 2 323 346
2216050514 2 141710 R 16.0 58 5 111 692
2218973407 2 141897 R 3.0 59 1 305 693
2218989429 1 141679 R 17.0 58 5 112 347
2223341839 2 142176 R 6.0 58 2 321 694
2224872676 2 142274 R 7.0 60 2 42 695
2232211664 2 142744 R 15.0 59 5 112 696
2236519528 2 143020 R 18.0 58 6 129 697
2236528986 1 142802 R 14.0 60 4 84 348
2238069658 2 143119 R 4.0 61 1 18 698
2241003055 1 143088 R 8.0 59 2 322 349
2242425144 2 143398 R 19.0 58 6 132 699
2245404663 1 143370 R 5.0 58 1 304 350
2246873170 2 143682 R 13.0 58 4 87 700
2249775323 1 143649 R 11.0 60 3 914 351
2249796292 2 143869 R 12.0 57 4 88 701
2251290753 2 143965 R 10.0 59 3 353 702
2254244963 2 144154 R 3.0 60 1 297 703
2254261047 1 143937 R 20.0 57 6 700 352
2255676728 2 144246 R 16.0 59 5 110 704
2258553144 1 144211 R 17.0 59 5 107 353
2258662248 2 144437 R 9.0 59 3 630 705
2260030903 2 144524 R 7.0 61 2 37 706
2263048182 2 144717 R 6.0 59 2 324 707
2263063654 1 144500 R 14.0 61 4 91 354
2267401189 2 144996 R 18.0 59 6 414 708
2267418581 1 144779 R 8.0 60 2 329 355
2271771605 2 145276 R 15.0 60 5 107 709
2273290586 2 145373 R 10.0 60 3 64 710
2276272396 1 145345 R 11.0 61 3 65 356
2277702368 2 145655 R 19.0 59 6 133 711
2282094190 2 145936 R 4.0 62 1 301 712
2285046287 2 146125 R 12.0 58 4 87 713
2285094929 1 145910 R 5.0 59 1 20 357
2289465587 2 146408 R 9.0 60 3 348 714
2289481550 1 146191 R 20.0 58 6 133 358
2290979136 2 146505 R 13.0 59 4 92 715
2293820328 2 146687 R 3.0 61 1 298 716
2293836408 1 146469 R 17.0 60 5 110 359
2295302733 2 146782 R 7.0 62 2 328 717
2298251317 2 146970 R 6.0 60 2 609 718
2299720397 2 147065 R 16.0 60 5 391 719
2302689882 1 147036 R 14.0 62 4 89 360
2302715564 2 147256 R 18.0 60 6 137 720
2307023437 2 147532 R 15.0 61 5 392 721
2307106889 1 147319 R 8.0 61 2 44 361
2312917241 2 147909 R 19.0 60 6 130 722
2315898756 1 147881 R 11.0 62 3 63 362
2317359626 2 148193 R 10.0 61 3 64 723
2320237398 2 148378 R 9.0 61 3 59 724
2321698808 2 148471 R 4.0 63 1 292 725
2324684676 1 148444 R 20.0 59 6 132 363
2324686354 2 148662 R 3.0 62 1 302 726
2326131815 2 148755 R 13.0 60 4 367 727
2329103827 2 148945 R 12.0 59 4 368 728
2329148683 1 148729 R 5.0 60 1 305 364
2330523433 2 149036 R 7.0 63 2 320 729
2333489862 2 149226 R 18.0 61 6 414 730
2333525073 1 149009 R 17.0 61 5 685 365
2335003395 2 149323 R 16.0 61 5 115 731
2337910575 1 149290 R 14.0 63 4 86 366
2337969337 2 149512 R 6.0 61 2 610 732
2339326918 2 149599 R 19.0 61 6 129 733
2342275466 2 149788 R 15.0 62 5 671 734
2346670832 1 149851 R 11.0 63 3 62 367
2351119168 1 150135 R 8.0 62 2 39 368
2357017101 2 150732 R 10.0 62 3 65 735
2359942561 1 150700 R 20.0 60 6 135 369
2359956177 2 150920 R 18.0 62 6 136 736
2361418710 2 151013 R 4.0 64 1 300 737
2364312600 2 151198 R 9.0 62 3 345 738
2364328479 1 150981 R 17.0 62 5 400 370
2365789068 2 151293 R 7.0 64 2 605 739
2368708253 1 151261 R 14.0 64 4 84 371
2368792257 2 151485 R 3.0 63 1 302 740
2370253405 2 151579 R 13.0 61 4 371 741
2373115745 2 151762 R 6.0 62 2 608 742
2373131549 1 151544 R 5.0 61 1 300 372
2374567123 2 151855 R 16.0 62 5 387 743
2377533811 2 152045 R 15.0 63 5 1239 744
2379078182 2 152143 R 19.0 62 6 136 745
2381932869 2 152326 R 12.0 60 4 932 746
2386359972 1 152391 R 20.0 61 6 133 373
2387837744 2 152704 R 7.0 65 2 40 747
2390740109 2 152890 R 15.0 64 5 109 748
2390745932 1 152672 R 8.0 63 2 318 374
2395225773 1 152958 R 11.0 64 3 633 375
2395235018 2 153177 R 12.0 61 4 90 749
2396691956 2 153271 R 10.0 63 3 65 750
2399549185 1 153235 R 17.0 63 5 109 376
2399574544 2 153455 R 18.0 63 6 133 751
