104359689 1 6599 R 4.0 1 1 19 1
108657802 3 6854 R 5.0 1 1 13 1
108675407 2 6838 R 6.0 1 1 14 1
130691305 1 8284 R 7.0 1 2 39 2
130800627 3 8271 R 8.0 1 2 51 2
135171141 3 8551 R 11.0 1 3 64 3
135194329 2 8535 R 9.0 1 2 42 2
139592402 1 8854 R 10.0 1 3 65 3
144001684 2 9099 R 12.0 1 3 66 3
157181269 1 9980 R 13.0 1 4 88 4
161581425 1 10261 R 4.0 2 1 298 5
161588866 2 10224 R 6.0 2 1 17 4
165971103 3 10522 R 14.0 1 4 94 4
170367251 2 10786 R 18.0 1 5 109 5
170375086 3 10804 R 17.0 1 5 108 5
174743275 3 11084 R 5.0 2 1 294 6
174753242 2 11067 R 15.0 1 4 371 6
183669826 1 11675 R 16.0 1 5 117 6
187993098 1 11951 R 7.0 2 2 330 7
188018080 3 11933 R 8.0 2 2 40 7
192410556 1 12234 R 19.0 1 6 134 8
196855047 2 12481 R 21.0 1 6 135 7
196856607 3 12499 R 11.0 2 3 67 8
201178315 2 12758 R 9.0 2 2 325 8
201201709 1 12797 R 10.0 2 3 61 9
201258641 3 12781 R 20.0 1 6 134 9
205595356 2 13041 R 12.0 2 3 60 9
210087434 1 13366 R 13.0 2 4 91 10
218792563 2 13885 R 6.0 3 1 13 10
218816086 1 13924 R 4.0 3 1 14 11
218845956 3 13906 R 17.0 2 5 109 10
223310074 3 14192 R 14.0 2 4 371 11
227617290 3 14468 R 5.0 3 1 13 12
232046940 2 14733 R 18.0 2 5 108 11
236424497 3 15031 R 8.0 3 2 36 13
236510647 2 15019 R 15.0 2 4 90 12
245242036 1 15615 R 19.0 2 6 131 12
249629994 2 15859 R 21.0 2 6 129 13
249721502 1 15902 R 7.0 3 2 325 13
254045233 1 16179 R 16.0 2 5 388 14
258462126 1 16462 R 13.0 3 4 84 15
258561435 2 16430 R 9.0 3 2 44 14
262848055 1 16742 R 10.0 3 3 58 16
262881860 3 16725 R 20.0 2 6 132 14
267314536 3 17008 R 11.0 3 3 351 15
267337500 2 16992 R 12.0 3 3 66 15
271676481 2 17270 R 6.0 4 1 14 16
280544053 1 17875 R 4.0 4 1 17 17
280591153 3 17858 R 14.0 3 4 91 16
284914828 3 18135 R 5.0 4 1 297 17
289361578 3 18419 R 17.0 3 5 403 18
293780832 2 18684 R 18.0 3 5 115 17
293782786 1 18722 R 19.0 3 6 136 18
298090590 1 18998 R 16.0 3 5 106 19
298199328 3 18985 R 8.0 4 2 43 19
302540591 2 19245 R 15.0 3 4 87 18
306989617 2 19530 R 21.0 3 6 134 19
307022362 1 19569 R 13.0 4 4 92 20
311392436 1 19849 R 7.0 4 2 40 21
315731776 1 20127 R 10.0 4 3 60 22
320217207 2 20376 R 9.0 4 2 43 20
324594080 3 20674 R 20.0 3 6 135 20
328933118 3 20952 R 11.0 4 3 343 21
329018621 2 20940 R 12.0 4 3 73 21
333363901 2 21218 R 6.0 5 1 293 22
337835379 1 21541 R 4.0 5 1 18 23
342163522 3 21799 R 17.0 4 5 108 22
342218083 2 21784 R 18.0 4 5 110 23
346596203 1 22102 R 19.0 4 6 132 24
346642932 3 22085 R 5.0 5 1 303 23
350966565 3 22362 R 14.0 4 4 649 24
351040355 2 22349 R 15.0 4 4 88 24
351044698 1 22387 R 16.0 4 5 392 25
355413132 3 22647 R 8.0 5 2 603 25
355461643 1 22669 R 13.0 5 4 90 26
368643307 2 23476 R 21.0 4 6 135 25
373064116 1 23796 R 10.0 5 3 65 27
377391517 3 24053 R 11.0 5 3 60 26
377403140 2 24036 R 12.0 5 3 60 26
377418974 1 24075 R 7.0 5 2 327 28
381851398 2 24321 R 9.0 5 2 40 27
386268642 2 24604 R 6.0 6 1 17 28
386277114 3 24622 R 20.0 4 6 135 27
395109001 3 25187 R 8.0 6 2 43 28
395125380 1 25208 R 16.0 5 5 114 29
399423209 3 25463 R 5.0 6 1 299 29
399501263 1 25488 R 4.0 6 1 303 30
403871888 2 25730 R 18.0 5 5 109 29
403933925 3 25752 R 14.0 5 4 89 30
408289255 3 26031 R 17.0 5 5 111 31
408292979 1 26051 R 19.0 5 6 133 31
417162171 2 26581 R 15.0 5 4 91 30
421458463 1 26893 R 13.0 6 4 85 32
425891797 2 27140 R 21.0 5 6 130 31
425907017 1 27178 R 7.0 6 2 322 33
430308470 2 27422 R 12.0 6 3 62 32
430324483 1 27461 R 10.0 6 3 626 34
434694183 2 27703 R 9.0 6 2 38 33
439173922 2 27990 R 6.0 7 1 19 34
439181968 3 28008 R 11.0 6 3 66 32
447926508 1 28587 R 4.0 7 1 16 35
447973967 3 28570 R 20.0 5 6 135 33
452328060 3 28849 R 8.0 7 2 40 34
456714670 2 29112 R 18.0 6 5 108 35
456776475 3 29134 R 5.0 7 1 18 35
461118312 1 29431 R 19.0 6 6 131 36
461194204 3 29417 R 14.0 6 4 89 36
465580337 3 29697 R 17.0 6 5 111 37
465582363 1 29717 R 16.0 6 5 398 37
474420033 1 30283 R 7.0 7 2 43 38
478753491 2 30523 R 15.0 6 4 87 36
478822058 1 30565 R 10.0 7 3 66 39
483139963 2 30803 R 12.0 7 3 350 37
487597876 1 31126 R 13.0 7 4 86 40
487619670 2 31090 R 21.0 6 6 135 38
491942473 2 31367 R 9.0 7 2 37 39
496359911 2 31650 R 6.0 8 1 14 40
496411231 3 31670 R 20.0 6 6 135 38
505233485 3 32235 R 11.0 7 3 64 39
509591900 1 32534 R 4.0 8 1 19 41
513962960 2 32776 R 18.0 7 5 106 41
513978713 1 32815 R 19.0 7 6 130 42
514024994 3 32798 R 14.0 7 4 88 40
518458401 1 33101 R 16.0 7 5 397 43
518467807 3 33082 R 8.0 8 2 325 41
522828478 3 33361 R 5.0 8 1 302 42
527186750 1 33660 R 7.0 8 2 37 44
531651377 3 33926 R 17.0 7 5 111 43
536064280 2 34191 R 15.0 7 4 97 42
540415198 1 34506 R 10.0 8 3 58 45
540513258 2 34475 R 12.0 8 3 352 43
544805191 2 34750 R 9.0 8 2 321 44
553612153 1 35351 R 13.0 8 4 83 46
553721920 2 35321 R 21.0 7 6 138 45
558076021 2 35599 R 6.0 9 1 17 46
558139179 3 35621 R 20.0 7 6 138 44
562462246 3 35898 R 14.0 8 4 87 45
562497816 1 35920 R 19.0 8 6 132 47
566936123 3 36184 R 11.0 8 3 66 46
571265736 3 36461 R 5.0 9 1 294 47
571336177 2 36448 R 18.0 8 5 111 47
571351246 1 36486 R 4.0 9 1 20 48
575644187 1 36761 R 16.0 8 5 107 49
575744986 3 36748 R 8.0 9 2 42 48
584559988 1 37332 R 7.0 9 2 43 50
584564157 2 37295 R 15.0 8 4 90 48
588950441 2 37575 R 12.0 9 3 357 49
593285696 3 37870 R 17.0 8 5 107 49
593304950 2 37854 R 9.0 9 2 323 50
606513936 3 38717 R 20.0 8 6 133 50
606537021 1 38738 R 10.0 9 3 63 51
610970108 2 38985 R 6.0 10 1 18 51
610985505 1 39023 R 13.0 9 4 89 52
619710787 3 39562 R 14.0 9 4 84 51
619787112 2 39549 R 21.0 8 6 135 52
619808676 1 39588 R 19.0 9 6 137 53
624141863 1 39865 R 16.0 9 5 109 54
624188917 2 39831 R 18.0 9 5 400 53
628549521 1 40147 R 4.0 10 1 304 55
628596058 3 40130 R 5.0 10 1 19 52
632919274 3 40407 R 11.0 9 3 60 53
632964675 2 40392 R 12.0 10 3 64 54
637336706 3 40690 R 8.0 10 2 37 54
641808616 1 40996 R 7.0 10 2 42 56
641833800 2 40960 R 15.0 9 4 89 55
650547577 2 41518 R 9.0 10 2 38 56
654939655 3 41816 R 20.0 9 6 131 55
659419324 3 42103 R 17.0 9 5 399 56
663760159 2 42363 R 6.0 11 1 14 57
668234676 1 42687 R 19.0 10 6 136 57
668255672 2 42651 R 21.0 9 6 137 58
672589001 1 42966 R 10.0 10 3 60 58
672595393 2 42929 R 18.0 10 5 388 59
677037431 1 43250 R 13.0 10 4 89 59
677084564 3 43234 R 14.0 10 4 90 57
681455014 1 43533 R 16.0 10 5 111 60
685838756 2 43776 R 12.0 11 3 65 60
685840365 1 43814 R 4.0 11 1 17 61
690181550 3 44072 R 8.0 11 2 35 58
690195167 1 44092 R 7.0 11 2 36 62
694708653 3 44361 R 5.0 11 1 300 59
699053967 3 44640 R 11.0 10 3 344 60
703456611 2 44904 R 9.0 11 2 39 61
703502297 3 44924 R 17.0 10 5 113 61
707827358 2 45183 R 15.0 10 4 86 62
712291165 2 45469 R 6.0 12 1 18 63
712325013 3 45489 R 20.0 10 6 136 62
721089179 1 46070 R 19.0 11 6 135 63
721130232 2 46035 R 21.0 10 6 137 64
725531798 2 46316 R 18.0 11 5 397 65
734295838 1 46915 R 16.0 11 5 108 64
738666172 1 47195 R 4.0 12 1 298 65
743092910 3 47458 R 14.0 11 4 86 63
743118220 2 47442 R 12.0 12 3 63 66
743130427 1 47480 R 13.0 11 4 372 66
747506610 1 47760 R 10.0 11 3 632 67
751891934 1 48041 R 7.0 12 2 38 68
751946908 3 48025 R 11.0 11 3 65 64
756268137 2 48284 R 9.0 12 2 37 67
756358480 3 48307 R 8.0 12 2 325 65
760760095 3 48589 R 5.0 12 1 303 66
765093145 2 48848 R 15.0 11 4 84 68
765105284 3 48867 R 17.0 11 5 673 67
769508547 2 49131 R 6.0 13 1 302 69
773959372 3 49433 R 20.0 11 6 133 68
774004133 2 49419 R 21.0 11 6 136 70
782748804 2 49978 R 18.0 12 5 110 71
787107363 1 50295 R 19.0 12 6 129 69
791540132 1 50578 R 4.0 13 1 296 70
795941909 1 50860 R 13.0 12 4 367 71
800437332 1 51148 R 16.0 12 5 396 72
804735352 1 51423 R 10.0 12 3 622 73
804789455 3 51407 R 8.0 13 2 41 69
804803279 2 51390 R 12.0 13 3 67 72
809144417 3 51685 R 14.0 12 4 84 70
809151887 1 51706 R 7.0 13 2 38 74
809205199 2 51672 R 9.0 13 2 326 73
813571424 3 51969 R 11.0 12 3 61 71
818010334 3 52253 R 5.0 13 1 298 72
822396620 3 52533 R 17.0 12 5 110 73
826872340 2 52802 R 15.0 12 4 103 74
831256107 2 53083 R 6.0 14 1 299 75
835564394 2 53359 R 21.0 12 6 128 76
835687393 3 53384 R 20.0 12 6 138 74
840008799 1 53680 R 19.0 13 6 133 75
840090880 2 53648 R 18.0 13 5 114 77
844472618 1 53966 R 4.0 14 1 303 76
848786631 1 54242 R 16.0 13 5 388 77
853271781 2 54492 R 12.0 14 3 65 78
853297256 1 54531 R 10.0 13 3 67 78
857610796 2 54770 R 9.0 14 2 37 79
857651869 1 54810 R 13.0 13 4 86 79
866455300 3 55353 R 14.0 13 4 87 75
870841398 3 55634 R 8.0 14 2 322 76
870911259 1 55658 R 7.0 14 2 43 80
875321359 3 55921 R 11.0 13 3 349 77
879623359 3 56196 R 17.0 13 5 388 78
879714426 2 56184 R 6.0 15 1 20 80
884061849 3 56480 R 5.0 14 1 298 79
888474908 2 56745 R 15.0 13 4 85 81
892882205 1 57064 R 4.0 15 1 26 81
897259094 3 57325 R 20.0 13 6 129 80
897329527 2 57312 R 18.0 14 5 112 82
901746568 2 57594 R 21.0 13 6 136 83
906095398 1 57910 R 19.0 14 6 133 82
906132549 2 57875 R 12.0 15 3 348 84
910465824 1 58190 R 16.0 14 5 387 83
914892288 2 58436 R 9.0 15 2 37 85
914929874 1 58475 R 10.0 14 3 351 84
919360567 3 58739 R 11.0 14 3 71 81
919362805 1 58759 R 13.0 14 4 370 85
923764177 1 59041 R 7.0 15 2 326 86
928089490 3 59298 R 14.0 14 4 82 82
932507177 3 59581 R 8.0 15 2 321 83
936893204 3 59861 R 17.0 14 5 389 84
937003858 2 59851 R 6.0 16 1 22 86
945717340 2 60408 R 15.0 14 4 83 87
945777749 3 60430 R 5.0 15 1 17 85
950220256 1 60734 R 4.0 16 1 19 87
954524959 2 60972 R 18.0 15 5 106 88
954528752 1 61010 R 19.0 15 6 130 88
959038111 3 61279 R 20.0 14 6 137 86
963335967 1 61573 R 16.0 15 5 108 89
963425346 2 61542 R 12.0 16 3 66 89
967735319 3 61835 R 11.0 15 3 59 87
967764951 2 61819 R 21.0 14 6 132 90
967831308 1 61861 R 13.0 15 4 369 90
972170352 1 62139 R 10.0 15 3 349 91
976602622 2 62385 R 9.0 16 2 40 91
976651745 3 62406 R 14.0 15 4 91 88
981006869 3 62685 R 8.0 16 2 325 89
985413741 1 62986 R 7.0 16 2 40 92
985455421 3 62969 R 17.0 15 5 401 90
994277509 3 63534 R 5.0 16 1 19 91
994285588 2 63517 R 15.0 15 4 92 92
998591644 2 63792 R 6.0 17 1 302 93
1003031766 1 64114 R 4.0 17 1 16 93
1011825862 1 64677 R 19.0 16 6 130 94
1016233459 3 64939 R 20.0 15 6 133 92
1016272436 2 64924 R 18.0 16 5 111 94
1020648619 1 65241 R 16.0 16 5 111 95
1020705424 2 65208 R 12.0 17 3 346 95
1025034321 1 65522 R 13.0 16 4 84 96
1025106301 2 65489 R 9.0 17 2 44 96
1029414444 3 65783 R 11.0 16 3 61 93
1029477271 2 65769 R 21.0 15 6 133 97
1033919445 1 66091 R 10.0 16 3 67 97
1038242783 1 66367 R 7.0 17 2 38 98
1038284154 3 66350 R 14.0 16 4 89 94
1042717120 3 66634 R 8.0 17 2 327 95
1047032499 2 66893 R 6.0 18 1 13 98
1047058412 3 66912 R 17.0 16 5 107 96
1051465470 2 67176 R 15.0 16 4 88 99
1051489182 3 67195 R 5.0 17 1 302 97
1064667999 1 68059 R 4.0 18 1 14 99
1073554436 1 68627 R 19.0 17 6 135 100
1077883424 3 68885 R 20.0 16 6 130 98
1077985334 2 68873 R 21.0 16 6 139 100
1082284637 3 69166 R 11.0 17 3 60 99
1082324444 2 69151 R 12.0 18 3 345 101
1086688887 1 69468 R 16.0 17 5 107 101
1086757009 2 69435 R 9.0 18 2 321 102
1086780110 3 69454 R 8.0 18 2 43 100
1091105842 1 69751 R 7.0 18 2 322 102
1091119448 3 69732 R 14.0 17 4 85 101
1091158974 2 69717 R 18.0 17 5 956 103
1095492069 1 70031 R 10.0 17 3 630 103
1095528588 2 69996 R 6.0 19 1 15 104
1099971801 1 70318 R 13.0 17 4 940 104
1104363793 3 70579 R 17.0 17 5 109 102
1108764730 3 70861 R 5.0 18 1 17 103
1117523175 2 71404 R 15.0 17 4 82 105
1126334004 1 72005 R 4.0 19 1 13 105
1130845806 2 72257 R 18.0 18 5 113 106
1135200424 2 72535 R 12.0 19 3 349 107
1135221576 3 72554 R 11.0 18 3 66 104
1135250567 1 72576 R 7.0 19 2 43 106
1139605820 1 72855 R 19.0 18 6 135 107
1139648606 2 72820 R 9.0 19 2 330 108
1139654772 3 72838 R 20.0 17 6 136 105
1143997754 2 73098 R 21.0 17 6 696 109
1144054377 1 73139 R 16.0 18 5 112 108
1144056381 3 73120 R 14.0 18 4 378 106
1148426528 3 73399 R 8.0 19 2 330 107
1148451836 2 73383 R 6.0 20 1 304 110
1148471135 1 73422 R 13.0 18 4 90 109
1152765931 3 73677 R 17.0 18 5 106 108
1152857536 1 73703 R 10.0 18 3 350 110
1166009118 3 74525 R 5.0 19 1 14 109
1174877063 2 75075 R 15.0 18 4 89 111
1183687831 1 75676 R 7.0 20 2 42 111
1183699505 2 75639 R 9.0 20 2 42 112
1188086095 2 75920 R 21.0 18 6 135 113
1188105069 1 75959 R 4.0 20 1 19 112
1192440829 2 76199 R 18.0 19 5 109 114
1192491571 1 76239 R 16.0 19 5 113 113
1196845894 1 76518 R 13.0 19 4 83 114
1196889317 2 76483 R 12.0 20 3 350 115
1196933909 3 76504 R 14.0 19 4 88 110
1201273701 3 76782 R 11.0 19 3 344 111
1201294779 1 76803 R 19.0 19 6 134 115
1201305921 2 76766 R 6.0 21 1 17 116
1205706362 3 77065 R 20.0 18 6 415 112
1210107674 3 77347 R 8.0 20 2 329 113
1210117220 1 77367 R 10.0 19 3 66 116
1214478258 3 77627 R 17.0 19 5 392 114
1232158365 3 78758 R 5.0 20 1 19 115
1236479825 1 79055 R 7.0 21 2 37 117
1236480460 2 79017 R 21.0 19 6 132 117
1240928257 1 79339 R 4.0 21 1 17 118
1240928872 2 79302 R 15.0 19 4 372 118
1249751583 1 79904 R 19.0 20 6 134 119
1249751823 2 79867 R 18.0 20 5 111 119
1249794324 3 79887 R 14.0 20 4 91 116
1254137418 2 80147 R 9.0 21 2 321 120
1254137559 1 80185 R 16.0 20 5 392 120
1254149459 3 80166 R 11.0 20 3 343 117
1258597966 3 80450 R 20.0 19 6 135 118
1258617338 2 80434 R 12.0 21 3 348 121
1258617359 1 80471 R 13.0 20 4 371 121
1262940186 2 80711 R 6.0 22 1 15 122
1263015123 3 80733 R 17.0 20 5 114 119
1267345888 1 81030 R 10.0 20 3 61 122
1271805986 3 81296 R 8.0 21 2 42 120
1284979570 1 82159 R 7.0 22 2 39 123
1285036883 2 82125 R 21.0 20 6 136 123
1293745685 3 82700 R 5.0 21 1 16 121
1293771047 1 82721 R 4.0 22 1 15 124
1298249417 2 82970 R 18.0 21 5 114 124
1298251388 1 83008 R 19.0 21 6 137 125
1302619848 2 83250 R 15.0 20 4 366 125
1306980449 1 83567 R 16.0 21 5 106 126
1307021129 3 83549 R 14.0 21 4 90 122
1311396971 2 83812 R 9.0 22 2 38 126
1311454414 3 83833 R 11.0 21 3 350 123
1315797119 2 84093 R 6.0 23 1 300 127
1315802798 1 84131 R 13.0 21 4 87 127
1320198547 2 84375 R 12.0 22 3 63 128
1320261460 3 84397 R 20.0 20 6 136 124
1324631669 3 84676 R 8.0 22 2 320 125
1329095982 3 84962 R 17.0 21 5 394 126
1333405272 1 85258 R 10.0 21 3 60 128
1337884914 1 85545 R 7.0 23 2 42 129
1337910798 2 85509 R 21.0 21 6 138 129
1346614436 1 86103 R 19.0 22 6 128 130
1351031093 1 86386 R 4.0 23 1 14 131
1351074061 3 86369 R 5.0 22 1 18 127
1359871980 2 86914 R 18.0 22 5 113 130
1364228277 1 87230 R 13.0 22 4 83 132
1364240121 3 87211 R 11.0 22 3 59 128
1364304843 2 87198 R 15.0 21 4 369 131
1368705810 2 87480 R 9.0 23 2 40 132
1368708433 1 87517 R 16.0 22 5 116 133
1373094545 3 87778 R 20.0 21 6 133 129
1373156550 2 87764 R 12.0 23 3 68 133
1377511485 3 88061 R 8.0 23 2 318 130
1377540727 2 88045 R 6.0 24 1 304 134
1381897886 3 88342 R 14.0 22 4 650 131
1386377510 3 88628 R 17.0 22 5 960 132
1390778570 1 88930 R 10.0 22 3 74 134
1395065461 2 89167 R 21.0 22 6 130 135
1395071224 1 89204 R 19.0 23 6 132 135
1399582052 1 89493 R 7.0 24 2 331 136
1408363365 3 90035 R 5.0 23 1 25 133
1412772902 1 90337 R 13.0 23 4 90 137
1417196245 1 90620 R 4.0 24 1 304 138
1417213457 2 90584 R 9.0 24 2 53 136
1421584380 2 90864 R 18.0 23 5 111 137
1425923697 2 91142 R 15.0 22 4 372 138
1426013070 3 91165 R 11.0 23 3 70 134
1426019228 1 91185 R 16.0 23 5 113 139
1430414449 3 91447 R 8.0 24 2 42 135
1434785469 3 91726 R 20.0 22 6 135 136
1434810315 2 91710 R 12.0 24 3 65 139
1439124498 3 92004 R 14.0 23 4 369 137
1439163263 2 91989 R 6.0 25 1 292 140
1443557357 3 92288 R 17.0 23 5 674 138
1443621283 1 92312 R 10.0 23 3 65 140
1452382010 1 92872 R 19.0 24 6 133 141
1456830206 1 93157 R 7.0 25 2 323 142
1461236194 2 93402 R 21.0 23 6 136 141
1465644859 3 93701 R 5.0 24 1 27 139
1470058190 1 94004 R 4.0 25 1 19 143
1470058822 2 93966 R 18.0 24 5 113 142
1474374094 3 94260 R 11.0 24 3 61 140
1474444280 1 94284 R 13.0 24 4 88 144
1474444735 2 94247 R 15.0 23 4 367 143
1478798953 2 94526 R 9.0 25 2 38 144
1483197253 3 94825 R 17.0 24 5 107 141
1483204942 1 94845 R 16.0 24 5 107 145
1483288555 2 94813 R 12.0 25 3 66 145
1487664974 2 95093 R 6.0 26 1 300 146
1491988158 3 95387 R 8.0 25 2 37 142
1496468517 3 95674 R 20.0 23 6 135 143
1500869771 1 95976 R 10.0 24 3 65 146
1500916997 3 95959 R 14.0 24 4 376 144
1509692866 1 96540 R 19.0 25 6 136 147
1514078203 1 96821 R 7.0 26 2 40 148
1518433580 2 97062 R 18.0 25 5 107 147
1522881986 2 97347 R 21.0 24 6 132 148
1527351809 3 97651 R 11.0 25 3 66 145
1531649502 1 97945 R 4.0 26 1 14 149
1531704532 2 97912 R 15.0 24 4 87 149
1531722257 3 97930 R 5.0 25 1 310 146
1536098159 1 98230 R 13.0 25 4 87 150
1536145502 3 98213 R 17.0 25 5 395 147
1540495689 2 98474 R 9.0 26 2 39 150
1540515864 1 98513 R 16.0 25 5 110 151
1544975346 2 98761 R 6.0 27 1 20 151
1549299183 2 99038 R 12.0 26 3 61 152
1553778877 3 99342 R 14.0 25 4 96 148
1558165048 3 99623 R 8.0 26 2 325 149
1562520047 3 99901 R 20.0 24 6 414 150
1562523382 1 99921 R 10.0 25 3 68 152
1567004071 1 100208 R 19.0 26 6 136 153
1571327260 1 100485 R 7.0 27 2 321 154
1575725301 2 100729 R 21.0 25 6 132 153
1575758234 3 100749 R 11.0 26 3 63 151
1580196965 3 101033 R 5.0 26 1 304 152
1580205116 2 101016 R 18.0 26 5 113 154
1584555359 1 101331 R 13.0 26 4 87 155
1593317662 2 101855 R 15.0 25 4 84 155
1593346572 1 101894 R 4.0 27 1 14 156
1593394204 3 101877 R 17.0 26 5 111 153
1597756455 2 102139 R 6.0 28 1 299 156
1602142196 2 102420 R 9.0 27 2 38 157
1602232445 1 102463 R 16.0 26 5 113 157
1606559327 3 102720 R 8.0 27 2 38 154
1611008641 3 103005 R 20.0 25 6 134 155
1615366630 1 103303 R 10.0 26 3 62 158
1615425323 3 103287 R 14.0 26 4 88 156
1615433089 2 103270 R 12.0 27 3 70 158
1619784213 1 103586 R 19.0 27 6 131 159
1624162550 2 103829 R 21.0 26 6 130 159
1628569759 3 104129 R 11.0 27 3 60 157
1632977404 3 104411 R 5.0 27 1 303 158
1632980592 1 104431 R 7.0 28 2 37 160
1641852842 2 104961 R 18.0 27 5 110 160
1641866087 1 104999 R 13.0 27 4 89 161
1646182054 2 105238 R 6.0 29 1 298 161
1646189395 1 105276 R 4.0 28 1 13 162
1655026518 3 105822 R 17.0 27 5 115 159
1655067038 2 105807 R 15.0 26 4 88 162
1659418358 1 106123 R 16.0 27 5 108 163
1659515793 2 106091 R 9.0 28 2 330 163
1663864561 3 106387 R 14.0 27 4 86 160
1668265945 3 106669 R 8.0 28 2 40 161
1672636874 3 106949 R 20.0 26 6 130 162
1677020434 1 107249 R 10.0 27 3 60 164
1677024318 2 107212 R 12.0 28 3 62 164
1677100420 3 107234 R 5.0 28 1 18 163
1685906038 1 107818 R 19.0 28 6 135 165
1685941234 2 107783 R 21.0 27 6 137 165
1690344541 3 108082 R 11.0 28 3 67 164
1694701566 2 108343 R 18.0 28 5 112 166
1694759470 1 108384 R 7.0 29 2 44 166
1699149342 2 108628 R 6.0 30 1 19 167
1703457388 1 108941 R 13.0 28 4 83 167
1703566795 2 108911 R 15.0 27 4 91 168
1707968141 1 109230 R 4.0 29 1 20 168
1712323706 1 109509 R 16.0 28 5 111 169
1712368618 3 109492 R 17.0 28 5 112 165
1716763630 2 109755 R 9.0 29 2 42 169
1721144482 3 110053 R 20.0 27 6 136 166
1725483559 3 110331 R 14.0 28 4 373 167
1729902517 3 110614 R 8.0 29 2 323 168
1734317880 3 110896 R 5.0 29 1 301 169
1734335110 2 110880 R 12.0 29 3 61 170
1738810900 1 111204 R 10.0 28 3 65 170
1738813059 3 111184 R 11.0 29 3 67 170
1743197431 1 111484 R 19.0 29 6 136 171
1751956983 1 112045 R 7.0 30 2 39 172
1752000633 2 112010 R 21.0 28 6 134 171
1756405402 1 112330 R 4.0 30 1 18 173
1756412065 2 112293 R 18.0 29 5 114 172
1760813412 2 112574 R 6.0 31 1 302 173
1765158717 2 112853 R 15.0 28 4 366 174
1765207502 3 112873 R 17.0 29 5 119 171
1765228505 1 112894 R 13.0 29 4 92 174
1769608627 3 113155 R 14.0 29 4 87 172
1774020426 1 113457 R 16.0 29 5 110 175
1778384924 3 113717 R 20.0 28 6 132 173
1778417482 2 113701 R 9.0 30 2 41 175
1782848805 3 114002 R 8.0 30 2 329 174
1787156331 3 114278 R 5.0 30 1 13 175
1796051426 2 114830 R 12.0 30 3 65 176
1796088618 3 114850 R 11.0 30 3 67 176
1800445616 1 115148 R 19.0 30 6 135 176
1804862412 1 115431 R 10.0 29 3 64 177
1809196120 2 115671 R 21.0 29 6 128 177
1809248596 1 115712 R 7.0 31 2 316 178
1813676019 3 115975 R 17.0 30 5 113 177
1813691264 2 115959 R 6.0 32 1 306 178
1818008498 1 116272 R 4.0 31 1 14 179
1818014637 3 116253 R 14.0 30 4 84 178
1818030606 2 116236 R 15.0 29 4 368 179
1822457557 1 116557 R 16.0 30 5 113 180
1822469392 2 116520 R 18.0 30 5 392 180
1826854659 2 116801 R 9.0 31 2 39 181
1831258501 3 117101 R 8.0 31 2 38 179
1831279892 1 117122 R 13.0 30 4 88 181
1840066078 3 117664 R 20.0 29 6 131 180
1844516179 3 117949 R 11.0 31 3 65 181
1848900332 3 118230 R 5.0 31 1 305 182
1848956698 2 118216 R 12.0 31 3 67 182
1862173684 1 119099 R 19.0 31 6 137 182
1866496880 1 119376 R 7.0 32 2 322 183
1866497228 2 119338 R 21.0 30 6 132 183
1870970575 1 119662 R 10.0 30 3 67 184
1870971230 2 119625 R 15.0 30 4 377 184
1875300152 2 119902 R 6.0 33 1 296 185
1875300182 1 119939 R 4.0 32 1 297 185
1875357099 3 119923 R 17.0 31 5 111 183
1879727223 3 120203 R 14.0 31 4 87 184
1879780182 2 120188 R 18.0 31 5 113 186
1884103369 2 120465 R 9.0 32 2 324 187
1884185576 1 120508 R 16.0 31 5 121 186
1888509140 1 120784 R 13.0 31 4 365 187
1888597164 3 120770 R 20.0 30 6 137 185
1892904719 3 121046 R 8.0 32 2 327 186
1901713606 3 121610 R 11.0 32 3 59 187
1906207288 3 121897 R 5.0 32 1 304 188
1910528555 2 122156 R 12.0 32 3 60 188
1915008208 2 122443 R 15.0 31 4 89 189
1923737748 2 123002 R 21.0 31 6 130 190
1923745581 1 123040 R 19.0 32 6 132 188
1928211500 2 123288 R 18.0 32 5 111 191
1928225035 1 123326 R 7.0 33 2 331 189
1932540625 2 123565 R 6.0 34 1 299 192
1932589410 1 123606 R 10.0 31 3 62 190
1932601671 3 123587 R 17.0 32 5 111 189
1936965633 1 123886 R 4.0 33 1 292 191
1941425466 2 124134 R 9.0 33 2 41 193
1945757429 1 124448 R 16.0 32 5 114 192
1945813785 3 124432 R 14.0 32 4 87 190
1950202072 3 124713 R 20.0 31 6 132 191
1950237164 1 124735 R 13.0 32 4 371 193
1954619076 3 124996 R 5.0 33 1 298 192
1959081308 3 125281 R 8.0 33 2 325 193
1963482660 3 125563 R 11.0 33 3 67 194
1967788483 2 125821 R 12.0 33 3 59 194
1972307846 1 126148 R 19.0 33 6 137 194
1976714795 2 126392 R 15.0 32 4 92 195
1981004845 1 126704 R 7.0 34 2 36 195
1981059998 2 126670 R 6.0 35 1 304 196
1985508628 2 126955 R 21.0 32 6 135 197
1989814689 3 127248 R 17.0 33 5 109 195
1989921278 1 127275 R 4.0 34 1 20 196
1989925863 2 127238 R 18.0 33 5 113 198
1994247068 3 127532 R 14.0 33 4 83 196
1994276843 1 127554 R 16.0 33 5 121 197
1994311220 2 127518 R 9.0 34 2 43 199
1998724860 1 127838 R 13.0 33 4 89 198
2003054783 3 128096 R 20.0 32 6 131 197
2003142421 1 128121 R 10.0 32 3 351 199
2007549470 3 128383 R 5.0 34 1 20 198
2016288232 2 128925 R 12.0 34 3 62 200
2016294170 3 128943 R 11.0 34 3 62 199
2020727406 3 129227 R 8.0 34 2 326 200
2029547604 2 129773 R 6.0 36 1 18 201
2033910806 1 130090 R 19.0 34 6 133 200
2038337524 1 130373 R 7.0 35 2 328 201
2038371002 2 130338 R 18.0 34 5 112 202
2042756910 2 130619 R 21.0 33 6 134 203
2042776367 1 130658 R 4.0 35 1 303 202
2047111607 2 130898 R 9.0 35 2 329 204
2047121493 3 130916 R 17.0 34 5 108 201
2047162454 1 130938 R 16.0 34 5 110 203
2051516825 1 131217 R 10.0 33 3 61 204
2051560216 2 131182 R 15.0 33 4 660 205
2051585799 3 131202 R 20.0 33 6 135 202
2055892827 3 131477 R 5.0 35 1 13 203
2060370838 1 131784 R 13.0 34 4 88 205
2060419723 3 131767 R 14.0 34 4 91 204
2078006655 3 132892 R 11.0 35 3 66 205
2082345537 3 133170 R 8.0 35 2 37 206
2082390606 2 133155 R 12.0 35 3 63 206
2082409865 1 133194 R 7.0 36 2 42 206
2086745760 2 133434 R 18.0 35 5 114 207
2086795782 1 133475 R 4.0 36 1 17 207
2091151290 1 133754 R 19.0 35 6 132 208
2091193530 2 133719 R 6.0 37 1 16 208
2095599644 1 134038 R 16.0 35 5 109 209
2095611593 2 134002 R 21.0 34 6 135 209
2099995526 3 134300 R 20.0 34 6 133 207
2100016591 1 134321 R 10.0 34 3 64 210
2104397202 3 134581 R 17.0 35 5 107 208
2104402566 2 134564 R 15.0 34 4 87 210
2108882420 2 134851 R 9.0 36 2 330 211
2121983406 3 135707 R 5.0 36 1 13 209
2122024590 1 135729 R 13.0 35 4 87 211
2126447750 3 135993 R 14.0 35 4 92 210
2135245516 2 136538 R 18.0 36 5 112 212
2139631544 2 136819 R 12.0 36 3 347 213
2139691651 3 136840 R 11.0 36 3 66 211
2139720589 1 136862 R 7.0 37 2 44 212
2144093517 3 137122 R 8.0 36 2 331 212
2148490905 1 137423 R 10.0 35 3 65 213
2148516761 2 137387 R 21.0 35 6 136 214
2152839605 2 137664 R 6.0 38 1 15 215
2152923888 1 137707 R 4.0 37 1 310 214
2157325727 1 137989 R 16.0 36 5 395 215
2161680757 3 138248 R 20.0 35 6 132 213
2161733187 1 138271 R 19.0 36 6 417 216
2166068148 2 138511 R 15.0 35 4 85 216
2166144774 3 138533 R 17.0 36 5 393 214
2170453867 2 138791 R 9.0 37 2 38 217
2183656975 1 139674 R 13.0 36 4 83 217
2183668470 3 139655 R 5.0 37 1 13 215
2188070573 3 139937 R 14.0 36 4 91 216
2188150306 2 139924 R 12.0 37 3 66 218
2196879715 2 140483 R 21.0 36 6 130 219
2196900657 1 140522 R 7.0 38 2 38 218
2196971262 3 140506 R 11.0 37 3 65 217
2201297041 2 140765 R 18.0 37 5 394 220
2201310140 3 140784 R 8.0 37 2 38 218
2205708416 1 141085 R 16.0 37 5 107 219
2210087896 2 141328 R 6.0 39 1 12 221
2210149273 3 141350 R 20.0 36 6 135 219
2210203362 1 141373 R 10.0 36 3 66 220
2214542315 1 141651 R 4.0 38 1 16 221
2218956300 3 141913 R 17.0 37 5 110 220
2218975691 1 141934 R 19.0 37 6 135 222
2223378815 2 142179 R 15.0 36 4 95 222
2232232669 2 142745 R 9.0 38 2 43 223
2236542725 3 143039 R 14.0 37 4 84 221
2240998901 1 143344 R 13.0 37 4 92 223
2241006688 3 143324 R 5.0 38 1 18 222
2245336506 2 143584 R 18.0 38 5 107 224
2249847078 2 143873 R 12.0 38 3 66 225
2258586241 1 144469 R 16.0 38 5 108 224
2258607819 2 144433 R 21.0 37 6 135 226
2258656313 3 144454 R 11.0 38 3 65 223
2262958435 1 144749 R 7.0 39 2 327 225
2263058039 3 144736 R 8.0 38 2 330 224
2267428702 3 145015 R 20.0 37 6 134 225
2267461106 2 145000 R 6.0 40 1 19 227
2267469417 1 145038 R 4.0 39 1 298 226
2271824379 1 145317 R 19.0 38 6 416 227
2276255290 1 145600 R 10.0 37 3 347 228
2284984369 3 146139 R 17.0 38 5 107 226
2285026841 2 146124 R 15.0 37 4 86 228
2289404895 1 146442 R 13.0 38 4 86 229
2289417155 3 146423 R 14.0 38 4 374 227
2293833795 2 146688 R 9.0 39 2 39 229
2307015782 2 147531 R 18.0 39 5 107 230
2307034697 3 147550 R 5.0 39 1 14 228
2307054214 1 147571 R 7.0 40 2 38 230
2311456406 1 147853 R 16.0 39 5 110 231
2311479459 2 147817 R 12.0 39 3 64 231
2315828443 3 148113 R 11.0 39 3 59 229
2315912802 2 148101 R 21.0 38 6 134 232
2320231807 1 148415 R 10.0 38 3 60 232
2320245795 3 148396 R 8.0 39 2 320 230
2324729723 1 148703 R 19.0 39 6 136 233
2329037594 3 148958 R 20.0 38 6 130 231
2329124764 2 148946 R 6.0 41 1 18 233
2329129032 1 148984 R 4.0 40 1 301 234
2333517329 3 149245 R 17.0 39 5 112 232
2342323737 2 149791 R 9.0 40 2 42 234
2346741127 2 150074 R 15.0 38 4 88 235
2346776364 3 150094 R 14.0 39 4 89 233
2355522891 1 150673 R 13.0 39 4 87 235
2364279292 3 151214 R 11.0 40 3 60 234
2368749644 2 151482 R 18.0 40 5 110 236
2368797866 1 151523 R 7.0 41 2 43 236
2368806099 3 151504 R 5.0 40 1 302 235
2373104411 2 151761 R 12.0 40 3 349 237
2373106244 1 151799 R 16.0 40 5 108 237
2373151067 3 151782 R 8.0 40 2 609 236
2377509876 1 152080 R 10.0 39 3 339 238
2377552937 2 152046 R 21.0 39 6 415 238
2377599851 3 152066 R 20.0 39 6 135 237
2381958140 1 152365 R 4.0 41 1 300 239
2381969488 2 152328 R 6.0 42 1 17 239
2386342322 1 152646 R 19.0 40 6 415 240
2386422608 3 152631 R 17.0 40 5 115 238
2390760998 2 152891 R 9.0 41 2 39 240
