64686591 1 4060 R 4.0 1 1 18 1
69041274 3 4319 R 5.0 1 1 18 1
69051019 2 4302 R 6.0 1 1 19 1
73479992 1 4623 R 4.0 2 1 17 2
77936347 2 4870 R 6.0 2 1 21 2
86630388 3 5445 R 8.0 1 2 42 2
91030217 3 5726 R 5.0 2 1 293 3
91045547 1 5747 R 7.0 1 2 36 3
95488156 2 5994 R 9.0 1 2 40 3
95500244 1 6032 R 4.0 3 1 293 4
95556638 3 6016 R 11.0 1 3 67 4
99854734 1 6311 R 10.0 1 3 61 5
99927383 3 6296 R 8.0 2 2 325 5
99950605 2 6279 R 6.0 3 1 305 4
104303116 1 6595 R 4.0 4 1 16 6
104352022 2 6561 R 12.0 1 3 70 5
104361585 3 6579 R 8.0 3 2 43 6
108699158 3 6857 R 5.0 3 1 296 7
113125742 1 7160 R 7.0 2 2 40 7
113128027 2 7123 R 12.0 2 3 63 6
117500116 2 7403 R 9.0 2 2 39 7
117511954 1 7441 R 13.0 1 4 85 8
121886469 2 7683 R 6.0 4 1 305 8
121892081 1 7721 R 10.0 2 3 61 9
121913567 3 7703 R 14.0 1 4 91 8
126301903 2 7966 R 12.0 3 3 342 9
126356850 1 8007 R 4.0 5 1 299 10
126362327 3 7987 R 5.0 4 1 302 9
130713602 1 8286 R 7.0 3 2 320 11
130780122 3 8270 R 11.0 2 3 627 10
130797871 2 8254 R 18.0 1 5 115 10
135136862 2 8531 R 15.0 1 4 375 11
135166108 3 8551 R 17.0 1 5 393 11
135193471 1 8572 R 10.0 3 3 349 12
139493246 2 8810 R 9.0 3 2 321 12
139495283 1 8848 R 4.0 6 1 581 13
139546007 3 8831 R 8.0 4 2 608 12
143928368 1 9131 R 13.0 2 4 648 14
143973112 2 9097 R 6.0 5 1 302 13
144010346 3 9117 R 11.0 3 3 348 13
148329761 1 9413 R 7.0 4 2 884 15
148366815 3 9396 R 5.0 5 1 583 14
148421777 2 9381 R 15.0 2 4 654 14
152708077 2 9656 R 12.0 4 3 623 15
152717755 1 9694 R 4.0 7 1 859 16
152721617 3 9674 R 8.0 5 2 888 15
157135225 1 9977 R 16.0 1 5 953 17
157170260 3 9959 R 17.0 2 5 955 16
157234880 2 9946 R 18.0 2 5 397 16
161522015 1 10257 R 10.0 4 3 1193 18
161587672 3 10242 R 5.0 6 1 864 17
161605319 2 10225 R 6.0 6 1 580 17
165944345 2 10503 R 9.0 4 2 882 18
165984145 3 10523 R 14.0 2 4 1493 18
166001289 1 10544 R 19.0 1 6 979 19
170354203 3 10803 R 8.0 6 2 1165 19
170377430 2 10787 R 21.0 1 6 978 19
170428554 1 10827 R 4.0 8 1 1151 20
174736573 1 11103 R 13.0 3 4 1493 21
174781073 2 11068 R 15.0 3 4 649 20
174818617 3 11088 R 20.0 1 6 1260 20
179229566 2 11353 R 12.0 5 3 909 21
179251480 3 11372 R 14.0 3 4 1502 21
179262959 1 11393 R 7.0 5 2 1172 22
183633613 1 11672 R 16.0 2 5 1240 23
183646724 2 11636 R 21.0 2 6 700 22
183654743 3 11654 R 5.0 7 1 1153 22
187972658 1 11950 R 10.0 5 3 1475 24
187978233 3 11931 R 8.0 7 2 1729 23
188032609 2 11917 R 6.0 7 1 863 23
192387710 2 12195 R 9.0 5 2 1166 24
192389830 3 12213 R 11.0 4 3 2033 24
192405293 1 12234 R 4.0 9 1 1426 25
196791444 3 12495 R 17.0 3 5 2362 25
196809083 1 12516 R 13.0 4 4 1497 26
196877480 2 12483 R 15.0 4 4 1502 25
201185227 2 12758 R 12.0 6 3 1469 26
201257567 1 12800 R 19.0 2 6 1545 27
201286892 3 12782 R 20.0 2 6 2391 26
205586827 2 13040 R 18.0 3 5 1798 27
205625724 3 13060 R 5.0 8 1 1431 27
205674628 1 13083 R 7.0 6 2 1452 28
209982603 3 13339 R 17.0 4 5 2644 28
210060786 1 13364 R 13.0 5 4 1498 29
210082193 2 13328 R 21.0 3 6 1546 28
214421152 2 13605 R 6.0 8 1 1148 29
214440984 1 13644 R 10.0 6 3 1754 30
214462337 3 13626 R 11.0 5 3 2601 29
218840276 2 13888 R 9.0 6 2 1731 30
218905033 1 13930 R 19.0 3 6 1830 31
218910607 3 13910 R 5.0 9 1 1721 30
223202911 3 14185 R 8.0 8 2 2577 31
223213144 1 14206 R 4.0 10 1 1704 32
223320229 2 14175 R 15.0 5 4 2064 31
227614572 1 14487 R 16.0 3 5 2368 33
227643719 2 14452 R 12.0 7 3 2322 32
227723898 3 14474 R 14.0 4 4 3474 32
232060798 2 14734 R 9.0 7 2 2016 33
232094192 3 14754 R 17.0 5 5 3214 33
232109699 1 14775 R 7.0 7 2 2022 34
236433294 3 15032 R 20.0 3 6 3233 34
236482176 1 15055 R 16.0 4 5 2085 35
236519213 2 15020 R 18.0 4 5 2650 34
240868239 1 15335 R 13.0 6 4 2060 36
240889352 2 15299 R 6.0 9 1 1430 35
240915174 3 15319 R 5.0 10 1 1996 35
245228764 2 15577 R 21.0 4 6 2950 36
245248478 1 15616 R 4.0 11 1 1987 37
245269781 3 15597 R 14.0 5 4 3469 36
249647869 2 15860 R 18.0 5 5 2644 37
249712250 1 15901 R 7.0 8 2 2582 38
249718234 3 15882 R 11.0 6 3 3731 37
254127600 2 16147 R 15.0 6 4 2627 38
254129361 3 16164 R 8.0 9 2 3146 38
254145323 1 16185 R 10.0 7 3 2889 39
258451161 2 16423 R 12.0 8 3 2880 39
258531269 3 16446 R 14.0 6 4 3754 39
258546934 1 16467 R 19.0 4 6 2955 40
262872308 1 16744 R 16.0 5 5 2647 41
262901735 3 16726 R 5.0 11 1 2277 40
262925150 2 16710 R 6.0 10 1 1707 40
267289614 1 17026 R 10.0 8 3 2599 42
267326424 2 16991 R 9.0 8 2 2868 41
267365736 3 17011 R 17.0 6 5 4061 41
271685487 1 17308 R 4.0 12 1 2273 43
271696976 2 17271 R 21.0 5 6 3515 42
271722615 3 17290 R 8.0 10 2 3704 42
276077089 3 17569 R 11.0 7 3 4572 43
276161176 2 17557 R 21.0 6 6 3238 43
276180518 1 17595 R 7.0 9 2 3144 44
280469181 2 17832 R 6.0 11 1 1994 44
280490545 1 17871 R 19.0 5 6 3233 45
280525765 3 17854 R 5.0 12 1 2551 44
284876658 1 18152 R 4.0 13 1 2551 46
284935060 2 18118 R 18.0 6 5 3783 45
284942890 3 18136 R 20.0 4 6 4926 45
289328992 3 18417 R 8.0 11 2 4275 46
289356204 1 18439 R 13.0 7 4 3753 47
289383465 2 18403 R 18.0 7 5 3496 46
293708999 3 18697 R 14.0 7 4 5158 47
293783204 1 18722 R 10.0 9 3 3729 48
293800706 2 18686 R 12.0 9 3 3730 47
298091072 1 18998 R 16.0 6 5 3771 49
298134140 2 18963 R 6.0 12 1 2276 48
298173118 3 18983 R 11.0 8 3 5425 48
302504314 2 19243 R 15.0 7 4 4316 49
302529909 3 19262 R 8.0 12 2 4550 49
302617742 1 19287 R 19.0 6 6 3522 50
306968279 2 19528 R 9.0 9 2 3701 50
306988229 1 19567 R 7.0 10 2 3708 51
307009465 3 19549 R 17.0 7 5 5468 50
311327148 1 19845 R 16.0 7 5 4054 52
311332995 3 19825 R 11.0 9 3 5418 51
311401345 2 19812 R 18.0 8 5 4343 51
315750264 3 20108 R 20.0 5 6 5489 52
315802902 2 20094 R 15.0 8 4 4607 52
315808846 1 20132 R 16.0 8 5 3776 53
320136183 3 20389 R 14.0 8 4 5723 53
320163988 1 20410 R 10.0 10 3 4011 54
320173656 2 20374 R 9.0 10 2 3985 53
324608263 2 20657 R 6.0 13 1 2557 54
324612128 1 20695 R 13.0 8 4 4318 55
324641351 3 20677 R 17.0 8 5 5471 54
328980823 3 20955 R 11.0 10 3 5418 55
328994545 2 20938 R 12.0 10 3 5136 55
329023477 1 20977 R 19.0 7 6 4365 56
333413710 3 21239 R 8.0 13 2 4842 56
333425311 1 21259 R 7.0 11 2 3991 57
333436767 2 21222 R 21.0 7 6 5493 56
337776060 2 21500 R 9.0 11 2 4551 57
337813057 1 21540 R 13.0 9 4 4317 58
337814956 3 21520 R 20.0 6 6 5772 57
342185243 3 21800 R 14.0 9 4 6005 58
342208785 2 21784 R 15.0 9 4 5726 58
342230285 1 21823 R 16.0 9 5 4060 59
346557971 3 22080 R 14.0 10 4 5724 59
346610475 2 22066 R 18.0 9 5 5749 59
346616653 1 22103 R 10.0 11 3 4293 60
350971370 1 22382 R 13.0 10 4 4598 61
350998427 2 22346 R 9.0 12 2 4835 60
351069043 3 22368 R 11.0 11 3 5985 60
355398139 1 22665 R 7.0 12 2 4268 62
355415450 2 22629 R 21.0 8 6 5771 61
355423361 3 22647 R 17.0 9 5 6031 61
359788054 3 22927 R 8.0 14 2 5114 62
359801977 2 22910 R 15.0 10 4 6011 62
359830878 1 22949 R 19.0 8 6 4927 63
364220726 3 23210 R 20.0 7 6 6054 63
364232835 1 23231 R 10.0 12 3 4574 64
364244329 2 23194 R 9.0 13 2 5120 63
368583713 2 23472 R 12.0 11 3 6266 64
368603274 1 23510 R 16.0 10 5 4619 65
368622677 3 23492 R 11.0 12 3 5701 64
372993217 3 23772 R 17.0 10 5 5747 65
373016533 2 23755 R 18.0 10 5 6030 65
377423996 1 24075 R 13.0 11 4 5162 66
377457144 3 24057 R 14.0 11 4 6012 66
377482101 2 24041 R 21.0 9 6 6057 66
381806009 2 24318 R 12.0 12 3 6267 67
381875920 3 24340 R 20.0 8 6 5774 67
381903508 1 24362 R 7.0 13 2 4837 67
386223236 2 24601 R 15.0 11 4 6575 68
386226810 1 24638 R 19.0 9 6 5207 68
386231076 3 24619 R 11.0 13 3 5986 68
390609296 2 24881 R 18.0 11 5 6591 69
390638601 1 24921 R 10.0 13 3 5136 69
390679824 3 24904 R 17.0 11 5 6313 69
395040281 1 25202 R 16.0 11 5 5183 70
395051975 2 25166 R 12.0 13 3 6553 70
395096881 3 25186 R 14.0 12 4 6291 70
399430242 3 25464 R 17.0 12 5 6310 71
399516046 2 25451 R 21.0 10 6 6903 71
403823973 2 25727 R 15.0 12 4 7138 72
403874454 1 25768 R 7.0 14 2 5397 71
403925414 3 25751 R 14.0 13 4 6292 72
408264516 3 26029 R 11.0 14 3 6263 73
408307669 1 26052 R 19.0 10 6 5772 72
408350429 2 26017 R 15.0 13 4 6857 73
412696967 3 26313 R 20.0 9 6 6618 74
412711115 1 26333 R 10.0 14 3 5988 73
412720994 2 26297 R 21.0 11 6 6338 74
417059977 2 26574 R 15.0 14 4 6571 75
417099036 3 26594 R 20.0 10 6 6337 75
421469349 3 26874 R 14.0 14 4 6565 76
421541599 2 26861 R 12.0 14 3 6550 76
425896461 2 27140 R 18.0 12 5 7161 77
425904168 3 27158 R 17.0 13 5 6881 77
430290152 3 27439 R 20.0 11 6 6616 78
430342945 1 27462 R 13.0 12 4 6854 74
430344905 2 27424 R 18.0 13 5 6315 78
434682127 1 27740 R 16.0 12 5 6592 75
434762089 2 27707 R 12.0 15 3 6555 79
434769967 3 27725 R 11.0 15 3 6553 79
439071884 3 28001 R 17.0 14 5 6872 80
439114762 1 28023 R 7.0 15 2 6529 76
439158001 2 27989 R 15.0 15 4 6859 80
443504749 3 28284 R 14.0 15 4 6853 81
443528190 2 28268 R 21.0 12 6 6620 81
447906436 3 28566 R 17.0 15 5 6593 82
447992283 2 28554 R 18.0 14 5 6879 82
452300135 2 28830 R 15.0 16 4 6287 83
452401719 3 28854 R 20.0 12 6 6622 83
456701777 2 29111 R 12.0 16 3 6555 84
456740905 3 29131 R 11.0 16 3 6826 84
456770267 1 29153 R 19.0 11 6 7747 77
461124941 1 29432 R 16.0 13 5 7439 78
461152272 2 29396 R 21.0 13 6 6619 85
461173779 3 29415 R 14.0 16 4 7143 85
465569427 2 29679 R 18.0 15 5 6880 86
465573540 1 29717 R 10.0 15 3 7683 79
465577260 3 29697 R 17.0 16 5 7162 86
469922361 1 29995 R 13.0 13 4 7980 80
469955537 2 29960 R 18.0 16 5 6595 87
470025751 3 29982 R 11.0 17 3 7118 87
474312125 3 30256 R 20.0 13 6 6897 88
474323971 1 30277 R 19.0 12 6 7743 81
474335539 2 30240 R 15.0 17 4 6569 88
478799781 2 30526 R 12.0 17 3 6550 89
478838740 3 30546 R 14.0 17 4 7143 89
483158371 1 30842 R 16.0 14 5 7721 82
483209169 3 30825 R 17.0 17 5 6879 90
483232509 2 30809 R 21.0 14 6 6621 90
487591243 1 31126 R 10.0 16 3 7960 83
487634128 2 31091 R 15.0 18 4 6862 91
487643997 3 31109 R 14.0 18 4 7139 91
491992850 1 31407 R 19.0 13 6 7747 84
492004488 2 31371 R 18.0 17 5 6877 92
492029898 3 31390 R 11.0 18 3 7123 92
496377005 2 31651 R 18.0 18 5 6593 93
496380849 1 31688 R 13.0 14 4 7982 85
496384645 3 31669 R 20.0 14 6 7181 93
500762871 2 31931 R 15.0 19 4 6852 94
500798093 1 31971 R 16.0 15 5 7720 86
500811649 3 31952 R 14.0 19 4 7424 94
505242514 2 32218 R 21.0 15 6 6620 95
505244497 3 32236 R 11.0 19 3 7392 95
509566005 2 32495 R 12.0 18 3 6826 96
509626640 1 32536 R 10.0 17 3 7957 87
509646186 3 32517 R 20.0 15 6 7467 96
513965744 1 32814 R 19.0 14 6 7744 88
514016493 3 32797 R 14.0 20 4 7703 97
514039888 2 32781 R 18.0 19 5 6878 97
518385010 1 33096 R 13.0 15 4 7984 89
518441499 2 33063 R 21.0 16 6 6901 98
518451276 3 33081 R 17.0 18 5 8012 98
522837275 3 33362 R 11.0 20 3 7676 99
522892138 2 33348 R 15.0 20 4 7136 99
527184654 2 33622 R 12.0 19 3 6544 100
527192481 3 33640 R 17.0 19 5 7719 100
531640981 3 33925 R 14.0 21 4 7700 101
531695572 2 33911 R 21.0 17 6 6622 101
535991454 1 34223 R 16.0 16 5 8566 90
536050312 2 34190 R 18.0 20 5 6876 102
536058144 3 34208 R 20.0 16 6 7746 102
540434013 1 34508 R 10.0 18 3 8805 91
540453970 3 34489 R 17.0 20 5 7722 103
540498875 2 34474 R 15.0 21 4 6861 103
544824260 3 34769 R 20.0 17 6 7743 104
544847671 2 34753 R 12.0 20 3 6834 104
544898197 1 34793 R 16.0 17 5 8571 92
549206019 1 35069 R 19.0 15 6 8588 93
549249350 2 35034 R 18.0 21 5 6877 105
549288450 3 35054 R 14.0 22 4 7986 105
553619722 2 35314 R 21.0 18 6 6896 106
553721309 3 35338 R 20.0 18 6 7748 106
553732600 1 35359 R 13.0 16 4 8835 94
558083879 2 35600 R 18.0 22 5 6878 107
558103027 1 35638 R 10.0 19 3 8808 95
558124786 3 35620 R 17.0 21 5 8009 107
562442138 1 35916 R 16.0 18 5 8847 96
562448283 3 35897 R 14.0 23 4 7981 108
562503069 2 35883 R 15.0 22 4 7144 108
566857761 2 36161 R 12.0 21 3 7110 109
566865591 3 36179 R 20.0 19 6 7461 109
566923755 1 36203 R 13.0 17 4 8828 97
571261277 3 36461 R 11.0 21 3 7677 110
571306210 2 36446 R 21.0 19 6 6903 110
575723411 2 36729 R 18.0 23 5 6879 111
575756707 3 36748 R 17.0 22 5 7726 111
580056740 2 37006 R 15.0 23 4 7139 112
580095828 3 37026 R 14.0 24 4 7983 112
584528605 3 37310 R 17.0 23 5 7724 113
584552023 2 37294 R 15.0 24 4 6856 113
588891215 2 37571 R 18.0 24 5 6875 114
588910821 1 37610 R 10.0 20 3 10213 98
588930415 3 37592 R 11.0 22 3 7677 114
593300660 3 37871 R 20.0 20 6 7745 115
593324077 2 37855 R 12.0 22 3 7116 115
593374855 1 37896 R 19.0 16 6 10287 99
597672902 3 38151 R 14.0 25 4 7973 116
597725618 2 38137 R 21.0 20 6 7182 116
597731960 1 38175 R 16.0 19 5 10544 100
602096162 2 38417 R 15.0 25 4 7415 117
602183866 3 38440 R 17.0 24 5 7726 117
606530784 2 38700 R 12.0 23 3 7399 118
606538701 3 38719 R 11.0 23 3 7676 118
610916850 2 38981 R 18.0 25 5 7155 119
610987178 3 39003 R 14.0 26 4 7702 119
615336229 3 39282 R 20.0 21 6 7746 120
615348169 1 39302 R 13.0 18 4 11083 101
615396628 2 39268 R 15.0 26 4 7427 120
619718537 1 39582 R 10.0 21 3 10776 102
619720071 2 39544 R 21.0 21 6 7463 121
619737666 3 39563 R 17.0 25 5 7721 121
624107954 3 39843 R 14.0 27 4 7979 122
624131492 2 39827 R 12.0 24 3 7393 122
624182711 1 39867 R 19.0 17 6 10850 103
628533178 2 40109 R 21.0 22 6 7179 123
628572049 3 40129 R 20.0 22 6 8027 123
632991327 3 40411 R 14.0 28 4 7419 124
633028418 2 40396 R 15.0 27 4 7419 124
637346064 3 40690 R 17.0 26 5 7439 125
637367451 2 40674 R 18.0 26 5 7720 125
641759852 1 40992 R 16.0 20 5 11950 104
641794465 3 40975 R 11.0 24 3 7673 126
641800314 2 40958 R 12.0 25 3 7402 126
646145841 1 41273 R 16.0 21 5 11668 105
646201998 2 41239 R 21.0 23 6 7182 127
646211888 3 41258 R 20.0 23 6 7746 127
650544968 3 41535 R 14.0 29 4 7980 128
650625514 1 41560 R 13.0 19 4 11933 106
650652439 2 41524 R 15.0 28 4 7425 128
654944595 2 41799 R 12.0 26 3 7397 129
655040503 3 41823 R 14.0 30 4 7701 129
659379431 3 42100 R 17.0 27 5 7723 130
659455777 2 42088 R 18.0 27 5 7727 130
663810458 2 42366 R 21.0 24 6 7745 131
663812294 3 42384 R 20.0 24 6 7745 131
668175001 2 42646 R 15.0 29 4 7696 132
668213900 3 42666 R 17.0 28 5 7723 132
668274925 1 42689 R 19.0 18 6 12544 107
672602103 3 42947 R 14.0 31 4 7698 133
672607821 2 42929 R 18.0 28 5 7441 133
677009357 2 43211 R 21.0 25 6 7463 134
677019161 3 43229 R 20.0 25 6 7463 134
681379725 2 43491 R 12.0 27 3 7678 135
681405082 3 43510 R 11.0 25 3 7678 135
685843914 2 43776 R 15.0 30 4 7978 136
685884812 3 43797 R 14.0 32 4 7988 136
690186807 3 44072 R 17.0 29 5 8287 137
690276758 2 44060 R 18.0 29 5 7725 137
694617764 2 44338 R 12.0 28 3 7673 138
694619664 3 44356 R 20.0 26 6 8025 138
694631861 1 44376 R 10.0 22 3 13879 108
699002220 1 44656 R 13.0 20 4 13898 109
699066249 2 44623 R 21.0 26 6 7466 139
699085932 3 44642 R 14.0 33 4 7419 139
703409245 3 44918 R 11.0 26 3 7675 140
703483473 2 44905 R 15.0 31 4 7705 140
707826456 3 45201 R 20.0 27 6 7744 141
707869543 2 45186 R 18.0 30 5 7721 141
712212434 3 45482 R 17.0 30 5 8009 142
712312138 2 45470 R 15.0 32 4 7420 142
716651285 2 45748 R 12.0 29 3 7391 143
716655067 3 45766 R 20.0 28 6 7744 143
721070399 2 46031 R 21.0 27 6 7464 144
721106051 1 46071 R 16.0 22 5 15057 110
721119191 3 46052 R 11.0 27 3 7677 144
725427049 3 46327 R 17.0 31 5 7437 145
725439298 1 46348 R 19.0 19 6 15074 111
725550253 2 46318 R 18.0 31 5 7726 145
729873650 2 46594 R 21.0 28 6 7463 146
729893180 3 46613 R 14.0 34 4 7705 146
729934658 1 46636 R 13.0 21 4 14749 112
734273732 1 46913 R 16.0 23 5 14771 113
734290869 2 46877 R 15.0 33 4 7415 147
734341582 3 46898 R 11.0 28 3 7681 147
738676855 2 47158 R 12.0 30 3 7674 148
738759013 3 47181 R 20.0 29 6 8031 148
743119542 2 47442 R 18.0 32 5 7724 149
743144895 3 47461 R 17.0 32 5 7443 149
747458698 2 47720 R 15.0 34 4 7694 150
747462450 3 47738 R 20.0 30 6 7461 150
747496254 1 47760 R 19.0 20 6 15357 114
751891508 2 48003 R 21.0 29 6 7744 151
751926621 3 48023 R 11.0 29 3 7686 151
756293130 2 48285 R 18.0 33 5 7157 152
756359501 3 48307 R 14.0 35 4 7986 152
760700475 3 48585 R 17.0 33 5 8002 153
760788417 2 48573 R 12.0 31 3 7403 153
765127722 2 48851 R 15.0 35 4 7703 154
765149152 3 48870 R 14.0 36 4 7984 154
769484213 2 49129 R 21.0 30 6 7460 155
769566286 3 49152 R 20.0 31 6 7747 155
773915550 1 49450 R 10.0 23 3 16983 115
773952190 3 49433 R 17.0 34 5 7725 156
773963974 2 49416 R 15.0 36 4 7419 156
778394898 3 49717 R 14.0 37 4 7986 157
778412561 2 49701 R 18.0 34 5 7445 157
782698895 2 49975 R 21.0 31 6 7461 158
782733999 3 49995 R 20.0 32 6 7745 158
787166797 3 50279 R 17.0 35 5 7722 159
787225426 2 50265 R 12.0 32 3 7682 159
791568475 3 50560 R 14.0 38 4 7699 160
791595991 2 50545 R 18.0 35 5 7160 160
795934901 2 50822 R 15.0 37 4 7421 161
795956424 3 50841 R 14.0 39 4 7415 161
800321326 1 51140 R 13.0 22 4 18128 116
800367770 2 51106 R 21.0 32 6 7463 162
800373582 3 51124 R 20.0 33 6 7465 162
804769358 2 51388 R 12.0 33 3 7391 163
804831891 3 51409 R 11.0 30 3 7682 163
804847922 1 51430 R 16.0 24 5 18160 117
809202174 3 51689 R 17.0 36 5 8008 164
809219882 2 51672 R 18.0 36 5 7161 164
813541301 3 51967 R 14.0 40 4 7980 165
813637117 2 51955 R 15.0 38 4 7422 165
817974156 3 52250 R 17.0 37 5 7722 166
818023028 2 52236 R 21.0 33 6 7466 166
822377885 2 52515 R 12.0 34 3 7396 167
822440301 3 52536 R 14.0 41 4 7987 167
826763698 3 52813 R 20.0 34 6 8026 168
826842305 1 52838 R 19.0 21 6 19306 118
826867262 2 52802 R 18.0 37 5 7162 168
831175255 2 53078 R 12.0 35 3 7395 169
831181131 3 53096 R 17.0 38 5 7437 169
831259617 1 53120 R 19.0 22 6 19026 119
835567070 3 53376 R 14.0 42 4 7702 170
835578770 2 53359 R 15.0 39 4 7704 170
840009626 3 53661 R 20.0 35 6 7742 171
840027259 2 53644 R 21.0 34 6 7464 171
844438633 2 53926 R 15.0 40 4 7136 172
844473728 3 53946 R 11.0 31 3 7682 172
848781677 3 54222 R 20.0 36 6 7460 173
848840251 2 54208 R 12.0 36 3 7392 173
853201197 1 54525 R 16.0 25 5 20408 120
853228108 2 54489 R 18.0 38 5 7439 174
853308213 3 54512 R 11.0 32 3 7678 174
857645350 2 54772 R 21.0 35 6 7182 175
857696326 3 54793 R 17.0 39 5 8002 175
862031407 2 55052 R 12.0 37 3 7394 176
862113390 3 55075 R 14.0 43 4 7985 176
866499368 3 55356 R 17.0 40 5 7724 177
866511132 2 55339 R 18.0 39 5 7163 177
870834682 2 55616 R 15.0 41 4 7417 178
870854112 3 55635 R 20.0 37 6 7746 178
875246014 2 55898 R 21.0 36 6 7464 179
875281192 3 55918 R 14.0 44 4 7700 179
879647547 2 56180 R 18.0 40 5 7438 180
879653833 1 56218 R 13.0 23 4 21799 121
879713967 3 56202 R 20.0 38 6 7749 180
884096504 1 56502 R 19.0 23 6 21844 122
884115644 3 56483 R 17.0 41 5 8009 181
884143101 2 56468 R 12.0 38 3 7396 181
888482094 2 56745 R 21.0 37 6 7464 182
888486016 3 56763 R 14.0 45 4 7698 182
892914875 2 57029 R 18.0 41 5 7727 183
892950051 3 57049 R 14.0 46 4 7421 183
897258171 3 57325 R 11.0 33 3 7680 184
897316485 2 57311 R 15.0 42 4 7695 184
901661516 3 57606 R 20.0 39 6 7743 185
901767010 2 57595 R 18.0 42 5 7726 185
906059243 2 57870 R 12.0 39 3 7675 186
906075286 1 57909 R 16.0 26 5 22946 123
906110035 3 57891 R 17.0 42 5 7724 186
910461224 1 58189 R 19.0 24 6 22404 124
910521353 3 58173 R 11.0 34 3 7676 187
910580111 2 58160 R 21.0 38 6 8031 187
914923012 3 58455 R 20.0 40 6 7465 188
914950341 2 58439 R 21.0 39 6 7751 188
919289396 2 58717 R 15.0 43 4 7974 189
919293316 3 58735 R 14.0 47 4 7416 189
923757633 3 59021 R 11.0 35 3 7675 190
923771196 2 59004 R 18.0 43 5 8006 190
928125890 2 59282 R 21.0 40 6 7745 191
928190368 3 59304 R 17.0 43 5 7727 191
932574377 2 59567 R 15.0 44 4 7702 192
932590424 1 59606 R 13.0 24 4 23776 125
932591903 3 59586 R 20.0 41 6 7750 192
936917349 3 59863 R 14.0 48 4 7977 193
936991541 2 59850 R 21.0 41 6 7750 193
937007634 1 59888 R 16.0 27 5 23796 126
941334668 3 60145 R 11.0 36 3 7676 194
941340909 1 60166 R 19.0 25 6 23817 127
941387373 2 60131 R 18.0 44 5 7724 194
945720642 3 60426 R 20.0 42 6 7741 195
945757656 2 60411 R 21.0 42 6 7463 195
950192469 2 60695 R 15.0 45 4 7702 196
950200300 3 60713 R 17.0 44 5 8011 196
954524050 3 60990 R 14.0 49 4 7982 197
954578528 2 60975 R 18.0 45 5 7442 197
958933277 2 61254 R 12.0 40 3 7675 198
958949372 1 61293 R 19.0 26 6 24097 128
958997666 3 61276 R 17.0 45 5 7723 198
963381675 2 61539 R 21.0 43 6 7463 199
963397798 1 61577 R 13.0 25 4 24339 129
963399452 3 61558 R 14.0 50 4 7699 199
967799114 2 61822 R 12.0 41 3 7678 200
967849784 3 61842 R 20.0 43 6 7749 200
972141942 3 62117 R 17.0 46 5 8005 201
972194656 2 62103 R 15.0 46 4 7700 201
976565231 2 62383 R 21.0 44 6 7462 202
976662768 3 62406 R 20.0 44 6 7748 202
981029212 2 62668 R 18.0 46 5 7723 203
981033141 3 62686 R 17.0 47 5 7725 203
985372177 3 62964 R 14.0 51 4 7980 204
985385847 2 62947 R 12.0 42 3 7391 204
985415621 1 62986 R 16.0 28 5 25773 130
989805306 3 63248 R 11.0 37 3 7675 205
989817194 1 63268 R 19.0 27 6 24946 131
989865686 2 63234 R 15.0 47 4 7421 205
994189132 2 63511 R 21.0 45 6 7181 206
994206723 3 63529 R 14.0 52 4 7697 206
998577012 3 63809 R 20.0 45 6 7742 207
998606291 2 63793 R 18.0 47 5 7443 207
1003002225 2 64075 R 12.0 43 3 7394 208
1003074307 3 64097 R 17.0 48 5 7725 208
1007460385 3 64377 R 11.0 38 3 7676 209
1007497385 2 64362 R 15.0 48 4 7708 209
1011811538 1 64676 R 19.0 28 6 25787 132
1011815109 3 64656 R 20.0 46 6 7743 210
1011836500 2 64640 R 18.0 48 5 7440 210
1016263527 3 64941 R 14.0 53 4 7701 211
1016269364 2 64924 R 21.0 46 6 7183 211
1020673013 2 65205 R 12.0 44 3 7398 212
1020680947 3 65224 R 17.0 49 5 7443 212
1025014019 3 65501 R 20.0 47 6 7461 213
1025121498 2 65490 R 15.0 49 4 7710 213
1029413647 2 65765 R 18.0 49 5 8000 214
1029509375 3 65789 R 11.0 39 3 7680 214
1033848575 3 66066 R 14.0 54 4 7986 215
1033934409 2 66054 R 15.0 50 4 7421 215
1038281435 3 66350 R 17.0 50 5 7442 216
1038295443 1 66371 R 13.0 26 4 27438 133
1038304774 2 66334 R 21.0 47 6 7464 216
1042644006 2 66612 R 12.0 45 3 7674 217
1042682964 3 66632 R 11.0 40 3 7672 217
1042743992 1 66655 R 16.0 29 5 27748 134
1047036229 1 66930 R 16.0 30 5 27456 135
1047071086 3 66913 R 20.0 48 6 7745 218
1047076774 2 66895 R 18.0 50 5 7723 218
1051478369 2 67177 R 15.0 51 4 7987 219
1051488230 3 67195 R 14.0 55 4 7982 219
1055928797 2 67462 R 12.0 46 3 7678 220
1055946563 3 67481 R 17.0 51 5 8007 220
1060316780 3 67760 R 20.0 49 6 7748 221
1060346230 2 67745 R 21.0 48 6 7467 221
1064655874 3 68038 R 20.0 50 6 7462 222
1064732094 2 68025 R 12.0 47 3 7675 222
1064748073 1 68064 R 19.0 29 6 28050 136
1069086759 2 68304 R 15.0 52 4 7978 223
1069088725 3 68322 R 14.0 56 4 7700 223
1073490418 3 68603 R 11.0 41 3 7678 224
1073535239 2 68589 R 18.0 51 5 8288 224
1077884115 2 68867 R 21.0 49 6 7742 225
1077985700 3 68891 R 17.0 52 5 8294 225
1082285723 2 69149 R 15.0 53 4 7697 226
1082295520 3 69167 R 14.0 57 4 7979 226
1086681499 3 69448 R 20.0 51 6 7462 227
1086781169 2 69436 R 18.0 52 5 7725 227
1091101177 1 69750 R 13.0 27 4 29694 137
1091120223 2 69714 R 21.0 50 6 7744 228
1091124131 3 69732 R 14.0 58 4 7700 228
1095502753 1 70032 R 16.0 31 5 29429 138
1095539394 2 69997 R 15.0 54 4 7699 229
1095588251 3 70018 R 11.0 42 3 7675 229
1099896171 3 70293 R 17.0 53 5 8001 230
1099998084 1 70320 R 19.0 30 6 29177 139
1100019138 2 70284 R 21.0 51 6 7468 230
1104337213 1 70597 R 13.0 28 4 28844 140
1104342692 2 70560 R 12.0 48 3 7673 231
1104362244 3 70579 R 11.0 43 3 7675 231
1108770046 1 70881 R 16.0 32 5 28869 141
1108810653 3 70864 R 17.0 54 5 7726 232
1108816485 2 70847 R 18.0 53 5 8011 232
1113218106 2 71128 R 15.0 55 4 7702 233
1113228015 3 71147 R 20.0 52 6 7750 233
1117559663 1 71444 R 19.0 31 6 28891 142
1117588545 2 71408 R 21.0 52 6 7747 234
1117613964 3 71427 R 14.0 59 4 7990 234
1121931495 3 71704 R 17.0 55 5 8003 235
1121960773 2 71688 R 15.0 56 4 7697 235
1121976851 1 71726 R 13.0 29 4 28847 143
1126346892 2 71969 R 18.0 54 5 7439 236
1126362881 1 72007 R 16.0 33 5 28868 144
1126395613 3 71989 R 20.0 53 6 8028 236
1130805447 1 72291 R 13.0 30 4 28846 145
1130826577 2 72255 R 21.0 53 6 7184 237
1130828552 3 72273 R 14.0 60 4 7702 237
1135149993 2 72532 R 15.0 57 4 7131 238
1135169541 3 72551 R 17.0 56 5 7721 238
1139567225 2 72815 R 12.0 49 3 7391 239
1139618209 3 72836 R 20.0 54 6 7746 239
1143979105 1 73134 R 19.0 32 6 29455 146
1144025555 2 73100 R 18.0 55 5 7442 240
1144035342 3 73118 R 17.0 57 5 7725 240
1148395964 2 73380 R 12.0 50 3 7111 241
1148421252 3 73399 R 14.0 61 4 7981 241
1148474467 1 73422 R 16.0 34 5 28872 147
1152860025 2 73665 R 21.0 54 6 7187 242
1152863948 3 73683 R 20.0 55 6 7468 242
1157167886 2 73941 R 15.0 58 4 7132 243
1157203069 3 73961 R 17.0 58 5 7159 243
1161622172 3 74244 R 11.0 44 3 7393 244
1161694427 2 74231 R 12.0 51 3 7398 244
1166064984 2 74511 R 18.0 56 5 7443 245
1166102169 3 74531 R 14.0 62 4 7706 245
1170384876 1 74824 R 19.0 33 6 30017 148
1170425473 3 74807 R 20.0 56 6 7463 246
1170499637 2 74794 R 12.0 52 3 7398 246
1174842638 3 75090 R 17.0 59 5 7442 247
1174885667 2 75075 R 21.0 55 6 7467 247
1174911493 1 75114 R 16.0 35 5 29437 149
1179240449 2 75354 R 12.0 53 3 7394 248
1179281776 1 75394 R 19.0 34 6 29458 150
1179300964 3 75375 R 14.0 63 4 7705 248
1183671251 3 75655 R 11.0 45 3 7394 249
1183688887 2 75638 R 18.0 57 5 7160 249
1188010371 3 75933 R 17.0 60 5 7438 250
1188100312 2 75921 R 15.0 59 4 7421 250
1192443229 3 76216 R 20.0 57 6 7462 251
1192501998 2 76203 R 21.0 56 6 7468 251
1196872216 2 76482 R 15.0 60 4 7134 252
1196905805 1 76522 R 16.0 36 5 30281 151
1196909299 3 76502 R 11.0 46 3 7678 252
1201232787 3 76779 R 14.0 64 4 7980 253
1201307059 2 76766 R 12.0 54 3 7390 253
1205650012 3 77062 R 11.0 47 3 7673 254
1205693076 2 77047 R 21.0 57 6 7465 254
1210036074 3 77342 R 20.0 58 6 7742 255
1210047768 2 77325 R 18.0 58 5 7723 255
1214478609 3 77627 R 17.0 61 5 8012 256
1214496254 2 77610 R 18.0 59 5 7440 256
1218907638 2 77892 R 15.0 61 4 7418 257
1218942768 3 77912 R 20.0 59 6 7747 257
1223250679 3 78188 R 14.0 65 4 7980 258
1223264685 1 78209 R 19.0 35 6 31425 152
1223309252 2 78174 R 12.0 55 3 7677 258
1227697119 2 78455 R 21.0 58 6 7742 259
1227713239 1 78493 R 16.0 37 5 31125 153
1227777208 3 78478 R 20.0 60 6 7467 259
1232114337 2 78738 R 18.0 60 5 8005 260
1232124548 1 78776 R 19.0 36 6 30867 154
1232147645 3 78757 R 17.0 62 5 7443 260
1236486763 3 79035 R 14.0 66 4 7698 261
1236500410 2 79018 R 18.0 61 5 7722 261
1236526228 1 79057 R 16.0 38 5 30842 155
1240943082 2 79303 R 15.0 62 4 7699 262
1240968379 3 79322 R 11.0 48 3 7679 262
1245282152 2 79580 R 21.0 59 6 7745 263
1245323106 3 79601 R 14.0 67 4 7698 263
1249715013 2 79864 R 15.0 63 4 7415 264
1249771675 3 79885 R 20.0 61 6 7750 264
1249793563 1 79907 R 19.0 37 6 30870 156
1254116537 2 80146 R 18.0 62 5 7439 265
1254188816 3 80168 R 17.0 63 5 7443 265
1254195139 1 80188 R 19.0 38 6 30588 157
1258504483 2 80427 R 12.0 56 3 7673 266
1258520608 1 80465 R 16.0 39 5 30836 158
1258584653 3 80449 R 14.0 68 4 7419 266
1262921712 2 80709 R 21.0 60 6 7744 267
1262955012 3 80729 R 11.0 49 3 7393 267
1267307723 2 80990 R 18.0 63 5 7719 268
1267419051 3 81015 R 20.0 62 6 7467 268
1271727172 3 81291 R 17.0 64 5 7437 269
1271787566 2 81277 R 15.0 64 4 7700 269
1276127056 1 81592 R 16.0 40 5 31123 159
1276128608 3 81572 R 20.0 63 6 7181 270
1276214526 2 81560 R 21.0 61 6 7185 270
1280522309 2 81836 R 15.0 65 4 7418 271
1280578981 3 81857 R 11.0 50 3 7401 271
1280600932 1 81878 R 19.0 39 6 30869 160
1284996193 3 82140 R 14.0 69 4 7700 272
1285049105 2 82126 R 12.0 57 3 7401 272
1289382258 3 82420 R 17.0 65 5 7438 273
1289419262 2 82405 R 18.0 64 5 8008 273
1293758383 2 82683 R 12.0 58 3 7390 274
1293861989 3 82707 R 11.0 51 3 7680 274
1298191245 2 82967 R 21.0 62 6 7463 275
1298226624 3 82987 R 14.0 70 4 7982 275
1302594879 2 83248 R 15.0 66 4 7700 276
1302610922 1 83287 R 19.0 40 6 31430 161
1302659279 3 83270 R 20.0 64 6 7469 276
1307043367 2 83533 R 12.0 59 3 7680 277
1307059412 1 83572 R 16.0 41 5 31409 162
1307060902 3 83552 R 11.0 52 3 7677 277
1311431267 3 83832 R 14.0 71 4 7985 278
1311460526 2 83816 R 18.0 65 5 8009 278
1311476652 1 83854 R 19.0 41 6 30870 163
1315803639 3 84111 R 17.0 66 5 8004 279
1315809838 1 84132 R 16.0 42 5 30841 164
1315856286 2 84097 R 15.0 67 4 7982 279
1320189632 3 84392 R 20.0 65 6 8026 280
1320226648 2 84377 R 21.0 63 6 7744 280
1324669295 3 84679 R 11.0 53 3 7679 281
1324690870 2 84663 R 18.0 66 5 8014 281
1328992963 3 84956 R 17.0 67 5 7719 282
1329047517 2 84941 R 15.0 68 4 7698 282
1329063559 1 84980 R 19.0 42 6 30867 165
1333402263 2 85220 R 12.0 60 3 7674 283
1333418372 1 85259 R 19.0 43 6 30584 166
1333466661 3 85242 R 14.0 72 4 7984 283
1337829342 2 85503 R 21.0 64 6 7461 284
1337866796 1 85543 R 16.0 43 5 30850 167
1337868441 3 85524 R 20.0 66 6 8029 284
1342238657 3 85803 R 20.0 67 6 7746 285
1342262122 2 85787 R 18.0 67 5 7442 285
1346663657 2 86069 R 15.0 69 4 7416 286
1346702750 3 86089 R 14.0 73 4 7701 286
1351034152 2 86349 R 12.0 61 3 7675 287
1351121935 3 86372 R 17.0 68 5 7725 287
1355476925 3 86651 R 20.0 68 6 7748 288
1355484891 1 86671 R 19.0 44 6 30866 168
1355498175 2 86634 R 18.0 68 5 7443 288
1359854883 2 86913 R 15.0 70 4 7699 289
1359871011 1 86952 R 16.0 44 5 31128 169
1359925232 3 86935 R 14.0 74 4 7419 289
1364251063 1 87232 R 19.0 45 6 30864 170
1364334679 2 87200 R 21.0 65 6 7750 290
1364342396 3 87218 R 11.0 54 3 7678 290
1368658240 2 87477 R 12.0 62 3 7681 291
1368675722 3 87495 R 17.0 69 5 7722 291
1368715255 1 87518 R 19.0 46 6 30021 171
1373046002 3 87775 R 20.0 69 6 7742 292
1373069424 2 87759 R 18.0 69 5 7721 292
1377471229 2 88041 R 21.0 66 6 7462 293
1377510114 3 88061 R 17.0 70 5 7723 293
1381875035 1 88360 R 16.0 45 5 30559 172
1381943054 3 88344 R 11.0 55 3 7396 294
1381966463 2 88328 R 12.0 63 3 7689 294
1386284122 3 88622 R 20.0 70 6 7462 295
1386292330 1 88643 R 19.0 47 6 30019 173
1386305514 2 88606 R 15.0 71 4 7978 295
1390678248 1 88923 R 19.0 48 6 28890 174
1390732649 3 88907 R 14.0 75 4 7696 296
1390738361 2 88890 R 18.0 70 5 8007 296
1395081488 3 89185 R 20.0 71 6 7461 297
1395139982 2 89171 R 18.0 71 5 7724 297
1395183509 1 89212 R 19.0 49 6 28051 175
1399483023 3 89467 R 17.0 71 5 7721 298
1399590496 2 89456 R 21.0 67 6 7752 298
1403882657 2 89731 R 15.0 72 4 7983 299
1403978377 3 89755 R 11.0 56 3 7675 299
1408350778 3 90034 R 14.0 76 4 7987 300
1408356957 1 90055 R 16.0 46 5 28871 176
1408393757 2 90020 R 18.0 72 5 8007 300
1412727324 1 90334 R 16.0 47 5 28585 177
1412736750 3 90315 R 20.0 72 6 8028 301
1412748461 2 90298 R 15.0 73 4 7983 301
1417099706 1 90614 R 19.0 50 6 28325 178
1417196861 2 90583 R 21.0 68 6 8030 302
1417216421 3 90602 R 11.0 57 3 7679 302
1421545822 2 90861 R 18.0 73 5 7724 303
1421580992 3 90881 R 14.0 77 4 7701 303
1425947433 2 91143 R 21.0 69 6 7743 304
1426013787 3 91165 R 20.0 73 6 7750 304
1430317839 2 91423 R 15.0 74 4 7698 305
1430415508 3 91447 R 17.0 72 5 8011 305
1434762789 1 91745 R 16.0 48 5 28587 179
1434781914 2 91708 R 12.0 64 3 7677 306
1434785834 3 91726 R 20.0 74 6 7747 306
1439158139 3 92006 R 14.0 78 4 7699 307
1439214773 2 91992 R 18.0 74 5 7726 307
1443544058 3 92287 R 17.0 73 5 7437 308
1443616300 2 92274 R 12.0 65 3 7677 308
1448004241 2 92555 R 21.0 70 6 7747 309
1448024054 3 92574 R 11.0 58 3 7676 309
1452347356 3 92850 R 20.0 75 6 7461 310
1452421516 2 92837 R 15.0 75 4 7700 310
1456807545 2 93118 R 21.0 71 6 7749 311
1456821343 3 93137 R 14.0 79 4 7417 311
1461162327 2 93397 R 18.0 75 5 7719 312
1461221235 1 93438 R 19.0 51 6 30022 180
1461222850 3 93418 R 11.0 59 3 7395 312
1465593132 3 93698 R 17.0 74 5 7439 313
1465610763 2 93681 R 15.0 76 4 7983 313
1470022191 2 93964 R 21.0 72 6 7464 314
1470057244 3 93984 R 20.0 76 6 7184 314
1474365110 3 94259 R 17.0 75 5 7154 315
1474423874 2 94246 R 15.0 77 4 7701 315
1478794090 2 94525 R 12.0 66 3 7681 316
1478891768 3 94549 R 20.0 77 6 7187 316
1483258146 2 94811 R 18.0 76 5 7722 317
1483279653 3 94830 R 14.0 80 4 7421 317
1487614967 2 95090 R 15.0 78 4 7984 318
1487640664 1 95129 R 16.0 49 5 30280 181
1487696898 3 95113 R 11.0 60 3 7398 318
1492028605 1 95410 R 19.0 52 6 30303 182
1492082955 3 95393 R 20.0 78 6 7184 319
1492094654 2 95376 R 21.0 73 6 7749 319
1496418141 2 95653 R 15.0 79 4 7979 320
1496437692 3 95672 R 11.0 61 3 7397 320
1500835300 2 95936 R 18.0 77 5 8283 321
1500886104 3 95957 R 17.0 76 5 7441 321
1505221473 2 96217 R 21.0 74 6 7460 322
1505297538 3 96239 R 14.0 81 4 7702 322
1509699082 3 96521 R 17.0 77 5 7159 323
1509726399 2 96505 R 15.0 80 4 7709 323
1514032811 1 96818 R 19.0 53 6 30300 183
1514065642 2 96783 R 21.0 75 6 7462 324
1514069513 3 96800 R 14.0 82 4 7418 324
1518498455 2 97066 R 18.0 78 5 7723 325
1518533632 3 97086 R 11.0 62 3 7403 325
1522890249 3 97365 R 20.0 79 6 7746 326
1522899989 2 97348 R 12.0 67 3 7677 326
1527244976 3 97644 R 17.0 78 5 7438 327
1527350419 2 97633 R 15.0 81 4 7702 327
1531642858 2 97908 R 21.0 76 6 7459 328
1531693535 3 97928 R 14.0 83 4 7703 328
1536110698 3 98211 R 11.0 63 3 7683 329
1536153651 2 98196 R 15.0 82 4 7711 329
1540506533 3 98492 R 20.0 80 6 7745 330
1540508383 2 98475 R 18.0 79 5 8009 330
1540545934 1 98515 R 19.0 54 6 30869 184
1544853868 1 98790 R 19.0 55 6 30581 185
1544872973 2 98754 R 12.0 68 3 7673 331
1544876897 3 98772 R 14.0 84 4 7415 331
1549305755 2 99038 R 15.0 83 4 7698 332
1549340929 3 99058 R 17.0 79 5 7441 332
1553707363 2 99320 R 21.0 77 6 7745 333
1553774048 3 99342 R 11.0 64 3 7684 333
1558077759 2 99599 R 18.0 80 5 7720 334
1558177427 3 99623 R 20.0 81 6 7750 334
1562500855 3 99900 R 17.0 80 5 7158 335
1562541913 2 99885 R 21.0 78 6 7746 335
1566889606 1 100201 R 19.0 56 6 30581 186
1566918483 3 100183 R 11.0 65 3 7387 336
1566975224 2 100169 R 15.0 84 4 7703 336
1571314316 3 100464 R 14.0 85 4 7705 337
1571316296 2 100447 R 21.0 79 6 7462 337
1571353788 1 100486 R 19.0 57 6 30304 187
1575764689 2 100731 R 12.0 69 3 7684 338
1575809602 3 100752 R 20.0 82 6 7748 338
1580119417 3 101028 R 11.0 66 3 7680 339
1580181966 2 101014 R 18.0 81 5 8006 339
1584505400 3 101308 R 17.0 81 5 8002 340
1584567884 2 101295 R 15.0 85 4 7135 340
1588985222 3 101595 R 14.0 86 4 7701 341
1589010592 2 101579 R 21.0 80 6 7185 341
1593349810 2 101857 R 12.0 70 3 7396 342
1593379407 1 101896 R 19.0 58 6 31148 188
1593433627 3 101880 R 17.0 82 5 7727 342
1597725945 3 102154 R 20.0 83 6 7742 343
1597782565 2 102140 R 18.0 82 5 7442 343
1597822025 1 102180 R 16.0 50 5 30563 189
1602161149 1 102458 R 19.0 59 6 30584 190
1602246606 3 102444 R 14.0 87 4 7993 344
1602248531 2 102426 R 15.0 86 4 7703 344
1606572028 2 102703 R 21.0 81 6 7464 345
1606617033 3 102723 R 17.0 83 5 8005 345
1610956116 3 103001 R 20.0 84 6 7462 346
1610989263 2 102986 R 12.0 71 3 7683 346
1615375318 2 103266 R 18.0 83 5 7721 347
1615437839 3 103288 R 11.0 67 3 7684 347
1619792510 3 103567 R 14.0 88 4 7976 348
1619817883 2 103551 R 15.0 87 4 7984 348
1619857383 1 103591 R 19.0 60 6 31153 191
1624157067 2 103828 R 21.0 82 6 7461 349
1624219578 3 103850 R 17.0 84 5 8006 349
1624258992 1 103872 R 19.0 61 6 30306 192
1628589930 2 104112 R 12.0 72 3 7679 350
1628652366 3 104134 R 14.0 89 4 7419 350
1632991459 2 104394 R 15.0 88 4 7697 351
1633054055 3 104415 R 20.0 85 6 7467 351
1637424425 3 104695 R 11.0 68 3 7678 352
1637487019 2 104682 R 18.0 84 5 7725 352
1641796655 2 104957 R 21.0 83 6 7463 353
1641888439 3 104981 R 17.0 85 5 8012 353
1646182635 2 105238 R 12.0 73 3 7671 354
1646190944 1 105276 R 16.0 51 5 31403 193
1646245151 3 105260 R 11.0 69 3 7675 354
1650599956 3 105538 R 14.0 90 4 7696 355
1650608111 1 105559 R 19.0 62 6 30864 194
1650625334 2 105522 R 15.0 89 4 7979 355
1655048442 3 105823 R 20.0 86 6 7746 356
1655089433 2 105808 R 18.0 85 5 7725 356
1659397342 2 106084 R 21.0 84 6 7741 357
1659465598 3 106106 R 17.0 86 5 8007 357
1663861436 3 106387 R 14.0 91 4 7700 358
1663863289 2 106370 R 15.0 90 4 7699 358
1668231715 3 106667 R 20.0 87 6 7459 359
1668311785 2 106654 R 12.0 74 3 7678 359
1672696087 3 106953 R 17.0 87 5 7443 360
1672729086 2 106937 R 18.0 86 5 7725 360
1672735313 1 106975 R 16.0 52 5 31975 195
1677115125 2 107218 R 15.0 91 4 7991 361
1677123256 1 107256 R 19.0 63 6 31996 196
1677128768 3 107236 R 14.0 92 4 7421 361
1681432619 2 107494 R 21.0 85 6 8023 362
1681530310 3 107518 R 11.0 70 3 7398 362
1681540491 1 107538 R 16.0 53 5 31129 197
1685873740 1 107816 R 19.0 64 6 31147 198
1685896856 2 107780 R 18.0 87 5 7723 363
1685900665 3 107798 R 20.0 88 6 7465 363
1690244164 1 108095 R 19.0 65 6 30865 199
1690273058 3 108077 R 17.0 88 5 7157 364
1690329678 2 108063 R 15.0 92 4 7983 364
1694659043 3 108358 R 14.0 93 4 7132 365
1694670739 2 108341 R 21.0 86 6 7743 365
1694741496 1 108383 R 16.0 54 5 30564 200
1699119220 2 108626 R 18.0 88 5 8003 366
1699127464 1 108664 R 19.0 66 6 30304 201
1699164292 3 108647 R 11.0 71 3 7396 366
1703468020 2 108904 R 21.0 87 6 7743 367
1703482133 1 108943 R 19.0 67 6 29738 202
1703503275 3 108924 R 20.0 89 6 7462 367
1707869709 2 109186 R 15.0 93 4 7694 368
1707930691 1 109227 R 16.0 55 5 29433 203
1707936063 3 109208 R 17.0 89 5 7161 368
1712279499 1 109506 R 19.0 68 6 29171 204
1712337801 3 109490 R 14.0 94 4 7423 369
1712365127 2 109474 R 12.0 75 3 7679 369
1716681112 1 109787 R 19.0 69 6 28608 205
1716704190 2 109751 R 18.0 89 5 7722 370
1716708113 3 109769 R 11.0 72 3 7396 370
1721137051 2 110035 R 21.0 88 6 7747 371
1721172232 3 110055 R 20.0 90 6 7468 371
1725515579 1 110353 R 16.0 56 5 28868 206
1725591342 3 110338 R 17.0 90 5 7730 372
1725603085 2 110321 R 15.0 94 4 7987 372
1729926523 2 110598 R 18.0 90 5 7722 373
1729934831 1 110636 R 19.0 70 6 28329 207
1729946337 3 110617 R 20.0 91 6 7465 373
1734310583 3 110896 R 11.0 73 3 7674 374
1734343819 2 110880 R 15.0 95 4 7985 374
1738729755 2 111161 R 21.0 89 6 7745 375
1738743631 3 111180 R 17.0 91 5 7721 375
1743145061 3 111461 R 14.0 95 4 7986 376
1743209607 2 111448 R 15.0 96 4 7703 376
1747511564 2 111723 R 18.0 91 5 7718 377
1747515419 3 111741 R 20.0 92 6 7460 377
1751944459 2 112007 R 15.0 97 4 7699 378
1751979522 3 112027 R 17.0 92 5 7443 378
1751983839 1 112047 R 16.0 57 5 29719 208
1756346157 2 112289 R 21.0 90 6 7745 379
1756398916 3 112310 R 14.0 96 4 7419 379
1760753537 3 112588 R 11.0 74 3 7671 380
1760841399 2 112576 R 18.0 92 5 7727 380
1765151213 2 112852 R 15.0 98 4 7977 381
1765201932 3 112873 R 17.0 93 5 7724 381
1769537236 2 113133 R 15.0 99 4 7696 382
1769619173 3 113156 R 20.0 93 6 7748 382
1773952426 3 113433 R 11.0 75 3 7391 383
1773979746 2 113417 R 21.0 91 6 7744 383
1778348657 1 113734 R 16.0 58 5 30837 209
1778444391 2 113703 R 15.0 100 4 7702 384
1778447781 3 113721 R 17.0 94 5 7443 384
1782751797 2 113978 R 18.0 93 5 7718 385
1782786945 3 113998 R 14.0 97 4 7704 385
1787217828 2 114264 R 12.0 76 3 7677 386
1787219763 3 114282 R 20.0 94 6 7464 386
1791621367 3 114564 R 17.0 95 5 7720 387
1791666353 2 114549 R 21.0 92 6 7748 387
1795991818 3 114843 R 11.0 76 3 7679 388
1796083512 2 114832 R 18.0 94 5 7444 388
1800426630 3 115127 R 14.0 98 4 7983 389
1800469588 2 115112 R 12.0 77 3 7676 389
1804787241 2 115389 R 21.0 93 6 7742 390
1804799338 1 115427 R 19.0 71 6 31709 210
1804812600 3 115408 R 20.0 95 6 8026 390
1809251727 2 115674 R 15.0 101 4 7985 391
1809292267 3 115695 R 17.0 96 5 7444 391
1813594359 3 115970 R 11.0 77 3 7674 392
1813684180 2 115958 R 12.0 78 3 7679 392
1818027139 3 116254 R 14.0 99 4 7988 393
1818085703 2 116240 R 21.0 94 6 7465 393
1822428817 3 116535 R 20.0 96 6 8026 394
1822456677 2 116520 R 15.0 102 4 7706 394
1826816749 3 116816 R 17.0 97 5 8001 395
1826920244 2 116805 R 18.0 95 5 8008 395
1831233999 3 117099 R 11.0 78 3 7673 396
1831267598 1 117121 R 19.0 72 6 32559 211
1831276955 2 117084 R 12.0 79 3 7677 396
1835619910 3 117380 R 20.0 97 6 7743 397
1835631720 2 117363 R 18.0 96 5 8001 397
1840080170 2 117648 R 21.0 95 6 7465 398
1840100060 3 117666 R 14.0 100 4 7980 398
1844491881 2 117930 R 15.0 103 4 7701 399
1844526636 3 117950 R 17.0 98 5 8007 399
1848834999 3 118225 R 14.0 101 4 7977 400
1848893273 2 118212 R 18.0 97 5 8009 400
1853263514 2 118491 R 12.0 80 3 7679 401
1853300646 3 118511 R 20.0 98 6 7746 401
1857698671 2 118775 R 15.0 104 4 7979 402
1857704606 1 118813 R 16.0 59 5 33662 212
1857749483 3 118796 R 14.0 102 4 7988 402
1862075039 1 119093 R 19.0 73 6 33400 213
1862084360 2 119056 R 21.0 96 6 7463 403
1862166283 3 119079 R 17.0 99 5 8007 403
1866499538 3 119356 R 20.0 99 6 8027 404
1866539092 1 119378 R 19.0 74 6 33124 214
1866564051 2 119342 R 18.0 98 5 7723 404
1870870324 3 119636 R 14.0 103 4 7978 405
1870887878 2 119619 R 15.0 105 4 7705 405
1870895782 1 119657 R 16.0 60 5 33388 215
1875298926 2 119902 R 12.0 81 3 7675 406
1875367829 3 119924 R 17.0 100 5 7726 406
1879700935 2 120183 R 15.0 106 4 7697 407
1879753690 3 120204 R 20.0 100 6 7748 407
1884108343 3 120483 R 14.0 104 4 7698 408
1884116185 1 120503 R 19.0 75 6 33685 216
1884195809 2 120471 R 21.0 97 6 7467 408
1888505750 2 120747 R 12.0 82 3 7675 409
1888512048 1 120785 R 16.0 61 5 33661 217
1888597934 3 120770 R 20.0 101 6 7749 409
1892891688 2 121027 R 18.0 99 5 7720 410
1892905734 3 121046 R 17.0 101 5 8009 410
1893007354 1 121072 R 19.0 76 6 33408 218
1897307331 3 121328 R 14.0 105 4 7414 411
1897371433 2 121314 R 21.0 98 6 7186 411
1901798851 2 121597 R 15.0 107 4 7426 412
1901802282 3 121615 R 11.0 79 3 7681 412
1906106254 2 121873 R 12.0 83 3 7392 413
1906141804 3 121893 R 20.0 102 6 7745 413
1910560993 3 122176 R 17.0 102 5 7440 414
1910572768 2 122159 R 18.0 100 5 7722 414
1910631334 1 122200 R 16.0 62 5 33948 219
1915020767 2 122444 R 21.0 99 6 7186 415
1915040911 3 122463 R 14.0 106 4 7139 415
1919364222 3 122739 R 20.0 103 6 7182 416
1919438080 2 122726 R 12.0 84 3 7402 416
1923781034 3 123022 R 11.0 80 3 7395 417
1923824548 2 123007 R 18.0 101 5 7732 417
1928167437 3 123303 R 17.0 103 5 7438 418
1928179249 2 123286 R 15.0 108 4 7707 418
1932605800 2 123569 R 12.0 85 3 7676 419
1932610132 3 123587 R 14.0 107 4 7704 419
1936948764 3 123865 R 11.0 81 3 7671 420
1936953090 1 123885 R 19.0 77 6 35092 220
1937038988 2 123853 R 18.0 102 5 8006 420
1941382113 3 124148 R 17.0 104 5 7720 421
1941417261 1 124170 R 16.0 63 5 34508 221
1941440806 2 124135 R 21.0 100 6 8031 421
1945783720 3 124430 R 20.0 104 6 7745 422
1945828676 2 124415 R 15.0 109 4 8267 422
1950245854 2 124698 R 18.0 103 5 8005 423
1950279009 3 124718 R 14.0 108 4 7703 423
1954618378 3 124996 R 17.0 105 5 7441 424
1954631887 2 124979 R 15.0 110 4 8266 424
1958974449 3 125274 R 11.0 82 3 7676 425
1958986579 2 125257 R 21.0 101 6 8025 425
1963434999 2 125542 R 18.0 104 5 7441 426
1963442904 1 125580 R 19.0 78 6 35660 222
1963454623 3 125561 R 20.0 105 6 7465 426
1967797571 1 125859 R 16.0 64 5 35069 223
1967846630 2 125825 R 21.0 102 6 7464 427
1967881621 3 125844 R 14.0 109 4 7703 427
1972189472 3 126120 R 17.0 106 5 8002 428
1972246191 1 126144 R 19.0 79 6 35096 224
1972248053 2 126106 R 15.0 111 4 7698 428
1976617943 2 126386 R 12.0 86 3 7679 429
1976663375 1 126426 R 16.0 65 5 34509 225
1976716014 3 126410 R 20.0 106 6 7749 429
1981053285 2 126670 R 21.0 103 6 7464 430
1981059168 1 126708 R 19.0 80 6 34250 226
1981086578 3 126690 R 17.0 107 5 8004 430
1985429471 1 126987 R 16.0 66 5 33661 227
1985439225 2 126950 R 18.0 105 5 7723 431
1985520790 3 126973 R 11.0 83 3 7679 431
1989893520 1 127273 R 19.0 81 6 33403 228
1989907248 3 127254 R 17.0 108 5 8007 432
1989918961 2 127237 R 15.0 112 4 7701 432
1994224857 3 127530 R 14.0 110 4 8267 433
1994241957 2 127514 R 12.0 87 3 7680 433
1994326382 1 127557 R 16.0 67 5 33383 229
1998653753 2 127796 R 21.0 104 6 7745 434
1998689004 3 127816 R 20.0 107 6 7747 434
2003055341 2 128078 R 15.0 113 4 7698 435
2003121768 3 128100 R 17.0 109 5 7723 435
2007463025 3 128378 R 14.0 111 4 7982 436
2007550419 2 128366 R 12.0 88 3 7679 436
2011889890 2 128643 R 18.0 106 5 7721 437
2011911397 3 128662 R 14.0 112 4 7699 437
2016246585 2 128922 R 21.0 105 6 7744 438
2016328232 3 128945 R 11.0 84 3 7679 438
2016336440 1 128965 R 16.0 68 5 33947 230
2020700880 1 129245 R 19.0 82 6 33967 231
2020714549 3 129226 R 20.0 108 6 7745 439
2020726254 2 129209 R 15.0 114 4 7985 439
2025133738 1 129528 R 19.0 83 6 33124 232
2025153326 2 129492 R 15.0 115 4 7702 440
2025157246 3 129510 R 17.0 110 5 7726 440
2029461108 2 129768 R 18.0 107 5 7719 441
2029495880 3 129788 R 11.0 85 3 7674 441
2029537372 1 129810 R 19.0 84 6 32278 233
2033915659 3 130071 R 14.0 113 4 7700 442
2033985859 1 130095 R 19.0 85 6 31715 234
2033987926 2 130058 R 21.0 106 6 7750 442
2038278167 1 130370 R 19.0 86 6 30582 235
2038375737 2 130338 R 18.0 108 5 7727 443
2038395292 3 130357 R 20.0 109 6 7750 443
2042718779 3 130634 R 17.0 111 5 7440 444
2042789081 1 130658 R 19.0 87 6 29461 236
2042792975 2 130621 R 21.0 107 6 7750 444
2047169201 1 130939 R 19.0 88 6 28895 237
2047179008 2 130902 R 18.0 109 5 7442 445
2047192246 3 130920 R 11.0 86 3 7679 445
2051508320 1 131216 R 19.0 89 6 28045 238
2051533702 2 131181 R 15.0 116 4 7703 446
2051594260 3 131202 R 14.0 114 4 7702 446
2055941190 1 131500 R 19.0 90 6 27764 239
2055964145 3 131482 R 11.0 87 3 7676 447
2055982185 2 131465 R 21.0 108 6 7749 447
2060337120 3 131762 R 20.0 110 6 7743 448
2060393283 2 131748 R 12.0 89 3 7673 448
2064722931 3 132042 R 14.0 115 4 7982 449
2064795169 2 132029 R 21.0 109 6 7749 449
2069177269 1 132347 R 16.0 69 5 28307 240
2069183044 2 132310 R 18.0 110 5 7723 450
2069228159 3 132331 R 17.0 112 5 8007 450
2073567177 3 132608 R 14.0 116 4 7981 451
2073596394 1 132630 R 19.0 91 6 27482 241
2073600407 2 132593 R 15.0 117 4 7990 451
2077951128 1 132909 R 16.0 70 5 27458 242
2077986340 2 132873 R 18.0 111 5 7723 452
2078000019 3 132892 R 17.0 113 5 8007 452
2082401561 3 133174 R 20.0 111 6 8029 453
2082429008 2 133158 R 15.0 118 4 7701 453
2082440696 1 133196 R 19.0 92 6 27485 243
2086768080 2 133436 R 21.0 110 6 7745 454
2086852206 3 133459 R 14.0 117 4 7422 454
2091144321 3 133733 R 20.0 112 6 7462 455
2091200941 2 133719 R 18.0 112 5 7723 455
2095600558 1 134038 R 19.0 93 6 27200 244
2095654810 3 134022 R 11.0 88 3 7685 456
2095666959 2 134005 R 21.0 111 6 7185 456
2099990543 2 134282 R 18.0 113 5 7157 457
2100010087 3 134301 R 17.0 114 5 8009 457
2104374484 3 134580 R 14.0 118 4 7982 458
2104407311 2 134564 R 12.0 90 3 7392 458
2108793707 2 134845 R 15.0 119 4 7700 459
2108807325 3 134864 R 17.0 115 5 7721 459
2113210971 3 135145 R 14.0 119 4 7988 460
2113273374 2 135132 R 15.0 120 4 7420 460
2117575376 2 135407 R 21.0 112 6 7460 461
2117659382 3 135430 R 20.0 113 6 7747 461
2122007823 2 135691 R 12.0 91 3 7392 462
2122076613 3 135713 R 17.0 116 5 7443 462
2122082533 1 135733 R 19.0 94 6 28332 245
2126407966 1 136010 R 19.0 95 6 28044 246
2126409977 2 135973 R 18.0 114 5 7438 463
2126462794 3 135994 R 14.0 120 4 7419 463
2130816933 3 136272 R 11.0 89 3 7675 464
2130825213 1 136293 R 16.0 71 5 27459 247
2130905208 2 136260 R 21.0 113 6 7468 464
2135220965 1 136574 R 19.0 96 6 27481 248
2135244397 2 136538 R 15.0 121 4 7416 465
2135306963 3 136560 R 20.0 114 6 7465 465
2139614772 3 136835 R 17.0 117 5 7723 466
2139677185 2 136822 R 18.0 115 5 7159 466
2144015987 3 137117 R 11.0 90 3 7677 467
2144080537 2 137104 R 12.0 92 3 7395 467
2148488308 1 137423 R 19.0 97 6 27485 249
2148511683 3 137405 R 14.0 121 4 7985 468
2148529314 2 137388 R 21.0 114 6 7469 468
2152821461 2 137663 R 15.0 122 4 7699 469
2152850861 3 137682 R 20.0 115 6 7182 469
2152889851 1 137705 R 16.0 72 5 27461 250
2157260280 1 137984 R 19.0 98 6 27482 251
2157269577 3 137965 R 11.0 91 3 7396 470
2157332464 2 137952 R 21.0 115 6 7185 470
2161632594 1 138264 R 19.0 99 6 27196 252
2161712181 2 138232 R 12.0 93 3 7399 471
2161749767 3 138252 R 14.0 122 4 7714 471
2166051697 2 138510 R 18.0 116 5 7724 472
2166073195 3 138529 R 17.0 118 5 7721 472
2170484566 2 138793 R 15.0 123 4 7702 473
2170547148 3 138815 R 14.0 123 4 7704 473
2174886172 2 139075 R 21.0 116 6 6901 474
2174947145 1 139116 R 19.0 100 6 27204 253
2174948692 3 139097 R 20.0 116 6 7747 474
2179295616 1 139395 R 16.0 73 5 27461 254
2179319128 3 139376 R 17.0 119 5 7443 475
2179336201 2 139360 R 12.0 94 3 7117 475
2183658237 3 139654 R 20.0 117 6 7460 476
2183697295 1 139676 R 16.0 74 5 26613 255
2183753970 2 139643 R 15.0 124 4 7423 476
2188068068 1 139956 R 19.0 101 6 26634 256
2188090624 3 139938 R 11.0 92 3 7678 477
2188139909 2 139923 R 18.0 117 5 7724 477
2192494646 2 140202 R 15.0 125 4 7417 478
2192557084 3 140224 R 17.0 120 5 7724 478
2196880581 3 140500 R 14.0 124 4 7975 479
2196984146 2 140489 R 21.0 117 6 7186 479
2201291956 2 140765 R 18.0 118 5 6874 480
2201354459 3 140787 R 20.0 118 6 7185 480
2201366185 1 140807 R 16.0 75 5 26896 257
2205693245 2 141047 R 12.0 95 3 7109 481
2205754551 1 141088 R 19.0 102 6 26920 258
2205756106 3 141068 R 14.0 125 4 7424 481
2210126491 3 141348 R 17.0 121 5 7728 482
2210144183 2 141332 R 21.0 118 6 7183 482
2214498322 3 141628 R 11.0 93 3 7393 483
2214561288 2 141614 R 15.0 126 4 7414 483
2218946835 2 141895 R 12.0 96 3 7395 484
2219009912 3 141917 R 20.0 119 6 7749 484
2223364538 3 142195 R 14.0 126 4 7419 485
2223426934 2 142182 R 18.0 119 5 7727 485
2227772340 1 142497 R 19.0 103 6 26920 259
2227791516 2 142461 R 21.0 119 6 7465 486
2227813016 3 142480 R 17.0 122 5 7442 486
2232161824 3 142758 R 20.0 120 6 7465 487
2232224300 2 142745 R 18.0 120 5 7732 487
2236563095 3 143040 R 11.0 94 3 7683 488
2236628066 2 143027 R 15.0 127 4 7704 488
2240933799 3 143320 R 20.0 121 6 7458 489
2240951431 2 143303 R 21.0 120 6 7744 489
2245368174 2 143586 R 12.0 97 3 7684 490
2245397978 3 143605 R 14.0 127 4 7702 490
2249754574 2 143867 R 18.0 121 5 8288 491
2249817169 3 143888 R 17.0 123 5 7723 491
2254146915 1 144185 R 19.0 104 6 27480 260
2254171895 3 144167 R 14.0 128 4 7698 492
2254234307 2 144153 R 21.0 121 6 7750 492
2258579709 1 144469 R 19.0 105 6 26351 261
2258598815 2 144433 R 15.0 128 4 7978 493
2258620311 3 144452 R 17.0 124 5 7724 493
2262981448 1 144751 R 19.0 106 6 25788 262
2263031723 2 144716 R 18.0 122 5 7724 494
2263037146 3 144734 R 11.0 95 3 7674 494
2267370799 3 145012 R 20.0 122 6 8025 495
2267433354 2 144998 R 21.0 122 6 7748 495
2267476759 1 145038 R 19.0 107 6 24950 263
2271803773 2 145278 R 18.0 123 5 7439 496
2271866240 3 145299 R 14.0 129 4 7983 496
2276176085 2 145558 R 15.0 129 4 7696 497
2276238559 3 145579 R 17.0 125 5 7723 497
2280624484 3 145860 R 14.0 130 4 7984 498
2280652298 1 145881 R 19.0 108 6 24946 264
2280686564 2 145846 R 12.0 98 3 7682 498
2285067068 2 146127 R 21.0 123 6 8031 499
2285100708 1 146166 R 19.0 109 6 24667 265
2285104197 3 146147 R 20.0 123 6 8032 499
2289406180 2 146404 R 21.0 124 6 7744 500
2289427292 3 146423 R 11.0 96 3 7676 500
2293839117 2 146688 R 15.0 130 4 7983 501
2293844927 3 146706 R 17.0 126 5 7722 501
2298242605 2 146970 R 18.0 124 5 8002 502
2298303193 3 146991 R 14.0 131 4 7991 502
2302673608 3 147271 R 20.0 124 6 8030 503
2302690808 2 147255 R 12.0 99 3 7678 503
2307012655 3 147549 R 14.0 132 4 7413 504
2307104942 1 147574 R 19.0 110 6 25511 266
2307108335 2 147537 R 21.0 125 6 7749 504
2311445596 3 147832 R 20.0 125 6 7463 505
2311459671 1 147853 R 19.0 111 6 25224 267
2311494400 2 147818 R 18.0 125 5 7724 505
2315847198 3 148114 R 17.0 127 5 7725 506
2315874488 2 148098 R 15.0 131 4 7982 506
2315886265 1 148136 R 16.0 76 5 25491 268
2320338635 2 148384 R 21.0 126 6 8030 507
2320342484 3 148402 R 20.0 126 6 7468 507
2324652297 3 148678 R 17.0 128 5 7714 508
2324695244 2 148663 R 18.0 126 5 7723 508
2329037960 3 148958 R 11.0 97 3 7673 509
2329050181 2 148942 R 15.0 132 4 7696 509
2333476990 2 149225 R 21.0 127 6 7462 510
2333480921 3 149243 R 14.0 133 4 7978 510
2333526312 1 149265 R 19.0 112 6 25793 269
2337909976 2 149509 R 15.0 133 4 7706 511
2337945101 3 149528 R 17.0 129 5 7726 511
2342252964 3 149804 R 20.0 127 6 7461 512
2342311459 2 149790 R 18.0 127 5 7724 512
2346681911 2 150070 R 12.0 100 3 7678 513
2346779503 3 150094 R 14.0 134 4 7420 513
2351145941 2 150356 R 21.0 128 6 8030 514
2351167452 3 150375 R 20.0 128 6 7467 514
2355578879 2 150639 R 15.0 134 4 7703 515
2355584751 3 150657 R 17.0 130 5 7728 515
2359898886 1 150953 R 19.0 113 6 26635 270
2359917520 3 150935 R 11.0 98 3 7680 516
2359982441 2 150921 R 18.0 128 5 7726 516
2364288364 3 151214 R 14.0 135 4 7696 517
2364305855 2 151198 R 21.0 129 6 7743 517
2368723087 2 151481 R 18.0 129 5 7721 518
2368785613 3 151502 R 17.0 131 5 7444 518
2373118852 2 151762 R 15.0 135 4 7984 519
2373171642 3 151783 R 14.0 136 4 7709 519
2377525917 3 152062 R 11.0 99 3 7676 520
2377614200 2 152050 R 21.0 130 6 7751 520
2381953319 2 152327 R 21.0 131 6 7464 521
2382015899 3 152349 R 20.0 129 6 8034 521
2386310001 2 152606 R 18.0 130 5 7725 522
2386323695 3 152625 R 17.0 132 5 7718 522
2386335475 1 152645 R 16.0 77 5 26893 271
2390725390 3 152906 R 14.0 137 4 7983 523
2390789741 2 152893 R 12.0 101 3 7678 523
2390831185 1 152933 R 19.0 114 6 26922 272
2395220752 3 153194 R 20.0 130 6 7749 524
2395238355 2 153178 R 15.0 136 4 7991 524
2399530541 2 153452 R 21.0 132 6 7461 525
2399559785 3 153472 R 17.0 133 5 7722 525
