92572714 2 5807 R 4.0 1 1 23 1
99846703 1 6054 R 5.0 1 1 13 1
108747521 2 6842 R 3.0 1 1 19 2
113102261 2 7121 R 6.0 1 2 40 3
117584082 1 7189 R 8.0 1 2 43 2
123403451 2 7780 R 7.0 1 2 40 4
126360048 1 7751 R 11.0 1 3 76 3
127758408 2 8059 R 10.0 1 3 60 5
141017710 2 8908 R 4.0 2 1 16 6
143995572 2 9098 R 9.0 1 3 66 7
148391550 2 9380 R 12.0 1 4 89 8
148416765 1 9163 R 5.0 2 1 21 4
149840746 2 9472 R 13.0 1 4 88 9
152737118 2 9658 R 3.0 2 1 294 10
152803058 1 9443 R 14.0 1 4 90 5
157157430 1 9722 R 8.0 2 2 39 6
157185252 2 9942 R 6.0 2 2 41 11
161606962 1 10007 R 17.0 1 5 116 7
176329842 2 11168 R 16.0 1 5 114 12
179225552 2 11353 R 18.0 1 6 136 13
179240501 1 11135 R 11.0 2 3 66 8
180653201 2 11444 R 10.0 2 3 345 14
183611537 2 11634 R 15.0 1 5 394 15
185070215 2 11727 R 7.0 2 2 329 16
188032253 1 11698 R 20.0 1 6 134 9
188053942 2 11918 R 9.0 2 3 345 17
189528690 2 12012 R 19.0 1 6 419 18
192393053 2 12196 R 3.0 3 1 300 19
193898833 2 12292 R 4.0 3 1 295 20
196818028 1 12260 R 14.0 2 4 86 10
196832116 2 12480 R 12.0 2 4 651 21
198259729 2 12571 R 13.0 2 4 367 22
201241387 1 12543 R 5.0 3 1 298 11
205622893 2 13042 R 6.0 3 2 40 23
210064162 1 13108 R 17.0 2 5 119 12
214449987 1 13389 R 8.0 3 2 319 13
215893439 2 13700 R 16.0 2 5 108 24
220278860 2 13980 R 7.0 3 2 37 25
223210144 1 13949 R 11.0 3 3 61 14
224759161 2 14267 R 19.0 2 6 135 26
227725303 2 14457 R 15.0 2 5 113 27
229082236 2 14544 R 10.0 3 3 60 28
232048916 2 14734 R 18.0 2 6 132 29
236465887 2 15016 R 9.0 3 3 347 30
236469290 1 14798 R 5.0 4 1 16 15
237904845 2 15108 R 4.0 4 1 14 31
240851380 2 15297 R 3.0 4 1 14 32
240887164 1 15081 R 20.0 2 6 134 16
245331343 2 15584 R 12.0 3 4 89 33
246696497 2 15671 R 13.0 3 4 81 34
249678372 1 15643 R 14.0 3 4 86 17
254060115 2 16142 R 6.0 4 2 37 35
255582156 2 16240 R 16.0 3 5 111 36
258563275 1 16212 R 8.0 4 2 45 18
267292919 1 16771 R 17.0 3 5 108 19
271709928 1 17053 R 11.0 4 3 62 20
273246850 2 17370 R 10.0 4 3 67 37
276095505 1 17334 R 5.0 5 1 15 21
277539434 2 17645 R 19.0 3 6 131 38
280495899 2 17834 R 18.0 3 6 133 39
282050193 2 17934 R 7.0 4 2 321 40
284990952 2 18122 R 3.0 5 1 309 41
289330284 2 18400 R 15.0 3 5 680 42
290810109 2 18494 R 4.0 5 1 16 43
293706290 2 18680 R 9.0 4 3 624 44
293792495 1 18467 R 20.0 3 6 136 22
295259165 2 18779 R 16.0 4 5 114 45
298115992 1 18743 R 14.0 4 4 373 23
299676406 2 19062 R 13.0 4 4 381 46
302570271 2 19247 R 12.0 4 4 369 47
306939999 2 19527 R 6.0 5 2 39 48
311343783 1 19590 R 11.0 5 3 62 24
315729954 1 19871 R 8.0 5 2 322 25
317278602 2 20188 R 10.0 5 3 66 49
320210044 1 20157 R 17.0 4 5 393 26
320215866 2 20376 R 15.0 4 5 113 50
324532769 1 20434 R 5.0 6 1 13 27
326038555 2 20749 R 7.0 5 2 39 51
329040490 2 20941 R 18.0 4 6 136 52
330466194 2 21032 R 19.0 4 6 134 53
333395127 2 21220 R 3.0 6 1 305 54
334904704 2 21316 R 4.0 6 1 305 55
337825949 2 21503 R 9.0 5 3 348 56
339290492 2 21597 R 13.0 5 4 88 57
346629412 1 21848 R 20.0 4 6 135 28
348051160 2 22158 R 16.0 5 5 108 58
350975873 2 22345 R 12.0 5 4 84 59
351030964 1 22130 R 14.0 5 4 374 29
355400804 1 22410 R 8.0 6 2 38 30
355408919 2 22629 R 6.0 6 2 328 60
364178896 1 22971 R 11.0 6 3 59 31
365715599 2 23288 R 7.0 6 2 41 61
368689917 1 23260 R 5.0 7 1 299 32
373027314 2 23756 R 18.0 5 6 133 62
373105430 1 23543 R 17.0 5 5 397 33
374470300 2 23849 R 10.0 6 3 60 63
377477522 2 24041 R 9.0 6 3 350 64
378871980 2 24130 R 4.0 7 1 297 65
381894881 2 24324 R 3.0 7 1 301 66
383279671 2 24412 R 19.0 5 6 413 67
386294698 2 24605 R 15.0 5 5 968 68
387727744 2 24697 R 13.0 6 4 86 69
390691995 1 24668 R 14.0 6 4 91 34
395031454 1 24946 R 20.0 5 6 132 35
399464151 1 25230 R 8.0 7 2 323 36
400956440 2 25544 R 16.0 6 5 110 70
403912390 2 25733 R 12.0 6 4 88 71
408271093 1 25793 R 11.0 7 3 62 37
408282648 2 26013 R 6.0 7 2 40 72
412641222 1 26073 R 5.0 8 1 13 38
412747279 2 26298 R 15.0 6 5 116 73
414153102 2 26388 R 10.0 7 3 63 74
417054500 2 26574 R 3.0 8 1 13 75
417105911 1 26359 R 17.0 6 5 109 39
418632551 2 26675 R 7.0 7 2 44 76
425862275 2 27138 R 18.0 6 6 131 77
430349458 1 27206 R 14.0 7 4 89 40
430357415 2 27425 R 9.0 7 3 355 78
431767140 2 27516 R 4.0 8 1 15 79
434751418 1 27488 R 20.0 6 6 135 41
436184948 2 27798 R 19.0 6 6 130 80
440570934 2 28079 R 13.0 7 4 369 81
449456184 2 28648 R 16.0 7 5 112 82
452337892 1 28614 R 8.0 8 2 39 42
456751387 2 29115 R 12.0 7 4 86 83
461208094 1 29181 R 17.0 7 5 113 43
461217182 2 29400 R 6.0 8 2 44 84
462590290 2 29488 R 10.0 8 3 61 85
465515409 1 29457 R 11.0 8 3 61 44
465541081 2 29677 R 3.0 9 1 297 86
467007305 2 29771 R 7.0 8 2 39 87
469916864 1 29739 R 5.0 9 1 13 45
469958468 2 29960 R 18.0 7 6 414 88
474412869 1 30026 R 20.0 7 6 136 46
474420703 2 30245 R 15.0 7 5 396 89
475809299 2 30334 R 19.0 7 6 130 90
478751916 1 30304 R 14.0 8 4 372 47
480304360 2 30622 R 4.0 9 1 309 91
483227110 2 30809 R 9.0 8 3 65 92
484602668 2 30897 R 13.0 8 4 647 93
496400813 1 31434 R 8.0 9 2 39 48
497830947 2 31744 R 16.0 8 5 109 94
505220299 2 32217 R 18.0 8 6 133 95
509559364 2 32494 R 15.0 8 5 106 96
511027627 2 32588 R 10.0 9 3 60 97
513978680 2 32777 R 12.0 8 4 364 98
514019482 1 32561 R 17.0 8 5 109 49
515470074 2 32873 R 7.0 9 2 38 99
518389845 1 32841 R 20.0 8 6 132 50
518458946 2 33064 R 3.0 10 1 305 100
519935307 2 33158 R 4.0 10 1 306 101
522782092 2 33341 R 6.0 9 2 603 102
522854152 1 33127 R 11.0 9 3 345 51
524248837 2 33434 R 19.0 8 6 410 103
527210770 1 33405 R 14.0 9 4 652 52
527228420 2 33625 R 9.0 9 3 343 104
531688619 1 33692 R 5.0 10 1 301 53
533164919 2 34005 R 13.0 9 4 90 105
549275308 1 34818 R 8.0 10 2 39 54
553614462 1 35095 R 17.0 9 5 107 55
553685045 2 35318 R 6.0 10 2 41 106
555142345 2 35412 R 16.0 9 5 110 107
558047320 1 35379 R 11.0 10 3 62 56
558055559 2 35598 R 18.0 9 6 132 108
559507060 2 35691 R 10.0 10 3 350 109
562448939 1 35661 R 20.0 9 6 130 57
562519671 2 35884 R 12.0 9 4 372 110
563939824 2 35975 R 4.0 11 1 294 111
566939051 2 36167 R 15.0 9 5 680 112
566944828 1 35948 R 14.0 10 4 375 58
568341391 2 36256 R 7.0 10 2 611 113
571354408 2 36449 R 3.0 11 1 307 114
572748664 2 36538 R 19.0 9 6 977 115
575724277 2 36729 R 9.0 10 3 65 116
580094218 1 36790 R 5.0 11 1 16 59
586008114 2 37387 R 13.0 10 4 88 117
594830874 2 37952 R 10.0 11 3 65 118
597668100 1 37915 R 17.0 10 5 104 60
597685733 2 38134 R 12.0 10 4 84 119
599216709 2 38232 R 4.0 12 1 18 120
602118994 2 38418 R 18.0 10 6 132 121
602147957 1 38201 R 20.0 10 6 135 61
606520688 2 38700 R 15.0 10 5 109 122
606595897 1 38486 R 14.0 11 4 90 62
610888393 1 38761 R 8.0 11 2 319 63
610890783 2 38979 R 6.0 11 2 320 123
612383035 2 39075 R 19.0 10 6 413 124
615399194 1 39049 R 11.0 11 3 65 64
616831297 2 39360 R 7.0 11 2 326 125
619759997 2 39547 R 3.0 12 1 17 126
621248789 2 39642 R 16.0 10 5 675 127
628598425 2 40113 R 9.0 11 3 69 128
637401222 1 40458 R 5.0 12 1 14 65
638850662 2 40769 R 4.0 13 1 17 129
641740917 1 40735 R 17.0 11 5 106 66
643205674 2 41048 R 13.0 11 4 84 130
646173349 1 41019 R 14.0 12 4 87 67
646217174 2 41240 R 15.0 11 5 117 131
650575109 1 41301 R 8.0 12 2 320 68
652060107 2 41614 R 19.0 11 6 132 132
654992560 2 41802 R 12.0 11 4 86 133
656477275 2 41897 R 10.0 12 3 352 134
659351316 1 41862 R 20.0 11 6 131 69
659457085 2 42088 R 18.0 11 6 137 135
663764346 2 42363 R 6.0 12 2 37 136
663814897 1 42148 R 11.0 12 3 64 70
665268775 2 42460 R 16.0 11 5 108 137
668165922 2 42645 R 3.0 13 1 13 138
669748364 2 42746 R 7.0 12 2 325 139
677066925 2 43215 R 9.0 12 3 67 140
678476882 2 43305 R 4.0 14 1 15 141
681451054 1 43277 R 17.0 12 5 119 71
682894341 2 43588 R 13.0 12 4 86 142
685805634 1 43555 R 5.0 13 1 296 72
690236702 1 43839 R 14.0 13 4 369 73
691685876 2 44150 R 10.0 13 3 61 143
694700231 1 44125 R 8.0 13 2 44 74
696166074 2 44437 R 19.0 12 6 137 144
699028702 2 44620 R 15.0 12 5 108 145
703413969 1 44682 R 11.0 13 3 60 75
703461481 2 44904 R 12.0 12 4 365 146
707863097 2 45186 R 18.0 12 6 134 147
709299943 2 45278 R 7.0 13 2 37 148
712221503 1 45246 R 20.0 12 6 132 76
712233235 2 45465 R 6.0 13 2 326 149
718117475 2 45842 R 16.0 12 5 112 150
721073209 2 46031 R 9.0 13 3 63 151
721122258 1 45816 R 17.0 13 5 113 77
722509096 2 46123 R 4.0 15 1 304 152
725461140 1 46093 R 14.0 14 4 84 78
725535854 2 46317 R 3.0 14 1 308 153
729893663 1 46377 R 5.0 14 1 17 79
735799680 2 46974 R 13.0 13 4 88 154
738748234 2 47162 R 12.0 13 4 89 155
740123649 2 47250 R 19.0 13 6 130 156
743106241 1 47223 R 8.0 14 2 40 80
744540403 2 47533 R 10.0 14 3 61 157
747523838 2 47724 R 6.0 14 2 40 158
748926172 2 47814 R 7.0 14 2 36 159
751863575 2 48002 R 15.0 13 5 111 160
751882879 1 47784 R 20.0 13 6 131 81
756296518 2 48285 R 18.0 13 6 133 161
756346503 1 48070 R 11.0 14 3 64 82
760697493 2 48567 R 9.0 14 3 61 162
760779725 1 48354 R 17.0 14 5 115 83
765192897 2 48855 R 3.0 15 1 20 163
770991495 2 49226 R 16.0 13 5 108 164
773992089 1 49199 R 14.0 15 4 89 84
775476874 2 49513 R 4.0 16 1 306 165
778362160 1 49479 R 5.0 15 1 17 85
784174435 2 50070 R 13.0 14 4 82 166
787124748 2 50258 R 6.0 15 2 37 167
788685502 2 50358 R 10.0 15 3 67 168
791510881 2 50539 R 12.0 14 4 85 169
795917988 1 50603 R 11.0 15 3 63 86
795991033 2 50826 R 18.0 14 6 133 170
797446092 2 50919 R 19.0 14 6 134 171
800351450 1 50886 R 20.0 14 6 131 87
800439724 2 51111 R 15.0 14 5 114 172
801894338 2 51204 R 7.0 15 2 324 173
804731181 2 51385 R 9.0 15 3 60 174
804752655 1 51168 R 8.0 15 2 324 88
809248288 1 51456 R 17.0 15 5 115 89
810717396 2 51768 R 16.0 14 5 115 175
815102667 2 52049 R 4.0 17 1 19 176
818053127 2 52238 R 3.0 16 1 19 177
822397860 1 52297 R 5.0 16 1 16 90
823863150 2 52610 R 13.0 15 4 86 178
826830878 1 52581 R 14.0 16 4 90 91
835650102 2 53364 R 12.0 15 4 88 179
837122674 2 53458 R 10.0 16 3 64 180
839989463 2 53642 R 6.0 16 2 316 181
840043950 1 53427 R 20.0 15 6 134 92
841540328 2 53741 R 19.0 15 6 136 182
844414209 1 53706 R 8.0 16 2 320 93
844422497 2 53925 R 18.0 15 6 415 183
845926086 2 54022 R 7.0 16 2 325 184
848824113 2 54207 R 15.0 15 5 679 185
848878491 1 53992 R 11.0 16 3 348 94
853186284 1 54268 R 17.0 16 5 108 95
853194166 2 54487 R 9.0 16 3 341 186
854685932 2 54582 R 4.0 18 1 14 187
857657991 2 54773 R 3.0 17 1 17 188
863540584 2 55149 R 16.0 15 5 111 189
866463156 1 55118 R 14.0 17 4 86 96
867957809 2 55432 R 13.0 16 4 373 190
870894137 1 55401 R 5.0 17 1 298 97
875307366 2 55902 R 6.0 17 2 42 191
876748944 2 55994 R 10.0 17 3 63 192
879709120 2 56184 R 12.0 16 4 89 193
881104126 2 56273 R 19.0 16 6 132 194
884044440 1 56243 R 20.0 16 6 131 98
888477144 1 56526 R 8.0 17 2 319 99
888485493 2 56745 R 18.0 16 6 133 195
892949378 2 57031 R 9.0 17 3 348 196
894341449 2 57120 R 7.0 17 2 38 197
897257390 2 57307 R 15.0 16 5 390 198
898780586 2 57404 R 4.0 19 1 300 199
901689947 1 57372 R 11.0 17 3 63 100
906140791 1 57657 R 17.0 17 5 114 101
910469596 2 58153 R 3.0 18 1 13 200
910524676 1 57937 R 5.0 18 1 301 102
916383346 2 58531 R 16.0 16 5 111 201
920863086 2 58818 R 10.0 18 3 354 202
923730896 2 59001 R 6.0 18 2 40 203
923768378 1 58785 R 14.0 18 4 88 103
925186571 2 59094 R 19.0 17 6 414 204
928148741 2 59284 R 18.0 17 6 135 205
928170401 1 59067 R 20.0 17 6 136 104
929603879 2 59377 R 13.0 17 4 658 206
932534731 2 59565 R 12.0 17 4 369 207
932540133 1 59346 R 8.0 18 2 39 105
937014469 2 59851 R 15.0 17 5 396 208
938394674 2 59940 R 7.0 18 2 38 209
941337323 2 60128 R 9.0 18 3 61 210
942874602 2 60226 R 4.0 20 1 19 211
945815253 1 60196 R 5.0 19 1 20 106
950123301 1 60472 R 11.0 18 3 61 107
954565586 2 60975 R 3.0 19 1 16 212
958930907 1 61035 R 17.0 18 5 107 108
960415090 2 61349 R 16.0 17 5 108 213
964832317 2 61632 R 19.0 18 6 133 214
967834872 2 61824 R 6.0 19 2 43 215
969218307 2 61912 R 13.0 18 4 368 216
972205993 2 62104 R 18.0 18 6 134 217
973697709 2 62199 R 10.0 19 3 66 218
976544987 2 62381 R 15.0 18 5 108 219
976642750 1 62169 R 20.0 18 6 137 109
980977432 2 62665 R 12.0 18 4 85 220
980981863 1 62447 R 14.0 19 4 369 110
982426408 2 62758 R 4.0 21 1 13 221
985378822 2 62947 R 9.0 19 3 62 222
985414620 1 62730 R 8.0 19 2 325 111
991249242 2 63322 R 7.0 19 2 37 223
998626965 1 63576 R 11.0 19 3 62 112
1002997101 1 63856 R 5.0 20 1 15 113
1003090797 2 64080 R 3.0 20 1 20 224
1008852330 2 64449 R 16.0 18 5 115 225
1011806064 2 64638 R 6.0 20 2 36 226
1011867492 1 64423 R 17.0 19 5 110 114
1013332070 2 64736 R 19.0 19 6 134 227
1016192809 2 64919 R 15.0 19 5 112 228
1017780610 2 65020 R 13.0 19 4 376 229
1025078019 2 65487 R 18.0 19 6 135 230
1025111258 1 65271 R 20.0 19 6 137 115
1026472047 2 65577 R 10.0 20 3 59 231
1029512645 1 65553 R 8.0 20 2 328 116
1029526475 2 65772 R 12.0 19 4 376 232
1030989079 2 65866 R 4.0 22 1 298 233
1033883401 1 65832 R 14.0 20 4 369 117
1038221997 1 66110 R 11.0 20 3 59 118
1038223668 2 66329 R 9.0 20 3 59 234
1039748914 2 66426 R 7.0 20 2 40 235
1051452564 1 66957 R 17.0 20 5 107 119
1053008661 2 67275 R 13.0 20 4 89 236
1055867740 1 67239 R 5.0 21 1 298 120
1057426316 2 67558 R 16.0 19 5 115 237
1060366368 2 67746 R 6.0 21 2 46 238
1064737142 2 68026 R 3.0 21 1 307 239
1066217821 2 68120 R 19.0 20 6 135 240
1069076552 2 68303 R 18.0 20 6 414 241
1069173601 1 68091 R 8.0 21 2 43 121
1073512942 1 68369 R 14.0 21 4 94 122
1073577778 2 68591 R 15.0 20 5 396 242
1074940548 2 68679 R 10.0 21 3 60 243
1077946407 1 68652 R 20.0 20 6 135 123
1077963351 2 68872 R 12.0 20 4 90 244
1079426334 2 68966 R 4.0 23 1 307 245
1082318317 2 69151 R 9.0 21 3 353 246
1086752929 1 69216 R 11.0 21 3 64 124
1091123708 1 69496 R 17.0 21 5 109 125
1097059783 2 70094 R 7.0 21 2 44 247
1099982826 2 70281 R 3.0 22 1 18 248
1099992774 1 70063 R 5.0 22 1 19 126
1105851435 2 70657 R 13.0 21 4 86 249
1108800356 2 70846 R 15.0 21 5 113 250
1113201332 2 71127 R 6.0 22 2 41 251
1114612232 2 71218 R 16.0 20 5 396 252
1117572409 2 71407 R 18.0 21 6 134 253
1122034003 1 71474 R 8.0 22 2 43 127
1123507122 2 71787 R 19.0 21 6 136 254
1126388921 1 71753 R 14.0 22 4 86 128
1126441549 2 71975 R 12.0 21 4 90 255
1127814884 2 72063 R 4.0 24 1 296 256
1130749257 2 72250 R 9.0 22 3 61 257
1130837471 1 72037 R 11.0 22 3 66 129
1132269329 2 72348 R 10.0 22 3 346 258
1135255120 1 72320 R 20.0 21 6 138 130
1139641040 1 72601 R 17.0 22 5 404 131
1148370082 2 73378 R 15.0 22 5 108 259
1152806246 1 73443 R 5.0 23 1 15 132
1152863121 2 73666 R 3.0 23 1 304 260
1154333390 2 73760 R 7.0 22 2 43 261
1158672926 2 74038 R 13.0 22 4 86 262
1161607384 2 74225 R 6.0 23 2 39 263
1166040868 2 74509 R 18.0 22 6 132 264
1166044440 1 74291 R 14.0 23 4 87 133
1167497922 2 74602 R 16.0 21 5 109 265
1170442575 2 74791 R 12.0 22 4 374 266
1170477369 1 74574 R 11.0 23 3 66 134
1171912907 2 74885 R 4.0 25 1 301 267
1174812669 2 75070 R 9.0 23 3 346 268
1174879330 1 74856 R 20.0 22 6 137 135
1176283623 2 75165 R 19.0 22 6 131 269
1179249469 1 75136 R 8.0 23 2 321 136
1180747276 2 75450 R 10.0 23 3 64 270
1183713998 1 75422 R 17.0 23 5 395 137
1198396615 2 76580 R 13.0 23 4 93 271
1201255811 2 76763 R 15.0 23 5 109 272
1205692206 1 76828 R 14.0 24 4 87 138
1205735267 2 77049 R 3.0 24 1 308 273
1207203707 2 77144 R 7.0 23 2 43 274
1210045120 1 77107 R 5.0 24 1 300 139
1210058757 2 77326 R 6.0 24 2 602 275
1214476136 2 77609 R 18.0 23 6 695 276
1214540360 1 77394 R 11.0 24 3 66 140
1215980106 2 77705 R 19.0 23 6 134 277
1218862252 2 77890 R 12.0 23 4 649 278
1218879883 1 77672 R 17.0 24 5 108 141
1220352343 2 77985 R 16.0 22 5 109 279
1223277263 2 78172 R 9.0 24 3 908 280
1223312682 1 77956 R 20.0 23 6 133 142
1224751975 2 78267 R 4.0 26 1 301 281
1232119357 1 78520 R 8.0 24 2 39 143
1233558794 2 78830 R 10.0 24 3 62 282
1240988812 2 79306 R 6.0 25 2 44 283
1245327877 2 79583 R 3.0 25 1 16 284
1246865112 2 79682 R 13.0 24 4 91 285
1249706084 1 79645 R 5.0 25 1 14 144
1249760708 2 79867 R 9.0 25 3 65 286
1251204205 2 79960 R 7.0 24 2 38 287
1254170422 1 79931 R 14.0 25 4 88 145
1255637562 2 80243 R 19.0 24 6 135 288
1258568544 2 80431 R 18.0 24 6 134 289
1258603818 1 80214 R 17.0 25 5 112 146
1260038469 2 80525 R 4.0 27 1 18 290
1262938987 2 80711 R 12.0 24 4 370 291
1263005367 1 80496 R 20.0 24 6 136 147
1267402974 2 80996 R 15.0 24 5 681 292
1271780767 1 81058 R 11.0 25 3 64 148
1273220702 2 81369 R 16.0 23 5 109 293
1280521159 2 81836 R 6.0 26 2 35 294
1282089788 2 81936 R 10.0 25 3 64 295
1286397578 2 82212 R 13.0 25 4 84 296
1289369598 1 82184 R 8.0 25 2 38 149
1293769546 1 82465 R 5.0 26 1 298 150
1298171313 1 82747 R 17.0 26 5 109 151
1298204603 2 82968 R 15.0 25 5 109 297
1299735200 2 83066 R 4.0 28 1 20 298
1302635162 2 83251 R 3.0 26 1 296 299
1302666400 1 83035 R 14.0 26 4 90 152
1304105421 2 83345 R 7.0 25 2 42 300
1306973910 2 83529 R 9.0 26 3 61 301
1307005839 1 83312 R 20.0 25 6 133 153
1312850630 2 83905 R 19.0 25 6 130 302
1315843756 1 83878 R 11.0 26 3 64 154
1315877380 2 84099 R 18.0 25 6 419 303
1317283615 2 84189 R 16.0 24 5 397 304
1320292624 2 84381 R 12.0 25 4 374 305
1329058249 1 84724 R 8.0 26 2 40 155
1329067905 2 84943 R 6.0 27 2 41 306
1330495805 2 85034 R 10.0 26 3 63 307
1333427020 1 85003 R 5.0 27 1 304 156
1337812495 2 85502 R 3.0 27 1 14 308
1342245987 2 85786 R 15.0 26 5 109 309
1343677125 2 85878 R 13.0 26 4 82 310
1346646892 2 86068 R 9.0 27 3 62 311
1351107841 1 86135 R 17.0 27 5 123 157
1352547364 2 86445 R 19.0 26 6 134 312
1355415766 1 86410 R 14.0 27 4 367 158
1355423602 2 86630 R 18.0 26 6 130 313
1356979461 2 86729 R 4.0 29 1 19 314
1359887566 2 86915 R 12.0 26 4 367 315
1359942385 1 86700 R 11.0 27 3 347 159
1361381004 2 87011 R 7.0 26 2 42 316
1364312738 1 86980 R 20.0 26 6 416 160
1365752196 2 87291 R 16.0 25 5 110 317
1368651334 1 87258 R 5.0 28 1 13 161
1373130775 2 87763 R 6.0 28 2 42 318
1374621296 2 87858 R 10.0 27 3 66 319
1381877984 2 88323 R 15.0 27 5 109 320
1381895108 1 88105 R 8.0 27 2 39 162
1386326255 2 88607 R 3.0 28 1 304 321
1390702393 1 88669 R 14.0 28 4 86 163
1390772785 2 88892 R 9.0 28 3 348 322
1392146037 2 88980 R 19.0 27 6 130 323
1395073361 1 88949 R 17.0 28 5 108 164
1399486592 2 89450 R 18.0 27 6 131 324
1399537284 1 89234 R 11.0 28 3 342 165
1400952959 2 89543 R 13.0 27 4 82 325
1403888074 2 89731 R 12.0 27 4 363 326
1405448347 2 89831 R 7.0 27 2 330 327
1408375652 1 89800 R 20.0 27 6 134 166
1409787002 2 90109 R 4.0 30 1 15 328
1417182342 1 90364 R 5.0 29 1 18 167
1418626223 2 90675 R 16.0 26 5 111 329
1421552580 1 90643 R 8.0 28 2 39 168
1421554361 2 90862 R 6.0 29 2 38 330
1423027294 2 90956 R 10.0 28 3 63 331
1425939006 2 91143 R 3.0 29 1 302 332
1434777486 2 91708 R 15.0 28 5 111 333
1434827889 1 91493 R 11.0 29 3 67 169
1439136354 1 91769 R 17.0 29 5 106 170
1439178390 2 91990 R 9.0 29 3 64 334
1440614547 2 92082 R 19.0 28 6 131 335
1443537429 1 92050 R 14.0 29 4 84 171
1443549504 2 92270 R 18.0 28 6 131 336
1445078219 2 92367 R 7.0 28 2 41 337
1448013154 2 92555 R 12.0 28 4 89 338
1448033130 1 92338 R 20.0 28 6 137 172
1458322139 2 93215 R 13.0 28 4 91 339
1461182764 1 93180 R 5.0 30 1 14 173
1465615630 1 93463 R 8.0 29 2 40 174
1467131636 2 93779 R 16.0 27 5 115 340
1469991617 2 93962 R 6.0 30 2 39 341
1471455102 2 94056 R 4.0 31 1 297 342
1474471767 2 94249 R 3.0 30 1 308 343
1475839162 2 94336 R 10.0 29 3 340 344
1478840476 2 94528 R 15.0 29 5 393 345
1483178869 2 94806 R 9.0 30 3 59 346
1483234314 1 94591 R 17.0 30 5 111 175
1487604862 1 94871 R 14.0 30 4 368 176
1487612372 2 95090 R 18.0 29 6 130 347
1489083061 2 95184 R 19.0 29 6 131 348
1492014058 2 95371 R 12.0 29 4 367 349
1492068853 1 95156 R 11.0 30 3 347 177
1493484233 2 95465 R 7.0 29 2 38 350
1500907162 1 95722 R 20.0 29 6 138 178
1506790727 2 96317 R 13.0 29 4 91 351
1509725256 2 96505 R 3.0 31 1 20 352
1511129537 2 96595 R 4.0 32 1 15 353
1514065130 2 96783 R 15.0 30 5 109 354
1514119352 1 96568 R 5.0 31 1 19 179
1518489523 1 96847 R 8.0 30 2 41 180
1518497307 2 97066 R 6.0 31 2 42 355
1519968634 2 97160 R 16.0 28 5 111 356
1522898841 2 97348 R 9.0 31 3 63 357
1524370225 2 97442 R 10.0 30 3 347 358
1531640307 1 97689 R 17.0 31 5 107 181
1533145404 2 98004 R 7.0 30 2 38 359
1536072951 1 97973 R 11.0 31 3 62 182
1536081000 2 98192 R 18.0 30 6 133 360
1537610353 2 98289 R 19.0 30 6 137 361
1540474369 1 98254 R 14.0 31 4 84 183
1540544990 2 98477 R 12.0 30 4 376 362
1544970210 1 98542 R 20.0 30 6 139 184
1553775244 2 99324 R 15.0 31 5 112 363
1555134157 2 99411 R 13.0 30 4 82 364
1558190274 2 99607 R 3.0 32 1 304 365
1559600633 2 99697 R 16.0 29 5 118 366
1562495880 1 99664 R 8.0 31 2 37 185
1564049024 2 99982 R 4.0 33 1 303 367
1566958521 1 99949 R 5.0 32 1 307 186
1566966144 2 100168 R 6.0 32 2 42 368
1568371147 2 100258 R 10.0 31 3 626 369
1575710783 2 100728 R 9.0 32 3 61 370
1575766214 1 100513 R 17.0 32 5 112 187
1580144282 2 101012 R 18.0 31 6 130 371
1581614969 2 101106 R 19.0 31 6 131 372
1584541811 1 101075 R 14.0 32 4 85 188
1584545536 2 101293 R 12.0 31 4 86 373
1586016551 2 101387 R 7.0 31 2 326 374
1593411785 1 101642 R 20.0 31 6 137 189
1594792100 2 101949 R 13.0 31 4 83 375
1597719593 1 101918 R 11.0 32 3 347 190
1602132152 2 102419 R 3.0 33 1 13 376
1608067181 2 102799 R 10.0 32 3 64 377
1611035629 2 102989 R 15.0 32 5 113 378
1611056651 1 102771 R 5.0 33 1 20 191
1612486978 2 103082 R 16.0 30 5 111 379
1615421054 2 103269 R 6.0 33 2 42 380
1615426960 1 103051 R 8.0 32 2 41 192
1616901917 2 103364 R 4.0 34 1 301 381
1619775798 2 103548 R 9.0 33 3 62 382
1624224963 2 103833 R 18.0 32 6 135 383
1628641737 2 104115 R 12.0 32 4 89 384
1630083462 2 104208 R 19.0 32 6 134 385
1632983244 1 104175 R 17.0 33 5 107 193
1634547135 2 104493 R 7.0 32 2 43 386
1637416241 1 104458 R 11.0 33 3 350 194
1641817791 1 104740 R 14.0 33 4 645 195
1646188085 1 105020 R 20.0 32 6 695 196
1647666135 2 105333 R 13.0 32 4 84 387
1650596762 2 105521 R 3.0 34 1 23 388
1652068078 2 105615 R 16.0 31 5 107 389
1656518652 2 105900 R 10.0 33 3 352 390
1660902415 2 106180 R 4.0 35 1 305 391
1663868182 1 106151 R 8.0 33 2 40 197
1663903238 2 106372 R 6.0 34 2 43 392
1668242908 2 106650 R 18.0 33 6 132 393
1668301000 1 106435 R 5.0 34 1 19 198
1672675776 2 106934 R 15.0 33 5 396 394
1672703229 1 106717 R 17.0 34 5 111 199
1674145821 2 107028 R 7.0 33 2 40 395
1677073776 1 106997 R 11.0 34 3 347 200
1677077157 2 107215 R 9.0 34 3 353 396
1681537763 1 107282 R 14.0 34 4 654 201
1682953784 2 107591 R 19.0 33 6 132 397
1685870915 2 107778 R 12.0 33 4 648 398
1690251071 1 107840 R 20.0 33 6 132 202
1691729129 2 108153 R 13.0 33 4 86 399
1696192934 2 108439 R 4.0 36 1 17 400
1700626637 2 108723 R 16.0 32 5 111 401
1703503981 2 108907 R 3.0 35 1 16 402
1705028044 2 109004 R 10.0 34 3 348 403
1707868664 1 108967 R 8.0 34 2 36 203
1712364257 1 109255 R 11.0 35 3 73 204
1712368395 2 109474 R 18.0 34 6 137 404
1713803286 2 109566 R 7.0 34 2 41 405
1716738534 2 109754 R 6.0 35 2 326 406
1721077946 2 110031 R 15.0 34 5 107 407
1721108590 1 109815 R 5.0 35 1 15 205
1725510586 2 110315 R 9.0 35 3 347 408
1725542277 1 110099 R 17.0 35 5 110 206
1726954266 2 110407 R 19.0 34 6 130 409
1729912053 2 110597 R 12.0 34 4 85 410
1729943776 1 110380 R 20.0 34 6 133 207
1734314068 1 110660 R 14.0 35 4 370 208
1740198051 2 111255 R 16.0 33 5 110 411
1744599586 2 111537 R 10.0 35 3 341 412
1747588764 1 111510 R 8.0 35 2 41 209
1748987649 2 111818 R 13.0 34 4 649 413
1752021737 1 111793 R 11.0 36 3 67 210
1752029208 2 112012 R 6.0 36 2 41 414
1753433904 2 112102 R 4.0 37 1 301 415
1756368249 2 112290 R 3.0 36 1 15 416
1760801753 2 112574 R 18.0 35 6 135 417
1766677312 2 112950 R 7.0 35 2 41 418
1774014415 2 113419 R 15.0 35 5 109 419
1774047068 1 113203 R 5.0 36 1 22 211
1778371318 1 113480 R 20.0 35 6 131 212
1778384529 2 113699 R 9.0 36 3 339 420
1782788432 1 113762 R 17.0 36 5 389 213
1782848987 2 113985 R 12.0 35 4 663 421
1784296116 2 114077 R 19.0 35 6 134 422
1787174001 1 114043 R 14.0 36 4 84 214
1788666555 2 114357 R 10.0 36 3 341 423
1793038791 2 114637 R 16.0 34 5 388 424
1795967187 2 114824 R 6.0 37 2 36 425
1796059259 1 114612 R 11.0 37 3 65 215
1797549678 2 114926 R 4.0 38 1 298 426
1800383058 1 114888 R 8.0 36 2 319 216
1800494461 2 115114 R 18.0 36 6 138 427
1801965128 2 115208 R 13.0 35 4 654 428
1809269619 2 115676 R 3.0 37 1 18 429
1813609029 2 115953 R 12.0 36 4 84 430
1818016942 1 116017 R 20.0 36 6 133 217
1822447118 2 116519 R 9.0 37 3 63 431
1822475270 1 116302 R 17.0 37 5 110 218
1823974433 2 116617 R 7.0 36 2 43 432
1826849471 2 116801 R 15.0 36 5 109 433
1826882469 1 116584 R 5.0 37 1 298 219
1832797610 2 117181 R 10.0 37 3 67 434
1835736263 1 117151 R 11.0 38 3 67 220
1837183889 2 117462 R 19.0 36 6 134 435
1840030755 2 117644 R 18.0 37 6 130 436
1841501644 2 117739 R 13.0 36 4 367 437
1844434017 1 117708 R 14.0 37 4 86 221
1845965405 2 118024 R 4.0 39 1 305 438
1848944902 1 117996 R 8.0 37 2 44 222
1850404344 2 118308 R 16.0 35 5 393 439
1853338541 2 118496 R 6.0 38 2 43 440
1857724990 2 118777 R 3.0 38 1 304 441
1862111189 1 118839 R 20.0 37 6 134 223
1862140450 2 119059 R 12.0 37 4 370 442
1866510736 2 119339 R 15.0 37 5 109 443
1872421533 2 119717 R 7.0 37 2 42 444
1875370901 1 119688 R 17.0 38 5 112 224
1879785245 2 120189 R 9.0 38 3 66 445
1879787384 1 119970 R 5.0 38 1 20 225
1881197410 2 120279 R 4.0 40 1 16 446
1884093815 2 120464 R 18.0 38 6 132 447
1884173516 1 120251 R 14.0 38 4 89 226
1885661668 2 120565 R 10.0 38 3 67 448
1888528670 1 120530 R 11.0 39 3 347 227
1889970140 2 120840 R 19.0 37 6 131 449
1892976656 1 120814 R 8.0 38 2 41 228
1894371635 2 121122 R 13.0 37 4 368 450
1897305758 2 121310 R 3.0 39 1 13 451
1898866926 2 121410 R 16.0 36 5 674 452
1906205483 1 121661 R 20.0 38 6 137 229
1906206632 2 121880 R 6.0 39 2 45 453
1910546382 2 122157 R 15.0 38 5 109 454
1914979317 2 122441 R 12.0 38 4 372 455
1914996934 1 122224 R 17.0 39 5 110 230
1916422148 2 122533 R 7.0 38 2 38 456
1920854883 2 122817 R 4.0 41 1 17 457
1923756860 1 122784 R 14.0 39 4 85 231
1928246803 1 123072 R 11.0 40 3 348 232
1929662155 2 123381 R 13.0 38 4 87 458
1932597400 2 123569 R 18.0 39 6 133 459
1932622682 1 123352 R 5.0 39 1 298 233
1934032718 2 123661 R 10.0 39 3 60 460
1936967601 2 123848 R 9.0 39 3 339 461
1938497123 2 123946 R 19.0 38 6 134 462
1942929904 2 124230 R 16.0 37 5 114 463
1950224876 1 124478 R 8.0 39 2 47 234
1950242273 2 124698 R 3.0 40 1 17 464
1954675359 2 124982 R 12.0 39 4 98 465
1956142113 2 125076 R 7.0 39 2 43 466
1958985702 1 125039 R 20.0 39 6 132 235
1959076745 2 125263 R 6.0 40 2 43 467
1963434308 1 125324 R 17.0 40 5 110 236
1963447823 2 125543 R 15.0 39 5 111 468
1967851442 1 125606 R 11.0 41 3 355 237
1972236993 1 125887 R 14.0 40 4 85 238
1973728903 2 126201 R 4.0 42 1 17 469
1976597260 2 126385 R 9.0 40 3 58 470
1978068166 2 126479 R 13.0 39 4 83 471
1981030756 2 126668 R 18.0 40 6 132 472
1982501638 2 126763 R 10.0 40 3 346 473
1985527540 1 126738 R 5.0 40 1 20 239
1989851152 1 127014 R 8.0 40 2 38 240
1991308651 2 127326 R 16.0 38 5 107 474
1995803937 2 127614 R 19.0 39 6 137 475
1998713039 2 127800 R 12.0 40 4 89 476
2003036744 2 128077 R 3.0 41 1 300 477
2004548105 2 128174 R 7.0 40 2 39 478
2007453937 2 128359 R 6.0 41 2 608 479
2007485439 1 128143 R 17.0 41 5 110 241
2011871487 1 128424 R 11.0 42 3 345 242
2011916313 2 128645 R 15.0 40 5 393 480
2013386361 2 128739 R 4.0 43 1 18 481
2016317335 2 128927 R 9.0 41 3 64 482
2016351236 1 128710 R 20.0 40 6 137 243
2017788123 2 129021 R 10.0 41 3 69 483
2025079759 1 129269 R 14.0 41 4 84 244
2025093806 2 129488 R 18.0 41 6 132 484
2029496838 1 129552 R 8.0 41 2 39 245
2033882903 1 129832 R 5.0 41 1 13 246
2035375650 2 130146 R 19.0 40 6 131 485
2038368469 2 130338 R 12.0 41 4 88 486
2039839644 2 130432 R 13.0 40 4 370 487
2044147428 2 130708 R 16.0 39 5 108 488
2047081617 2 130896 R 3.0 42 1 12 489
2051608879 2 131185 R 15.0 41 5 115 490
2053018370 2 131276 R 7.0 41 2 40 491
2055978671 2 131465 R 6.0 42 2 40 492
2056010656 1 131249 R 17.0 42 5 115 247
2057449776 2 131559 R 4.0 44 1 300 493
2060349728 1 131526 R 20.0 41 6 131 248
2061788625 2 131837 R 10.0 42 3 61 494
2064782631 1 131810 R 11.0 43 3 344 249
2069128745 2 132307 R 9.0 42 3 61 495
2069183885 1 132092 R 14.0 42 4 87 250
2073554339 1 132371 R 8.0 42 2 320 251
2077967822 2 132872 R 18.0 42 6 133 496
2079438644 2 132966 R 19.0 41 6 133 497
2082368993 2 133154 R 12.0 42 4 86 498
2082423535 1 132939 R 5.0 42 1 19 252
2083840127 2 133248 R 16.0 40 5 109 499
2092695602 2 133815 R 13.0 41 4 90 500
2095550770 2 133998 R 15.0 42 5 107 501
2097113026 2 134098 R 4.0 45 1 306 502
2100014656 2 134283 R 6.0 43 2 321 503
2100059502 1 134068 R 11.0 44 3 66 253
2101512766 2 134379 R 7.0 42 2 324 504
2104414793 1 134346 R 20.0 42 6 134 254
2104447118 2 134567 R 3.0 43 1 18 505
2108863265 1 134631 R 17.0 43 5 113 255
2110319627 2 134943 R 10.0 43 3 65 506
2113254237 2 135131 R 9.0 43 3 65 507
2113280373 1 134914 R 14.0 43 4 371 256
2119096119 2 135505 R 19.0 42 6 134 508
2122071309 1 135476 R 8.0 43 2 42 257
2123560115 2 135790 R 16.0 41 5 114 509
2126426001 1 135755 R 5.0 43 1 15 258
2130841840 2 136256 R 18.0 43 6 133 510
2135305899 2 136542 R 15.0 43 5 112 511
2139613763 2 136818 R 12.0 43 4 366 512
2141084035 2 136912 R 13.0 42 4 84 513
2144014811 2 137099 R 3.0 44 1 13 514
2144091651 1 136886 R 20.0 43 6 134 259
2145485618 2 137194 R 4.0 46 1 13 515
2149981082 2 137481 R 10.0 44 3 64 516
2152914530 1 137450 R 17.0 44 5 114 260
2152915610 2 137669 R 6.0 44 2 42 517
2154320307 2 137759 R 7.0 43 2 324 518
2157254847 2 137947 R 9.0 44 3 61 519
2157300460 1 137731 R 11.0 45 3 349 261
2161655130 1 138010 R 14.0 44 4 367 262
2166103104 1 138294 R 8.0 44 2 40 263
2167564620 2 138607 R 19.0 43 6 134 520
2171966113 2 138888 R 16.0 42 5 396 521
2179310298 2 139358 R 18.0 44 6 134 522
2179331321 1 139141 R 5.0 44 1 18 264
2180741505 2 139450 R 13.0 43 4 84 523
2188116790 2 139922 R 3.0 45 1 16 524
2192487781 2 140202 R 15.0 44 5 108 525
2194016624 2 140300 R 7.0 44 2 41 526
2196881762 1 140264 R 20.0 44 6 129 265
2196951692 2 140487 R 6.0 45 2 331 527
2201376649 1 140552 R 14.0 45 4 90 266
2201384842 2 140771 R 12.0 44 4 653 528
2202854873 2 140865 R 4.0 47 1 20 529
2205716159 1 140830 R 11.0 46 3 339 267
2205785856 2 141053 R 9.0 45 3 66 530
2207256639 2 141147 R 10.0 45 3 66 531
2210148942 1 141113 R 8.0 45 2 321 268
2211627617 2 141427 R 19.0 44 6 133 532
2214550714 1 141395 R 17.0 45 5 391 269
2215966532 2 141704 R 16.0 43 5 394 533
2220398979 2 141988 R 13.0 44 4 86 534
2223325882 1 141957 R 5.0 45 1 15 270
2232151192 2 142740 R 18.0 45 6 132 535
2236537008 2 143021 R 3.0 46 1 299 536
2236601788 1 142806 R 20.0 45 6 136 271
2241016928 2 143307 R 15.0 45 5 394 537
2241034144 1 143090 R 11.0 47 3 66 272
2242422628 2 143397 R 7.0 45 2 40 538
2245340179 2 143584 R 6.0 46 2 602 539
2245435720 1 143372 R 14.0 46 4 90 273
2246810678 2 143678 R 10.0 46 3 60 540
2249786987 2 143869 R 12.0 45 4 933 541
2249806568 1 143651 R 17.0 46 5 110 274
2251228085 2 143961 R 4.0 48 1 299 542
2255614227 2 144242 R 16.0 44 5 387 543
2258624673 2 144434 R 9.0 46 3 63 544
2260092009 2 144528 R 19.0 45 6 418 545
2262956020 1 144493 R 8.0 46 2 36 275
2268867479 2 145090 R 13.0 45 4 86 546
2271837953 2 145280 R 18.0 46 6 134 547
2276287685 2 145565 R 6.0 47 2 44 548
2280605540 1 145623 R 5.0 46 1 14 276
2280672209 2 145845 R 3.0 47 1 303 549
2282142598 2 145940 R 7.0 46 2 42 550
2285007278 1 145904 R 11.0 48 3 61 277
2286561896 2 146222 R 10.0 47 3 66 551
2289503037 1 146192 R 20.0 46 6 137 278
2290977294 2 146505 R 4.0 49 1 305 552
2293791328 2 146685 R 15.0 46 5 104 553
2293842143 1 146470 R 14.0 47 4 366 279
2298275075 1 146753 R 17.0 47 5 681 280
2298317991 2 146975 R 12.0 46 4 373 554
2299753399 2 147067 R 19.0 46 6 134 555
2308498091 2 147626 R 16.0 45 5 108 556
2311487014 1 147599 R 8.0 47 2 41 281
2311498629 2 147818 R 9.0 47 3 66 557
2312930473 2 147910 R 13.0 46 4 87 558
2315933515 2 148102 R 6.0 48 2 43 559
2320319841 2 148383 R 3.0 48 1 301 560
2324672918 2 148661 R 18.0 47 6 415 561
2326143240 2 148756 R 10.0 48 3 61 562
2329074685 1 148725 R 20.0 47 6 132 282
2330513301 2 149035 R 7.0 47 2 36 563
2333538333 1 149010 R 11.0 49 3 66 283
2337957449 1 149293 R 14.0 48 4 90 284
2339382881 2 149603 R 4.0 50 1 17 564
2342312385 1 149572 R 5.0 47 1 303 285
2346743703 1 149855 R 17.0 48 5 392 286
2346745559 2 150074 R 15.0 47 5 112 565
2351162306 2 150357 R 12.0 47 4 89 566
2352627201 2 150451 R 13.0 47 4 91 567
2355487569 1 150415 R 8.0 48 2 38 287
2355557725 2 150638 R 9.0 48 3 66 568
2357029031 2 150732 R 19.0 47 6 135 569
2359928488 2 150918 R 3.0 49 1 300 570
2364392786 2 151204 R 6.0 49 2 610 571
2365804910 2 151294 R 16.0 46 5 683 572
2368769040 2 151484 R 18.0 48 6 418 573
2374674025 2 151862 R 7.0 48 2 43 574
2377542788 1 151827 R 11.0 50 3 61 288
2381946828 1 152108 R 20.0 48 6 132 289
2383387581 2 152419 R 10.0 49 3 60 575
2386394905 1 152393 R 5.0 48 1 302 290
2390724069 2 152889 R 12.0 48 4 84 576
2390779160 1 152674 R 14.0 49 4 369 291
2392196587 2 152983 R 13.0 48 4 84 577
2395212218 1 152957 R 17.0 49 5 113 292
2396645272 2 153268 R 4.0 51 1 303 578
2399613483 1 153239 R 8.0 49 2 326 293
2399625323 2 153458 R 15.0 48 5 113 579
