95847024 2 6017 R 4.0 1 1 19 1
100204137 2 6296 R 5.0 1 1 299 2
112899957 1 7146 R 3.0 1 1 21 1
117804298 2 7422 R 4.0 2 1 15 3
122231749 2 7705 R 5.0 2 1 299 4
134908016 1 8554 R 3.0 2 1 19 2
139876814 2 8835 R 8.0 1 2 41 5
144307798 2 9118 R 4.0 3 1 16 6
148664828 2 9397 R 7.0 1 2 321 7
152442262 1 9676 R 3.0 3 1 13 3
153041050 2 9677 R 5.0 3 1 579 8
157426624 2 9958 R 8.0 2 2 36 9
161907174 2 10245 R 7.0 2 2 42 10
165750954 1 10528 R 6.0 1 2 43 4
166291281 2 10525 R 4.0 4 1 15 11
170693459 2 10807 R 11.0 1 3 345 12
175069521 2 11087 R 5.0 4 1 583 13
183353499 1 11655 R 3.0 4 1 19 5
183935408 2 11654 R 10.0 1 3 629 14
192139140 1 12217 R 6.0 2 2 40 6
192683367 2 12214 R 4.0 5 1 15 15
197097047 2 12497 R 5.0 5 1 864 16
201483533 2 12777 R 8.0 3 2 1166 17
210343201 2 13344 R 10.0 2 3 909 18
214196090 1 13629 R 3.0 5 1 22 7
218582205 1 13909 R 6.0 3 2 41 8
223559943 2 14190 R 7.0 3 2 1733 19
231747786 1 14752 R 3.0 6 1 14 9
232341666 2 14752 R 7.0 4 2 1164 20
236196758 1 15037 R 9.0 1 3 63 10
236727818 2 15033 R 13.0 1 4 1493 21
245019566 1 15601 R 6.0 4 2 41 11
249992971 2 15882 R 5.0 6 1 1996 22
254425827 2 16166 R 8.0 4 2 2294 23
258819211 2 16447 R 4.0 7 1 300 24
262621973 1 16728 R 6.0 5 2 40 12
263180450 2 16726 R 10.0 3 3 2877 25
267101778 1 17014 R 3.0 7 1 21 13
267642617 2 17012 R 14.0 1 4 3190 26
271425329 1 17291 R 9.0 2 3 61 14
272046016 2 17293 R 7.0 5 2 2574 27
276403763 2 17572 R 4.0 8 1 15 28
280831821 2 17856 R 11.0 3 3 3447 29
285264457 2 18139 R 5.0 7 1 2562 30
289059208 1 18420 R 12.0 1 4 87 15
289594104 2 18416 R 13.0 2 4 3468 31
294073840 2 18703 R 17.0 1 5 3214 32
297850497 1 18982 R 6.0 6 2 39 16
298469649 2 18985 R 16.0 1 5 2083 33
302330223 1 19269 R 3.0 8 1 20 17
302830107 2 19264 R 14.0 2 4 3469 34
306653937 1 19546 R 12.0 2 4 85 18
307279981 2 19548 R 4.0 9 1 299 35
311071437 1 19828 R 9.0 3 3 347 19
311641009 2 19827 R 8.0 5 2 3995 36
316103129 2 20113 R 5.0 8 1 2843 37
320504925 2 20395 R 10.0 4 3 4580 38
324277959 1 20674 R 12.0 3 4 93 20
324875357 2 20674 R 11.0 4 3 4575 39
328773579 1 20961 R 3.0 9 1 303 21
329270799 2 20956 R 8.0 7 2 2860 40
333112693 1 21239 R 9.0 4 3 630 22
333668579 2 21237 R 7.0 6 2 4553 41
337489042 1 21519 R 6.0 7 2 603 23
338054564 2 21518 R 8.0 6 2 4554 42
346885137 2 22083 R 7.0 7 2 3416 43
350685865 1 22364 R 3.0 10 1 14 24
351347225 2 22369 R 5.0 9 1 2839 44
355165254 1 22651 R 9.0 5 3 65 25
355741426 2 22650 R 4.0 10 1 1428 45
359614508 1 22935 R 15.0 1 5 115 26
360158488 2 22933 R 17.0 2 5 6036 46
363906329 1 23210 R 6.0 8 2 318 27
364560089 2 23214 R 14.0 3 4 5446 47
368417538 1 23499 R 12.0 4 4 657 28
373318401 2 23775 R 10.0 5 3 5706 48
377177217 1 24059 R 6.0 9 2 40 29
377704638 2 24056 R 5.0 10 1 2833 49
382174527 2 24342 R 4.0 11 1 1145 50
385947887 1 24621 R 15.0 2 5 106 30
386591670 2 24624 R 11.0 5 3 6553 51
390380934 1 24904 R 3.0 11 1 298 31
390985230 2 24906 R 4.0 12 1 586 52
394782072 1 25186 R 9.0 6 3 628 32
395345990 2 25185 R 13.0 5 4 6004 53
399189759 1 25468 R 12.0 5 4 367 33
399731974 2 25465 R 13.0 4 4 7696 54
403638235 1 25753 R 18.0 1 6 134 34
404209751 2 25752 R 17.0 3 5 6878 55
408579888 2 26032 R 7.0 8 2 5397 56
412460834 1 26317 R 6.0 10 2 43 35
412952688 2 26311 R 5.0 11 1 3401 57
416847049 1 26598 R 15.0 3 5 111 36
417418574 2 26597 R 10.0 8 3 4010 58
421226544 1 26878 R 9.0 7 3 63 37
421808520 2 26878 R 20.0 1 6 8028 59
425691406 1 27164 R 3.0 12 1 306 38
430067631 1 27444 R 12.0 6 4 369 39
430590037 2 27440 R 8.0 8 2 7375 60
434976177 2 27721 R 19.0 2 6 7743 61
438858942 1 28007 R 18.0 2 6 133 40
439446260 2 28007 R 4.0 13 1 1710 62
443213453 1 28286 R 9.0 8 3 343 41
443863318 2 28290 R 10.0 6 3 8522 63
447662422 1 28570 R 6.0 11 2 323 42
448256886 2 28571 R 4.0 14 1 582 64
452073542 1 28853 R 15.0 4 5 111 43
452617711 2 28850 R 11.0 6 3 9651 65
456465578 1 29134 R 3.0 13 1 305 44
457079935 2 29136 R 20.0 2 6 8875 66
460944718 1 29420 R 12.0 7 4 92 45
461481990 2 29417 R 16.0 2 5 10260 67
465852091 2 29697 R 5.0 12 1 3394 68
469673907 1 29979 R 6.0 12 2 38 46
470223941 2 29977 R 8.0 9 2 8786 69
474091371 1 30262 R 18.0 3 6 135 47
474623860 2 30258 R 10.0 7 3 9077 70
478477201 1 30542 R 9.0 9 3 348 48
479095806 2 30545 R 19.0 3 6 8311 71
482957222 1 30829 R 15.0 5 5 395 49
483456337 2 30824 R 17.0 6 5 8570 72
487280355 1 31106 R 3.0 14 1 15 50
487842743 2 31104 R 14.0 4 4 11361 73
492320577 2 31391 R 19.0 1 6 12822 74
496103405 1 31671 R 15.0 6 5 116 51
496690666 2 31671 R 7.0 10 2 7088 75
500489518 1 31951 R 12.0 8 4 370 52
501063283 2 31950 R 11.0 7 3 11620 76
504969240 1 32238 R 9.0 10 3 350 53
505529163 2 32236 R 4.0 15 1 2277 77
509292731 1 32515 R 6.0 13 2 318 54
509889894 2 32515 R 13.0 6 4 11645 78
513709846 1 32797 R 18.0 4 6 976 55
514275695 2 32796 R 5.0 13 1 2831 79
518745882 2 33082 R 17.0 4 5 13078 80
522501050 1 33360 R 3.0 15 1 13 56
523106080 2 33361 R 14.0 7 4 8537 81
526981007 1 33647 R 18.0 5 6 136 57
527568147 2 33647 R 10.0 9 3 9652 82
531429685 1 33931 R 9.0 11 3 354 58
531962127 2 33928 R 4.0 16 1 2273 83
535721992 1 34206 R 6.0 14 2 324 59
536322980 2 34207 R 19.0 4 6 10843 84
540242559 1 34495 R 15.0 7 5 967 60
540708722 2 34488 R 5.0 14 1 2546 85
544613042 1 34775 R 3.0 16 1 304 61
545186765 2 34774 R 17.0 5 5 13645 86
548952385 1 35053 R 12.0 9 4 1211 62
549557096 2 35054 R 16.0 3 5 13925 87
553385081 1 35337 R 9.0 12 3 345 63
553989773 2 35338 R 7.0 11 2 8786 88
557786570 1 35618 R 15.0 8 5 392 64
558350547 2 35617 R 11.0 8 3 14163 89
562156986 1 35898 R 6.0 15 2 605 65
562812561 2 35902 R 7.0 12 2 7372 90
566654108 1 36186 R 18.0 6 6 420 66
567206275 2 36184 R 4.0 17 1 3121 91
571040581 1 36466 R 12.0 10 4 648 67
571567515 2 36463 R 10.0 10 3 11056 92
575395160 1 36745 R 3.0 17 1 583 68
575953168 2 36743 R 17.0 8 5 10545 93
579825749 1 37029 R 15.0 9 5 675 69
580430652 2 37030 R 5.0 15 1 3128 94
584290122 1 37314 R 9.0 13 3 630 70
584801245 2 37310 R 13.0 7 4 15316 95
588597854 1 37590 R 18.0 7 6 413 71
589233994 2 37593 R 4.0 18 1 2555 96
593001698 1 37872 R 12.0 11 4 648 72
593594778 2 37872 R 20.0 3 6 15922 97
597449965 1 38157 R 6.0 16 2 613 73
598057270 2 38158 R 10.0 11 3 11342 98
601867189 1 38439 R 3.0 18 1 582 74
602460410 2 38440 R 14.0 8 4 11652 99
606253249 1 38720 R 9.0 14 3 909 75
606856479 2 38721 R 7.0 13 2 8215 100
610733141 1 39007 R 15.0 10 5 679 76
611217172 2 39000 R 11.0 9 3 16419 101
615056474 1 39284 R 6.0 17 2 603 77
615679100 2 39286 R 5.0 16 1 3129 102
619473647 1 39566 R 18.0 8 6 697 78
620072983 2 39567 R 4.0 19 1 3117 103
623859630 1 39847 R 9.0 15 3 906 79
624433805 2 39846 R 14.0 5 4 17844 104
628339996 1 40134 R 12.0 12 4 1221 80
628820125 2 40127 R 10.0 12 3 11900 105
632662873 1 40410 R 3.0 19 1 578 81
637079896 1 40693 R 18.0 9 6 695 82
641466059 1 40974 R 6.0 18 2 602 83
642055852 2 40974 R 16.0 4 5 18434 106
645946092 1 41260 R 15.0 11 5 676 84
646441778 2 41255 R 14.0 6 4 17840 107
650310536 1 41540 R 12.0 13 4 941 85
650920124 2 41541 R 13.0 10 4 15317 108
654743233 1 41823 R 9.0 16 3 918 86
655289754 2 41821 R 5.0 17 1 3408 109
659145128 1 42105 R 18.0 10 6 981 87
659722593 2 42105 R 4.0 20 1 3683 110
663552346 1 42387 R 3.0 20 1 866 88
664139805 2 42387 R 7.0 14 2 9910 111
668000964 1 42672 R 15.0 12 5 959 89
668469856 2 42664 R 10.0 13 3 13033 112
672293388 1 42947 R 6.0 19 2 1169 90
676803976 1 43235 R 3.0 21 1 584 91
677299935 2 43230 R 20.0 5 6 17049 113
681158927 1 43514 R 12.0 14 4 651 92
681685935 2 43510 R 13.0 8 4 20107 114
685607184 1 43799 R 9.0 17 3 915 93
686163709 2 43797 R 19.0 6 6 16773 115
690024708 1 44081 R 18.0 11 6 981 94
690561241 2 44078 R 4.0 22 1 2273 116
694362215 1 44359 R 15.0 13 5 1241 95
694922088 2 44357 R 16.0 5 5 19845 117
698765140 1 44641 R 6.0 20 2 604 96
699308490 2 44638 R 10.0 14 3 13593 118
703213916 1 44926 R 18.0 12 6 419 97
703785776 2 44925 R 20.0 4 6 20718 119
707630929 1 45208 R 3.0 22 1 581 98
708156142 2 45204 R 13.0 9 4 20390 120
712017073 1 45489 R 12.0 15 4 652 99
712528362 2 45484 R 5.0 18 1 3121 121
716432836 1 45772 R 15.0 14 5 679 100
716994775 2 45770 R 7.0 15 2 11327 122
720777525 1 46050 R 9.0 18 3 910 101
721384906 2 46051 R 10.0 15 3 13596 123
725226295 1 46334 R 15.0 15 5 112 102
729574883 1 46613 R 6.0 21 2 315 103
730166641 2 46613 R 13.0 11 4 18700 124
733976542 1 46894 R 3.0 23 1 292 104
734552541 2 46894 R 14.0 10 4 16722 125
738471929 1 47182 R 9.0 19 3 630 105
739030008 2 47180 R 17.0 7 5 22957 126
742811191 1 47460 R 18.0 13 6 697 106
743427386 2 47462 R 4.0 23 1 4243 127
747244204 1 47743 R 12.0 16 4 651 107
747787994 2 47741 R 5.0 19 1 3684 128
751645782 1 48025 R 15.0 16 5 675 108
752174691 2 48022 R 10.0 17 3 12465 129
756033379 1 48306 R 6.0 22 2 603 109
760450835 1 48589 R 18.0 14 6 699 110
761004773 2 48587 R 16.0 6 5 22092 130
764912841 1 48874 R 3.0 24 1 582 111
765455049 2 48872 R 4.0 24 1 4247 131
769314386 1 49156 R 9.0 20 3 912 112
769815584 2 49151 R 5.0 20 1 3675 132
773684975 1 49436 R 15.0 17 5 395 113
774278109 2 49436 R 16.0 7 5 21539 133
778024079 1 49713 R 18.0 15 6 410 114
782456788 1 49997 R 6.0 23 2 603 115
783077687 2 49999 R 10.0 16 3 16136 134
786858562 1 50279 R 12.0 17 4 935 116
787455947 2 50280 R 14.0 12 4 19283 135
791353761 1 50567 R 9.0 21 3 912 117
791909569 2 50565 R 4.0 25 1 4530 136
795692924 1 50844 R 3.0 25 1 298 118
796249160 2 50842 R 7.0 17 2 12440 137
800125894 1 51128 R 18.0 16 6 416 119
800635403 2 51123 R 13.0 12 4 22077 138
804527494 1 51410 R 15.0 18 5 396 120
808897846 1 51689 R 12.0 18 4 367 121
809465597 2 51688 R 19.0 7 6 22688 139
813361748 1 51975 R 9.0 22 3 630 122
813851220 2 51969 R 5.0 21 1 4529 140
817675533 1 52251 R 6.0 24 2 601 123
822186668 1 52540 R 18.0 17 6 138 124
822682090 2 52534 R 19.0 8 6 22124 141
826566223 1 52820 R 6.0 25 2 42 125
827144580 2 52820 R 13.0 13 4 22648 142
830905689 1 53098 R 3.0 26 1 299 126
831537803 2 53101 R 4.0 27 1 3401 143
835338845 1 53382 R 15.0 19 5 392 127
835955294 2 53384 R 14.0 9 4 25189 144
839740515 1 53663 R 12.0 19 4 368 128
840349251 2 53665 R 7.0 18 2 13289 145
844110524 1 53943 R 9.0 23 3 342 129
844739312 2 53946 R 13.0 14 4 22080 146
848607838 1 54231 R 6.0 26 2 325 130
852994116 1 54511 R 18.0 18 6 417 131
853520638 2 54508 R 19.0 9 6 22687 147
857409115 1 54794 R 3.0 27 1 582 132
857906474 2 54788 R 5.0 22 1 4243 148
861754312 1 55072 R 12.0 20 4 648 133
866202793 1 55357 R 15.0 20 5 113 134
866737617 2 55354 R 10.0 18 3 18392 149
870619872 1 55640 R 6.0 27 2 326 135
871123677 2 55634 R 10.0 20 3 15843 150
875005888 1 55920 R 9.0 24 3 627 136
879448714 1 56205 R 18.0 19 6 419 137
879953825 2 56199 R 20.0 7 6 25790 151
883787591 1 56482 R 3.0 28 1 303 138
884340215 2 56480 R 17.0 10 5 26895 152
888226485 1 56766 R 12.0 21 4 651 139
892612524 1 57047 R 18.0 20 6 134 140
893170715 2 57045 R 14.0 14 4 18690 153
897092199 1 57334 R 15.0 21 5 116 141
897556559 2 57326 R 7.0 19 2 14986 154
901415518 1 57610 R 9.0 25 3 346 142
905832825 1 57893 R 6.0 28 2 319 143
906387350 2 57891 R 14.0 11 4 25462 155
910291246 1 58178 R 12.0 22 4 938 144
910773258 2 58172 R 19.0 11 6 23533 156
914698489 1 58461 R 3.0 29 1 301 145
915242640 2 58458 R 4.0 30 1 4529 157
919022199 1 58737 R 18.0 21 6 132 146
919603489 2 58737 R 20.0 8 6 26353 158
923439141 1 59020 R 6.0 29 2 325 147
924053680 2 59022 R 4.0 31 1 3399 159
927825354 1 59301 R 15.0 22 5 673 148
928414269 2 59301 R 5.0 23 1 4244 160
932304864 1 59587 R 9.0 26 3 347 149
932877093 2 59587 R 10.0 21 3 18386 161
936669590 1 59867 R 12.0 23 4 369 150
937270227 2 59868 R 4.0 32 1 2837 162
941045593 1 60147 R 3.0 30 1 298 151
941631415 2 60147 R 14.0 15 4 19823 163
946017471 2 60427 R 16.0 12 5 22663 164
949836756 1 60709 R 6.0 30 2 36 152
954317122 1 60996 R 18.0 22 6 136 153
954847737 2 60993 R 7.0 20 2 14697 165
958765538 1 61281 R 15.0 23 5 392 154
959233311 2 61273 R 5.0 24 1 3961 166
963057617 1 61556 R 9.0 27 3 347 155
967578522 1 61845 R 12.0 24 4 373 156
968093842 2 61840 R 17.0 15 5 24357 167
971948666 1 62125 R 3.0 31 1 308 157
976371979 1 62408 R 18.0 23 6 420 158
976875626 2 62402 R 17.0 12 5 29432 168
980789270 1 62690 R 15.0 24 5 114 159
981261609 2 62683 R 14.0 17 4 18411 169
985174815 1 62971 R 12.0 25 4 88 160
989492609 1 63247 R 6.0 31 2 318 161
990091793 2 63248 R 16.0 9 5 37925 170
993956791 1 63533 R 3.0 32 1 300 162
994478154 2 63529 R 19.0 14 6 23532 171
998389586 1 63817 R 9.0 28 3 348 163
998947556 2 63815 R 4.0 35 1 1991 172
1002791472 1 64099 R 15.0 25 5 393 164
1003308727 2 64094 R 16.0 10 5 30558 173
1007161958 1 64378 R 18.0 24 6 416 165
1007694637 2 64375 R 19.0 10 6 31145 174
1011596579 1 64662 R 12.0 26 4 653 166
1015933517 1 64940 R 9.0 29 3 343 167
1016524560 2 64940 R 5.0 25 1 4244 175
1020335159 1 65221 R 3.0 33 1 576 168
1020910967 2 65221 R 7.0 21 2 14985 176
1024830495 1 65509 R 6.0 32 2 324 169
1029191381 1 65788 R 15.0 26 5 396 170
1029741756 2 65786 R 14.0 16 4 23486 177
1033602757 1 66070 R 18.0 25 6 135 171
1034127826 2 66067 R 13.0 15 4 29964 178
1038004085 1 66352 R 3.0 34 1 302 172
1038605610 2 66353 R 10.0 25 3 19799 179
1042374659 1 66632 R 12.0 27 4 366 173
1042975243 2 66633 R 5.0 26 1 3681 180
1046838843 1 66918 R 15.0 27 5 395 174
1047348204 2 66913 R 16.0 11 5 31404 181
1051271529 1 67201 R 9.0 30 3 634 175
1055673247 1 67483 R 18.0 26 6 419 176
1056204232 2 67479 R 14.0 18 4 21228 182
1060043390 1 67763 R 6.0 33 2 608 177
1064415993 1 68042 R 15.0 28 5 391 178
1064985976 2 68041 R 20.0 10 6 31147 183
1068801820 1 68323 R 9.0 31 3 625 179
1069371733 2 68322 R 7.0 22 2 14131 184
1073281429 1 68610 R 3.0 35 1 589 180
1073841762 2 68608 R 7.0 23 2 12447 185
1077712627 1 68893 R 12.0 28 4 937 181
1078258508 2 68891 R 5.0 27 1 3683 186
1082022371 1 69169 R 18.0 27 6 977 182
1082652383 2 69172 R 4.0 38 1 1991 187
1086408356 1 69450 R 15.0 29 5 389 183
1087013628 2 69451 R 20.0 12 6 29174 188
1090887875 1 69737 R 3.0 36 1 588 184
1091475653 2 69737 R 14.0 19 4 21511 189
1095336585 1 70021 R 12.0 29 4 934 185
1095868895 2 70018 R 4.0 39 1 1427 190
1099628666 1 70296 R 6.0 34 2 885 186
1100230131 2 70297 R 19.0 13 6 31710 191
1104139799 1 70585 R 18.0 28 6 700 187
1104687732 2 70582 R 5.0 28 1 3679 192
1108494388 1 70864 R 9.0 32 3 911 188
1112943223 1 71148 R 12.0 30 4 653 189
1113446738 2 71143 R 10.0 27 3 20361 193
1117291750 1 71427 R 6.0 35 2 884 190
1117832584 2 71424 R 14.0 20 4 21230 194
1121746252 1 71712 R 15.0 30 5 960 191
1122301961 2 71710 R 4.0 40 1 1145 195
1126100789 1 71990 R 9.0 33 3 908 192
1126663151 2 71989 R 20.0 11 6 33967 196
1130549249 1 72275 R 3.0 37 1 871 193
1131112584 2 72274 R 4.0 41 1 586 197
1134966711 1 72558 R 18.0 29 6 701 194
1135474186 2 72553 R 17.0 17 5 31404 198
1139352539 1 72838 R 6.0 36 2 891 195
1139860239 2 72833 R 10.0 28 3 20641 199
1143707438 1 73117 R 12.0 31 4 930 196
1144338028 2 73120 R 19.0 17 6 28331 200
1148196788 1 73404 R 9.0 34 3 632 197
1148708315 2 73400 R 14.0 21 4 21232 201
1152573221 1 73685 R 15.0 31 5 675 198
1153129508 2 73683 R 14.0 22 4 19538 202
1156910317 1 73962 R 18.0 30 6 696 199
1157558306 2 73966 R 7.0 24 2 13855 203
1161311699 1 74244 R 3.0 38 1 860 200
1161887812 2 74243 R 10.0 29 3 20643 204
1165807360 1 74532 R 15.0 32 5 395 201
1170146366 1 74809 R 6.0 37 2 601 202
1170718325 2 74808 R 20.0 13 6 32274 205
1174565440 1 75092 R 9.0 35 3 912 203
1175104359 2 75089 R 19.0 15 6 32835 206
1178980875 1 75375 R 12.0 32 4 933 204
1179573772 2 75375 R 4.0 42 1 1710 207
1183351076 1 75654 R 3.0 39 1 582 205
1183991527 2 75658 R 20.0 14 6 31715 208
1187815345 1 75940 R 18.0 31 6 418 206
1188384378 2 75939 R 4.0 43 1 582 209
1192248205 1 76224 R 15.0 33 5 679 207
1192745990 2 76218 R 10.0 31 3 19227 210
1196649665 1 76505 R 6.0 38 2 609 208
1197208070 2 76504 R 20.0 17 6 27203 211
1201019965 1 76785 R 9.0 36 3 629 209
1201609766 2 76785 R 16.0 16 5 32820 212
1205392486 1 77065 R 12.0 33 4 648 210
1205980120 2 77065 R 14.0 24 4 18976 213
1209778480 1 77346 R 18.0 32 6 697 211
1210351774 2 77345 R 5.0 29 1 3403 214
1214257993 1 77632 R 3.0 40 1 585 212
1214752087 2 77627 R 19.0 22 6 22687 215
1218581771 1 77909 R 15.0 34 5 671 213
1219224002 2 77913 R 17.0 26 5 23792 216
1223055426 1 78195 R 9.0 37 3 911 214
1223584311 2 78192 R 7.0 26 2 14132 217
1227384766 1 78472 R 6.0 39 2 885 215
1227970604 2 78472 R 10.0 33 3 17830 218
1231864779 1 78759 R 12.0 34 4 652 216
1232448309 2 78759 R 20.0 15 6 32558 219
1236312923 1 79044 R 3.0 41 1 872 217
1236818676 2 79039 R 10.0 30 3 23458 220
1240605389 1 79319 R 18.0 33 6 694 218
1241190985 2 79319 R 10.0 34 3 16420 221
1245116410 1 79607 R 15.0 35 5 965 219
1245656599 2 79604 R 4.0 44 1 2277 222
1249470884 1 79886 R 3.0 42 1 581 220
1250017724 2 79884 R 10.0 32 3 21496 223
1253919588 1 80171 R 12.0 35 4 654 221
1254403039 2 80164 R 5.0 30 1 2830 224
1258240965 1 80447 R 6.0 40 2 886 222
1258873734 2 80450 R 14.0 25 4 20389 225
1262674174 1 80731 R 9.0 38 3 1193 223
1263233967 2 80729 R 7.0 27 2 12726 226
1267075655 1 81013 R 18.0 34 6 415 224
1267696413 2 81015 R 17.0 25 5 35948 227
1271446016 1 81292 R 15.0 36 5 388 225
1272089639 2 81296 R 4.0 45 1 2273 228
1275909980 1 81578 R 3.0 43 1 299 226
1276450815 2 81575 R 14.0 27 4 17560 229
1280342996 1 81862 R 12.0 36 4 371 227
1280836156 2 81856 R 5.0 31 1 2546 230
1284744439 1 82144 R 6.0 41 2 605 228
1285314591 2 82143 R 13.0 16 4 24621 231
1289114925 1 82423 R 9.0 39 3 627 229
1289684706 2 82422 R 7.0 28 2 12442 232
1293579071 1 82709 R 18.0 35 6 419 230
1294117845 2 82706 R 17.0 24 5 31973 233
1297886938 1 82985 R 15.0 37 5 676 231
1298478329 2 82985 R 14.0 26 4 20947 234
1302290563 1 83266 R 12.0 37 4 651 232
1302940548 2 83271 R 20.0 16 6 35945 235
1306738884 1 83551 R 9.0 40 3 345 233
1307333699 2 83552 R 4.0 46 1 3120 236
1311156001 1 83834 R 3.0 44 1 584 234
1311694885 2 83831 R 16.0 19 5 33659 237
1315542053 1 84115 R 6.0 42 2 604 235
1316080947 2 84112 R 17.0 32 5 20687 238
1320022078 1 84401 R 18.0 36 6 702 236
1320558096 2 84398 R 5.0 32 1 3128 239
1324386446 1 84681 R 15.0 38 5 964 237
1324929013 2 84678 R 10.0 35 3 19523 240
1328819373 1 84964 R 12.0 38 4 935 238
1329361408 2 84962 R 4.0 47 1 2555 241
1333220698 1 85246 R 9.0 41 3 631 239
1333722469 2 85241 R 17.0 28 5 27739 242
1337591053 1 85526 R 3.0 45 1 868 240
1338184694 2 85526 R 14.0 28 4 19543 243
1341930390 1 85803 R 18.0 37 6 975 241
1342588261 2 85808 R 10.0 37 3 16141 244
1346363325 1 86087 R 15.0 39 5 955 242
1346984045 2 86089 R 10.0 36 3 18675 245
1350765282 1 86369 R 12.0 39 4 1217 243
1351344626 2 86368 R 16.0 20 5 34227 246
1355260482 1 86657 R 6.0 43 2 1173 244
1355806114 2 86654 R 5.0 33 1 3129 247
1359599305 1 86934 R 9.0 42 3 909 245
1360200059 2 86935 R 4.0 48 1 3117 248
1363975624 1 87214 R 18.0 38 6 978 246
1364560936 2 87214 R 7.0 29 2 13295 249
1368361319 1 87495 R 3.0 46 1 859 247
1368947082 2 87495 R 17.0 33 5 21816 250
1372841052 1 87782 R 6.0 44 2 888 248
1377289759 1 88066 R 15.0 40 5 679 249
1381582069 1 88341 R 12.0 40 4 932 250
1382183246 2 88342 R 19.0 21 6 35656 251
1386092768 1 88630 R 3.0 47 1 584 251
1386569160 2 88623 R 20.0 23 6 27197 252
1390447796 1 88909 R 18.0 39 6 697 252
1391046971 2 88909 R 20.0 22 6 29458 253
1394896188 1 89193 R 9.0 43 3 910 253
1395416734 2 89189 R 5.0 34 1 3408 254
1399217524 1 89470 R 6.0 45 2 886 254
1399849621 2 89473 R 4.0 49 1 3682 255
1403650674 1 89753 R 12.0 41 4 931 255
1404267470 2 89755 R 14.0 29 4 21799 256
1408052338 1 90035 R 18.0 40 6 414 256
1408596799 2 90033 R 20.0 24 6 26352 257
1412502432 1 90320 R 6.0 46 2 604 257
1416919891 1 90603 R 15.0 41 5 961 258
1417427304 2 90598 R 10.0 39 3 16421 258
1421319396 1 90884 R 3.0 48 1 584 259
1421813146 2 90878 R 7.0 30 2 13006 259
1425721407 1 91166 R 9.0 44 3 1194 260
1426291156 2 91165 R 14.0 32 4 17287 260
1430109109 1 91447 R 15.0 42 5 399 261
1430688336 2 91446 R 4.0 51 1 2273 261
1434526408 1 91730 R 12.0 42 4 654 262
1435049454 2 91726 R 14.0 30 4 21794 262
1438912167 1 92010 R 3.0 49 1 584 263
1439435509 2 92006 R 17.0 31 5 30276 263
1443267062 1 92289 R 18.0 41 6 977 264
1443913147 2 92293 R 13.0 19 4 22636 264
1447715327 1 92574 R 6.0 47 2 891 265
1448283579 2 92573 R 10.0 40 3 16141 265
1452126703 1 92856 R 9.0 45 3 911 266
1452655182 2 92852 R 5.0 35 1 3122 266
1456528535 1 93138 R 15.0 43 5 676 267
1457122016 2 93138 R 10.0 38 3 21218 267
1460998516 1 93424 R 12.0 43 4 940 268
1461511860 2 93419 R 17.0 34 5 26612 268
1465321838 1 93700 R 3.0 50 1 863 269
1469796292 1 93987 R 18.0 42 6 1265 270
1470293607 2 93981 R 13.0 17 4 30251 269
1474197558 1 94268 R 15.0 44 5 678 271
1474679508 2 94262 R 19.0 24 6 35938 270
1478567977 1 94548 R 12.0 44 4 938 272
1479157375 2 94548 R 16.0 23 5 34228 271
1482906734 1 94826 R 3.0 51 1 856 273
1483554409 2 94830 R 4.0 52 1 4244 272
1487345877 1 95110 R 6.0 48 2 1173 274
1487915013 2 95109 R 5.0 36 1 3684 273
1491732088 1 95391 R 18.0 43 6 1540 275
1492301575 2 95390 R 10.0 41 3 16699 274
1496237031 1 95679 R 9.0 46 3 1486 276
1500575911 1 95957 R 12.0 45 4 654 277
1501132163 2 95955 R 19.0 26 6 39909 275
1505008601 1 96240 R 6.0 49 2 605 278
1505581993 2 96240 R 4.0 53 1 4246 276
1509410220 1 96522 R 3.0 52 1 868 279
1509942541 2 96519 R 5.0 37 1 3675 277
1513780731 1 96802 R 18.0 44 6 979 280
1514405408 2 96804 R 16.0 24 5 32536 278
1518245328 1 97088 R 15.0 45 5 1245 281
1522553034 1 97363 R 9.0 47 3 1183 282
1523204622 2 97367 R 7.0 31 2 15552 279
1527069552 1 97652 R 12.0 46 4 937 283
1527582822 2 97648 R 11.0 10 3 21523 280
1531424290 1 97931 R 15.0 46 5 955 284
1532036587 2 97933 R 4.0 54 1 4530 281
1535872558 1 98216 R 3.0 53 1 866 285
1536376371 2 98210 R 19.0 27 6 34530 282
1540289863 1 98498 R 9.0 48 3 630 286
1540762348 2 98491 R 10.0 43 3 15848 283
1544675847 1 98779 R 6.0 50 2 893 287
1549030742 1 99058 R 18.0 45 6 978 288
1549592918 2 99056 R 19.0 28 6 33967 284
1553457876 1 99341 R 15.0 47 5 958 289
1553978184 2 99337 R 5.0 38 1 4529 285
1557890603 1 99625 R 12.0 47 4 654 290
1562292059 1 99907 R 9.0 49 3 918 291
1562809471 2 99902 R 19.0 30 6 31709 286
1566662892 1 100186 R 3.0 54 1 864 292
1567271960 2 100188 R 16.0 25 5 29153 287
1571126881 1 100472 R 6.0 51 2 890 293
1571665236 2 100469 R 4.0 56 1 3401 288
1575483793 1 100751 R 18.0 46 6 979 294
1576082778 2 100752 R 7.0 32 2 14985 289
1579838602 1 101029 R 15.0 48 5 954 295
1580476853 2 101033 R 10.0 42 3 20083 290
1584332155 1 101317 R 9.0 50 3 1201 296
1584866694 2 101314 R 14.0 36 4 19542 291
1588693076 1 101596 R 12.0 48 4 1214 297
1593109963 1 101879 R 3.0 55 1 1150 298
1593648432 2 101876 R 20.0 31 6 26635 292
1597505821 1 102160 R 6.0 52 2 1168 299
1598033859 2 102157 R 5.0 39 1 4243 293
1601875862 1 102440 R 18.0 47 6 696 300
1606339979 1 102726 R 12.0 49 4 940 301
1606864970 2 102722 R 19.0 33 6 28609 294
1610772666 1 103009 R 3.0 56 1 870 302
1611251038 2 103002 R 17.0 37 5 30842 295
1615174672 1 103291 R 6.0 53 2 1177 303
1619500313 1 103568 R 15.0 49 5 1518 304
1620081595 2 103568 R 19.0 29 6 36785 296
1623917392 1 103851 R 9.0 51 3 1471 305
1624467573 2 103848 R 14.0 35 4 24046 297
1628303723 1 104131 R 18.0 48 6 1260 306
1632783266 1 104418 R 15.0 50 5 1240 307
1633298160 2 104413 R 20.0 30 6 31428 298
1637214021 1 104702 R 3.0 57 1 1148 308
1637684136 2 104694 R 10.0 44 3 20642 299
1641553182 1 104979 R 6.0 54 2 1738 309
1645929511 1 105259 R 12.0 50 4 1212 310
1646514643 2 105259 R 20.0 27 6 36786 300
1650387550 1 105545 R 9.0 52 3 1193 311
1650900697 2 105540 R 20.0 29 6 33681 301
1654757741 1 105824 R 18.0 49 6 977 312
1655370006 2 105826 R 4.0 59 1 4529 302
1659221897 1 106110 R 15.0 51 5 677 313
1659731262 2 106105 R 19.0 35 6 28327 303
1663535319 1 106386 R 3.0 58 1 861 314
1664181114 2 106390 R 4.0 60 1 3398 304
1668046723 1 106675 R 6.0 55 2 1174 315
1668541653 2 106669 R 5.0 40 1 4244 305
1672427143 1 106955 R 12.0 51 4 1215 316
1673004384 2 106955 R 10.0 45 3 20081 306
1676765768 1 107233 R 18.0 50 6 696 317
1677397595 2 107236 R 4.0 61 1 2838 307
1681198486 1 107517 R 9.0 53 3 916 318
1681758838 2 107515 R 10.0 46 3 19234 308
1685600150 1 107798 R 3.0 59 1 864 319
1686144769 2 107796 R 17.0 38 5 34507 309
1690008154 1 108080 R 15.0 52 5 1519 320
1694435128 1 108364 R 12.0 52 4 1503 321
1694975110 2 108361 R 7.0 33 2 14697 310
1698867762 1 108647 R 6.0 56 2 1178 322
1699360753 2 108641 R 5.0 41 1 3961 311
1703269251 1 108929 R 18.0 51 6 700 323
1707639315 1 109209 R 3.0 60 1 869 324
1708221257 2 109209 R 10.0 47 3 19519 312
1712103722 1 109494 R 15.0 53 5 960 325
1716479947 1 109775 R 12.0 53 4 936 326
1717002993 2 109771 R 20.0 32 6 33402 313
1720866189 1 110055 R 9.0 54 3 1197 327
1721389050 2 110051 R 14.0 40 4 20378 314
1725218837 1 110334 R 6.0 57 2 1166 328
1729669089 1 110619 R 18.0 52 6 697 329
1730219554 2 110616 R 14.0 38 4 24891 315
1734086327 1 110901 R 15.0 54 5 395 330
1734605540 2 110897 R 16.0 28 5 34223 316
1738472163 1 111182 R 3.0 61 1 582 331
1739074906 2 111183 R 4.0 64 1 1991 317
1742951829 1 111469 R 6.0 58 2 609 332
1743436170 2 111462 R 14.0 39 4 23769 318
1747275605 1 111745 R 12.0 54 4 649 333
1747822116 2 111743 R 14.0 41 4 20099 319
1751692667 1 112028 R 9.0 55 3 908 334
1756078535 1 112309 R 3.0 62 1 579 335
1756652006 2 112308 R 5.0 42 1 4244 320
1760558554 1 112596 R 18.0 53 6 701 336
1761038339 2 112589 R 7.0 34 2 14985 321
1764860271 1 112871 R 9.0 56 3 624 337
1769299219 1 113155 R 15.0 55 5 674 338
1769869268 2 113154 R 16.0 29 5 34225 322
1773684979 1 113436 R 6.0 59 2 886 339
1774255119 2 113435 R 10.0 48 3 19513 323
1778164781 1 113722 R 3.0 63 1 864 340
1778733035 2 113721 R 10.0 49 3 18387 324
1782529433 1 114002 R 12.0 55 4 653 341
1783102670 2 114001 R 5.0 43 1 3681 325
1786962372 1 114285 R 18.0 54 6 698 342
1787475578 2 114281 R 20.0 36 6 30019 326
1791291491 1 114562 R 6.0 60 2 600 343
1795771350 1 114849 R 3.0 64 1 859 344
1796331586 2 114848 R 14.0 42 4 21234 327
1800219654 1 115134 R 9.0 57 3 913 345
1804603969 1 115414 R 15.0 56 5 677 346
1805113270 2 115410 R 20.0 35 6 32558 328
1808911656 1 115690 R 3.0 65 1 577 347
1809499104 2 115690 R 7.0 35 2 14134 329
1813438376 1 115980 R 18.0 55 6 420 348
1813969137 2 115976 R 7.0 36 2 12447 330
1817808516 1 116260 R 9.0 58 3 634 349
1818385894 2 116259 R 5.0 44 1 3683 331
1822243397 1 116543 R 6.0 61 2 606 350
1822779674 2 116540 R 4.0 67 1 1991 332
1826630017 1 116824 R 12.0 56 4 1226 351
1827140867 2 116819 R 19.0 37 6 35940 333
1830982102 1 117103 R 3.0 66 1 576 352
1831603130 2 117105 R 14.0 44 4 19543 334
1835353173 1 117382 R 15.0 57 5 1234 353
1835996308 2 117386 R 4.0 68 1 1427 335
1839816813 1 117668 R 18.0 56 6 415 354
1840357553 2 117665 R 10.0 50 3 19512 336
1844235984 1 117951 R 15.0 58 5 680 355
1844815102 2 117951 R 5.0 45 1 3679 337
1848590503 1 118230 R 6.0 62 2 602 356
1853039051 1 118514 R 3.0 67 1 578 357
1853574037 2 118511 R 17.0 48 5 27739 338
1857485937 1 118799 R 9.0 59 3 1194 358
1857959953 2 118792 R 19.0 38 6 43294 339
1861794021 1 119075 R 12.0 57 4 1491 359
1862429333 2 119078 R 4.0 69 1 1145 340
1866197242 1 119356 R 15.0 59 5 388 360
1866790630 2 119357 R 16.0 30 5 39018 341
1870645784 1 119641 R 18.0 57 6 416 361
1871239961 2 119642 R 4.0 70 1 586 342
1875062674 1 119924 R 3.0 68 1 586 362
1875601562 2 119921 R 10.0 51 3 18952 343
1879448948 1 120205 R 12.0 58 4 935 363
1879987613 2 120202 R 16.0 33 5 28868 344
1883928511 1 120491 R 6.0 63 2 887 364
1884465395 2 120488 R 14.0 43 4 24900 345
1888252293 1 120768 R 9.0 60 3 1189 365
1888835687 2 120768 R 19.0 40 6 34530 346
1892669334 1 121051 R 18.0 58 6 698 366
1893256880 2 121051 R 20.0 38 6 32277 347
1897055321 1 121331 R 12.0 59 4 649 367
1897685741 2 121334 R 7.0 37 2 13856 348
1901497720 1 121616 R 9.0 61 3 916 368
1902015151 2 121611 R 19.0 41 6 33402 349
1905837126 1 121893 R 15.0 60 5 669 369
1910269700 1 122177 R 6.0 64 2 893 370
1910845766 2 122176 R 14.0 46 4 20663 350
1914661656 1 122458 R 3.0 69 1 860 371
1915231756 2 122457 R 20.0 37 6 35938 351
1919141923 1 122745 R 18.0 59 6 1264 372
1919701146 2 122743 R 4.0 71 1 1710 352
1923465180 1 123022 R 9.0 62 3 1190 373
1924118952 2 123026 R 10.0 53 3 18958 353
1927882225 1 123304 R 18.0 60 6 696 374
1928511758 2 123307 R 4.0 72 1 581 354
1932340476 1 123590 R 15.0 61 5 677 375
1932873424 2 123586 R 17.0 47 5 35070 355
1936710643 1 123869 R 9.0 63 3 910 376
1937335439 2 123872 R 17.0 54 5 24078 356
1941175436 1 124155 R 12.0 60 4 1225 377
1941737134 2 124154 R 14.0 48 4 18702 357
1945482585 1 124431 R 3.0 70 1 858 378
1946107552 2 124433 R 17.0 49 5 31405 358
1950009680 1 124720 R 6.0 65 2 1175 379
1950479163 2 124713 R 5.0 46 1 3403 359
1954354460 1 124999 R 18.0 61 6 980 380
1954879377 2 124995 R 10.0 54 3 18103 360
1958719311 1 125278 R 12.0 61 4 1218 381
1959351360 2 125281 R 20.0 41 6 30869 361
1963152241 1 125562 R 15.0 62 5 1237 382
1963711799 2 125560 R 7.0 39 2 14132 362
1967605881 1 125847 R 9.0 64 3 631 383
1968097879 2 125841 R 19.0 48 6 25787 363
1971960643 1 126125 R 3.0 71 1 862 384
1972575804 2 126127 R 20.0 45 6 23818 364
1976409583 1 126410 R 6.0 66 2 1171 385
1976946035 2 126407 R 16.0 35 5 30569 365
1980826567 1 126693 R 15.0 63 5 678 386
1981318348 2 126687 R 14.0 49 4 19261 366
1985222386 1 126974 R 18.0 62 6 701 387
1985783906 2 126973 R 4.0 73 1 2276 367
1989592458 1 127254 R 6.0 67 2 891 388
1990145012 2 127252 R 17.0 53 5 28585 368
1994057275 1 127539 R 12.0 62 4 1215 389
1994530419 2 127532 R 5.0 47 1 2831 369
1998432862 1 127820 R 3.0 72 1 861 390
1999001107 2 127818 R 20.0 44 6 27766 370
2002766433 1 128097 R 9.0 65 3 1474 391
2003361400 2 128097 R 7.0 40 2 12724 371
2007262081 1 128385 R 15.0 64 5 1241 392
2007823765 2 128383 R 19.0 44 6 34534 372
2011600503 1 128662 R 6.0 68 2 602 393
2012216999 2 128664 R 4.0 74 1 2273 373
2016033363 1 128946 R 3.0 73 1 865 394
2016578106 2 128943 R 17.0 56 5 26327 374
2020435203 1 129228 R 12.0 63 4 934 395
2020963531 2 129224 R 5.0 48 1 2546 375
2024823208 1 129509 R 18.0 63 6 977 396
2025441892 2 129511 R 17.0 52 5 31972 376
2029269859 1 129793 R 9.0 66 3 1203 397
2029812087 2 129790 R 7.0 41 2 12442 377
2033702953 1 130077 R 15.0 65 5 1521 398
2034245268 2 130074 R 10.0 55 3 21773 378
2038104412 1 130358 R 6.0 69 2 1173 399
2038605778 2 130353 R 20.0 46 6 26636 379
2042474886 1 130638 R 3.0 74 1 1146 400
2043067860 2 130639 R 16.0 34 5 37053 380
2046813617 1 130916 R 12.0 64 4 929 401
2047461074 2 130920 R 4.0 75 1 3121 381
2051246468 1 131200 R 18.0 64 6 977 402
2051822483 2 131199 R 14.0 52 4 17847 382
2055638516 1 131481 R 9.0 67 3 1191 403
2056208241 2 131480 R 10.0 56 3 17263 383
2060118324 1 131767 R 6.0 70 2 1171 404
2060685523 2 131766 R 5.0 49 1 3128 384
2064549383 1 132051 R 15.0 66 5 1524 405
2065056439 2 132046 R 14.0 50 4 22641 385
2068887858 1 132329 R 3.0 75 1 581 406
2069488711 2 132330 R 4.0 76 1 2555 386
2073320946 1 132612 R 18.0 65 6 418 407
2073849841 2 132609 R 19.0 52 6 26070 387
2077722618 1 132894 R 12.0 65 4 655 408
2078312028 2 132894 R 17.0 62 5 21816 388
2082092692 1 133174 R 9.0 68 3 634 409
2082715634 2 133176 R 10.0 57 3 16696 389
2086556874 1 133459 R 6.0 71 2 605 410
2087111512 2 133457 R 13.0 21 4 29977 390
2090865437 1 133735 R 15.0 67 5 1235 411
2091471997 2 133737 R 10.0 58 3 15851 391
2095330954 1 134021 R 18.0 66 6 698 412
2095933509 2 134022 R 5.0 50 1 3129 392
2099779444 1 134306 R 12.0 66 4 653 413
2100327305 2 134303 R 4.0 77 1 3117 393
2104196518 1 134588 R 3.0 76 1 584 414
2104688310 2 134582 R 7.0 42 2 13295 394
2108582726 1 134869 R 15.0 68 5 960 415
2109074523 2 134863 R 19.0 49 6 33400 395
2112937593 1 135148 R 9.0 69 3 1190 416
2117385731 1 135433 R 6.0 72 2 888 417
2121797263 1 135715 R 18.0 67 6 700 418
2122310735 2 135710 R 17.0 59 5 29707 396
2126198951 1 135997 R 12.0 67 4 942 419
2126696657 2 135991 R 16.0 37 5 35353 397
2130569144 1 136276 R 9.0 70 3 918 420
2131174438 2 136278 R 10.0 59 3 16987 398
2135033121 1 136562 R 3.0 77 1 865 421
2135544148 2 136557 R 5.0 51 1 3408 399
2139341620 1 136838 R 15.0 69 5 1800 422
2139976981 2 136841 R 4.0 78 1 3683 400
2143743017 1 137119 R 6.0 73 2 1166 423
2144394822 2 137124 R 17.0 57 5 33379 401
2148238599 1 137407 R 15.0 70 5 1241 424
2148724171 2 137401 R 14.0 56 4 16717 402
2152610494 1 137687 R 12.0 68 4 934 425
2156996485 1 137968 R 18.0 68 6 981 426
2157554741 2 137966 R 14.0 57 4 15308 403
2161476475 1 138254 R 9.0 71 3 1202 427
2161940624 2 138247 R 7.0 43 2 13006 404
2165782132 1 138530 R 15.0 71 5 954 428
2166418591 2 138533 R 19.0 50 6 35097 405
2170246427 1 138816 R 3.0 78 1 1152 429
2170815562 2 138815 R 4.0 80 1 2273 406
2174622654 1 139096 R 6.0 74 2 1168 430
2175176812 2 139094 R 17.0 55 5 37603 407
2179008864 1 139376 R 12.0 69 4 1213 431
2179562789 2 139374 R 20.0 48 6 32275 408
2183488252 1 139663 R 18.0 69 6 983 432
2184040646 2 139661 R 16.0 38 5 35637 409
2187811456 1 139940 R 9.0 72 3 627 433
2188410947 2 139941 R 20.0 47 6 35097 410
2192228979 1 140222 R 15.0 72 5 672 434
2192782692 2 140220 R 5.0 52 1 3122 411
2196614783 1 140503 R 3.0 79 1 578 435
2197249382 2 140506 R 14.0 55 4 21231 412
2201094640 1 140790 R 12.0 70 4 655 436
2201639298 2 140787 R 10.0 63 3 15006 413
2205525382 1 141073 R 6.0 75 2 892 437
2209864781 1 141351 R 18.0 70 6 698 438
2210421031 2 141349 R 10.0 60 3 19798 414
2214240774 1 141631 R 9.0 73 3 343 439
2214807017 2 141630 R 17.0 63 5 29427 415
2218626861 1 141912 R 15.0 73 5 107 440
2219284724 2 141917 R 19.0 53 6 34252 416
2223069261 1 142196 R 6.0 76 2 330 441
2223681853 2 142198 R 4.0 81 1 4244 417
2227533365 1 142482 R 3.0 80 1 302 442
2228042453 2 142477 R 5.0 53 1 3684 418
2231841460 1 142758 R 12.0 71 4 935 443
2232429007 2 142758 R 20.0 51 6 28889 419
2236368138 1 143047 R 18.0 71 6 701 444
2240713113 1 143325 R 12.0 72 4 369 445
2241259718 2 143323 R 17.0 65 5 27456 420
2245161648 1 143610 R 15.0 74 5 113 446
2245709438 2 143608 R 4.0 82 1 4247 421
2249578534 1 143893 R 6.0 77 2 322 447
2250069969 2 143887 R 5.0 54 1 3675 422
2253964575 1 144174 R 9.0 74 3 638 448
2254532836 2 144172 R 19.0 56 6 30867 423
2258318834 1 144452 R 3.0 81 1 16 449
2262767967 1 144737 R 18.0 72 6 137 450
2263331847 2 144736 R 7.0 44 2 15553 424
2267185205 1 145020 R 12.0 73 4 375 451
2267710256 2 145016 R 17.0 64 5 34252 425
2271571263 1 145300 R 15.0 75 5 394 452
2272163952 2 145301 R 4.0 83 1 4530 426
2275925777 1 145579 R 6.0 78 2 322 453
2276503711 2 145579 R 10.0 62 3 21204 427
2280415277 1 145866 R 9.0 75 3 350 454
2280889777 2 145859 R 17.0 67 5 27184 428
2284723064 1 146142 R 3.0 82 1 297 455
2289177760 1 146427 R 12.0 74 4 369 456
2289720334 2 146424 R 10.0 65 3 16416 429
2293531738 1 146706 R 6.0 79 2 38 457
2294105690 2 146705 R 5.0 55 1 4529 430
2297980863 1 146991 R 18.0 73 6 134 458
2302398163 1 147273 R 15.0 76 5 397 459
2302936892 2 147270 R 17.0 66 5 29715 431
2306793626 1 147555 R 9.0 76 3 348 460
2307398982 2 147556 R 19.0 55 6 36508 432
2311164049 1 147834 R 3.0 83 1 302 461
2311792144 2 147837 R 4.0 85 1 3401 433
2315587374 1 148117 R 12.0 75 4 650 462
2316209791 2 148120 R 7.0 45 2 14982 434
2320603888 2 148401 R 14.0 58 4 23771 435
2324410127 1 148682 R 18.0 74 6 133 463
2324993895 2 148682 R 16.0 40 5 32261 436
2328795811 1 148963 R 6.0 80 2 322 464
2333238772 1 149247 R 12.0 76 4 654 465
2333775642 2 149244 R 10.0 66 3 17542 437
2337577559 1 149525 R 3.0 84 1 291 466
2338160849 2 149525 R 5.0 56 1 4243 438
2342011129 1 149809 R 15.0 77 5 1241 467
2346412160 1 150090 R 9.0 77 3 910 468
2346992057 2 150090 R 10.0 64 3 21487 439
2350907629 1 150378 R 12.0 77 4 656 469
2351378123 2 150371 R 19.0 60 6 30864 440
2355246512 1 150656 R 6.0 81 2 604 470
2359603496 1 150934 R 15.0 78 5 671 471
2360208618 2 150936 R 14.0 61 4 20378 441
2364083292 1 151221 R 18.0 75 6 698 472
2364594672 2 151216 R 20.0 52 6 36221 442
2368531430 1 151506 R 3.0 85 1 591 473
2372915533 1 151786 R 9.0 78 3 911 474
2373425253 2 151782 R 17.0 70 5 29424 443
2377223612 1 152062 R 12.0 78 4 929 475
2377811228 2 152062 R 19.0 57 6 37346 444
2381750156 1 152352 R 15.0 79 5 397 476
2386137868 1 152633 R 6.0 82 2 605 477
2386641797 2 152627 R 14.0 62 4 20103 445
2390555109 1 152915 R 9.0 79 3 913 478
2391027782 2 152908 R 17.0 72 5 26323 446
2394941168 1 153196 R 3.0 86 1 589 479
2395497109 2 153194 R 4.0 88 1 4529 447
2399296054 1 153475 R 18.0 76 6 978 480
2399858343 2 153473 R 19.0 65 6 26635 448
