105830202 2 6656 R 4.0 1 1 19 1
108657669 1 6618 R 5.0 1 1 13 1
117505826 2 7403 R 3.0 1 1 15 2
126281829 2 7965 R 6.0 1 2 37 3
130800557 1 8035 R 8.0 1 2 51 2
132161750 2 8341 R 7.0 1 2 39 4
135171081 1 8315 R 11.0 1 3 64 3
141062982 2 8911 R 10.0 1 3 65 5
152800745 2 9662 R 9.0 1 3 66 6
158652212 2 10036 R 13.0 1 4 87 7
161608593 2 10225 R 12.0 1 4 89 8
163051982 2 10318 R 4.0 2 1 299 9
165971045 1 10286 R 14.0 1 4 94 4
170375024 1 10568 R 17.0 1 5 108 5
174743406 1 10848 R 5.0 2 1 294 6
179195616 2 11351 R 3.0 2 1 16 10
183659845 2 11637 R 6.0 2 2 43 11
185140952 2 11731 R 16.0 1 5 117 12
187968304 2 11912 R 18.0 1 6 131 13
188017946 1 11697 R 8.0 2 2 40 7
189464087 2 12008 R 7.0 2 2 330 14
192369838 2 12194 R 15.0 1 5 395 15
193881477 2 12291 R 19.0 1 6 133 16
196856549 1 12263 R 11.0 2 3 67 8
201258645 1 12544 R 20.0 1 6 134 9
202672757 2 12854 R 10.0 2 3 61 17
211557898 2 13422 R 13.0 2 4 90 18
214486628 2 13610 R 9.0 2 3 74 19
218845897 1 13670 R 17.0 2 5 109 10
220286600 2 13981 R 4.0 3 1 15 20
223231561 2 14169 R 12.0 2 4 85 21
223310076 1 13956 R 14.0 2 4 371 11
227617305 1 14231 R 5.0 3 1 13 12
227664120 2 14453 R 3.0 3 1 16 22
232065852 2 14735 R 6.0 3 2 40 23
236424367 1 14795 R 8.0 3 2 36 13
246712601 2 15672 R 19.0 2 6 131 24
249653365 2 15860 R 18.0 2 6 131 25
251192048 2 15959 R 7.0 3 2 325 26
254117392 2 16146 R 15.0 2 5 111 27
255515949 2 16235 R 16.0 2 5 389 28
259932648 2 16518 R 13.0 3 4 85 29
262881608 1 16488 R 20.0 2 6 132 14
264318566 2 16799 R 10.0 3 3 59 30
267314406 1 16772 R 11.0 3 3 351 15
276171895 2 17558 R 9.0 3 3 65 31
280591091 1 17622 R 14.0 3 4 90 16
282014824 2 17931 R 4.0 4 1 17 32
284914841 1 17898 R 5.0 4 1 297 17
284979047 2 18121 R 12.0 3 4 90 33
289361525 1 18183 R 17.0 3 5 403 18
293709778 2 18680 R 6.0 4 2 36 34
295253308 2 18779 R 19.0 3 6 135 35
298094429 2 18961 R 3.0 4 1 294 36
298199284 1 18749 R 8.0 4 2 43 19
299561174 2 19054 R 16.0 3 5 106 37
306932902 2 19526 R 18.0 3 6 132 38
308492883 2 19626 R 13.0 4 4 92 39
312863018 2 19906 R 7.0 4 2 41 40
315739952 2 20090 R 15.0 3 5 109 41
317202553 2 20183 R 10.0 4 3 60 42
324593951 1 20438 R 20.0 3 6 135 20
328933119 1 20716 R 11.0 4 3 343 21
337856752 2 21505 R 9.0 4 3 75 43
339305893 2 21598 R 4.0 5 1 18 44
342163407 1 21562 R 17.0 4 5 108 22
346572385 2 22063 R 12.0 4 4 84 45
346642796 1 21849 R 5.0 5 1 303 23
348066783 2 22159 R 19.0 4 6 132 46
350958488 2 22344 R 3.0 5 1 301 47
350966507 1 22126 R 14.0 4 4 649 24
352515463 2 22443 R 16.0 4 5 392 48
355412934 1 22410 R 8.0 5 2 603 25
355436344 2 22630 R 6.0 5 2 323 49
356932166 2 22726 R 13.0 5 4 90 50
364212371 2 23192 R 18.0 4 6 132 51
368676607 2 23478 R 15.0 4 5 396 52
374534632 2 23853 R 10.0 5 3 64 53
377391391 1 23817 R 11.0 5 3 60 26
378889630 2 24131 R 7.0 5 2 326 54
386200311 2 24599 R 9.0 5 3 59 55
386277052 1 24386 R 20.0 4 6 135 27
395108940 1 24951 R 8.0 6 2 43 28
395132615 2 25171 R 12.0 5 4 90 56
396595900 2 25265 R 16.0 5 5 112 57
399423075 1 25227 R 5.0 6 1 299 29
399502750 2 25451 R 3.0 6 1 18 58
400971843 2 25545 R 4.0 6 1 303 59
403841850 2 25728 R 6.0 6 2 38 60
403933894 1 25516 R 14.0 5 4 89 30
408289204 1 25794 R 17.0 5 5 111 31
409763590 2 26107 R 19.0 5 6 133 61
417086389 2 26576 R 18.0 5 6 132 62
422928915 2 26950 R 13.0 6 4 84 63
425893523 2 27140 R 15.0 5 5 109 64
427377588 2 27235 R 7.0 6 2 322 65
431795128 2 27517 R 10.0 6 3 627 66
439182100 1 27772 R 11.0 6 3 66 32
443479876 2 28265 R 9.0 6 3 60 67
447973894 1 28334 R 20.0 5 6 135 33
449396954 2 28644 R 4.0 7 1 16 68
452327993 1 28613 R 8.0 7 2 40 34
452349647 2 28833 R 12.0 6 4 86 69
456776472 1 28898 R 5.0 7 1 18 35
456782828 2 29117 R 6.0 7 2 329 70
461183980 2 29398 R 3.0 7 1 19 71
461194094 1 29180 R 14.0 6 4 89 36
462588756 2 29488 R 19.0 6 6 131 72
465580342 1 29461 R 17.0 6 5 111 37
467052867 2 29774 R 16.0 6 5 401 73
469960420 2 29960 R 18.0 6 6 133 74
474424531 2 30246 R 15.0 6 5 114 75
475890813 2 30340 R 7.0 7 2 43 76
480292509 2 30621 R 10.0 7 3 66 77
489068330 2 31183 R 13.0 7 4 87 78
496353904 2 31649 R 9.0 7 3 69 79
496411284 1 31434 R 20.0 6 6 135 38
505161167 2 32213 R 12.0 7 4 84 80
505233504 1 31999 R 11.0 7 3 64 39
511062678 2 32591 R 4.0 8 1 18 81
514025175 1 32562 R 14.0 7 4 88 40
515449168 2 32871 R 19.0 7 6 132 82
518467804 1 32846 R 8.0 8 2 325 41
518468060 2 33064 R 18.0 7 6 135 83
519928847 2 33158 R 16.0 7 5 397 84
522828408 1 33125 R 5.0 8 1 302 42
522840129 2 33344 R 6.0 8 2 321 85
527226062 2 33625 R 3.0 8 1 304 86
528657330 2 33717 R 7.0 8 2 35 87
531641770 2 33908 R 15.0 7 5 675 88
531651441 1 33690 R 17.0 7 5 111 43
541885777 2 34563 R 10.0 8 3 58 89
549227852 2 35033 R 9.0 8 3 61 90
555082728 2 35408 R 13.0 8 4 83 91
558139180 1 35385 R 20.0 7 6 138 44
562462445 1 35662 R 14.0 8 4 87 45
563968595 2 35976 R 19.0 8 6 135 92
566936127 1 35948 R 11.0 8 3 66 46
571265661 1 36225 R 5.0 9 1 294 47
571314252 2 36447 R 12.0 8 4 88 93
572821834 2 36543 R 4.0 9 1 20 94
575744983 1 36512 R 8.0 9 2 42 48
577114631 2 36818 R 16.0 8 5 108 95
580076951 2 37007 R 18.0 8 6 132 96
584556387 2 37294 R 3.0 9 1 305 97
586030704 2 37388 R 7.0 9 2 43 98
588880226 2 37571 R 15.0 8 5 389 99
593264349 2 37851 R 6.0 9 2 606 100
593285736 1 37634 R 17.0 8 5 107 49
602102274 2 38417 R 9.0 9 3 60 101
606513928 1 38481 R 20.0 8 6 133 50
608007945 2 38795 R 10.0 9 3 64 102
612456429 2 39080 R 13.0 9 4 88 103
619710798 1 39325 R 14.0 9 4 84 51
621279627 2 39644 R 19.0 9 6 137 104
625612849 2 39922 R 16.0 9 5 109 105
628595986 1 39894 R 5.0 10 1 19 52
630020511 2 40204 R 4.0 10 1 304 106
632919282 1 40171 R 11.0 9 3 60 53
632920108 2 40389 R 15.0 9 5 108 107
637336837 1 40453 R 8.0 10 2 37 54
637337485 2 40672 R 3.0 10 1 300 108
641723407 2 40953 R 18.0 9 6 410 109
643279684 2 41052 R 7.0 10 2 42 110
646203281 2 41239 R 6.0 10 2 603 111
650571432 2 41519 R 12.0 9 4 931 112
654939473 1 41580 R 20.0 9 6 131 55
655035428 2 41805 R 9.0 10 3 66 113
659419206 1 41867 R 17.0 9 5 399 56
669705608 2 42744 R 19.0 10 6 135 114
674059870 2 43022 R 10.0 10 3 62 115
677084314 1 42997 R 14.0 10 4 90 57
678508355 2 43307 R 13.0 10 4 89 116
682926006 2 43590 R 16.0 10 5 109 117
685837461 2 43776 R 15.0 10 5 111 118
687311360 2 43870 R 4.0 11 1 17 119
690181622 1 43836 R 8.0 11 2 35 58
690285850 2 44061 R 3.0 11 1 304 120
691666167 2 44149 R 7.0 11 2 37 121
694703259 2 44343 R 18.0 10 6 418 122
694708529 1 44125 R 5.0 11 1 300 59
699053653 1 44403 R 11.0 10 3 344 60
699088972 2 44624 R 6.0 11 2 610 123
703441946 2 44903 R 12.0 10 4 649 124
703502143 1 44688 R 17.0 10 5 112 61
712324952 1 45253 R 20.0 10 6 137 62
716622714 2 45746 R 9.0 11 3 63 125
722560172 2 46126 R 19.0 11 6 135 126
735767083 2 46972 R 16.0 11 5 109 127
738742100 2 47162 R 3.0 12 1 17 128
740137083 2 47251 R 4.0 12 1 298 129
743092790 1 47222 R 14.0 11 4 86 63
744601365 2 47537 R 13.0 11 4 371 130
747534245 2 47725 R 18.0 11 6 136 131
748977593 2 47817 R 10.0 11 3 632 132
751888743 2 48003 R 6.0 12 2 323 133
751946869 1 47788 R 11.0 11 3 65 64
753362925 2 48098 R 7.0 12 2 38 134
756337461 2 48288 R 15.0 11 5 676 135
756358354 1 48071 R 8.0 12 2 325 65
760754821 2 48571 R 12.0 11 4 369 136
760760167 1 48353 R 5.0 12 1 303 66
765105295 1 48631 R 17.0 11 5 673 67
773959245 1 49197 R 20.0 11 6 133 68
782762149 2 49979 R 9.0 12 3 64 137
788578619 2 50351 R 19.0 12 6 129 138
793011133 2 50635 R 4.0 13 1 296 139
795927895 2 50822 R 3.0 13 1 13 140
797412894 2 50917 R 13.0 12 4 368 141
801908434 2 51205 R 16.0 12 5 395 142
804782724 2 51389 R 18.0 12 6 132 143
804789425 1 51170 R 8.0 13 2 41 69
806206340 2 51480 R 10.0 12 3 622 144
809144339 1 51449 R 14.0 12 4 84 70
809199580 2 51671 R 6.0 13 2 327 145
810623010 2 51762 R 7.0 13 2 37 146
813571377 1 51732 R 11.0 12 3 61 71
813585755 2 51952 R 15.0 12 5 674 147
818010403 1 52017 R 5.0 13 1 298 72
818065488 2 52239 R 12.0 12 4 663 148
822396499 1 52297 R 17.0 12 5 110 73
835687198 1 53148 R 20.0 12 6 138 74
840010486 2 53643 R 9.0 13 3 62 149
841479785 2 53737 R 19.0 13 6 130 150
845943667 2 54023 R 4.0 14 1 303 151
850257621 2 54299 R 16.0 13 5 390 152
853239437 2 54490 R 18.0 13 6 133 153
854768185 2 54588 R 10.0 13 3 67 154
857697652 2 54775 R 15.0 13 5 394 155
859123000 2 54866 R 13.0 13 4 86 156
862067834 2 55055 R 3.0 14 1 300 157
866428313 2 55334 R 6.0 14 2 319 158
866455102 1 55117 R 14.0 13 4 87 75
870841272 1 55398 R 8.0 14 2 322 76
870845552 2 55617 R 12.0 13 4 84 159
872382215 2 55715 R 7.0 14 2 43 160
875321301 1 55684 R 11.0 13 3 349 77
879623243 1 55960 R 17.0 13 5 388 78
884061733 1 56244 R 5.0 14 1 298 79
894353227 2 57121 R 4.0 15 1 26 161
897259042 1 57088 R 20.0 13 6 129 80
901738567 2 57594 R 9.0 14 3 66 162
906062634 2 57870 R 18.0 14 6 129 163
907566445 2 57967 R 19.0 14 6 132 164
911936857 2 58246 R 16.0 14 5 387 165
914885392 2 58435 R 15.0 14 5 108 166
916401001 2 58532 R 10.0 14 3 351 167
919360371 1 58503 R 11.0 14 3 71 81
920833784 2 58816 R 13.0 14 4 369 168
923676300 2 58998 R 3.0 15 1 13 169
925235430 2 59098 R 7.0 15 2 327 170
928089435 1 59062 R 14.0 14 4 82 82
932506867 1 59344 R 8.0 15 2 321 83
932524962 2 59564 R 12.0 14 4 366 171
936893071 1 59625 R 17.0 14 5 389 84
936988978 2 59850 R 6.0 15 2 601 172
945777624 1 60194 R 5.0 15 1 17 85
950107383 2 60689 R 9.0 15 3 66 173
951691305 2 60791 R 4.0 16 1 19 174
955999881 2 61066 R 19.0 15 6 130 175
959037856 1 61042 R 20.0 14 6 137 86
963445615 2 61543 R 18.0 15 6 138 176
964807002 2 61630 R 16.0 15 5 106 177
967735188 1 61599 R 11.0 15 3 59 87
969302290 2 61918 R 13.0 15 4 369 178
973641601 2 62195 R 10.0 15 3 348 179
976651752 1 62170 R 14.0 15 4 91 88
981006619 1 62448 R 8.0 16 2 325 89
981032732 2 62669 R 15.0 15 5 113 180
985371042 2 62946 R 3.0 16 1 14 181
985455266 1 62733 R 17.0 15 5 401 90
986884660 2 63043 R 7.0 16 2 40 182
989803872 2 63230 R 6.0 16 2 39 183
994205709 2 63512 R 12.0 15 4 86 184
994277384 1 63298 R 5.0 16 1 19 91
1004502813 2 64171 R 4.0 17 1 16 185
1007386944 2 64355 R 9.0 16 3 60 186
1013297108 2 64733 R 19.0 16 6 130 187
1016233341 1 64703 R 20.0 15 6 133 92
1020662654 2 65205 R 18.0 16 6 133 188
1022119742 2 65298 R 16.0 16 5 110 189
1026505247 2 65579 R 13.0 16 4 83 190
1029414395 1 65546 R 11.0 16 3 61 93
1035390699 2 66147 R 10.0 16 3 67 191
1038284015 1 66114 R 14.0 16 4 89 94
1038298599 2 66334 R 15.0 16 5 110 192
1039713832 2 66424 R 7.0 17 2 38 193
1042652987 2 66612 R 3.0 17 1 296 194
1042717007 1 66398 R 8.0 17 2 327 95
1047058410 1 66676 R 17.0 16 5 107 96
1047083937 2 66896 R 6.0 17 2 321 195
1051489109 1 66959 R 5.0 17 1 302 97
1055953336 2 67463 R 12.0 16 4 90 196
1066139059 2 68115 R 4.0 18 1 14 197
1069072651 2 68303 R 18.0 17 6 131 198
1073473668 2 68585 R 9.0 17 3 60 199
1075024960 2 68684 R 19.0 17 6 136 200
1077883432 1 68648 R 20.0 16 6 130 98
1082284513 1 68930 R 11.0 17 3 60 99
1086780048 1 69218 R 8.0 18 2 43 100
1088159466 2 69525 R 16.0 17 5 106 201
1091119516 1 69496 R 14.0 17 4 85 101
1091185507 2 69718 R 6.0 18 2 42 202
1092576545 2 69807 R 7.0 18 2 322 203
1096962743 2 70088 R 10.0 17 3 630 204
1099963972 2 70280 R 15.0 17 5 110 205
1101442441 2 70375 R 13.0 17 4 940 206
1104363362 2 70562 R 3.0 18 1 305 207
1104363643 1 70343 R 17.0 17 5 109 102
1108764614 1 70625 R 5.0 18 1 17 103
1117575824 2 71407 R 12.0 17 4 87 208
1127804577 2 72062 R 4.0 19 1 13 209
1130757630 2 72251 R 18.0 18 6 131 210
1135221383 1 72318 R 11.0 18 3 66 104
1135221519 2 72537 R 9.0 18 3 349 211
1136721090 2 72633 R 7.0 19 2 43 212
1139654653 1 72602 R 20.0 17 6 136 105
1141076541 2 72911 R 19.0 18 6 135 213
1144056332 1 72883 R 14.0 18 4 378 106
1145524960 2 73196 R 16.0 18 5 113 214
1148389468 2 73379 R 15.0 18 5 109 215
1148426473 1 73163 R 8.0 19 2 330 107
1149941778 2 73479 R 13.0 18 4 91 216
1152765738 1 73441 R 17.0 18 5 106 108
1152867028 2 73666 R 3.0 19 1 301 217
1154328372 2 73759 R 10.0 18 3 350 218
1157236976 2 73946 R 6.0 19 2 40 219
1166009060 1 74288 R 5.0 19 1 14 109
1179198387 2 75351 R 12.0 18 4 84 220
1185158471 2 75733 R 7.0 20 2 41 221
1189575658 2 76015 R 4.0 20 1 19 222
1192442815 2 76199 R 18.0 19 6 131 223
1193962209 2 76296 R 16.0 19 5 113 224
1196844156 2 76480 R 9.0 19 3 348 225
1196933785 1 76268 R 14.0 19 4 88 110
1198316534 2 76575 R 13.0 19 4 83 226
1201273457 1 76545 R 11.0 19 3 344 111
1202765496 2 76859 R 19.0 19 6 134 227
1205706162 1 76829 R 20.0 18 6 415 112
1205744617 2 77050 R 3.0 20 1 21 228
1210107559 1 77111 R 8.0 20 2 329 113
1211587769 2 77424 R 10.0 19 3 64 229
1214478214 1 77390 R 17.0 19 5 392 114
1214489935 2 77610 R 15.0 19 5 112 230
1218922525 2 77893 R 6.0 20 2 325 231
1232158168 1 78522 R 5.0 20 1 19 115
1237950423 2 79111 R 7.0 21 2 37 232
1240945948 2 79303 R 12.0 19 4 88 233
1242398822 2 79396 R 4.0 21 1 16 234
1245316497 2 79583 R 9.0 20 3 345 235
1249794140 1 79651 R 14.0 20 4 91 116
1251222222 2 79961 R 19.0 20 6 134 236
1254149481 1 79929 R 11.0 20 3 343 117
1254186342 2 80150 R 18.0 20 6 137 237
1255608200 2 80241 R 16.0 20 5 392 238
1258597875 1 80214 R 20.0 19 6 135 118
1260088013 2 80528 R 13.0 20 4 372 239
1263015003 1 80497 R 17.0 20 5 114 119
1267304599 2 80990 R 6.0 21 2 36 240
1268816526 2 81087 R 10.0 20 3 61 241
1271805937 1 81059 R 8.0 21 2 42 120
1271831207 2 81280 R 3.0 21 1 20 242
1276202216 2 81559 R 15.0 20 5 114 243
1286450163 2 82215 R 7.0 22 2 39 244
1293745682 1 82464 R 5.0 21 1 16 121
1295241591 2 82778 R 4.0 22 1 15 245
1299721966 2 83065 R 19.0 21 6 135 246
1302596304 2 83249 R 18.0 21 6 133 247
1306997935 2 83530 R 12.0 20 4 375 248
1307021002 1 83313 R 14.0 21 4 90 122
1311368001 2 83810 R 9.0 21 3 342 249
1311454212 1 83597 R 11.0 21 3 350 123
1312856567 2 83905 R 16.0 21 5 390 250
1315831699 2 84096 R 6.0 22 2 39 251
1317273306 2 84188 R 13.0 21 4 87 252
1320261458 1 84161 R 20.0 20 6 137 124
1320264637 2 84379 R 3.0 22 1 19 253
1324631544 1 84440 R 8.0 22 2 320 125
1329072401 2 84943 R 15.0 21 5 111 254
1329095813 1 84726 R 17.0 21 5 394 126
1334876047 2 85315 R 10.0 21 3 59 255
1339355418 2 85601 R 7.0 23 2 42 256
1348085005 2 86160 R 19.0 22 6 131 257
1351064888 2 86351 R 18.0 22 6 133 258
1351073936 1 86133 R 5.0 22 1 18 127
1352501721 2 86443 R 4.0 23 1 14 259
1355528309 2 86636 R 9.0 22 3 67 260
1359836319 2 86912 R 12.0 21 4 85 261
1361293811 2 87005 R 16.0 22 5 105 262
1364239940 1 86975 R 11.0 22 3 59 128
1365773065 2 87292 R 13.0 22 4 88 263
1373048870 2 87758 R 6.0 23 2 37 264
1373094349 1 87542 R 20.0 21 6 133 129
1377511432 1 87825 R 8.0 23 2 318 130
1381897641 1 88105 R 14.0 22 4 650 131
1381950328 2 88327 R 15.0 22 5 113 265
1386288730 2 88605 R 3.0 23 1 14 266
1386377311 1 88392 R 17.0 22 5 960 132
1392135860 2 88979 R 10.0 22 3 60 267
1396647265 2 89268 R 19.0 23 6 137 268
1401001981 2 89547 R 7.0 24 2 319 269
1408330750 2 90016 R 18.0 23 6 132 270
1408363308 1 89799 R 5.0 23 1 25 133
1412810220 2 90302 R 9.0 23 3 352 271
1414260885 2 90395 R 4.0 24 1 19 272
1417133852 2 90579 R 12.0 22 4 367 273
1423084274 2 90960 R 16.0 23 5 123 274
1425955973 2 91144 R 6.0 24 2 40 275
1426012884 1 90929 R 11.0 23 3 70 134
1430414459 1 91210 R 8.0 24 2 42 135
1431875560 2 91522 R 13.0 23 4 88 276
1434785343 1 91490 R 20.0 22 6 135 136
1434820381 2 91711 R 15.0 23 5 111 277
1439124383 1 91768 R 14.0 23 4 369 137
1439227635 2 91993 R 3.0 24 1 299 278
1443557437 1 92052 R 17.0 23 5 674 138
1449446432 2 92647 R 7.0 25 2 38 279
1453895551 2 92932 R 19.0 24 6 137 280
1458312989 2 93214 R 10.0 23 3 350 281
1461151332 2 93396 R 9.0 24 3 59 282
1465584778 2 93680 R 18.0 24 6 132 283
1465644750 1 93465 R 5.0 24 1 27 139
1471509891 2 94059 R 16.0 24 5 113 284
1474373971 1 94024 R 11.0 24 3 61 140
1474391697 2 94244 R 12.0 23 4 84 285
1475863915 2 94338 R 4.0 25 1 14 286
1478886668 2 94531 R 6.0 25 2 44 287
1483197203 1 94588 R 17.0 24 5 107 141
1491988078 1 95151 R 8.0 25 2 37 142
1492036781 2 95373 R 3.0 25 1 16 288
1496468381 1 95438 R 20.0 23 6 135 143
1496470481 2 95657 R 15.0 24 5 110 289
1497975718 2 95753 R 13.0 24 4 91 290
1500917054 1 95723 R 14.0 24 4 376 144
1511095214 2 96593 R 19.0 25 6 129 291
1515496457 2 96874 R 7.0 26 2 322 292
1518493328 2 97066 R 9.0 25 3 73 293
1519991994 2 97162 R 10.0 24 3 348 294
1522864445 2 97346 R 18.0 25 6 131 295
1524331100 2 97440 R 16.0 25 5 389 296
1527351627 1 97414 R 11.0 25 3 66 145
1531722128 1 97694 R 5.0 25 1 310 146
1536139063 2 98195 R 12.0 24 4 90 297
1536145449 1 97977 R 17.0 25 5 395 147
1537574437 2 98287 R 4.0 26 1 17 298
1540446697 2 98471 R 6.0 26 2 36 299
1544974068 2 98761 R 15.0 25 5 117 300
1553749262 2 99322 R 3.0 26 1 18 301
1553778760 1 99106 R 14.0 25 4 96 148
1558164995 1 99386 R 8.0 26 2 325 149
1559663139 2 99701 R 19.0 26 6 136 302
1562519897 1 99665 R 20.0 24 6 414 150
1563986747 2 99978 R 13.0 25 4 369 303
1568404341 2 100260 R 10.0 25 3 348 304
1572790030 2 100541 R 7.0 27 2 320 305
1575758051 1 100512 R 11.0 26 3 63 151
1575807201 2 100734 R 18.0 26 6 137 306
1577269993 2 100828 R 16.0 26 5 394 307
1580193009 2 101015 R 9.0 26 3 348 308
1580196916 1 100796 R 5.0 26 1 304 152
1593394214 1 101641 R 17.0 26 5 112 153
1594809477 2 101950 R 4.0 27 1 14 309
1597764418 2 102139 R 15.0 26 5 117 310
1602212643 2 102424 R 6.0 27 2 325 311
1606559203 1 102484 R 8.0 27 2 38 154
1606630233 2 102707 R 12.0 25 4 656 312
1611008456 1 102768 R 20.0 25 6 134 155
1612437741 2 103078 R 13.0 26 4 86 313
1615421055 2 103269 R 3.0 27 1 18 314
1615425223 1 103051 R 14.0 26 4 88 156
1621245087 2 103642 R 19.0 27 6 134 315
1624181954 2 103830 R 18.0 27 6 132 316
1625740228 2 103930 R 7.0 28 2 330 317
1628569516 1 103892 R 11.0 27 3 60 157
1628629840 2 104115 R 9.0 27 3 64 318
1630079754 2 104208 R 10.0 26 3 345 319
1632977228 1 104174 R 5.0 27 1 303 158
1634512419 2 104491 R 16.0 27 5 111 320
1646263807 2 105243 R 12.0 26 4 90 321
1647724424 2 105337 R 4.0 28 1 18 322
1650649961 2 105524 R 6.0 28 2 326 323
1655026598 1 105586 R 17.0 27 5 115 159
1659410379 2 106085 R 15.0 27 5 107 324
1660986322 2 106186 R 13.0 27 4 91 325
1663864435 1 106151 R 14.0 27 4 86 160
1668265750 1 106433 R 8.0 28 2 40 161
1672636877 1 106713 R 20.0 26 6 130 162
1672669271 2 106933 R 3.0 28 1 16 326
1677086506 2 107216 R 9.0 28 3 62 327
1677100295 1 106998 R 5.0 28 1 18 163
1678495364 2 107306 R 19.0 28 6 128 328
1681473134 2 107497 R 18.0 28 6 133 329
1683005678 2 107595 R 7.0 29 2 44 330
1687360837 2 107874 R 10.0 27 3 63 331
1690344409 1 107846 R 11.0 28 3 67 164
1691809619 2 108158 R 16.0 28 5 113 332
1700631656 2 108723 R 4.0 29 1 20 333
1703574371 2 108911 R 6.0 29 2 46 334
1707898421 2 109188 R 15.0 28 5 109 335
1712315784 2 109471 R 12.0 27 4 376 336
1712368693 1 109255 R 17.0 28 5 112 165
1713829178 2 109567 R 13.0 28 4 92 337
1721144452 1 109817 R 20.0 27 6 136 166
1725483491 1 110095 R 14.0 28 4 373 167
1729902586 1 110378 R 8.0 29 2 323 168
1731399973 2 110692 R 7.0 30 2 39 338
1734317819 1 110660 R 5.0 29 1 301 169
1734395468 2 110884 R 9.0 29 3 67 339
1738803237 2 111166 R 3.0 29 1 297 340
1738812985 1 110948 R 11.0 29 3 67 170
1740254613 2 111259 R 19.0 29 6 135 341
1743127137 2 111443 R 18.0 29 6 131 342
1744671513 2 111541 R 10.0 28 3 65 343
1749057865 2 111822 R 16.0 29 5 112 344
1756354598 2 112289 R 6.0 30 2 38 345
1760740787 2 112570 R 12.0 28 4 84 346
1762222959 2 112665 R 4.0 30 1 14 347
1765207389 1 112637 R 17.0 29 5 119 171
1769608570 1 112919 R 14.0 29 4 87 172
1769626528 2 113138 R 15.0 29 5 111 348
1775523729 2 113516 R 13.0 29 4 90 349
1778384931 1 113480 R 20.0 28 6 132 173
1782848817 1 113766 R 8.0 30 2 329 174
1787156258 1 114042 R 5.0 30 1 13 175
1787165868 2 114261 R 3.0 30 1 13 350
1791583856 2 114544 R 18.0 30 6 131 351
1793048757 2 114638 R 19.0 30 6 131 352
1795969159 2 114824 R 9.0 30 3 60 353
1796088744 1 114614 R 11.0 30 3 67 176
1797449946 2 114919 R 7.0 31 2 323 354
1801945525 2 115207 R 16.0 30 5 396 355
1806284644 2 115485 R 10.0 29 3 629 356
1813675950 1 115739 R 17.0 30 5 113 177
1815122380 2 116050 R 4.0 31 1 17 357
1818014573 1 116017 R 14.0 30 4 84 178
1818071524 2 116239 R 15.0 30 5 112 358
1822520008 2 116524 R 12.0 29 4 370 359
1826812104 2 116798 R 6.0 31 2 324 360
1831258440 1 116864 R 8.0 31 2 38 179
1835728114 2 117369 R 3.0 31 1 19 361
1837210742 2 117464 R 13.0 30 4 91 362
1840066088 1 117428 R 20.0 29 6 131 180
1844516051 1 117713 R 11.0 31 3 65 181
1845940280 2 118023 R 16.0 31 5 109 363
1848900341 1 117993 R 5.0 31 1 305 182
1850357464 2 118305 R 19.0 31 6 134 364
1853325503 2 118495 R 18.0 31 6 136 365
1854743153 2 118586 R 7.0 32 2 321 366
1857663905 2 118773 R 9.0 31 3 60 367
1859223120 2 118873 R 10.0 30 3 348 368
1867951560 2 119431 R 4.0 32 1 14 369
1875313625 2 119902 R 12.0 30 4 85 370
1875357032 1 119687 R 17.0 31 5 111 183
1879727178 1 119966 R 14.0 31 4 87 184
1884121160 2 120466 R 15.0 31 5 109 371
1885579834 2 120560 R 13.0 31 4 84 372
1888491224 2 120746 R 6.0 32 2 320 373
1888597092 1 120534 R 20.0 30 6 137 185
1892904657 1 120810 R 8.0 32 2 327 186
1892955123 2 121032 R 3.0 32 1 17 374
1894387257 2 121123 R 16.0 32 5 106 375
1901713690 1 121374 R 11.0 32 3 59 187
1906199533 2 121879 R 18.0 32 6 136 376
1906207220 1 121661 R 5.0 32 1 304 188
1907692940 2 121975 R 7.0 33 2 43 377
1910600843 2 122161 R 9.0 32 3 354 378
1912032888 2 122253 R 19.0 32 6 133 379
1916389004 2 122531 R 10.0 31 3 60 380
1920866946 2 122818 R 4.0 33 1 308 381
1932593157 2 123568 R 12.0 31 4 87 382
1932601440 1 123350 R 17.0 32 5 111 189
1937057607 2 123854 R 15.0 32 5 113 383
1941364961 2 124130 R 6.0 33 2 37 384
1942939867 2 124231 R 16.0 33 5 112 385
1945813651 1 124196 R 14.0 32 4 87 190
1947231571 2 124505 R 13.0 32 4 84 386
1950202007 1 124477 R 20.0 31 6 132 191
1954579625 2 124976 R 9.0 33 3 59 387
1954619093 1 124759 R 5.0 33 1 298 192
1959073258 2 125263 R 3.0 33 1 305 388
1959081177 1 125045 R 8.0 33 2 325 193
1960553294 2 125358 R 7.0 34 2 44 389
1963482602 1 125327 R 11.0 33 3 67 194
1964908449 2 125637 R 10.0 32 3 63 390
1967818231 2 125823 R 18.0 33 6 132 391
1973762748 2 126203 R 19.0 33 6 138 392
1978179267 2 126486 R 4.0 34 1 20 393
1981061596 2 126670 R 12.0 32 4 87 394
1989814560 1 127012 R 17.0 33 5 109 195
1994247005 1 127296 R 14.0 33 4 83 196
1994274659 2 127516 R 15.0 33 5 109 395
1995782650 2 127612 R 16.0 34 5 120 396
2003054566 1 127859 R 20.0 32 6 131 197
2004542349 2 128173 R 13.0 33 4 86 397
2007455522 2 128360 R 6.0 34 2 38 398
2007549260 1 128147 R 5.0 34 1 20 198
2008990539 2 128458 R 7.0 35 2 42 399
2011919549 2 128645 R 9.0 34 3 66 400
2016294113 1 128707 R 11.0 34 3 62 199
2016352369 2 128929 R 3.0 34 1 19 401
2020727350 1 128990 R 8.0 34 2 326 200
2025160139 2 129493 R 18.0 34 6 135 402
2026624633 2 129586 R 10.0 33 3 72 403
2031010989 2 129867 R 19.0 34 6 135 404
2039770565 2 130428 R 4.0 35 1 14 405
2042746716 2 130618 R 12.0 33 4 88 406
2047121491 1 130680 R 17.0 34 5 108 201
2051585613 1 130965 R 20.0 33 6 135 202
2055892765 1 131241 R 5.0 35 1 13 203
2055897201 2 131460 R 15.0 34 5 106 407
2057477263 2 131561 R 16.0 35 5 113 408
2060330036 2 131744 R 6.0 35 2 327 409
2060419667 1 131531 R 14.0 34 4 91 204
2064795489 2 132029 R 9.0 35 3 65 410
2066190353 2 132119 R 13.0 34 4 84 411
2069226822 2 132313 R 3.0 35 1 309 412
2070592103 2 132400 R 7.0 36 2 326 413
2078006591 1 132656 R 11.0 35 3 66 205
2082345410 1 132934 R 8.0 35 2 37 206
2086782781 2 133436 R 18.0 35 6 132 414
2088303758 2 133534 R 10.0 34 3 68 415
2092643403 2 133812 R 19.0 35 6 132 416
2095620744 2 134002 R 12.0 34 4 88 417
2099995653 1 134064 R 20.0 34 6 133 207
2101481101 2 134377 R 4.0 36 1 17 418
2104397147 1 134345 R 17.0 35 5 107 208
2104428327 2 134566 R 15.0 35 5 111 419
2110288790 2 134941 R 16.0 36 5 112 420
2117609047 2 135409 R 6.0 36 2 39 421
2121983348 1 135471 R 5.0 36 1 13 209
2122073154 2 135695 R 3.0 36 1 19 422
2123469745 2 135785 R 7.0 37 2 37 423
2126380949 2 135971 R 9.0 36 3 63 424
2126447756 1 135757 R 14.0 35 4 92 210
2127933882 2 136070 R 13.0 35 4 88 425
2136772266 2 136636 R 10.0 35 3 66 426
2139691625 1 136604 R 11.0 36 3 66 211
2141174489 2 136918 R 19.0 36 6 136 427
2144093380 1 136886 R 8.0 36 2 331 212
2148530324 2 137388 R 18.0 36 6 136 428
2152900698 2 137668 R 15.0 36 5 112 429
2157239859 2 137946 R 12.0 35 4 366 430
2158761282 2 138043 R 16.0 37 5 112 431
2161680712 1 138011 R 20.0 35 6 132 213
2163099677 2 138321 R 4.0 37 1 13 432
2166144702 1 138297 R 17.0 36 5 393 214
2170482999 2 138793 R 3.0 37 1 16 433
2176343779 2 139168 R 7.0 38 2 37 434
2179290130 2 139357 R 6.0 37 2 43 435
2180745490 2 139450 R 13.0 36 4 95 436
2183660488 2 139637 R 9.0 37 3 61 437
2183668412 1 139419 R 5.0 37 1 13 215
2188070368 1 139700 R 14.0 36 4 91 216
2189646290 2 140020 R 10.0 36 3 66 438
2196971192 1 140270 R 11.0 37 3 65 217
2198391535 2 140579 R 19.0 37 6 134 439
2201310138 1 140548 R 8.0 37 2 38 218
2205747380 2 141050 R 18.0 37 6 134 440
2210149169 1 141113 R 20.0 36 6 135 219
2210179753 2 141334 R 12.0 36 4 89 441
2214581776 2 141616 R 15.0 37 5 112 442
2218956162 1 141677 R 17.0 37 5 110 220
2224847877 2 142273 R 16.0 38 5 110 443
2229217613 2 142552 R 4.0 38 1 15 444
2232185652 2 142742 R 6.0 38 2 40 445
2236542778 1 142803 R 14.0 37 4 84 221
2236632590 2 143027 R 3.0 38 1 303 446
2241006616 1 143088 R 5.0 38 1 18 222
2242492738 2 143402 R 7.0 39 2 42 447
2245345744 2 143585 R 9.0 38 3 60 448
2246800833 2 143678 R 13.0 37 4 92 449
2251327938 2 143967 R 10.0 37 3 355 450
2255698211 2 144247 R 19.0 38 6 418 451
2258558490 2 144430 R 12.0 37 4 90 452
2258656180 1 144218 R 11.0 38 3 65 223
2263058110 1 144500 R 8.0 38 2 330 224
2267428636 1 144779 R 20.0 37 6 134 225
2267459709 2 145000 R 18.0 38 6 137 453
2276204417 2 145559 R 15.0 38 5 107 454
2277754460 2 145659 R 4.0 39 1 22 455
2280636636 2 145843 R 3.0 39 1 17 456
2282141282 2 145939 R 16.0 39 5 112 457
2284984234 1 145903 R 17.0 38 5 107 226
2285038174 2 146125 R 6.0 39 2 39 458
2289417226 1 146187 R 14.0 38 4 374 227
2298219648 2 146968 R 9.0 39 3 65 459
2299712385 2 147064 R 19.0 39 6 133 460
2304160863 2 147349 R 10.0 38 3 344 461
2307034690 1 147314 R 5.0 39 1 14 228
2308577949 2 147631 R 7.0 40 2 320 462
2312964117 2 147912 R 13.0 38 4 941 463
2315828366 1 147877 R 11.0 39 3 59 229
2315900948 2 148100 R 18.0 39 6 135 464
2320245918 1 148160 R 8.0 39 2 320 230
2324738835 2 148666 R 12.0 38 4 88 465
2326129219 2 148755 R 4.0 40 1 14 466
2329037526 1 148722 R 20.0 38 6 130 231
2329140938 2 148947 R 15.0 39 5 115 467
2333517192 1 149009 R 17.0 39 5 112 232
2339430392 2 149606 R 16.0 40 5 115 468
2342321619 2 149791 R 3.0 40 1 17 469
2346776493 1 149858 R 14.0 39 4 89 233
2348143488 2 150164 R 10.0 39 3 60 470
2351066259 2 150351 R 6.0 40 2 39 471
2352545047 2 150445 R 13.0 39 4 85 472
2357040586 2 150733 R 7.0 41 2 332 473
2359904688 2 150916 R 9.0 40 3 61 474
2361379868 2 151011 R 19.0 40 6 131 475
2364279298 1 150978 R 11.0 40 3 60 234
2368712460 2 151480 R 18.0 40 6 130 476
2368806105 1 151267 R 5.0 40 1 302 235
2373151078 1 151546 R 8.0 40 2 609 236
2374623153 2 151858 R 4.0 41 1 17 477
2377599784 1 151830 R 20.0 39 6 135 237
2386422472 1 152395 R 17.0 40 5 115 238
2390830030 2 152896 R 15.0 40 5 113 478
2395169026 2 153173 R 12.0 39 4 366 479
2399601169 2 153457 R 6.0 41 2 41 480
