148613643 2 9394 R 5.0 1 1 13 1
153085964 2 9680 R 4.0 1 1 300 2
156935604 1 9964 R 3.0 1 1 19 1
192784452 2 12221 R 8.0 1 2 44 3
201502159 2 12779 R 7.0 1 2 324 4
205400611 1 13066 R 3.0 2 1 20 2
205964448 2 13064 R 5.0 2 1 300 5
209786633 1 13346 R 6.0 1 2 41 3
210379589 2 13347 R 4.0 2 1 301 6
223547624 2 14190 R 11.0 1 3 344 7
228003424 2 14475 R 10.0 1 3 65 8
254468044 2 16168 R 8.0 2 2 331 9
258855981 2 16449 R 7.0 2 2 43 10
263177854 2 16726 R 5.0 3 1 300 11
267062237 1 17012 R 3.0 3 1 19 4
267627877 2 17011 R 4.0 3 1 17 12
271448219 1 17293 R 6.0 2 2 41 5
271983326 2 17289 R 13.0 1 4 366 13
276470815 2 17577 R 14.0 1 4 379 14
280208510 1 17853 R 9.0 1 3 61 6
280825209 2 17855 R 11.0 2 3 64 15
289679195 2 18422 R 10.0 2 3 68 16
307293877 2 19549 R 17.0 1 5 676 17
311647899 2 19828 R 8.0 3 2 39 18
315507374 1 20112 R 3.0 4 1 17 7
316102893 2 20113 R 16.0 1 5 118 19
320504283 2 20395 R 5.0 4 1 302 20
324298806 1 20675 R 6.0 3 2 47 8
324911740 2 20677 R 7.0 3 2 323 21
329307570 2 20958 R 4.0 4 1 300 22
333184288 1 21244 R 12.0 1 4 93 9
333668453 2 21237 R 13.0 2 4 657 23
337508449 1 21520 R 9.0 2 3 353 10
338054372 2 21518 R 14.0 2 4 938 24
342534040 2 21805 R 11.0 3 3 911 25
346982526 2 22089 R 10.0 3 3 349 26
351274768 2 22364 R 19.0 1 6 415 27
355740824 2 22650 R 17.0 2 5 676 28
360130724 2 22931 R 20.0 1 6 698 29
373370215 2 23778 R 8.0 4 2 40 30
377149874 1 24058 R 3.0 5 1 16 11
377740909 2 24058 R 5.0 5 1 299 31
382173972 2 24342 R 16.0 2 5 392 32
385998178 1 24624 R 12.0 2 4 89 12
386534536 2 24621 R 13.0 3 4 936 33
390337554 1 24902 R 6.0 4 2 319 13
390920371 2 24901 R 7.0 4 2 880 34
399175514 1 25467 R 9.0 3 3 62 14
399780876 2 25468 R 11.0 4 3 1469 35
403577685 1 25749 R 15.0 1 5 109 15
404157087 2 25749 R 14.0 3 4 1495 36
408542306 2 26029 R 10.0 4 3 60 37
413022384 2 26316 R 19.0 2 6 136 38
425587136 1 27158 R 3.0 6 1 16 16
430573172 2 27439 R 5.0 6 1 9 39
435040628 2 27725 R 20.0 2 6 1545 40
438815336 1 28004 R 6.0 5 2 38 17
439400598 2 28004 R 8.0 5 2 598 41
443786499 2 28285 R 7.0 5 2 321 42
447607473 1 28567 R 18.0 1 6 129 18
448219019 2 28569 R 4.0 6 1 10 43
452087277 1 28853 R 12.0 3 4 377 19
452617706 2 28850 R 13.0 4 4 1496 44
456535835 1 29138 R 15.0 2 5 395 20
457003693 2 29131 R 11.0 5 3 1466 45
460827307 1 29413 R 9.0 4 3 61 21
461473666 2 29417 R 16.0 3 5 1525 46
465834259 2 29696 R 14.0 4 4 1778 47
470219915 2 29977 R 17.0 4 5 680 48
474699713 2 30263 R 19.0 3 6 699 49
479068402 2 30543 R 10.0 5 3 1186 50
482970121 1 30830 R 3.0 7 1 26 22
483463321 2 30824 R 13.0 5 4 89 51
487911573 2 31109 R 7.0 6 2 48 52
492244969 2 31386 R 5.0 7 1 13 53
496151753 1 31674 R 12.0 4 4 86 23
496771674 2 31676 R 11.0 6 3 68 54
500491059 1 31951 R 6.0 6 2 323 24
501142225 2 31956 R 8.0 6 2 323 55
505473736 2 32233 R 16.0 4 5 398 56
509329646 1 32517 R 18.0 2 6 133 25
509969011 2 32521 R 4.0 7 1 308 57
513731266 1 32799 R 15.0 3 5 393 26
514308349 2 32798 R 14.0 5 4 929 58
518101051 1 33078 R 9.0 5 3 59 27
518741115 2 33082 R 17.0 5 5 676 59
523105663 2 33361 R 19.0 4 6 694 60
527491618 2 33642 R 20.0 4 6 131 61
531376121 1 33928 R 3.0 8 1 17 28
531983016 2 33929 R 10.0 6 3 635 62
545150179 2 34772 R 5.0 8 1 17 63
549583437 2 35056 R 7.0 7 2 320 64
553417392 1 35339 R 6.0 7 2 42 29
554016597 2 35340 R 13.0 6 4 653 65
557772407 1 35617 R 12.0 5 4 93 30
558418050 2 35621 R 4.0 8 1 301 66
562733826 2 35897 R 16.0 5 5 960 67
566626766 1 36184 R 18.0 3 6 134 31
567205919 2 36184 R 8.0 7 2 1167 68
571044009 1 36467 R 15.0 4 5 113 32
571638638 2 36467 R 11.0 7 3 912 69
576036246 2 36749 R 10.0 7 3 347 70
579834874 1 37029 R 9.0 6 3 64 33
580422842 2 37030 R 14.0 6 4 1216 71
584855703 2 37313 R 19.0 5 6 1263 72
589188841 2 37591 R 17.0 6 5 1236 73
593574412 2 37871 R 20.0 5 6 411 74
597406168 1 38154 R 3.0 9 1 14 34
598032647 2 38157 R 16.0 6 5 113 75
602461528 2 38440 R 13.0 7 4 652 76
606239095 1 38719 R 12.0 6 4 86 35
606862922 2 38722 R 7.0 8 2 890 77
610671958 1 39003 R 6.0 8 2 324 36
615687827 2 39287 R 4.0 9 1 299 78
619479309 1 39567 R 15.0 5 5 111 37
620103408 2 39569 R 5.0 9 1 1727 79
623849668 1 39846 R 18.0 4 6 130 38
624411415 2 39845 R 11.0 8 3 1189 80
628313142 1 40132 R 9.0 7 3 66 39
628904463 2 40132 R 19.0 6 6 699 81
633243755 2 40410 R 8.0 8 2 1447 82
637629508 2 40691 R 14.0 7 4 935 83
642107279 2 40977 R 17.0 7 5 678 84
646514834 2 41259 R 10.0 8 3 629 85
655270872 2 41820 R 7.0 9 2 320 86
659177219 1 42107 R 6.0 9 2 43 40
659709879 2 42104 R 16.0 7 5 677 87
663501469 1 42384 R 3.0 10 1 304 41
664082326 2 42384 R 5.0 10 1 291 88
667885384 1 42665 R 12.0 7 4 366 42
668468204 2 42664 R 11.0 9 3 625 89
676723877 1 43230 R 18.0 5 6 132 43
677298466 2 43230 R 8.0 9 2 889 90
681125084 1 43512 R 9.0 8 3 346 44
681685100 2 43510 R 13.0 8 4 1785 91
685620663 1 43800 R 15.0 6 5 115 45
690515324 2 44075 R 19.0 7 6 978 92
694901731 2 44356 R 20.0 6 6 2950 93
699379431 2 44643 R 14.0 8 4 1507 94
703749868 2 44922 R 17.0 8 5 1519 95
708182596 2 45206 R 7.0 10 2 323 96
712543387 2 45485 R 10.0 9 3 1758 97
716419996 1 45771 R 6.0 10 2 42 46
716993804 2 45770 R 11.0 10 3 627 98
720821681 1 46053 R 3.0 11 1 17 47
721353948 2 46049 R 16.0 8 5 676 99
725191971 1 46332 R 12.0 8 4 86 48
725740269 2 46330 R 20.0 7 6 976 100
729656311 1 46618 R 18.0 6 6 136 49
733963946 1 46894 R 9.0 9 3 341 50
734571433 2 46895 R 5.0 11 1 1144 101
738957427 2 47176 R 8.0 10 2 1732 102
743427447 2 47462 R 4.0 11 1 1426 103
747302012 1 47747 R 15.0 7 5 114 51
747787807 2 47741 R 13.0 9 4 2061 104
752250032 2 48026 R 19.0 8 6 1827 105
756579793 2 48304 R 10.0 10 3 1469 106
761057166 2 48590 R 17.0 9 5 1807 107
765427448 2 48870 R 14.0 9 4 2057 108
769294027 1 49155 R 6.0 11 2 48 52
769860133 2 49154 R 20.0 8 6 699 109
774277463 2 49436 R 7.0 11 2 604 110
778134651 1 49721 R 18.0 7 6 138 53
778679161 2 49718 R 11.0 11 3 626 111
782471998 1 49998 R 3.0 12 1 297 54
783039171 2 49997 R 4.0 12 1 13 112
787437314 2 50278 R 5.0 12 1 864 113
791278455 1 50562 R 12.0 9 4 86 55
791823805 2 50559 R 8.0 11 2 1734 114
795649492 1 50841 R 9.0 10 3 347 56
800654511 2 51124 R 13.0 10 4 1778 115
805039992 2 51405 R 16.0 9 5 2643 116
808924374 1 51691 R 15.0 8 5 111 57
809518251 2 51692 R 10.0 11 3 1757 117
813888238 2 51971 R 19.0 9 6 1825 118
818374148 2 52258 R 17.0 10 5 1525 119
822757600 2 52539 R 8.0 12 2 605 120
826573559 1 52821 R 6.0 12 2 43 58
827065626 2 52815 R 16.0 10 5 671 121
830975244 1 53102 R 3.0 13 1 19 59
831531134 2 53100 R 5.0 13 1 13 122
835942903 2 53383 R 7.0 12 2 884 123
839751283 1 53664 R 18.0 8 6 134 60
840303668 2 53662 R 13.0 11 4 924 124
844689715 2 53943 R 11.0 12 3 903 125
853026202 1 54514 R 9.0 11 3 68 61
853520218 2 54508 R 20.0 9 6 2127 126
857334332 1 54789 R 12.0 10 4 84 62
857906696 2 54788 R 10.0 12 3 1483 127
861735898 1 55071 R 15.0 9 5 109 63
866766568 2 55355 R 17.0 11 5 1526 128
871199423 2 55639 R 14.0 11 4 1789 129
875600964 2 55921 R 19.0 10 6 2108 130
879970965 2 56201 R 16.0 11 5 680 131
883853167 1 56487 R 6.0 13 2 47 64
884417338 2 56485 R 7.0 13 2 325 132
888192404 1 56764 R 3.0 14 1 15 65
888764139 2 56763 R 8.0 13 2 887 133
893203274 2 57047 R 13.0 12 4 368 134
897030828 1 57330 R 18.0 9 6 134 66
897575950 2 57327 R 20.0 10 6 1259 135
902037967 2 57613 R 10.0 13 3 1193 136
905838016 1 57894 R 12.0 11 4 88 67
906431253 2 57894 R 4.0 14 1 300 137
910208182 1 58173 R 9.0 12 3 61 68
910792144 2 58173 R 5.0 14 1 1140 138
915178347 2 58454 R 11.0 13 3 1469 139
919078355 1 58741 R 15.0 10 5 116 69
919655803 2 58740 R 17.0 12 5 949 140
924063686 2 59022 R 19.0 11 6 1264 141
932819956 2 59583 R 14.0 12 4 1782 142
936727205 1 59870 R 6.0 14 2 43 70
937281554 2 59868 R 7.0 14 2 606 143
941683393 2 60150 R 10.0 14 3 356 144
946127947 2 60435 R 16.0 12 5 961 145
949942493 1 60716 R 18.0 10 6 138 71
950517626 2 60716 R 8.0 14 2 892 146
954265634 1 60993 R 3.0 15 1 303 72
954825514 2 60991 R 5.0 15 1 303 147
958649964 1 61273 R 12.0 12 4 365 73
959243356 2 61274 R 20.0 11 6 1260 148
963658657 2 61557 R 13.0 13 4 1213 149
968044287 2 61837 R 17.0 13 5 670 150
971893146 1 62121 R 9.0 13 3 63 74
976904085 2 62404 R 19.0 12 6 417 151
980700916 1 62685 R 15.0 11 5 110 75
985686244 2 62966 R 14.0 13 4 1213 152
989601221 1 63254 R 6.0 15 2 43 76
990071519 2 63247 R 8.0 15 2 318 153
998345855 1 63814 R 3.0 16 1 16 77
1003307629 2 64094 R 7.0 15 2 878 154
1007184857 1 64380 R 18.0 11 6 134 78
1007694217 2 64375 R 20.0 12 6 1259 155
1011586533 1 64661 R 12.0 13 4 374 79
1016554085 2 64942 R 13.0 14 4 1503 156
1020986781 2 65226 R 5.0 16 1 1429 157
1025388651 2 65507 R 16.0 13 5 2095 158
1029758978 2 65787 R 10.0 15 3 2038 159
1033578897 1 66069 R 15.0 12 5 108 80
1034212800 2 66072 R 4.0 16 1 581 160
1038042792 1 66355 R 9.0 14 3 351 81
1038552375 2 66350 R 11.0 15 3 2034 161
1042350292 1 66630 R 6.0 16 2 37 82
1043014588 2 66635 R 17.0 14 5 1522 162
1046876846 1 66920 R 3.0 17 1 21 83
1047416215 2 66917 R 19.0 13 6 1544 163
1051786507 2 67197 R 14.0 14 4 1784 164
1056158653 2 67477 R 8.0 16 2 1165 165
1060058468 1 67764 R 12.0 14 4 90 84
1060624377 2 67762 R 7.0 16 2 608 166
1064397988 1 68041 R 18.0 12 6 130 85
1064985551 2 68041 R 10.0 16 3 1189 167
1069447709 2 68327 R 16.0 14 5 1802 168
1073849026 2 68609 R 5.0 17 1 1141 169
1078219682 2 68888 R 20.0 13 6 1826 170
1082640471 2 69171 R 14.0 15 4 372 171
1086452285 1 69453 R 9.0 15 3 64 86
1087013205 2 69451 R 13.0 15 4 2624 172
1090853957 1 69735 R 6.0 17 2 40 87
1091475233 2 69737 R 11.0 16 3 1189 173
1095224971 1 70014 R 15.0 13 5 106 88
1095804575 2 70014 R 19.0 14 6 1540 174
1104093887 1 70582 R 3.0 18 1 18 89
1104664498 2 70581 R 17.0 15 5 1518 175
1112932912 1 71148 R 18.0 13 6 138 90
1113445603 2 71143 R 8.0 17 2 891 176
1121739753 1 71711 R 12.0 15 4 89 91
1122302185 2 71710 R 16.0 15 5 1239 177
1126680375 2 71990 R 20.0 14 6 1563 178
1131113043 2 72274 R 7.0 17 2 1170 179
1135473538 2 72553 R 5.0 18 1 1141 180
1139326375 1 72837 R 9.0 16 3 63 92
1139859823 2 72833 R 13.0 16 4 1779 181
1148690317 2 73399 R 10.0 17 3 2598 182
1153076379 2 73679 R 19.0 15 6 1823 183
1157007672 1 73968 R 15.0 14 5 122 93
1157554087 2 73966 R 14.0 16 4 1217 184
1161315307 1 74244 R 6.0 18 2 322 94
1161924504 2 74246 R 17.0 16 5 1238 185
1165719100 1 74526 R 18.0 14 6 131 95
1166357259 2 74529 R 4.0 18 1 1708 186
1170212358 1 74813 R 3.0 19 1 306 96
1170717682 2 74808 R 8.0 18 2 1450 187
1175168070 2 75093 R 10.0 18 3 918 188
1179529081 2 75372 R 20.0 15 6 1259 189
1183914989 2 75653 R 13.0 17 4 1219 190
1187767770 1 75937 R 12.0 16 4 89 97
1188392790 2 75940 R 16.0 16 5 1522 191
1192200816 1 76221 R 9.0 17 3 350 98
1192752309 2 76219 R 4.0 19 1 16 192
1197150867 2 76500 R 5.0 19 1 1422 193
1201537010 2 76781 R 19.0 16 6 1540 194
1205413714 1 77066 R 15.0 15 5 108 99
1210367400 2 77346 R 7.0 18 2 2014 195
1214829798 2 77632 R 11.0 18 3 1478 196
1218594858 1 77910 R 6.0 19 2 38 100
1219223580 2 77913 R 17.0 17 5 1237 197
1223059606 1 78196 R 18.0 15 6 136 101
1223613192 2 78194 R 8.0 19 2 1731 198
1227491829 1 78479 R 3.0 20 1 20 102
1228046271 2 78477 R 14.0 17 4 1779 199
1232449900 2 78759 R 10.0 19 3 1474 200
1236898327 2 79044 R 13.0 18 4 1219 201
1240704481 1 79325 R 9.0 18 3 67 103
1241190569 2 79319 R 20.0 16 6 1258 202
1245589657 2 79600 R 7.0 19 2 890 203
1249480579 1 79887 R 12.0 17 4 89 104
1250061789 2 79886 R 19.0 17 6 980 204
1253820091 1 80164 R 15.0 16 5 108 105
1254451866 2 80167 R 5.0 20 1 1437 205
1263233771 2 80729 R 16.0 17 5 2362 206
1267695579 2 81015 R 11.0 19 3 917 207
1271468874 1 81294 R 6.0 20 2 38 106
1272089636 2 81296 R 4.0 20 1 1427 208
1276449822 2 81575 R 8.0 20 2 881 209
1280341097 1 81862 R 18.0 16 6 137 107
1280836376 2 81856 R 17.0 18 5 1516 210
1284771842 1 82145 R 3.0 21 1 310 108
1285316043 2 82143 R 13.0 19 4 1217 211
1289764596 2 82427 R 14.0 18 4 2354 212
1294050910 2 82702 R 20.0 17 6 1539 213
1298522474 2 82988 R 19.0 18 6 980 214
1302327021 1 83269 R 9.0 19 3 65 109
1302882845 2 83267 R 5.0 21 1 576 215
1307268775 2 83548 R 7.0 20 2 878 216
1311165699 1 83834 R 12.0 18 4 87 110
1311739449 2 83834 R 10.0 20 3 3164 217
1315567848 1 84116 R 15.0 17 5 110 111
1316099978 2 84113 R 16.0 18 5 1522 218
1320486048 2 84394 R 11.0 20 3 1188 219
1328749048 1 84960 R 18.0 17 6 133 112
1329345899 2 84961 R 14.0 19 4 1215 220
1333212590 1 85245 R 6.0 21 2 43 113
1338127631 2 85523 R 10.0 21 3 1477 221
1341925967 1 85803 R 3.0 22 1 13 114
1342513651 2 85803 R 17.0 19 5 1518 222
1346993125 2 86090 R 8.0 21 2 1453 223
1351441781 2 86375 R 13.0 20 4 1782 224
1355734051 2 86649 R 20.0 18 6 2104 225
1364014042 1 87217 R 9.0 20 3 64 115
1364589822 2 87216 R 5.0 22 1 1144 226
1369022840 2 87500 R 19.0 19 6 1546 227
1372868751 1 87783 R 15.0 18 5 118 116
1373421694 2 87781 R 4.0 22 1 20 228
1377286046 1 88066 R 12.0 19 4 378 117
1377777076 2 88060 R 7.0 21 2 1448 229
1381671263 1 88347 R 6.0 22 2 43 118
1382163215 2 88341 R 11.0 21 3 1189 230
1390432229 1 88908 R 18.0 18 6 132 119
1390993788 2 88906 R 10.0 22 3 1756 231
1395379769 2 89187 R 16.0 19 5 3208 232
1404210334 2 89752 R 20.0 19 6 1822 233
1408096558 1 90038 R 3.0 23 1 19 120
1408660835 2 90037 R 13.0 21 4 2353 234
1413021146 2 90316 R 8.0 22 2 1738 235
1416913490 1 90602 R 9.0 21 3 65 121
1417407436 2 90596 R 14.0 20 4 3467 236
1421887168 2 90883 R 17.0 20 5 2940 237
1425721229 1 91166 R 15.0 19 5 112 122
1426335581 2 91168 R 16.0 20 5 2088 238
1430091588 1 91446 R 12.0 20 4 373 123
1430627820 2 91443 R 19.0 20 6 1823 239
1434555542 1 91731 R 6.0 23 2 333 124
1439454332 2 92007 R 5.0 23 1 1991 240
1443916483 2 92293 R 7.0 22 2 2020 241
1448310566 2 92574 R 20.0 20 6 1262 242
1452080106 1 92853 R 18.0 19 6 132 125
1452671022 2 92853 R 11.0 22 3 2601 243
1457057095 2 93134 R 10.0 23 3 2315 244
1461526897 2 93420 R 4.0 23 1 1705 245
1465944222 2 93703 R 13.0 22 4 2626 246
1469697707 1 93981 R 3.0 24 1 14 126
1470273630 2 93980 R 14.0 21 4 2623 247
1474753303 2 94267 R 17.0 21 5 3214 248
1478553667 1 94547 R 9.0 22 3 62 127
1479201571 2 94551 R 8.0 23 2 1736 249
1483494100 2 94826 R 16.0 21 5 1798 250
1487376987 1 95112 R 15.0 20 5 112 128
1491762559 1 95393 R 12.0 21 4 87 129
1492320752 2 95391 R 19.0 21 6 1823 251
1496242488 1 95679 R 6.0 24 2 323 130
1496706459 2 95672 R 5.0 24 1 1987 252
1505537238 2 96237 R 11.0 23 3 2032 253
1509923075 2 96517 R 7.0 23 2 2007 254
1513782742 1 96802 R 18.0 20 6 132 131
1514401082 2 96804 R 20.0 21 6 2108 255
1518771375 2 97084 R 10.0 24 3 2322 256
1523143682 2 97364 R 14.0 22 4 2060 257
1527010505 1 97649 R 3.0 25 1 17 132
1527543413 2 97645 R 17.0 22 5 2649 258
1531396431 1 97929 R 9.0 23 3 63 133
1532015098 2 97931 R 4.0 24 1 2831 259
1536375724 2 98210 R 8.0 24 2 2295 260
1540761930 2 98491 R 16.0 22 5 2079 261
1544687369 1 98780 R 12.0 22 4 91 134
1549011265 1 99057 R 15.0 21 5 109 135
1549592499 2 99056 R 19.0 22 6 2105 262
1553428343 1 99339 R 6.0 25 2 320 136
1553978181 2 99337 R 5.0 25 1 1982 263
1558455962 2 99624 R 7.0 24 2 1740 264
1562220009 1 99902 R 18.0 21 6 131 137
1567214972 2 100184 R 17.0 23 5 2081 265
1571677065 2 100470 R 10.0 25 3 2316 266
1575510624 1 100753 R 3.0 26 1 20 138
1576070915 2 100751 R 20.0 22 6 2955 267
1579834173 1 101029 R 9.0 24 3 60 139
1580431540 2 101030 R 11.0 24 3 3167 268
1584881726 2 101315 R 4.0 25 1 2836 269
1589242497 2 101594 R 14.0 23 4 2903 270
1593628258 2 101875 R 8.0 25 2 1735 271
1602459026 2 102440 R 19.0 23 6 2106 272
1606260025 1 102720 R 15.0 22 5 112 140
1606845098 2 102720 R 16.0 23 5 2370 273
1610739599 1 103007 R 6.0 26 2 326 141
1615188185 1 103292 R 12.0 23 4 651 142
1615704958 2 103287 R 10.0 26 3 2034 274
1619480424 1 103567 R 18.0 22 6 696 143
1620080946 2 103568 R 5.0 26 1 2274 275
1624466892 2 103848 R 7.0 25 2 2852 276
1628946891 2 104135 R 17.0 24 5 2931 277
1633342068 2 104416 R 8.0 26 2 323 278
1637207321 1 104701 R 3.0 27 1 20 144
1637703261 2 104695 R 13.0 25 4 3185 279
1642089164 2 104976 R 14.0 24 4 3185 280
1645993040 1 105263 R 9.0 25 3 66 145
1650919878 2 105541 R 20.0 23 6 3796 281
1654737667 1 105823 R 6.0 27 2 38 146
1655305779 2 105822 R 11.0 25 3 3728 282
1659171098 1 106107 R 15.0 23 5 112 147
1664136359 2 106387 R 16.0 24 5 2646 283
1667978297 1 106670 R 18.0 23 6 131 148
1668522270 2 106668 R 13.0 26 4 2055 284
1672348241 1 106950 R 12.0 24 4 83 149
1673001863 2 106955 R 5.0 27 1 1992 285
1677370413 2 107234 R 10.0 27 3 2606 286
1681824981 2 107519 R 17.0 25 5 2088 287
1686192948 2 107799 R 7.0 26 2 2855 288
1690028609 1 108082 R 3.0 28 1 18 150
1690626099 2 108082 R 20.0 24 6 3238 289
1695027726 2 108364 R 19.0 24 6 3799 290
1699478144 2 108649 R 11.0 26 3 3447 291
1703258907 1 108928 R 9.0 26 3 65 151
1703770322 2 108924 R 14.0 25 4 3186 292
1708236164 2 109210 R 10.0 28 3 910 293
1712019797 1 109489 R 15.0 24 5 110 152
1712596978 2 109489 R 16.0 25 5 1798 294
1716467992 1 109774 R 6.0 28 2 326 153
1716982782 2 109769 R 8.0 27 2 1736 295
1725291047 1 110338 R 18.0 24 6 136 154
1725813612 2 110334 R 13.0 27 4 2624 296
1729676676 1 110619 R 12.0 25 4 87 155
1730199372 2 110615 R 5.0 28 1 1990 297
1738436586 1 111180 R 3.0 29 1 14 156
1739030175 2 111180 R 20.0 25 6 2950 298
1743415926 2 111461 R 7.0 27 2 2857 299
1752246718 2 112026 R 19.0 25 6 3514 300
1756080136 1 112309 R 9.0 27 3 62 157
1756632634 2 112307 R 17.0 26 5 3490 301
1760513637 1 112593 R 15.0 25 5 111 158
1761102657 2 112593 R 16.0 26 5 1249 302
1765463267 2 112872 R 11.0 27 3 3726 303
1769320166 1 113156 R 6.0 29 2 40 159
1769849181 2 113153 R 14.0 26 4 4036 304
1778679744 2 113718 R 13.0 28 4 2906 305
1782502149 1 114000 R 18.0 25 6 131 160
1783065510 2 113999 R 8.0 28 2 2856 306
1791342066 1 114566 R 12.0 26 4 89 161
1791925597 2 114566 R 20.0 26 6 2954 307
1795804426 1 114851 R 3.0 30 1 305 162
1796358264 2 114849 R 5.0 29 1 2838 308
1800687883 2 115126 R 11.0 28 3 2880 309
1805165488 2 115413 R 7.0 28 2 2862 310
1809017285 1 115697 R 15.0 26 5 114 163
1813923972 2 115974 R 10.0 29 3 3728 311
1817792527 1 116259 R 9.0 28 3 65 164
1818386052 2 116259 R 19.0 26 6 3799 312
1822132053 1 116536 R 6.0 30 2 328 165
1822715467 2 116536 R 17.0 27 5 4046 313
1831545988 2 117101 R 14.0 27 4 4033 314
1835376178 1 117384 R 18.0 26 6 132 166
1835932028 2 117382 R 13.0 29 4 3474 315
1839841830 1 117670 R 12.0 27 4 89 167
1844272995 1 117953 R 3.0 31 1 307 168
1844762370 2 117947 R 8.0 29 2 3704 316
1849148508 2 118228 R 20.0 27 6 3514 317
1853628013 2 118515 R 5.0 30 1 2840 318
1858023411 2 118796 R 8.0 30 2 609 319
1861828815 1 119077 R 15.0 27 5 109 169
1862384573 2 119075 R 17.0 28 5 3210 320
1866770345 2 119356 R 7.0 29 2 2575 321
1871250383 2 119642 R 19.0 27 6 3520 322
1875072148 1 119924 R 9.0 29 3 65 170
1875645475 2 119924 R 4.0 31 1 296 323
1879474158 1 120206 R 6.0 31 2 324 171
1880006649 2 120203 R 10.0 30 3 4288 324
1883844677 1 120486 R 18.0 27 6 134 172
1884392710 2 120484 R 11.0 29 3 4292 325
1888216582 1 120766 R 12.0 28 4 83 173
1888872518 2 120770 R 14.0 28 4 3753 326
1892616435 1 121047 R 3.0 32 1 295 174
1893320919 2 121055 R 13.0 30 4 4038 327
1897613098 2 121330 R 20.0 28 6 3233 328
1902078998 2 121615 R 13.0 31 4 940 329
1906468904 2 121896 R 5.0 31 1 2836 330
1910901993 2 122180 R 16.0 28 5 2931 331
1915303535 2 122462 R 10.0 31 3 3170 332
1919673964 2 122742 R 17.0 29 5 2929 333
1923541286 1 123026 R 15.0 28 5 111 175
1924127757 2 123027 R 4.0 32 1 300 334
1927880237 1 123304 R 6.0 32 2 319 176
1928467346 2 123304 R 11.0 30 3 3164 335
1932312551 1 123588 R 9.0 30 3 63 177
1932853338 2 123585 R 14.0 29 4 3185 336
1937333071 2 123872 R 19.0 28 6 3518 337
1941120390 1 124152 R 18.0 28 6 134 178
1941781414 2 124156 R 7.0 30 2 3148 338
1946073862 2 124431 R 20.0 29 6 2949 339
1949895629 1 124713 R 3.0 33 1 14 179
1950539495 2 124717 R 13.0 32 4 652 340
1954359894 1 124999 R 12.0 29 4 88 180
1954900301 2 124996 R 8.0 31 2 2857 341
1959362600 2 125282 R 10.0 32 3 2882 342
1963764035 2 125563 R 5.0 32 1 2838 343
1968123813 2 125842 R 4.0 33 1 10 344
1972009792 1 126128 R 15.0 29 5 111 181
1972522520 2 126124 R 16.0 29 5 2935 345
1976411234 1 126410 R 6.0 33 2 327 182
1976980843 2 126409 R 11.0 31 3 2597 346
1985768450 2 126972 R 17.0 30 5 4058 347
1993997618 1 127536 R 9.0 31 3 66 183
1994550110 2 127534 R 19.0 29 6 4081 348
1998936106 2 127814 R 14.0 30 4 3750 349
2002867861 1 128103 R 18.0 29 6 137 184
2003415629 2 128101 R 8.0 32 2 2860 350
2007864086 2 128386 R 7.0 31 2 4270 351
2011580607 1 128661 R 3.0 34 1 14 185
2012156624 2 128660 R 20.0 30 6 3796 352
2015982443 1 128943 R 12.0 30 4 85 186
2016622393 2 128946 R 14.0 31 4 932 353
2020983061 2 129225 R 5.0 33 1 2830 354
2025369275 2 129506 R 16.0 30 5 2361 355
2029288630 1 129794 R 6.0 34 2 43 187
2033628444 1 130072 R 15.0 30 5 110 188
2034199838 2 130071 R 19.0 30 6 2670 356
2038585756 2 130352 R 11.0 32 3 2871 357
2043063613 2 130638 R 17.0 31 5 3778 358
2047433748 2 130918 R 7.0 32 2 2865 359
2051277781 1 131202 R 18.0 30 6 135 189
2051865975 2 131202 R 13.0 34 4 82 360
2055679246 1 131483 R 9.0 32 3 342 190
2056227417 2 131481 R 20.0 31 6 3517 361
2060613123 2 131762 R 8.0 33 2 3144 362
2064454635 1 132045 R 3.0 35 1 15 191
2065093141 2 132048 R 13.0 33 4 4043 363
2069541633 2 132333 R 10.0 34 3 2610 364
2073833579 2 132608 R 5.0 34 1 2551 365
2077730011 1 132895 R 12.0 31 4 89 192
2078299283 2 132894 R 7.0 33 2 611 366
2082163289 1 133178 R 15.0 31 5 113 193
2082660457 2 133173 R 16.0 31 5 2369 367
2087046436 2 133453 R 17.0 32 5 2650 368
2090969783 1 133742 R 6.0 35 2 43 194
2095906381 2 134020 R 11.0 33 3 2611 369
2104688128 2 134582 R 14.0 32 4 3185 370
2108556764 1 134867 R 9.0 33 3 64 195
2109074111 2 134863 R 19.0 31 6 3797 371
2112896567 1 135145 R 18.0 31 6 131 196
2113553550 2 135150 R 8.0 34 2 2293 372
2117328666 1 135429 R 3.0 36 1 15 197
2117949657 2 135431 R 19.0 32 6 1263 373
2122310256 2 135710 R 20.0 32 6 4358 374
2126696176 2 135991 R 10.0 35 3 3161 375
2131175621 2 136278 R 5.0 35 1 2556 376
2135558934 2 136558 R 4.0 36 1 17 377
2139417091 1 136843 R 12.0 32 4 89 198
2139932262 2 136838 R 17.0 33 5 2649 378
2144318183 2 137119 R 20.0 33 6 2386 379
2148146567 1 137401 R 15.0 32 5 107 199
2148795983 2 137405 R 16.0 32 5 2658 380
2152563040 1 137684 R 6.0 36 2 38 200
2153166395 2 137685 R 14.0 33 4 2340 381
2161959767 2 138248 R 11.0 34 3 2883 382
2165760766 1 138529 R 18.0 32 6 130 201
2166345842 2 138529 R 13.0 35 4 3465 383
2170240401 1 138815 R 9.0 34 3 345 202
2174688290 1 139100 R 3.0 37 1 21 203
2175205700 2 139096 R 10.0 36 3 2883 384
2179581625 2 139376 R 8.0 35 2 2857 385
2184043921 2 139661 R 7.0 34 2 3423 386
2188445398 2 139943 R 5.0 36 1 2273 387
2192197371 1 140220 R 12.0 33 4 84 204
2192815979 2 140223 R 19.0 33 6 2107 388
2197248331 2 140506 R 7.0 35 2 317 389
2201114292 1 140791 R 15.0 33 5 115 205
2201593891 2 140784 R 16.0 33 5 2082 390
2206059352 2 141070 R 4.0 37 1 863 391
2210476763 2 141353 R 10.0 37 3 907 392
2214279350 1 141634 R 6.0 37 2 40 206
2214871045 2 141634 R 13.0 36 4 2910 393
2218727913 1 141918 R 9.0 35 3 67 207
2219231422 2 141913 R 8.0 36 2 1166 394
2223616856 2 142194 R 5.0 37 1 865 395
2227551228 1 142483 R 18.0 33 6 136 208
2228097231 2 142481 R 11.0 35 3 4584 396
2231936580 1 142764 R 3.0 38 1 20 209
2232545793 2 142765 R 17.0 35 5 1246 397
2236838037 2 143040 R 14.0 34 4 3749 398
2240697133 1 143324 R 12.0 34 4 84 210
2241303669 2 143326 R 16.0 34 5 957 399
2245664666 2 143605 R 19.0 34 6 1824 400
2250126840 2 143890 R 13.0 37 4 1777 401
2254519976 2 144172 R 4.0 38 1 299 402
2258362574 1 144455 R 15.0 34 5 113 211
2258881155 2 144451 R 20.0 35 6 2669 403
2263267223 2 144731 R 11.0 36 3 2320 404
2267709773 2 145016 R 14.0 35 4 1496 405
2272195366 2 145303 R 10.0 38 3 1483 406
2275995666 1 145584 R 6.0 38 2 44 212
2276487388 2 145578 R 8.0 37 2 1735 407
2280887112 2 145859 R 7.0 36 2 2568 408
2284787931 1 146146 R 18.0 34 6 136 213
2285380313 2 146147 R 11.0 37 3 629 409
2289142313 1 146425 R 9.0 36 3 349 214
2289719634 2 146424 R 5.0 38 1 1426 410
2293590389 1 146710 R 3.0 39 1 18 215
2294105439 2 146705 R 17.0 36 5 948 411
2298584455 2 146992 R 8.0 38 2 48 412
2302413430 1 147274 R 12.0 35 4 89 216
2303033018 2 147277 R 7.0 37 2 48 413
2307349721 2 147553 R 13.0 38 4 1782 414
2311725893 2 147833 R 20.0 36 6 2104 415
2316197306 2 148119 R 4.0 39 1 296 416
2320016319 1 148401 R 15.0 35 5 109 217
2320630730 2 148403 R 19.0 35 6 2673 417
2325032473 2 148684 R 16.0 35 5 2087 418
2329369562 2 148962 R 10.0 39 3 1746 419
2333754790 2 149243 R 5.0 39 1 582 420
2337587036 1 149525 R 9.0 37 3 60 218
2342014385 1 149809 R 6.0 39 2 322 219
2342585581 2 149808 R 20.0 37 6 695 421
2346447315 1 150092 R 3.0 40 1 298 220
2346971569 2 150089 R 19.0 36 6 978 422
2350839393 1 150374 R 18.0 35 6 416 221
2355802554 2 150654 R 11.0 38 3 1185 423
2360188621 2 150934 R 17.0 37 5 1235 424
2364129806 1 151224 R 12.0 36 4 92 222
2364658227 2 151221 R 10.0 40 3 627 425
2368453584 1 151501 R 15.0 36 5 115 223
2369019108 2 151500 R 13.0 39 4 1781 426
2373453772 2 151783 R 7.0 38 2 1446 427
2382235735 2 152345 R 14.0 37 4 1220 428
2386621722 2 152626 R 16.0 36 5 2085 429
2390548889 1 152915 R 3.0 41 1 22 224
2391098793 2 152913 R 5.0 40 1 582 430
2394950505 1 153197 R 6.0 40 2 44 225
2395469464 2 153192 R 11.0 39 3 626 431
2399320939 1 153476 R 9.0 38 3 64 226
2399902616 2 153476 R 8.0 39 2 2301 432
