82273514 1 5185 R 4.0 1 1 16 1
86682932 2 5430 R 6.0 1 1 17 1
91127530 3 5732 R 5.0 1 1 23 1
108651867 3 6854 R 8.0 1 2 37 2
108667553 1 6875 R 7.0 1 2 35 2
113139470 2 7123 R 9.0 1 2 42 2
117474933 1 7438 R 10.0 1 3 61 3
117584407 3 7426 R 11.0 1 3 68 3
121954435 3 7705 R 5.0 2 1 18 4
121969982 1 7726 R 4.0 2 1 19 4
121977997 2 7689 R 12.0 1 3 66 3
126379393 2 7971 R 6.0 2 1 19 4
139525869 1 8850 R 13.0 1 4 85 5
143966379 2 9096 R 9.0 2 2 44 5
144011473 3 9117 R 14.0 1 4 95 5
148306055 2 9374 R 18.0 1 5 106 6
148364323 1 9415 R 10.0 2 3 63 6
152738911 2 9658 R 15.0 1 4 367 7
152766109 1 9697 R 7.0 2 2 320 7
152803565 3 9680 R 17.0 1 5 112 6
157120793 3 9956 R 8.0 2 2 325 7
157140717 2 9940 R 12.0 2 3 347 8
161541920 1 10259 R 4.0 3 1 14 8
161585493 3 10242 R 5.0 3 1 304 8
161635737 2 10227 R 6.0 3 1 20 9
166006738 1 10544 R 16.0 1 5 112 9
166024254 3 10526 R 11.0 2 3 629 9
174845534 1 11110 R 19.0 1 6 136 10
179192498 2 11351 R 21.0 1 6 132 10
179221769 3 11370 R 20.0 1 6 136 10
179246728 1 11392 R 13.0 2 4 89 11
183576008 3 11649 R 14.0 2 4 85 11
183617097 1 11671 R 10.0 3 3 65 12
183624671 2 11634 R 9.0 3 2 42 11
187955919 1 11949 R 7.0 3 2 36 13
188024912 3 11934 R 17.0 2 5 112 12
192388774 1 12233 R 4.0 4 1 14 14
192432364 2 12198 R 18.0 2 5 111 12
196778893 3 12494 R 11.0 3 3 62 13
196802729 2 12478 R 12.0 3 3 349 13
201180704 3 12776 R 5.0 4 1 297 14
201196620 1 12796 R 19.0 2 6 133 15
201267041 2 12764 R 15.0 2 4 659 14
205588168 3 13058 R 8.0 3 2 605 15
205686032 2 13046 R 21.0 2 6 137 15
205692028 1 13084 R 16.0 2 5 400 16
210030722 1 13362 R 13.0 3 4 87 17
210101085 2 13329 R 6.0 4 1 306 16
214442467 3 13624 R 20.0 2 6 134 16
218859298 3 13907 R 14.0 3 4 87 17
218868941 1 13928 R 7.0 4 2 41 18
218877188 2 13891 R 18.0 3 5 111 17
223216072 2 14168 R 9.0 4 2 323 18
223244980 3 14188 R 8.0 4 2 38 18
227649165 2 14452 R 12.0 4 3 622 19
227676589 1 14491 R 16.0 3 5 109 19
227725192 3 14475 R 11.0 4 3 67 19
232050773 2 14734 R 15.0 3 4 648 20
232089858 3 14754 R 17.0 3 5 111 20
232126961 1 14776 R 10.0 4 3 349 20
236420577 2 15013 R 6.0 5 1 13 21
236465857 3 15034 R 5.0 5 1 299 21
236510898 1 15057 R 4.0 5 1 302 21
240818947 1 15332 R 19.0 3 6 130 22
240885292 2 15299 R 21.0 3 6 134 22
245344892 1 15622 R 7.0 5 2 44 23
249662949 3 15879 R 14.0 4 4 84 22
249723334 2 15865 R 15.0 4 4 89 23
254120987 1 16184 R 13.0 4 4 88 24
254125307 2 16146 R 18.0 4 5 112 24
258460146 1 16461 R 10.0 5 3 61 25
258495256 2 16426 R 12.0 5 3 63 25
258548421 3 16447 R 20.0 3 6 137 23
262871604 3 16724 R 8.0 5 2 321 24
262893379 1 16745 R 16.0 4 5 110 26
262959069 2 16712 R 9.0 5 2 43 26
267289252 3 17007 R 17.0 4 5 108 25
267294294 1 17027 R 4.0 6 1 15 27
271675058 3 17287 R 11.0 5 3 343 26
276070885 1 17588 R 19.0 4 6 131 28
276078395 2 17552 R 15.0 5 4 86 27
276154164 3 17574 R 5.0 6 1 19 27
280477873 3 17851 R 14.0 5 4 83 28
280479658 2 17833 R 6.0 6 1 14 28
284939803 1 18156 R 7.0 6 2 40 29
284975574 2 18121 R 21.0 4 6 136 29
289314696 2 18399 R 18.0 5 5 393 30
293747630 2 18682 R 12.0 6 3 349 31
298111663 3 18979 R 11.0 6 3 61 29
298183927 1 19004 R 13.0 5 4 91 30
302498052 3 19260 R 20.0 4 6 128 30
302554036 2 19246 R 9.0 6 2 40 32
302586015 1 19285 R 16.0 5 5 113 31
306974018 1 19566 R 10.0 6 3 346 32
306977573 3 19547 R 8.0 6 2 320 31
311330151 2 19808 R 15.0 6 4 89 33
311390960 1 19849 R 4.0 7 1 303 33
311426326 3 19831 R 17.0 5 5 675 32
315728476 1 20127 R 19.0 5 6 412 34
315765451 2 20091 R 18.0 6 5 110 34
320117767 3 20388 R 14.0 6 4 83 33
320227315 2 20377 R 6.0 7 1 307 35
324534842 1 20690 R 7.0 7 2 36 35
324629263 2 20659 R 21.0 5 6 137 36
324634795 3 20677 R 5.0 7 1 304 34
328989198 3 20955 R 8.0 7 2 39 35
328999577 2 20938 R 12.0 7 3 348 37
329030478 1 20978 R 13.0 6 4 89 36
333370007 1 21256 R 16.0 6 5 113 37
333437908 3 21240 R 11.0 7 3 67 36
337743497 2 21498 R 9.0 7 2 37 38
342176477 2 21782 R 6.0 8 1 14 39
346599696 1 22102 R 10.0 7 3 62 38
346666516 3 22087 R 20.0 5 6 136 37
350983790 2 22345 R 15.0 7 4 85 40
351015302 1 22385 R 4.0 8 1 301 39
351052587 3 22367 R 17.0 6 5 394 38
355385876 1 22665 R 19.0 6 6 130 40
359775237 3 22926 R 14.0 7 4 82 39
359849711 1 22950 R 7.0 8 2 323 41
359885081 2 22915 R 18.0 7 5 114 41
364239607 3 23211 R 5.0 8 1 298 40
368629754 2 23475 R 21.0 6 6 133 42
368672457 3 23495 R 8.0 8 2 613 41
373062570 2 23758 R 12.0 8 3 348 43
373064549 3 23776 R 11.0 8 3 628 42
373093475 1 23798 R 13.0 7 4 91 42
377463762 2 24040 R 15.0 8 4 89 44
377495490 1 24080 R 16.0 7 5 116 43
381824719 3 24337 R 20.0 6 6 132 43
381834238 2 24320 R 9.0 8 2 322 45
386273391 3 24622 R 17.0 7 5 110 44
386297996 2 24606 R 6.0 9 1 19 46
390606513 2 24881 R 18.0 8 5 108 47
390631452 1 24920 R 10.0 8 3 61 44
395048860 1 25203 R 4.0 9 1 293 45
395095557 3 25186 R 14.0 8 4 87 45
399434857 1 25484 R 7.0 9 2 319 46
399481734 3 25467 R 8.0 9 2 319 46
399538572 2 25453 R 21.0 7 6 135 48
403850416 1 25766 R 19.0 7 6 413 47
403908285 2 25733 R 9.0 9 2 42 49
403924582 3 25751 R 11.0 9 3 637 47
408263459 3 26029 R 5.0 9 1 305 48
408345299 1 26054 R 13.0 8 4 90 48
412653141 2 26292 R 12.0 9 3 60 50
412702401 3 26313 R 20.0 7 6 415 49
417060633 1 26612 R 10.0 9 3 60 49
417086002 2 26576 R 15.0 9 4 86 51
421447407 1 26893 R 4.0 10 1 299 50
421487806 2 26858 R 6.0 10 1 15 52
421493498 3 26876 R 14.0 9 4 86 50
425926847 1 27179 R 16.0 8 5 397 51
430295366 1 27459 R 7.0 10 2 320 52
430379164 3 27444 R 17.0 8 5 121 51
434669505 2 27701 R 18.0 9 5 107 53
434743665 3 27724 R 11.0 10 3 63 52
434759358 1 27744 R 19.0 8 6 136 53
439066807 1 28020 R 13.0 9 4 81 54
439133316 2 27987 R 9.0 10 2 39 54
439176791 3 28007 R 5.0 10 1 310 53
443566403 2 28271 R 21.0 8 6 136 55
443578403 3 28289 R 8.0 10 2 609 54
447948499 3 28569 R 20.0 8 6 415 55
447999177 1 28592 R 4.0 11 1 20 55
452309502 3 28848 R 14.0 10 4 366 56
452369602 1 28872 R 7.0 11 2 42 56
452373533 2 28834 R 12.0 10 3 65 56
456743892 2 29114 R 15.0 10 4 86 57
461114347 1 29431 R 16.0 9 5 107 57
465537446 3 29695 R 17.0 9 5 114 57
465547668 1 29715 R 10.0 10 3 350 58
465584629 2 29680 R 18.0 10 5 114 58
469921652 2 29957 R 6.0 11 1 300 59
469923432 3 29975 R 11.0 11 3 61 58
469948749 1 29997 R 19.0 9 6 133 59
474428934 3 30264 R 8.0 11 2 322 59
478726952 3 30539 R 5.0 11 1 298 60
478728292 2 30521 R 9.0 11 2 37 60
483130197 1 30840 R 13.0 10 4 84 60
483143812 3 30821 R 20.0 9 6 133 61
487530212 3 31102 R 14.0 11 4 362 62
487594089 1 31126 R 4.0 12 1 17 61
487629516 2 31091 R 21.0 9 6 136 61
492002241 2 31371 R 15.0 11 4 375 62
492026888 1 31410 R 7.0 12 2 42 62
496387963 2 31651 R 6.0 12 1 300 63
496415472 3 31671 R 17.0 10 5 112 63
496429152 1 31691 R 16.0 10 5 111 63
500799509 1 31971 R 10.0 11 3 340 64
500863735 3 31955 R 8.0 12 2 325 64
500867851 2 31938 R 12.0 11 3 632 64
505173866 2 32214 R 18.0 11 5 670 65
509561293 3 32512 R 11.0 12 3 60 65
514074638 1 32821 R 19.0 10 6 137 65
514082448 3 32801 R 20.0 10 6 138 66
518427286 3 33079 R 5.0 12 1 303 67
518431467 1 33099 R 13.0 11 4 378 66
518448557 2 33063 R 15.0 12 4 92 66
522783892 1 33378 R 4.0 13 1 293 67
522805355 2 33342 R 9.0 12 2 320 67
522875991 3 33364 R 17.0 11 5 113 68
527285091 2 33629 R 6.0 13 1 306 68
527292918 3 33647 R 8.0 13 2 330 69
531608888 2 33905 R 12.0 12 3 624 69
531679396 3 33928 R 14.0 12 4 372 70
531684578 1 33948 R 10.0 12 3 65 68
536024177 1 34225 R 16.0 11 5 118 69
536026063 2 34188 R 21.0 10 6 416 70
540425702 2 34470 R 18.0 12 5 677 71
540456815 1 34509 R 7.0 13 2 323 70
544922626 1 34795 R 13.0 12 4 91 71
549246303 1 35072 R 4.0 14 1 299 72
553618490 3 35332 R 11.0 13 3 60 71
553637935 2 35315 R 15.0 13 4 84 72
553693120 1 35356 R 19.0 11 6 418 73
558026064 2 35596 R 9.0 13 2 321 73
558082786 3 35617 R 5.0 13 1 305 72
562443299 2 35879 R 6.0 14 1 298 74
562515727 3 35901 R 8.0 14 2 612 73
562531142 1 35922 R 10.0 13 3 67 74
566829707 2 36160 R 18.0 13 5 388 75
566917482 3 36183 R 20.0 11 6 699 74
571288044 3 36463 R 14.0 13 4 939 75
571309324 2 36446 R 21.0 11 6 419 76
575677662 2 36726 R 12.0 13 3 629 77
575711191 3 36746 R 17.0 12 5 674 76
575744152 1 36767 R 16.0 12 5 113 75
580069362 1 37044 R 7.0 14 2 322 76
584453454 1 37325 R 4.0 15 1 293 77
584546722 2 37293 R 9.0 14 2 43 78
588870441 3 37588 R 14.0 14 4 89 77
588886123 1 37609 R 13.0 13 4 86 78
593260743 2 37851 R 18.0 14 5 106 79
593272441 3 37870 R 5.0 14 1 290 78
593288030 1 37890 R 19.0 12 6 131 79
597726318 2 38137 R 15.0 14 4 88 80
597767831 3 38157 R 20.0 12 6 418 79
597782977 1 38178 R 10.0 14 3 66 80
602106706 3 38435 R 8.0 15 2 607 80
602174982 2 38422 R 6.0 15 1 298 81
606528009 1 38738 R 16.0 13 5 109 81
606539802 3 38719 R 11.0 14 3 907 81
606592448 2 38704 R 21.0 12 6 420 82
610929611 2 38982 R 12.0 14 3 628 83
610931643 3 39000 R 17.0 13 5 672 82
615330583 2 39264 R 9.0 15 2 39 84
615365825 1 39303 R 4.0 16 1 18 82
619767370 1 39585 R 7.0 15 2 41 83
619816519 3 39568 R 14.0 15 4 90 83
624138370 1 39865 R 19.0 13 6 131 84
624180985 3 39848 R 11.0 15 3 64 84
628512274 2 40107 R 15.0 15 4 84 85
628602132 1 40150 R 13.0 14 4 89 85
628614037 3 40131 R 5.0 15 1 308 85
632910405 1 40426 R 10.0 15 3 345 86
632976725 2 40393 R 18.0 15 5 110 86
633015942 3 40413 R 20.0 13 6 417 86
637396037 2 40676 R 21.0 13 6 136 87
637423190 3 40695 R 8.0 16 2 326 87
641810981 2 40958 R 6.0 16 1 302 88
646152402 3 41254 R 17.0 14 5 107 88
646181210 2 41238 R 12.0 15 3 62 89
646247977 1 41280 R 16.0 14 5 113 87
650617775 1 41559 R 7.0 16 2 42 88
650645156 2 41524 R 9.0 16 2 44 90
654974815 3 41818 R 14.0 16 4 84 89
655052808 1 41843 R 10.0 16 3 68 89
659359118 2 42081 R 18.0 16 5 106 91
659361192 3 42099 R 11.0 16 3 343 90
659390215 1 42121 R 4.0 17 1 300 90
663792114 1 42403 R 19.0 14 6 132 91
663840237 3 42386 R 5.0 16 1 18 91
668161943 1 42682 R 13.0 15 4 85 92
668164547 3 42663 R 20.0 14 6 131 92
668165897 2 42645 R 15.0 16 4 82 92
672581458 3 42945 R 8.0 17 2 317 93
672661083 2 42933 R 6.0 17 1 19 93
677032042 1 43250 R 16.0 15 5 111 93
681406311 2 43492 R 21.0 14 6 132 94
685778688 3 43790 R 17.0 15 5 107 94
685838756 2 43776 R 12.0 16 3 63 95
685869785 1 43816 R 7.0 17 2 42 94
690220916 3 44074 R 11.0 17 3 62 95
690240474 2 44058 R 9.0 17 2 325 96
694611264 2 44338 R 18.0 17 5 108 97
694616945 1 44375 R 19.0 15 6 130 95
694685142 3 44360 R 5.0 17 1 300 96
698993227 3 44636 R 20.0 15 6 410 97
699065148 1 44660 R 4.0 18 1 303 96
699074840 2 44623 R 15.0 17 4 88 98
703482608 1 44943 R 10.0 17 3 625 97
703510069 3 44925 R 14.0 17 4 654 98
707819822 1 45220 R 13.0 16 4 367 98
707864243 3 45203 R 8.0 18 2 39 99
712221374 1 45502 R 16.0 16 5 106 99
712313778 3 45488 R 17.0 16 5 112 100
716647783 2 45748 R 9.0 18 2 38 99
716716923 1 45790 R 7.0 18 2 323 100
721056332 1 46067 R 19.0 16 6 132 101
721128348 2 46035 R 6.0 18 1 306 100
725452056 2 46311 R 21.0 15 6 414 101
725475515 1 46350 R 10.0 18 3 344 102
725541564 3 46335 R 14.0 18 4 91 101
729869365 2 46594 R 12.0 17 3 343 102
729874815 3 46612 R 11.0 18 3 63 102
729890631 1 46633 R 4.0 19 1 301 103
734245368 3 46892 R 5.0 18 1 296 103
734255402 2 46875 R 18.0 18 5 389 103
738670564 2 47157 R 15.0 18 4 658 104
738731194 3 47179 R 20.0 16 6 416 104
743165280 2 47445 R 6.0 19 1 20 105
747477304 1 47758 R 13.0 17 4 86 104
747504514 2 47723 R 9.0 19 2 39 106
747554218 3 47744 R 17.0 17 5 114 105
751939315 3 48024 R 8.0 19 2 41 106
751941765 1 48044 R 10.0 19 3 346 105
756294313 3 48303 R 14.0 19 4 86 107
756298216 1 48323 R 7.0 19 2 325 106
756343485 2 48288 R 21.0 16 6 136 107
760742574 3 48588 R 5.0 19 1 17 108
760745081 2 48570 R 18.0 19 5 111 108
760777964 1 48610 R 4.0 20 1 302 107
765101729 1 48886 R 16.0 17 5 953 108
765115085 2 48850 R 12.0 18 3 62 109
765160048 3 48870 R 11.0 19 3 65 109
769485765 1 49167 R 19.0 17 6 976 109
769579282 2 49136 R 15.0 19 4 90 110
773951891 3 49433 R 20.0 17 6 134 110
778305990 3 49712 R 8.0 20 2 37 111
778403588 2 49700 R 9.0 20 2 43 111
782729724 1 50015 R 16.0 18 5 109 110
782819266 2 49983 R 6.0 20 1 310 112
787160256 3 50278 R 14.0 20 4 87 112
787195757 1 50300 R 19.0 18 6 136 111
791519000 1 50577 R 4.0 21 1 300 112
791577892 3 50561 R 17.0 18 5 110 113
791595571 2 50545 R 18.0 20 5 113 113
795936457 1 50860 R 13.0 18 4 654 113
800322458 1 51140 R 10.0 20 3 622 114
800340084 2 51104 R 21.0 17 6 131 114
800368742 3 51124 R 5.0 20 1 15 114
804799932 1 51427 R 7.0 20 2 603 115
804821262 2 51391 R 12.0 19 3 64 115
804848769 3 51410 R 11.0 20 3 68 115
809176197 2 51670 R 6.0 21 1 295 116
813544904 2 51949 R 15.0 20 4 365 117
813576031 1 51989 R 16.0 19 5 110 116
813578182 3 51969 R 20.0 18 6 131 116
817948530 1 52269 R 19.0 19 6 129 117
817994707 3 52252 R 8.0 21 2 39 117
818008300 2 52235 R 9.0 21 2 39 118
822380992 3 52532 R 14.0 21 4 84 118
822459171 1 52557 R 4.0 22 1 297 118
826814128 1 52836 R 13.0 19 4 656 119
831229481 3 53099 R 17.0 19 5 110 119
831252959 2 53083 R 18.0 21 5 113 119
831262327 1 53121 R 7.0 21 2 325 120
835568444 3 53376 R 5.0 21 1 296 120
835584153 1 53397 R 10.0 21 3 344 121
835593975 2 53360 R 12.0 20 3 347 120
840001531 3 53660 R 11.0 21 3 628 121
840042239 2 53645 R 6.0 22 1 305 121
844393332 3 53941 R 20.0 19 6 413 122
844459620 2 53928 R 15.0 21 4 652 122
848827984 1 54245 R 16.0 20 5 109 122
848845806 2 54209 R 21.0 18 6 416 123
853198205 2 54487 R 9.0 22 2 320 124
853229781 1 54527 R 19.0 20 6 132 123
853278137 3 54510 R 14.0 22 4 88 123
857600087 1 54806 R 13.0 20 4 368 124
857601582 3 54787 R 8.0 22 2 37 124
862018707 3 55069 R 5.0 22 1 14 125
862096645 1 55094 R 7.0 22 2 42 125
862098753 2 55057 R 6.0 23 1 19 125
866405265 3 55350 R 17.0 20 5 106 126
866496710 1 55376 R 4.0 23 1 304 126
870843977 2 55616 R 18.0 22 5 108 126
870884588 3 55637 R 11.0 22 3 63 127
875276843 2 55900 R 12.0 21 3 345 127
875303654 1 55939 R 10.0 22 3 65 127
875333564 3 55921 R 20.0 20 6 139 128
879678373 2 56182 R 15.0 22 4 368 128
884048928 2 56462 R 21.0 19 6 413 129
892841630 3 57042 R 5.0 23 1 13 129
892908553 1 57066 R 19.0 21 6 133 128
892917801 2 57029 R 9.0 23 2 42 130
897325573 1 57349 R 4.0 24 1 308 129
897352850 3 57331 R 14.0 23 4 96 130
901680166 2 57590 R 12.0 22 3 65 131
901707761 3 57609 R 8.0 23 2 324 131
901711839 1 57629 R 13.0 21 4 654 130
906066590 1 57908 R 16.0 21 5 953 131
906158334 2 57877 R 6.0 24 1 306 132
910515005 1 58193 R 10.0 23 3 345 132
910528795 2 58156 R 18.0 23 5 110 133
910562002 3 58176 R 17.0 21 5 114 132
914867823 2 58434 R 15.0 23 4 368 134
914898813 1 58473 R 7.0 23 2 608 133
914979238 3 58459 R 20.0 21 6 136 133
919300695 2 58718 R 21.0 20 6 131 135
919331970 1 58757 R 16.0 22 5 110 134
919365302 3 58739 R 11.0 23 3 356 134
928107255 2 59281 R 9.0 24 2 39 136
928124912 3 59300 R 5.0 24 1 16 135
928138614 1 59321 R 13.0 22 4 88 135
932527084 1 59602 R 19.0 22 6 132 136
932573326 3 59585 R 8.0 24 2 42 136
936973345 1 59886 R 4.0 25 1 298 137
936991280 3 59867 R 17.0 22 5 112 137
941376816 3 60148 R 14.0 24 4 89 138
941414221 2 60133 R 18.0 24 5 117 137
945724151 2 60409 R 12.0 23 3 349 138
945811877 1 60452 R 16.0 23 5 114 138
950109871 2 60689 R 6.0 25 1 300 139
950137034 3 60709 R 11.0 24 3 60 139
950213687 1 60734 R 10.0 24 3 348 139
954583778 1 61013 R 7.0 24 2 329 140
954586190 3 60994 R 20.0 22 6 134 140
954589829 2 60976 R 15.0 24 4 941 140
958958284 2 61256 R 21.0 21 6 695 141
963408066 3 61558 R 8.0 25 2 41 141
967794730 3 61839 R 17.0 23 5 111 142
972148826 3 62118 R 5.0 25 1 13 143
972172840 1 62139 R 19.0 23 6 131 141
972232895 2 62105 R 12.0 24 3 72 142
976541024 2 62381 R 9.0 25 2 324 143
976558603 1 62420 R 4.0 26 1 301 142
981003068 3 62684 R 14.0 25 4 86 144
981007236 2 62667 R 18.0 25 5 390 144
981038444 1 62706 R 13.0 23 4 658 143
985361928 1 62983 R 10.0 25 3 341 144
985455622 2 62952 R 6.0 26 1 302 145
989779230 1 63266 R 16.0 24 5 390 145
989826165 3 63249 R 20.0 23 6 133 145
989873033 2 63234 R 21.0 22 6 419 146
994210119 2 63512 R 15.0 25 4 657 147
994211738 3 63530 R 11.0 25 3 62 146
994241169 1 63551 R 7.0 25 2 323 146
998642302 1 63833 R 4.0 27 1 17 147
998691920 3 63816 R 17.0 24 5 114 147
1003013344 1 64113 R 19.0 24 6 131 148
1003056149 3 64096 R 8.0 26 2 318 148
1007432376 3 64376 R 5.0 26 1 302 149
1011828428 2 64639 R 18.0 26 5 110 148
1016198409 2 64919 R 9.0 26 2 327 149
1016288018 1 64962 R 13.0 24 4 90 149
1020596073 1 65238 R 7.0 26 2 320 150
1020629209 3 65220 R 14.0 26 4 89 150
1020662745 2 65205 R 12.0 25 3 345 150
1025081936 2 65488 R 21.0 23 6 134 151
1025109000 3 65507 R 11.0 26 3 68 151
1025122915 1 65528 R 10.0 26 3 628 151
1029432849 3 65784 R 20.0 24 6 131 152
1029436495 2 65766 R 6.0 27 1 300 152
1029511034 1 65809 R 16.0 25 5 112 152
1033832251 1 66085 R 4.0 28 1 298 153
1033850166 3 66066 R 17.0 25 5 388 153
1033867580 2 66050 R 15.0 26 4 368 153
1038235927 3 66347 R 8.0 27 2 319 154
1042670761 1 66651 R 19.0 25 6 132 154
1042715168 3 66634 R 5.0 27 1 18 155
1042736692 2 66618 R 9.0 27 2 43 154
1047039064 3 66911 R 14.0 27 4 83 156
1047045106 2 66893 R 18.0 27 5 115 155
1047072090 1 66932 R 13.0 25 4 85 155
1051442799 1 67212 R 10.0 27 3 347 156
1051448719 2 67175 R 12.0 26 3 343 156
1051456203 3 67193 R 11.0 27 3 61 157
1055896901 2 67460 R 6.0 28 1 296 157
1055906332 1 67498 R 7.0 27 2 40 157
1060248037 3 67756 R 17.0 26 5 107 158
1060281238 2 67740 R 15.0 27 4 367 158
1060339833 1 67782 R 16.0 26 5 112 158
1064727767 3 68043 R 20.0 25 6 135 159
1069119616 2 68306 R 21.0 24 6 135 159
1069146909 1 68345 R 19.0 26 6 136 159
1073516558 1 68625 R 4.0 29 1 16 160
1077986668 3 68891 R 8.0 28 2 43 160
1082278886 3 69166 R 5.0 28 1 13 161
1082332178 2 69152 R 18.0 28 5 108 160
1086702209 2 69431 R 12.0 27 3 60 161
1086790098 3 69455 R 14.0 28 4 97 162
1086792122 1 69475 R 13.0 26 4 91 161
1091100277 1 69750 R 10.0 28 3 346 162
1091166506 2 69717 R 9.0 28 2 322 162
1095501822 1 70032 R 16.0 27 5 395 163
1095550811 3 70015 R 20.0 26 6 132 163
1095598998 2 70001 R 6.0 29 1 19 163
1099996543 1 70320 R 7.0 28 2 43 164
1099999258 3 70300 R 11.0 28 3 356 164
1100001207 2 70283 R 21.0 25 6 136 164
1104336380 1 70597 R 19.0 27 6 133 165
1104371485 2 70562 R 15.0 28 4 375 165
1104416488 3 70583 R 17.0 27 5 680 165
1108768519 1 70881 R 4.0 30 1 16 166
1108801915 3 70863 R 5.0 29 1 19 166
1121927267 2 71686 R 18.0 29 5 109 166
1121967831 3 71706 R 14.0 29 4 89 167
1126359681 2 71969 R 12.0 28 3 61 167
1126386894 1 72009 R 13.0 27 4 96 167
1126416516 3 71991 R 8.0 29 2 328 168
1130757461 1 72288 R 7.0 29 2 321 168
1130761700 2 72251 R 21.0 26 6 132 168
1130834051 3 72273 R 17.0 28 5 393 169
1135149339 2 72532 R 9.0 29 2 321 169
1135220038 3 72554 R 11.0 29 3 347 170
1135221854 1 72574 R 10.0 29 3 632 169
1139566579 2 72815 R 6.0 30 1 297 170
1139574697 3 72833 R 20.0 27 6 413 171
1139654649 1 72858 R 16.0 28 5 675 170
1144029006 2 73100 R 15.0 29 4 937 171
1144056332 1 73139 R 19.0 28 6 136 171
1148425998 1 73419 R 4.0 31 1 17 172
1152835674 2 73664 R 12.0 29 3 65 172
1152874816 3 73684 R 14.0 30 4 90 172
1157182869 3 73960 R 5.0 30 1 295 173
1161576355 1 74261 R 10.0 30 3 60 173
1161584783 3 74241 R 17.0 29 5 396 174
1161612095 2 74226 R 18.0 30 5 109 173
1166009289 1 74544 R 13.0 28 4 89 174
1166075878 2 74511 R 9.0 30 2 333 174
1166080146 3 74529 R 11.0 30 3 348 175
1170411088 1 74826 R 7.0 30 2 328 175
1170440512 3 74808 R 8.0 30 2 321 176
1174857904 3 75091 R 20.0 28 6 133 177
1174900864 2 75076 R 21.0 27 6 136 175
1174906736 1 75114 R 16.0 29 5 396 176
1179245842 1 75392 R 19.0 29 6 416 177
1179255431 2 75355 R 6.0 31 1 304 176
1183648831 3 75654 R 5.0 31 1 15 178
1183678073 1 75675 R 4.0 32 1 18 178
1183704091 2 75639 R 15.0 30 4 654 177
1188025626 2 75916 R 12.0 30 3 343 178
1192485359 1 76239 R 10.0 31 3 63 179
1196855659 1 76519 R 13.0 29 4 95 180
1196863926 2 76482 R 18.0 31 5 111 179
1196939794 3 76504 R 14.0 31 4 88 179
1201263674 3 76781 R 11.0 31 3 353 180
1201265619 2 76763 R 21.0 28 6 133 180
1201320231 1 76804 R 16.0 30 5 113 181
1205627398 1 77080 R 7.0 31 2 36 182
1205635705 2 77043 R 9.0 31 2 326 181
1205680898 3 77064 R 17.0 30 5 390 181
1210066282 3 77344 R 8.0 31 2 38 182
1210154651 1 77370 R 19.0 30 6 138 183
1218915091 3 77911 R 20.0 29 6 135 183
1218943832 2 77895 R 15.0 31 4 89 182
1223275403 3 78190 R 5.0 32 1 297 184
1223335696 1 78213 R 13.0 30 4 88 184
1223343759 2 78176 R 6.0 32 1 303 183
1227745100 2 78458 R 12.0 31 3 65 184
1227770933 1 78497 R 10.0 32 3 356 185
1232107861 1 78775 R 4.0 33 1 296 186
1232115872 2 78738 R 18.0 32 5 110 185
1236503486 3 79036 R 14.0 32 4 85 185
1236509069 1 79056 R 7.0 32 2 39 187
1236579553 2 79024 R 9.0 32 2 43 186
1240880070 1 79336 R 16.0 31 5 107 188
1240887929 2 79299 R 21.0 29 6 133 187
1240889890 3 79317 R 11.0 32 3 342 186
1245369626 3 79604 R 17.0 31 5 397 187
1249733488 3 79883 R 8.0 32 2 39 188
1249749631 1 79904 R 19.0 31 6 133 189
1254099851 2 80145 R 6.0 33 1 13 188
1254110188 3 80163 R 5.0 33 1 298 189
1254182257 1 80188 R 13.0 31 4 90 190
1258496325 3 80444 R 20.0 30 6 130 190
1258584156 1 80469 R 10.0 33 3 351 191
1258596055 2 80433 R 18.0 33 5 113 189
1262934630 2 80710 R 15.0 32 4 84 190
1267367826 2 80994 R 12.0 32 3 351 191
1267381659 3 81012 R 17.0 32 5 109 191
1271764855 1 81313 R 4.0 34 1 16 192
1271769445 2 81276 R 21.0 30 6 132 192
1271829733 3 81297 R 14.0 33 4 91 192
1276121896 3 81572 R 11.0 33 3 59 193
1276139622 2 81555 R 9.0 33 2 318 193
1280635194 1 81880 R 16.0 32 5 113 193
1284942819 1 82156 R 7.0 33 2 321 194
1285009477 2 82123 R 18.0 34 5 111 194
1285038423 3 82143 R 8.0 33 2 43 194
1289344711 1 82438 R 19.0 32 6 412 195
1289418927 3 82423 R 20.0 31 6 135 195
1293839656 1 82726 R 13.0 32 4 89 196
1293841810 3 82706 R 5.0 34 1 301 196
1293847162 2 82689 R 6.0 34 1 19 195
1298179065 1 83003 R 10.0 34 3 344 197
1302654514 2 83252 R 15.0 33 4 89 196
1307024959 2 83532 R 12.0 33 3 63 197
1311364305 2 83810 R 9.0 34 2 324 198
1311409344 1 83850 R 16.0 33 5 109 198
1311476018 3 83835 R 17.0 33 5 116 197
1315797343 2 84093 R 21.0 31 6 414 199
1315861463 3 84115 R 14.0 34 4 89 198
1315888802 1 84137 R 4.0 35 1 301 199
1320194776 1 84412 R 7.0 34 2 320 200
1320216607 3 84394 R 11.0 34 3 349 199
1324604455 2 84657 R 18.0 35 5 108 200
1324643331 3 84677 R 8.0 34 2 324 200
1324659041 1 84698 R 19.0 33 6 136 201
1329076175 3 84961 R 5.0 35 1 309 201
1333468247 3 85242 R 20.0 32 6 982 202
1333497069 1 85264 R 13.0 33 4 89 202
1333504754 2 85227 R 6.0 35 1 20 201
1337901182 1 85546 R 10.0 35 3 350 203
1342224397 1 85822 R 4.0 36 1 299 204
1342228087 3 85803 R 14.0 35 4 87 203
1342249565 2 85786 R 15.0 34 4 86 202
1346608509 1 86103 R 16.0 34 5 388 205
1346682773 2 86070 R 12.0 34 3 357 203
1351040868 1 86387 R 7.0 35 2 38 206
1351082545 3 86369 R 20.0 33 6 134 204
1351084382 2 86352 R 21.0 32 6 416 204
1355454716 2 86632 R 9.0 35 2 324 205
1355499767 3 86652 R 17.0 34 5 397 205
1359885735 3 86933 R 11.0 35 3 345 206
1359918857 2 86917 R 18.0 36 5 113 206
1364240315 3 87211 R 8.0 35 2 318 207
1364254080 1 87232 R 19.0 34 6 131 207
1368642020 1 87513 R 10.0 36 3 348 208
1368688354 3 87496 R 5.0 36 1 16 208
1373037113 2 87757 R 6.0 36 1 12 207
1373058972 1 87796 R 4.0 37 1 295 209
1377521418 1 88081 R 13.0 34 4 937 210
1377564142 2 88047 R 12.0 35 3 68 208
1381923077 1 88363 R 16.0 35 5 110 211
1381934793 2 88326 R 21.0 33 6 134 209
1386273416 2 88604 R 15.0 35 4 83 210
1386292684 1 88643 R 7.0 36 2 39 212
1386322744 3 88625 R 17.0 35 5 109 209
1390706467 2 88888 R 9.0 36 2 323 211
1390708806 3 88905 R 14.0 36 4 372 210
1395163023 1 89210 R 19.0 35 6 138 213
1395188496 3 89192 R 20.0 34 6 419 211
1399511738 3 89469 R 8.0 36 2 319 212
1403921289 2 89733 R 18.0 37 5 113 212
1403929394 3 89752 R 11.0 36 3 632 213
1403987269 1 89775 R 13.0 35 4 90 214
1408289476 2 90013 R 6.0 37 1 298 213
1408314608 3 90032 R 5.0 37 1 15 214
1408342233 1 90054 R 4.0 38 1 302 215
1412753815 2 90299 R 21.0 34 6 134 214
1412773316 1 90337 R 10.0 37 3 347 216
1417111841 1 90615 R 7.0 37 2 37 217
1417186718 2 90582 R 12.0 36 3 350 215
1421545274 1 90899 R 19.0 36 6 133 218
1421588366 2 90864 R 15.0 36 4 658 216
1421605528 3 90883 R 14.0 37 4 88 215
1425929699 3 91160 R 17.0 36 5 108 216
1425947023 1 91180 R 16.0 36 5 109 219
1430316625 1 91460 R 4.0 39 1 13 220
1430346047 3 91442 R 8.0 37 2 39 217
1430363654 2 91426 R 9.0 37 2 39 217
1434732662 3 91723 R 20.0 35 6 131 218
1434781074 1 91746 R 13.0 36 4 87 221
1439212395 3 92010 R 11.0 37 3 349 219
1439214004 1 92030 R 10.0 38 3 65 222
1443535315 3 92286 R 5.0 38 1 13 220
1443639312 2 92275 R 18.0 38 5 114 218
1447946536 2 92551 R 6.0 38 1 13 219
1452348903 2 92833 R 21.0 35 6 130 220
1456832447 1 93157 R 16.0 37 5 111 223
1456844224 2 93120 R 12.0 37 3 355 221
1461169734 3 93415 R 17.0 37 5 107 221
1461183338 2 93398 R 15.0 37 4 368 222
1461220109 1 93438 R 7.0 38 2 324 224
1465555488 3 93696 R 8.0 38 2 322 222
1465637342 1 93721 R 4.0 40 1 304 225
1469974786 1 93998 R 19.0 37 6 412 226
1470035481 3 93982 R 11.0 38 3 632 223
1474375982 1 94280 R 13.0 37 4 84 227
1474427279 2 94246 R 18.0 39 5 115 223
1474483883 3 94267 R 14.0 38 4 655 224
1478776120 3 94542 R 20.0 36 6 412 225
1478828620 2 94527 R 9.0 38 2 323 224
1478871344 1 94568 R 10.0 39 3 65 228
1483286538 3 94830 R 5.0 39 1 20 226
1487615758 1 95127 R 7.0 39 2 39 229
1492009524 2 95371 R 6.0 39 1 14 225
1492047435 3 95391 R 17.0 38 5 112 227
1492049186 1 95411 R 16.0 38 5 109 230
1496474404 2 95657 R 21.0 36 6 134 226
1496495624 3 95676 R 8.0 39 2 333 228
1500855911 1 95975 R 13.0 38 4 88 231
1500907225 2 95940 R 12.0 38 3 355 227
1500912755 3 95958 R 11.0 39 3 67 229
1505226095 1 96254 R 4.0 41 1 14 232
1505308821 2 96222 R 15.0 38 4 654 228
1509690857 1 96540 R 19.0 38 6 134 233
1509704654 3 96521 R 20.0 37 6 137 230
1514059314 3 96800 R 14.0 39 4 376 231
1514084621 2 96784 R 18.0 40 5 109 229
1518423713 2 97062 R 9.0 39 2 321 230
1522913520 3 97367 R 17.0 39 5 112 232
1522934327 1 97388 R 10.0 40 3 67 234
1527261703 2 97627 R 12.0 39 3 62 231
1527324283 3 97649 R 11.0 40 3 65 233
1531726343 3 97931 R 5.0 40 1 299 234
1531727772 2 97913 R 15.0 39 4 87 232
1531741302 1 97951 R 7.0 40 2 42 235
1536071124 3 98209 R 8.0 40 2 319 235
1536112181 1 98231 R 16.0 39 5 111 236
1536158993 2 98197 R 6.0 40 1 303 233
1540484615 1 98511 R 19.0 39 6 130 237
1540498232 2 98474 R 21.0 37 6 131 234
1544870444 1 98792 R 4.0 42 1 297 238
1544925361 3 98775 R 20.0 38 6 135 236
1544930423 2 98758 R 9.0 40 2 41 235
1549285890 1 99074 R 13.0 39 4 365 239
1549342109 3 99058 R 14.0 40 4 88 237
1553728511 3 99339 R 17.0 40 5 110 238
1553738192 2 99322 R 18.0 41 5 111 236
1558083257 3 99617 R 11.0 41 3 338 239
1558188707 2 99607 R 12.0 40 3 357 237
1562531167 3 99902 R 5.0 41 1 16 240
1562572517 2 99887 R 6.0 41 1 299 238
1562591737 1 99926 R 10.0 41 3 67 240
1571354259 3 100467 R 8.0 41 2 40 241
1575691977 2 100727 R 21.0 38 6 131 239
1575713545 1 100765 R 16.0 40 5 108 241
1575740957 3 100747 R 20.0 39 6 132 242
1580099251 1 101046 R 4.0 43 1 302 242
1580218663 2 101016 R 15.0 40 4 379 240
1584579039 1 101333 R 7.0 41 2 606 243
1584588972 2 101296 R 18.0 42 5 112 241
1588927957 2 101574 R 9.0 41 2 326 242
1589027745 1 101618 R 19.0 40 6 701 244
1589031325 3 101598 R 14.0 41 4 91 243
1593319931 1 101892 R 13.0 40 4 648 245
1593354730 3 101875 R 11.0 42 3 62 244
1597719644 1 102174 R 10.0 42 3 342 246
1597814975 2 102143 R 12.0 41 3 65 243
1597829018 3 102161 R 17.0 41 5 120 245
1602158200 3 102438 R 5.0 42 1 299 246
1602167882 2 102421 R 6.0 42 1 294 244
1606638086 3 102725 R 20.0 40 6 137 247
1606651824 1 102746 R 16.0 41 5 113 247
1610943623 2 102983 R 15.0 41 4 84 245
1611021493 1 103025 R 7.0 42 2 42 248
1615360535 1 103303 R 4.0 44 1 14 249
1615366650 3 103284 R 8.0 42 2 38 248
1619783995 3 103566 R 14.0 42 4 85 249
1619793977 1 103587 R 19.0 41 6 134 250
1619813629 2 103550 R 21.0 39 6 135 246
1624170319 3 103847 R 11.0 43 3 347 250
1624195647 1 103868 R 13.0 41 4 369 251
1624246043 2 103834 R 12.0 42 3 66 247
1628566076 1 104148 R 10.0 43 3 342 252
1628648020 2 104116 R 18.0 43 5 111 248
1633018285 2 104396 R 9.0 42 2 316 249
1637460711 3 104698 R 5.0 43 1 18 251
1641784647 3 104974 R 17.0 42 5 108 252
1641840454 1 104998 R 7.0 43 2 40 253
1641887443 2 104963 R 6.0 43 1 20 250
1646201815 3 105257 R 20.0 41 6 130 253
1646273952 1 105281 R 19.0 42 6 136 254
1650587168 3 105538 R 8.0 43 2 36 254
1650600979 2 105521 R 15.0 42 4 82 251
1650675704 1 105563 R 16.0 42 5 398 255
1655045927 1 105843 R 13.0 42 4 369 256
1659408715 2 106085 R 21.0 40 6 129 252
1659472715 3 106106 R 11.0 44 3 63 255
1659480455 1 106127 R 10.0 44 3 65 257
1663817740 1 106404 R 4.0 45 1 295 258
1663903734 2 106372 R 9.0 43 2 328 253
1663921131 3 106391 R 14.0 43 4 91 256
1668242991 2 106650 R 18.0 44 5 674 254
1672619295 3 106948 R 17.0 43 5 106 257
1672662311 2 106933 R 12.0 43 3 628 255
1677030551 1 107250 R 19.0 43 6 131 259
1677141771 2 107219 R 6.0 44 1 300 256
1681447907 2 107495 R 15.0 43 4 365 257
1681525751 1 107537 R 7.0 44 2 329 260
1681535174 3 107518 R 5.0 44 1 20 258
1685890614 3 107797 R 20.0 42 6 136 259
1690270669 1 108097 R 16.0 43 5 107 261
1694689731 1 108380 R 10.0 45 3 348 262
1694744127 3 108364 R 14.0 44 4 90 260
1699128495 2 108627 R 21.0 41 6 134 258
1699161625 3 108646 R 8.0 44 2 333 261
1699169308 1 108667 R 4.0 46 1 304 263
1703475499 1 108942 R 13.0 43 4 648 264
1703485255 2 108905 R 12.0 44 3 342 259
1703547808 3 108927 R 11.0 45 3 635 262
1707902499 3 109206 R 17.0 44 5 392 263
1707938846 1 109228 R 7.0 45 2 41 265
1707964776 2 109192 R 6.0 45 1 302 260
1712288183 2 109469 R 9.0 44 2 600 261
1716706264 2 109752 R 18.0 45 5 1238 262
1721105380 2 110033 R 15.0 44 4 650 263
1721183580 1 110076 R 19.0 44 6 136 266
1725566906 3 110336 R 5.0 45 1 18 264
1725584491 1 110357 R 4.0 47 1 20 267
1729912141 2 110597 R 12.0 45 3 60 264
1729984857 3 110619 R 20.0 43 6 136 265
1734300369 2 110878 R 21.0 42 6 131 265
1734361000 1 110919 R 16.0 44 5 111 268
1734370351 3 110900 R 14.0 45 4 87 266
1738699997 1 111197 R 10.0 46 3 344 269
1738717458 2 111160 R 6.0 46 1 295 266
1738725584 3 111178 R 11.0 46 3 345 267
1743103672 2 111441 R 18.0 46 5 666 267
1743132976 1 111480 R 13.0 44 4 656 270
1743173838 3 111463 R 8.0 45 2 328 268
1747533889 1 111762 R 7.0 46 2 38 271
1747581281 2 111728 R 9.0 45 2 606 268
1747591231 3 111746 R 17.0 45 5 675 269
1756356920 2 112289 R 15.0 45 4 86 269
1756434699 1 112332 R 4.0 48 1 20 272
1760774583 1 112609 R 19.0 45 6 133 273
1765140690 3 112869 R 11.0 47 3 60 270
1765207306 1 112893 R 16.0 45 5 112 274
1765226243 2 112857 R 6.0 47 1 18 270
1769636166 3 113157 R 5.0 46 1 306 271
1773940388 2 113415 R 21.0 43 6 131 271
1773975580 3 113434 R 20.0 44 6 413 272
1774014027 1 113457 R 10.0 47 3 65 275
1778384519 1 113736 R 13.0 45 4 87 276
1778408220 3 113718 R 8.0 46 2 604 273
1778466726 2 113704 R 9.0 46 2 327 272
1782809966 3 114000 R 14.0 46 4 649 274
1782837241 2 113984 R 12.0 46 3 634 273
1787176355 2 114262 R 18.0 47 5 950 274
1787254561 1 114304 R 19.0 46 6 135 277
1787279948 3 114286 R 17.0 46 5 396 275
1791562074 1 114580 R 7.0 47 2 316 278
1796009137 3 114845 R 20.0 45 6 132 276
1796088463 1 114870 R 4.0 49 1 20 279
1800419917 2 115109 R 15.0 46 4 88 275
1800425627 3 115127 R 8.0 47 2 39 277
1800459340 1 115149 R 16.0 46 5 111 280
1804798496 1 115427 R 10.0 48 3 350 281
1804811753 3 115408 R 14.0 47 4 86 278
1804823395 2 115391 R 12.0 47 3 62 276
1809254434 3 115692 R 11.0 48 3 63 279
1809272073 2 115676 R 6.0 48 1 297 277
1813593764 3 115970 R 5.0 47 1 297 280
1813689498 2 115959 R 9.0 47 2 324 278
1818032711 3 116254 R 17.0 47 5 391 281
1818042047 1 116275 R 13.0 46 4 86 282
1818075597 2 116239 R 18.0 48 5 394 279
1822490920 2 116522 R 21.0 44 6 417 280
1826849469 1 116838 R 19.0 47 6 132 283
1831219671 1 117118 R 7.0 48 2 318 284
1831229657 3 117099 R 20.0 46 6 131 282
1835671636 2 117365 R 6.0 49 1 16 281
1835717080 1 117406 R 10.0 49 3 347 285
1840116518 1 117687 R 4.0 50 1 301 286
1840139663 3 117669 R 8.0 48 2 44 283
1844479187 3 117947 R 5.0 48 1 298 284
1844512562 2 117931 R 18.0 49 5 112 282
1844518408 1 117969 R 16.0 47 5 110 287
1848898520 2 118212 R 12.0 48 3 353 283
1848912350 3 118230 R 17.0 48 5 393 285
1853253148 2 118491 R 9.0 48 2 321 284
1853294226 1 118531 R 19.0 48 6 134 288
1853313963 3 118512 R 11.0 49 3 631 286
1857701777 2 118775 R 15.0 47 4 940 285
1857721359 3 118794 R 14.0 48 4 937 287
1862118993 2 119058 R 21.0 45 6 697 286
1862163513 1 119098 R 13.0 47 4 91 289
1866471787 1 119374 R 10.0 50 3 345 290
1866574718 3 119361 R 8.0 49 2 44 288
1870867853 3 119636 R 20.0 47 6 128 289
1870873115 1 119656 R 7.0 49 2 317 291
1870910485 2 119621 R 18.0 50 5 111 287
1875368128 1 119943 R 4.0 51 1 19 292
1875378173 3 119924 R 14.0 49 4 90 290
1879695709 2 120183 R 15.0 48 4 84 288
1879758889 3 120205 R 11.0 50 3 343 291
1884097613 3 120482 R 5.0 49 1 295 292
1884113385 1 120503 R 16.0 48 5 109 293
1884160013 2 120469 R 6.0 50 1 305 289
1888593115 2 120752 R 12.0 49 3 637 290
1888599039 3 120770 R 17.0 49 5 678 293
1892951698 1 121069 R 19.0 49 6 133 294
1892984464 3 121051 R 8.0 50 2 42 294
1892994568 2 121034 R 9.0 49 2 606 291
1897353385 1 121350 R 13.0 48 4 368 295
1897402261 2 121316 R 21.0 46 6 983 292
1901723386 1 121630 R 10.0 51 3 61 296
1901725679 2 121593 R 18.0 51 5 108 293
1906150800 3 121894 R 20.0 48 6 132 295
1906187150 1 121916 R 7.0 50 2 41 297
1910548088 2 122158 R 15.0 49 4 85 294
1914933846 2 122438 R 6.0 51 1 14 295
1919388897 3 122741 R 17.0 50 5 111 296
1919414145 2 122725 R 21.0 47 6 134 296
1919431175 1 122763 R 4.0 52 1 20 298
1923737337 2 123002 R 12.0 50 3 59 297
1923821533 3 123025 R 5.0 50 1 308 297
1923833351 1 123045 R 16.0 49 5 113 299
1928154680 2 123284 R 9.0 50 2 317 298
1928203357 1 123325 R 13.0 49 4 88 300
1928223320 3 123306 R 11.0 51 3 631 298
1932542950 1 123603 R 19.0 50 6 129 301
1932593750 3 123586 R 14.0 50 4 937 299
1936945954 2 123847 R 15.0 50 4 83 299
1937016537 3 123869 R 8.0 51 2 324 300
1941380793 1 124168 R 10.0 52 3 60 302
1941434002 3 124152 R 20.0 49 6 134 301
1945831624 2 124416 R 21.0 48 6 134 300
1950187762 1 124732 R 7.0 51 2 38 303
1950225174 3 124714 R 11.0 52 3 63 302
1950280189 2 124700 R 18.0 52 5 396 301
1954571707 2 124975 R 6.0 52 1 12 302
1954579902 3 124993 R 14.0 51 4 85 303
1959007324 3 125276 R 17.0 51 5 108 304
1959083045 2 125264 R 12.0 51 3 67 303
1959088704 1 125302 R 4.0 53 1 20 304
1963428396 1 125579 R 19.0 51 6 135 305
1963445922 3 125561 R 5.0 51 1 299 305
1967831388 3 125841 R 8.0 52 2 39 306
1967843027 2 125824 R 9.0 51 2 40 304
1967861189 1 125863 R 16.0 50 5 392 306
1972262383 1 126145 R 13.0 50 4 89 307
1972311687 3 126128 R 20.0 50 6 140 307
1976634755 3 126405 R 11.0 53 3 62 308
1976697676 2 126391 R 18.0 53 5 111 305
1981038275 1 126706 R 10.0 53 3 62 308
1981114955 2 126674 R 15.0 51 4 377 306
1985457561 3 126969 R 14.0 52 4 85 309
1985500892 2 126954 R 21.0 49 6 135 307
1994249484 3 127532 R 17.0 52 5 116 310
1994260710 2 127515 R 12.0 52 3 63 308
1994313252 1 127556 R 7.0 52 2 42 309
1998621118 1 127832 R 4.0 54 1 13 310
1998709047 2 127800 R 6.0 53 1 18 309
1998728542 3 127819 R 5.0 52 1 19 311
2003126562 2 128083 R 15.0 52 4 90 310
2003148321 1 128121 R 19.0 52 6 137 311
2007457752 3 128377 R 11.0 54 3 60 312
2007512152 2 128363 R 9.0 52 2 41 311
2007518661 1 128401 R 16.0 51 5 112 312
2011857284 1 128679 R 13.0 51 4 84 313
2011874767 3 128660 R 8.0 53 2 38 313
2016261387 3 128941 R 20.0 51 6 130 314
2016273021 2 128924 R 18.0 54 5 108 312
2016290211 1 128962 R 10.0 54 3 62 314
2020740785 3 129227 R 14.0 53 4 89 315
2025168122 2 129493 R 21.0 50 6 136 313
2029544121 2 129773 R 6.0 54 1 300 314
2033908089 1 130090 R 7.0 53 2 38 315
2033929841 2 130054 R 15.0 53 4 87 315
2038279095 1 130370 R 16.0 52 5 106 316
2038284581 2 130333 R 12.0 53 3 61 316
2038322187 3 130353 R 17.0 53 5 114 316
2042754824 3 130636 R 5.0 53 1 302 317
2042776595 1 130658 R 19.0 53 6 136 317
2047138356 2 130899 R 9.0 53 2 39 317
2047156730 3 130918 R 11.0 55 3 347 318
2047175911 1 130939 R 4.0 55 1 304 318
2051527024 3 131198 R 20.0 52 6 413 319
2051577257 1 131221 R 13.0 52 4 87 319
2055961112 2 131464 R 6.0 55 1 17 318
2055991197 3 131483 R 14.0 54 4 657 320
2060304882 3 131760 R 8.0 54 2 606 321
2060347735 2 131745 R 18.0 55 5 109 319
2060353268 1 131782 R 10.0 55 3 64 320
2064827482 2 132031 R 21.0 51 6 139 320
2069151034 2 132308 R 12.0 54 3 339 321
2069222670 1 132350 R 7.0 54 2 43 321
2073568316 2 132591 R 15.0 54 4 369 322
2073579929 1 132629 R 16.0 53 5 111 322
2077932621 1 132908 R 4.0 56 1 300 323
2077953617 2 132871 R 9.0 54 2 38 323
2078032387 3 132894 R 17.0 54 5 115 322
2082412587 3 133174 R 11.0 56 3 353 323
2082428081 1 133195 R 19.0 54 6 134 324
2086751474 3 133452 R 5.0 54 1 291 324
2091184488 3 133736 R 14.0 55 4 366 325
2091244387 2 133722 R 6.0 56 1 19 324
2095577807 1 134037 R 13.0 53 4 85 325
2095586358 3 134018 R 20.0 53 6 416 326
2099973660 2 134281 R 15.0 55 4 85 325
2099993407 3 134300 R 8.0 55 2 602 327
2104391259 2 134563 R 21.0 52 6 131 326
2104416189 1 134602 R 10.0 56 3 64 326
2108777252 2 134844 R 18.0 56 5 393 327
2113252753 3 135148 R 14.0 56 4 90 328
2113256916 2 135131 R 12.0 55 3 349 328
2113288191 1 135170 R 16.0 54 5 114 327
2117611385 1 135447 R 4.0 57 1 296 328
2117670328 3 135431 R 11.0 57 3 345 329
2121985353 2 135690 R 9.0 55 2 36 329
2122028682 1 135730 R 7.0 55 2 607 329
2122066076 3 135712 R 17.0 55 5 113 330
2126414937 1 136010 R 19.0 55 6 415 330
2126436221 3 135992 R 5.0 55 1 296 331
2130892614 1 136297 R 13.0 54 4 653 331
2130900328 3 136278 R 8.0 56 2 605 332
2135262562 1 136577 R 10.0 57 3 63 332
2135270951 2 136540 R 21.0 53 6 135 330
2135276774 3 136558 R 20.0 54 6 416 333
2139672295 2 136821 R 6.0 57 1 303 331
2144007038 1 137136 R 4.0 58 1 13 333
2144042884 2 137101 R 12.0 56 3 344 332
2148506918 2 137387 R 15.0 56 4 371 333
2152820632 2 137663 R 18.0 57 5 389 334
2152845408 1 137702 R 7.0 56 2 38 334
2152878971 3 137684 R 14.0 57 4 92 334
2157233635 3 137963 R 11.0 58 3 60 335
2157247596 1 137984 R 16.0 55 5 109 335
2161682527 3 138248 R 17.0 56 5 110 336
2161736627 2 138234 R 9.0 56 2 43 335
2166093271 3 138530 R 8.0 57 2 40 337
2166148601 1 138553 R 19.0 56 6 135 336
2170487717 1 138831 R 13.0 55 4 371 337
2170495303 3 138812 R 5.0 56 1 305 338
2170497060 2 138794 R 15.0 57 4 97 336
2174920454 1 139115 R 10.0 58 3 351 338
2174965497 3 139098 R 20.0 55 6 422 339
2179267616 2 139356 R 21.0 54 6 130 337
2179288760 3 139375 R 14.0 58 4 85 340
2183700064 2 139639 R 6.0 58 1 302 338
2183727009 1 139678 R 4.0 59 1 18 339
2188101888 2 139921 R 12.0 57 3 345 339
2188111815 3 139939 R 17.0 57 5 110 341
2192503102 1 140240 R 13.0 56 4 86 340
2192509360 2 140203 R 18.0 58 5 390 340
2196902829 3 140502 R 11.0 59 3 61 342
2196967344 1 140526 R 7.0 57 2 327 341
2201275488 1 140801 R 16.0 56 5 388 342
2201362730 2 140770 R 9.0 57 2 41 341
2201383245 3 140789 R 20.0 56 6 138 343
2205705895 3 141065 R 5.0 57 1 14 344
2205802168 1 141091 R 19.0 57 6 419 343
2210123284 3 141348 R 14.0 59 4 85 345
2210172523 1 141371 R 10.0 59 3 346 344
2214509457 3 141629 R 8.0 58 2 323 346
2214591296 2 141616 R 15.0 58 4 90 342
2218987509 2 141898 R 21.0 55 6 134 343
2218989427 3 141915 R 17.0 58 5 112 347
2223321981 1 142212 R 4.0 60 1 14 345
2223357527 2 142177 R 6.0 59 1 302 344
2227821911 2 142463 R 12.0 58 3 632 345
2232160576 1 142778 R 13.0 57 4 85 346
2232198158 2 142743 R 18.0 59 5 392 346
2236529113 3 143038 R 14.0 60 4 84 348
2236562323 1 143060 R 7.0 58 2 319 347
2240933096 1 143340 R 19.0 58 6 411 348
2240989076 2 143306 R 9.0 58 2 39 347
2241003190 3 143324 R 8.0 59 2 322 349
2245397143 1 143625 R 10.0 60 3 627 349
2245404725 3 143606 R 5.0 58 1 304 350
2249775316 3 143886 R 11.0 60 3 914 351
2249829938 1 143909 R 16.0 57 5 677 350
2254155346 2 144148 R 21.0 56 6 129 348
2254260900 3 144173 R 20.0 57 6 700 352
2258553210 3 144447 R 17.0 59 5 107 353
2258603914 2 144433 R 12.0 59 3 348 349
2263015271 2 144715 R 15.0 59 4 652 350
2263042071 1 144755 R 4.0 61 1 18 351
2263063787 3 144736 R 14.0 61 4 91 354
2267406916 2 144996 R 6.0 60 1 304 351
2267412534 1 145034 R 10.0 61 3 63 352
2267418635 3 145015 R 8.0 60 2 328 355
2271886873 2 145283 R 18.0 60 5 114 352
2276272537 3 145581 R 11.0 61 3 65 356
2276282627 1 145602 R 19.0 59 6 138 353
2280590270 1 145878 R 7.0 59 2 322 354
2284992052 1 146159 R 13.0 58 4 651 355
2285021028 2 146124 R 12.0 60 3 62 353
2285095060 3 146146 R 5.0 59 1 20 357
2289438406 2 146406 R 9.0 59 2 321 354
2289481605 3 146427 R 20.0 58 6 134 358
2289487412 1 146447 R 16.0 58 5 959 356
2293824661 2 146687 R 21.0 57 6 131 355
2293836606 3 146706 R 17.0 60 5 110 359
2298303872 2 146974 R 15.0 60 4 90 356
2302627246 2 147251 R 6.0 61 1 14 357
2302670338 1 147291 R 10.0 62 3 64 357
2302690010 3 147272 R 14.0 62 4 89 360
2307056527 1 147571 R 4.0 62 1 297 358
2307107006 3 147555 R 8.0 61 2 44 361
2311450187 2 147815 R 12.0 61 3 62 358
2311472095 1 147854 R 16.0 59 5 391 359
2315836506 2 148096 R 18.0 61 5 109 359
2315841688 1 148134 R 7.0 60 2 38 360
2315898856 3 148118 R 11.0 62 3 63 362
2320306503 1 148419 R 19.0 60 6 134 361
2320315606 2 148383 R 9.0 60 2 42 360
2324684728 3 148680 R 20.0 59 6 133 363
2324739366 1 148703 R 13.0 59 4 373 362
2329045324 2 148941 R 21.0 58 6 130 361
2329148878 3 148966 R 5.0 60 1 305 364
2333462484 2 149224 R 15.0 61 4 369 362
2333525060 3 149246 R 17.0 61 5 685 365
2337848057 2 149505 R 12.0 62 3 59 363
2337910684 3 149526 R 14.0 63 4 86 366
2337951945 1 149549 R 16.0 60 5 114 363
2342277503 1 149826 R 10.0 63 3 339 364
2342327645 2 149791 R 6.0 62 1 18 364
2346661326 1 150106 R 4.0 63 1 298 365
2346670891 3 150087 R 11.0 63 3 62 367
2351093774 1 150390 R 7.0 61 2 37 366
2351119165 3 150372 R 8.0 62 2 39 368
2351182297 2 150358 R 18.0 62 5 113 365
2359879556 2 150915 R 15.0 62 4 84 366
2359901605 1 150954 R 19.0 61 6 134 367
2359942550 3 150936 R 20.0 60 6 136 369
2364328610 3 151217 R 17.0 62 5 400 370
2364390387 2 151203 R 9.0 61 2 43 367
2364396838 1 151241 R 13.0 60 4 370 368
2368708327 3 151497 R 14.0 64 4 84 371
2368745767 2 151482 R 21.0 59 6 136 368
2373131612 3 151780 R 5.0 61 1 300 372
2373140888 1 151801 R 4.0 64 1 16 369
2377573968 1 152085 R 10.0 64 3 64 370
2381920821 2 152325 R 12.0 63 3 60 369
2381975883 1 152366 R 16.0 61 5 112 371
2386360112 3 152627 R 20.0 61 6 132 373
2386422307 2 152613 R 6.0 63 1 301 370
2390745802 3 152908 R 8.0 63 2 318 374
2390751179 1 152928 R 7.0 62 2 38 372
2390808515 2 152894 R 18.0 63 5 117 371
2395215867 1 153214 R 19.0 62 6 137 373
2395225842 3 153194 R 11.0 64 3 633 375
2399549400 3 153471 R 17.0 63 5 109 376
