66157111 2 4117 R 4.0 1 1 18 1
69041207 1 4083 R 5.0 1 1 18 1
74950607 2 4679 R 4.0 2 1 17 2
77928369 2 4870 R 3.0 1 1 20 3
86630144 1 5208 R 8.0 1 2 42 2
86719880 2 5433 R 6.0 1 2 46 4
91030154 1 5490 R 5.0 2 1 293 3
91074611 2 5711 R 3.0 2 1 16 5
92516120 2 5804 R 7.0 1 2 37 6
95556695 1 5780 R 11.0 1 3 67 4
96970759 2 6089 R 4.0 3 1 293 7
99927197 1 6059 R 8.0 2 2 325 5
99928678 2 6278 R 3.0 3 1 18 8
101325312 2 6367 R 10.0 1 3 61 9
104346317 2 6561 R 6.0 2 2 41 10
104361531 1 6343 R 8.0 3 2 43 6
105773973 2 6652 R 4.0 4 1 16 11
108699157 1 6621 R 5.0 3 1 296 7
113137831 2 7123 R 9.0 1 3 66 12
114596730 2 7217 R 7.0 2 2 40 13
117517955 2 7404 R 6.0 3 2 39 14
118983146 2 7497 R 13.0 1 4 85 15
121913641 1 7466 R 14.0 1 4 91 8
121982543 2 7689 R 3.0 4 1 304 16
123363072 2 7778 R 10.0 2 3 61 17
126290585 2 7965 R 12.0 1 4 370 18
126362190 1 7751 R 5.0 4 1 302 9
127827643 2 8063 R 4.0 5 1 299 19
130692073 2 8247 R 3.0 5 1 295 20
130780117 1 8034 R 11.0 2 3 627 10
132184133 2 8342 R 7.0 3 2 320 21
135166238 1 8315 R 17.0 1 5 393 11
135187737 2 8535 R 12.0 2 4 371 22
136664020 2 8629 R 10.0 3 3 349 23
139545951 1 8595 R 8.0 4 2 608 12
139559704 2 8814 R 9.0 2 3 346 24
140965881 2 8904 R 4.0 6 1 581 25
143945621 2 9095 R 6.0 4 2 613 26
144010403 1 8881 R 11.0 3 3 348 13
145398888 2 9188 R 13.0 2 4 647 27
148366881 1 9159 R 5.0 5 1 583 14
148425478 2 9382 R 3.0 6 1 589 28
149800273 2 9470 R 7.0 4 2 884 29
152721552 1 9438 R 8.0 5 2 888 15
152749141 2 9658 R 12.0 3 4 931 30
154188343 2 9751 R 4.0 7 1 859 31
157166379 2 9941 R 18.0 1 6 697 32
157170260 1 9723 R 17.0 2 5 955 16
158606171 2 10033 R 16.0 1 5 954 33
161587804 1 10006 R 5.0 6 1 864 17
161625045 2 10226 R 15.0 1 5 967 34
162992489 2 10314 R 10.0 4 3 1193 35
165984066 1 10287 R 14.0 2 4 1493 18
165995181 2 10506 R 9.0 3 3 913 36
167471807 2 10601 R 19.0 1 6 979 37
170334215 2 10784 R 3.0 7 1 575 38
170354333 1 10567 R 8.0 6 2 1165 19
171898998 2 10884 R 4.0 8 1 1151 39
174767835 2 11068 R 15.0 2 5 1237 40
174818615 1 10852 R 20.0 1 6 1261 20
176207089 2 11160 R 13.0 3 4 1493 41
179169182 2 11349 R 6.0 5 2 1170 42
179251410 1 11136 R 14.0 3 4 1502 21
180733552 2 11449 R 7.0 5 2 1172 43
183557310 2 11630 R 12.0 4 4 1494 44
183654752 1 11418 R 5.0 7 1 1153 22
185104060 2 11729 R 16.0 2 5 1240 45
187974504 2 11913 R 18.0 2 6 1257 46
187978236 1 11694 R 8.0 7 2 1729 23
189443167 2 12007 R 10.0 5 3 1477 47
192360456 2 12194 R 9.0 4 3 1470 48
192389776 1 11977 R 11.0 4 3 2033 24
193876007 2 12291 R 4.0 9 1 1426 49
196791580 1 12259 R 17.0 3 5 2362 25
196839658 2 12480 R 3.0 8 1 866 50
198279632 2 12572 R 13.0 4 4 1496 51
201267429 2 12764 R 15.0 3 5 1240 52
201286816 1 12546 R 20.0 2 6 2391 26
202728085 2 12857 R 19.0 2 6 1544 53
205574920 2 13039 R 6.0 6 2 1446 54
205625685 1 12824 R 5.0 8 1 1431 27
207145092 2 13140 R 7.0 6 2 1452 55
209982602 1 13103 R 17.0 4 5 2644 28
210101696 2 13329 R 12.0 5 4 1788 56
211531508 2 13420 R 13.0 5 4 1499 57
214462407 1 13389 R 11.0 5 3 2601 29
214472057 2 13609 R 18.0 3 6 1546 58
215911436 2 13701 R 10.0 6 3 1754 59
218906730 2 13892 R 3.0 9 1 1154 60
218910672 1 13674 R 5.0 9 1 1721 30
220375748 2 13986 R 19.0 3 6 1830 61
223202840 1 13949 R 8.0 8 2 2577 31
223292711 2 14173 R 9.0 5 3 2038 62
224683670 2 14262 R 4.0 10 1 1704 63
227647597 2 14452 R 15.0 4 5 1800 64
227723893 1 14238 R 14.0 4 4 3474 32
229085022 2 14544 R 16.0 3 5 2369 65
232094178 1 14518 R 17.0 5 5 3214 33
232095979 2 14737 R 6.0 7 2 2022 66
233580277 2 14832 R 7.0 7 2 2022 67
236433355 1 14796 R 20.0 3 6 3233 34
236507468 2 15019 R 12.0 6 4 2062 68
237952775 2 15111 R 16.0 4 5 2085 69
240909266 2 15301 R 3.0 10 1 1427 70
240915241 1 15082 R 5.0 10 1 1996 35
242338705 2 15392 R 13.0 6 4 2059 71
245269764 1 15361 R 14.0 5 4 3469 36
245279496 2 15580 R 18.0 4 6 2390 72
246719198 2 15672 R 4.0 11 1 1987 73
249718212 1 15646 R 11.0 6 3 3731 37
249743320 2 15866 R 9.0 6 3 2603 74
251182775 2 15958 R 7.0 8 2 2581 75
254100233 2 16145 R 15.0 5 5 2367 76
254129436 1 15928 R 8.0 9 2 3146 38
255615772 2 16242 R 10.0 7 3 2889 77
258455096 2 16424 R 12.0 7 4 2339 78
258531132 1 16210 R 14.0 6 4 3754 39
260017519 2 16524 R 19.0 4 6 2955 79
262901796 1 16490 R 5.0 11 1 2277 40
262903717 2 16708 R 3.0 11 1 1710 80
264342837 2 16800 R 16.0 5 5 2647 81
267314952 2 16991 R 18.0 5 6 2670 82
267365733 1 16775 R 17.0 6 5 4061 41
268760140 2 17083 R 10.0 8 3 2599 83
271716300 2 17272 R 6.0 8 2 2859 84
271722602 1 17054 R 8.0 10 2 3704 42
273156081 2 17364 R 4.0 12 1 2273 85
276077094 1 17333 R 11.0 7 3 4572 43
276086592 2 17552 R 9.0 7 3 3164 86
277650961 2 17652 R 7.0 9 2 3144 87
280525895 1 17618 R 5.0 12 1 2551 44
280550921 2 17838 R 18.0 6 6 2956 88
281960989 2 17928 R 19.0 5 6 3234 89
284942889 1 17900 R 20.0 4 6 4926 45
284984043 2 18121 R 3.0 12 1 1993 90
286347176 2 18209 R 4.0 13 1 2551 91
289328989 1 18181 R 8.0 11 2 4275 46
289385435 2 18403 R 15.0 6 5 3215 92
290826796 2 18495 R 13.0 7 4 3755 93
293708967 1 18461 R 14.0 7 4 5158 47
293710838 2 18680 R 12.0 8 4 3187 94
295253727 2 18779 R 10.0 9 3 3729 95
298127849 2 18963 R 6.0 9 2 3431 96
298173042 1 18747 R 11.0 8 3 5425 48
299561594 2 19054 R 16.0 6 5 3769 97
302514236 2 19243 R 3.0 13 1 2274 98
302529924 1 19026 R 8.0 12 2 4550 49
304088268 2 19344 R 19.0 6 6 3520 99
306994281 2 19530 R 15.0 7 5 3775 100
307009533 1 19312 R 17.0 7 5 5468 50
308459156 2 19624 R 7.0 10 2 3709 101
311317586 2 19807 R 9.0 8 3 4011 102
311333025 1 19589 R 11.0 9 3 5418 51
312798339 2 19902 R 16.0 7 5 4054 103
315750191 1 19872 R 20.0 5 6 5489 52
315791833 2 20093 R 6.0 10 2 3990 104
317279847 2 20188 R 16.0 8 5 3777 105
320136244 1 20153 R 14.0 8 4 5723 53
320193305 2 20375 R 18.0 7 6 4363 106
321634994 2 20467 R 10.0 10 3 4011 107
324563612 2 20654 R 15.0 8 5 4337 108
324641305 1 20441 R 17.0 8 5 5471 54
326082995 2 20752 R 13.0 8 4 4319 109
328980827 1 20719 R 11.0 10 3 5418 55
329027726 2 20940 R 12.0 9 4 4606 110
330494449 2 21034 R 19.0 7 6 4365 111
333413525 1 21002 R 8.0 13 2 4842 56
333447029 2 21223 R 3.0 14 1 2557 112
334896172 2 21316 R 7.0 11 2 3991 113
337801890 2 21502 R 6.0 11 2 4556 114
337814881 1 21284 R 20.0 6 6 5772 57
339284053 2 21597 R 13.0 9 4 4316 115
342185251 1 21564 R 14.0 9 4 6005 58
342249911 2 21786 R 9.0 9 3 4859 116
343701217 2 21879 R 16.0 9 5 4059 117
346558103 1 21844 R 14.0 10 4 5724 59
346667301 2 22069 R 18.0 8 6 4647 118
348087601 2 22160 R 10.0 11 3 4292 119
351053477 2 22350 R 9.0 10 3 4860 120
351069033 1 22132 R 11.0 11 3 5985 60
352442291 2 22439 R 13.0 10 4 4598 121
355370988 2 22626 R 15.0 9 5 4900 122
355423285 1 22411 R 17.0 9 5 6031 61
356869140 2 22722 R 7.0 12 2 4268 123
359788051 1 22690 R 8.0 14 2 5114 62
359835435 2 22912 R 12.0 10 4 5168 124
361301744 2 23006 R 19.0 8 6 4925 125
364220654 1 22974 R 20.0 7 6 6054 63
364268197 2 23196 R 6.0 12 2 4835 126
365703963 2 23287 R 10.0 12 3 4574 127
368622673 1 23256 R 11.0 12 3 5701 64
368669768 2 23477 R 9.0 11 3 5429 128
370074209 2 23567 R 16.0 10 5 4619 129
373039862 2 23757 R 18.0 9 6 5489 130
374538239 2 23853 R 13.0 11 4 4884 131
377457150 1 23821 R 17.0 10 5 6033 65
377504379 2 24043 R 12.0 11 4 5729 132
378894708 2 24132 R 7.0 13 2 4549 133
381861049 2 24322 R 6.0 13 2 5117 134
381876342 1 24104 R 14.0 11 4 6295 66
383374254 2 24418 R 19.0 9 6 4930 135
386215888 2 24600 R 15.0 10 5 5746 136
386230663 1 24383 R 20.0 8 6 6052 67
387698207 2 24695 R 10.0 13 3 4853 137
390664291 2 24885 R 12.0 12 4 5442 138
390679622 1 24667 R 11.0 13 3 6271 68
392109605 2 24977 R 16.0 11 5 4901 139
395081312 2 25168 R 9.0 12 3 5708 140
395096865 1 24950 R 17.0 11 5 6596 69
396510990 2 25259 R 7.0 14 2 4833 141
399477286 2 25449 R 18.0 10 6 5772 142
401006507 2 25547 R 19.0 10 6 5212 143
403847414 2 25729 R 9.0 13 3 5700 144
403925487 1 25515 R 14.0 12 4 6856 70
405345806 2 25825 R 10.0 14 3 5422 145
408264517 1 25793 R 17.0 12 5 6876 71
408311750 2 26014 R 18.0 11 6 5492 146
409778467 2 26108 R 13.0 12 4 5445 147
412697509 1 26076 R 14.0 13 4 6853 72
412744691 2 26298 R 12.0 13 4 5728 148
414182111 2 26390 R 16.0 12 5 5186 149
417148181 2 26580 R 15.0 11 5 6040 150
418630295 2 26675 R 7.0 15 2 5123 151
421471728 2 26857 R 18.0 12 6 5771 152
422922957 2 26949 R 19.0 11 6 5488 153
425882824 2 27139 R 9.0 14 3 5701 154
427433821 2 27238 R 16.0 13 5 5188 155
430284665 2 27421 R 15.0 12 5 6310 156
430290287 1 27202 R 11.0 14 3 7672 73
431814080 2 27518 R 10.0 15 3 5428 157
434769537 1 27489 R 20.0 9 6 8031 74
434780103 2 27708 R 18.0 13 6 6057 158
436153071 2 27796 R 13.0 13 4 5725 159
439072025 1 27764 R 20.0 10 6 7743 75
439119209 2 27986 R 15.0 13 5 6031 160
440585843 2 28080 R 19.0 12 6 5491 161
443475813 2 28265 R 12.0 14 4 6004 162
444987575 2 28362 R 16.0 14 5 5184 163
447955533 2 28552 R 9.0 15 3 5987 164
449437972 2 28646 R 10.0 16 3 5424 165
452404114 2 28836 R 18.0 14 6 6059 166
453855202 2 28929 R 19.0 13 6 5212 167
456696290 2 29111 R 15.0 14 5 6313 168
456740963 1 28895 R 14.0 14 4 8822 76
458241115 2 29210 R 13.0 14 4 5447 169
461173766 1 29179 R 17.0 13 5 9138 77
461207270 2 29400 R 12.0 15 4 6011 170
462596049 2 29489 R 16.0 15 5 5182 171
465577329 1 29461 R 20.0 11 6 8876 78
465587169 2 29680 R 9.0 16 3 6264 172
467044415 2 29773 R 10.0 17 3 5140 173
469926507 2 29958 R 15.0 15 5 6029 174
470025881 1 29746 R 11.0 15 3 8808 79
471393350 2 30052 R 19.0 14 6 4925 175
474312192 1 30020 R 17.0 14 5 9128 80
474359449 2 30241 R 12.0 16 4 6289 176
475794912 2 30333 R 13.0 15 4 5164 177
478760990 2 30523 R 18.0 15 6 6336 178
480289968 2 30621 R 7.0 16 2 5121 179
483209168 1 30589 R 14.0 15 4 9394 81
483211191 2 30808 R 9.0 17 3 6273 180
484629300 2 30899 R 16.0 16 5 5184 181
487628651 2 31091 R 12.0 17 4 6575 182
487644047 1 30873 R 17.0 15 5 9136 82
489062171 2 31182 R 10.0 18 3 5418 183
492014687 2 31371 R 15.0 16 5 6595 184
492029970 1 31154 R 20.0 12 6 9158 83
493463830 2 31464 R 16.0 17 5 5185 185
496384771 1 31432 R 11.0 16 3 9364 84
496394777 2 31652 R 15.0 17 5 6312 186
497851716 2 31745 R 19.0 15 6 5208 187
500811706 1 31716 R 14.0 16 4 9679 85
500858884 2 31937 R 12.0 18 4 6583 188
502269002 2 32028 R 13.0 16 4 5445 189
505166583 2 32213 R 9.0 18 3 6549 190
506654940 2 32308 R 10.0 19 3 5421 191
509568526 2 32495 R 18.0 16 6 6899 192
509646170 1 32281 R 17.0 16 5 9983 86
511097564 2 32593 R 16.0 18 5 5467 193
514016531 1 32561 R 11.0 17 3 9932 87
514063788 2 32782 R 15.0 18 5 6879 194
515436711 2 32870 R 13.0 17 4 5439 195
518435877 2 33062 R 9.0 19 3 6550 196
518451343 1 32845 R 20.0 13 6 9723 88
519855949 2 33153 R 10.0 20 3 5700 197
522822006 2 33343 R 18.0 17 6 6616 198
524335600 2 33440 R 19.0 16 6 5774 199
527202189 2 33623 R 12.0 19 4 6854 200
528659211 2 33717 R 16.0 19 5 6028 201
531666105 2 33909 R 9.0 20 3 6835 202
533076325 2 33999 R 13.0 18 4 5722 203
536022945 2 34188 R 15.0 19 5 7156 204
536058333 1 33972 R 14.0 17 4 10804 89
537462307 2 34280 R 19.0 17 6 5204 205
540453957 1 34253 R 17.0 17 5 10542 90
540502802 2 34475 R 18.0 18 6 7186 206
541904935 2 34564 R 10.0 21 3 5421 207
544824390 1 34533 R 14.0 18 4 10796 91
544826238 2 34751 R 18.0 19 6 6616 208
546369059 2 34850 R 16.0 20 5 5752 209
549243179 2 35034 R 9.0 21 3 6834 210
549288467 1 34818 R 11.0 18 3 10788 92
550676917 2 35126 R 16.0 21 5 5464 211
553639153 2 35315 R 15.0 20 5 6874 212
553721299 1 35102 R 20.0 14 6 10852 93
555203605 2 35415 R 13.0 19 4 5732 213
558124860 1 35384 R 14.0 19 4 11091 94
558134514 2 35603 R 12.0 20 4 7139 214
559573967 2 35695 R 19.0 18 6 5493 215
562448479 1 35661 R 11.0 19 3 11053 95
562473621 2 35881 R 18.0 20 6 6901 216
563913000 2 35973 R 10.0 22 3 5418 217
566865636 1 35943 R 20.0 15 6 11129 96
566906341 2 36164 R 9.0 22 3 7115 218
568394685 2 36260 R 13.0 20 4 5446 219
571308175 2 36446 R 12.0 21 4 7137 220
572749491 2 36538 R 16.0 22 5 5467 221
575758535 2 36731 R 15.0 21 5 6880 222
577197984 2 36823 R 19.0 19 6 5491 223
580050770 2 37006 R 18.0 21 6 6898 224
581615154 2 37106 R 10.0 23 3 5711 225
584571523 2 37295 R 12.0 22 4 6857 226
586001330 2 37386 R 13.0 21 4 5445 227
588930411 1 37355 R 14.0 20 4 12497 97
588941671 2 37575 R 9.0 23 3 7114 228
590381265 2 37667 R 10.0 24 3 5703 229
593300635 1 37635 R 17.0 18 5 12801 98
593376903 2 37859 R 18.0 22 6 6623 230
594845642 2 37953 R 16.0 23 5 5753 231
597672962 1 37915 R 17.0 19 5 12231 99
597762769 2 38139 R 15.0 22 5 6599 232
599202146 2 38231 R 19.0 20 6 5773 233
602117197 2 38418 R 9.0 24 3 6835 234
603556871 2 38510 R 13.0 22 4 5441 235
606544504 2 38701 R 12.0 23 4 6855 236
608005288 2 38795 R 10.0 25 3 5708 237
610977287 2 38985 R 18.0 23 6 6619 238
612416743 2 39077 R 16.0 24 5 5751 239
615318479 2 39263 R 15.0 23 5 6311 240
615336580 1 39045 R 14.0 21 4 13056 100
616818274 2 39359 R 19.0 21 6 5771 241
619738135 1 39327 R 20.0 16 6 13104 101
619766690 2 39547 R 9.0 25 3 6557 242
621188835 2 39638 R 19.0 22 6 5488 243
624108430 1 39607 R 17.0 20 5 13076 102
624184154 2 39830 R 12.0 24 4 6573 244
625652830 2 39924 R 16.0 25 5 5751 245
628570060 2 40111 R 18.0 24 6 6616 246
630085603 2 40208 R 10.0 26 3 5709 247
633012760 2 40395 R 15.0 24 5 6888 248
634487337 2 40490 R 13.0 23 4 6011 249
637351799 2 40673 R 12.0 25 4 6852 250
638812739 2 40766 R 19.0 23 6 6052 251
641784662 2 40957 R 18.0 25 6 6899 252
641794953 1 40739 R 20.0 17 6 13951 103
643229887 2 41049 R 16.0 26 5 6028 253
646186043 2 41238 R 9.0 26 3 6836 254
646212239 1 41021 R 14.0 22 4 14189 104
647615876 2 41330 R 10.0 27 3 5700 255
650545431 1 41299 R 20.0 18 6 13945 105
650556712 2 41518 R 15.0 25 5 7156 256
652095801 2 41617 R 19.0 24 6 5773 257
654991444 2 41802 R 12.0 26 4 7134 258
656460114 2 41896 R 13.0 24 4 6011 259
659377404 2 42083 R 9.0 27 3 7109 260
660893177 2 42180 R 16.0 27 5 6032 261
663820059 2 42367 R 18.0 26 6 7184 262
665296537 2 42461 R 19.0 25 6 6055 263
668159290 2 42645 R 15.0 26 5 7443 264
668214511 1 42430 R 17.0 21 5 15054 106
669745081 2 42746 R 10.0 28 3 5993 265
672578437 2 42927 R 12.0 27 4 7416 266
674037266 2 43021 R 13.0 25 4 6285 267
677057870 2 43214 R 9.0 28 3 7395 268
678548452 2 43309 R 19.0 26 6 6059 269
681381590 2 43491 R 18.0 27 6 7460 270
682903069 2 43588 R 16.0 28 5 6318 271
685799019 2 43774 R 12.0 28 4 7416 272
687267689 2 43868 R 10.0 29 3 5982 273
690257072 2 44059 R 15.0 27 5 7440 274
691700356 2 44151 R 13.0 26 4 6007 275
694620211 1 44119 R 14.0 23 4 16440 107
694627635 2 44339 R 12.0 29 4 7133 276
696101968 2 44433 R 19.0 27 6 6053 277
699086232 1 44405 R 20.0 19 6 15923 108
699091629 2 44624 R 18.0 28 6 7184 278
700472330 2 44713 R 13.0 27 4 6005 279
703399178 2 44900 R 9.0 29 3 7392 280
704936512 2 44998 R 19.0 28 6 6054 281
707926021 2 45190 R 12.0 30 4 7420 282
709355702 2 45281 R 10.0 30 3 6266 283
712314033 2 45470 R 15.0 28 5 7162 284
713710363 2 45560 R 16.0 29 5 6597 285
716731255 2 45753 R 18.0 29 6 7187 286
718158981 2 45845 R 16.0 30 5 6314 287
721117191 2 46034 R 12.0 31 4 7137 288
721119726 1 45815 R 17.0 22 5 17029 109
722576151 2 46127 R 13.0 28 4 6571 289
725427581 1 46091 R 14.0 24 4 17280 110
725472044 2 46313 R 15.0 29 5 7158 290
726909456 2 46405 R 19.0 29 6 6332 291
729893586 1 46377 R 17.0 23 5 17028 111
729898696 2 46596 R 9.0 30 3 7394 292
731404762 2 46692 R 10.0 31 3 6269 293
734331782 2 46880 R 18.0 30 6 7184 294
734342067 1 46662 R 14.0 25 4 17293 112
735743851 2 46970 R 16.0 31 5 6310 295
738672931 2 47157 R 12.0 32 4 7134 296
740176671 2 47254 R 13.0 29 4 6576 297
743121413 2 47442 R 15.0 30 5 7159 298
744578362 2 47535 R 10.0 32 3 6555 299
747462989 1 47501 R 20.0 20 6 17612 113
747538576 2 47725 R 18.0 31 6 6901 300
748966307 2 47816 R 19.0 30 6 6616 301
751924451 2 48006 R 9.0 31 3 7116 302
753383458 2 48099 R 13.0 30 4 6290 303
756279369 2 48284 R 15.0 31 5 7442 304
757841796 2 48384 R 16.0 32 5 6316 305
760706417 2 48568 R 12.0 33 4 7134 306
762212070 2 48664 R 10.0 33 3 6553 307
765139151 2 48851 R 18.0 32 6 6902 308
766551193 2 48942 R 19.0 31 6 6332 309
769540584 2 49133 R 9.0 32 3 7112 310
770984051 2 49225 R 16.0 33 5 6029 311
773911137 2 49413 R 15.0 32 5 7436 312
773952670 1 49197 R 17.0 24 5 18720 114
775385711 2 49507 R 10.0 34 3 6272 313
778346146 2 49697 R 18.0 33 6 7183 314
779773597 2 49788 R 13.0 31 4 6577 315
782732012 2 49977 R 15.0 33 5 7157 316
784190907 2 50071 R 19.0 32 6 6334 317
787174463 2 50262 R 9.0 33 3 7400 318
788576828 2 50351 R 10.0 35 3 6546 319
791513746 2 50539 R 12.0 34 4 7703 320
793056639 2 50638 R 16.0 34 5 6032 321
795946534 2 50823 R 18.0 34 6 7461 322
797505049 2 50923 R 10.0 36 3 6271 323
800348146 2 51105 R 15.0 34 5 7724 324
800374060 1 50888 R 14.0 26 4 19823 115
801791503 2 51197 R 13.0 32 4 6566 325
804832320 1 51173 R 20.0 21 6 19874 116
804843530 2 51392 R 12.0 35 4 7421 326
806318021 2 51487 R 19.0 33 6 6623 327
809153121 2 51668 R 9.0 34 3 7683 328
810688588 2 51766 R 16.0 35 5 6031 329
813539302 2 51949 R 18.0 35 6 7179 330
815123203 2 52050 R 10.0 37 3 6275 331
818019036 2 52236 R 12.0 36 4 7422 332
819509194 2 52331 R 19.0 34 6 6337 333
822467294 2 52520 R 9.0 35 3 7402 334
823863929 2 52610 R 13.0 33 4 6289 335
826759834 2 52795 R 15.0 35 5 8001 336
826764182 1 52577 R 17.0 25 5 20972 117
828312422 2 52894 R 10.0 38 3 6268 337
831181549 1 52859 R 20.0 22 6 20995 118
831280516 2 53084 R 12.0 37 4 7421 338
832729656 2 53177 R 19.0 35 6 6338 339
835650730 2 53364 R 9.0 36 3 7677 340
837125475 2 53458 R 16.0 36 5 6595 341
839990107 2 53642 R 18.0 36 6 7460 342
841495842 2 53738 R 10.0 39 3 6545 343
844422702 2 53925 R 9.0 37 3 7676 344
845930576 2 54022 R 13.0 34 4 6852 345
848824527 2 54207 R 15.0 36 5 8003 346
850316574 2 54303 R 19.0 36 6 6338 347
853274678 2 54492 R 9.0 38 3 7677 348
853308815 1 54276 R 14.0 27 4 21801 119
854671367 2 54581 R 16.0 37 5 6595 349
857692134 2 54775 R 12.0 38 4 7701 350
859119863 2 54866 R 10.0 40 3 6546 351
862078197 2 55055 R 18.0 37 6 7748 352
863531168 2 55148 R 13.0 35 4 6573 353
866432868 2 55334 R 15.0 37 5 7721 354
867932776 2 55430 R 10.0 41 3 6549 355
870881247 2 55619 R 9.0 39 3 7394 356
872303140 2 55710 R 19.0 37 6 6618 357
875230303 2 55897 R 18.0 38 6 7461 358
876737960 2 55994 R 16.0 38 5 6595 359
879631830 2 56179 R 12.0 39 4 7705 360
879714587 1 55966 R 17.0 26 5 22951 120
881124019 2 56274 R 13.0 36 4 6852 361
884116060 1 56247 R 20.0 23 6 22972 121
884127386 2 56467 R 15.0 38 5 7724 362
885566565 2 56559 R 19.0 38 6 6901 363
888499287 2 56746 R 9.0 40 3 7675 364
889905740 2 56836 R 10.0 42 3 6829 365
892885569 2 57027 R 12.0 40 4 7698 366
894338616 2 57120 R 13.0 37 4 7134 367
897365360 2 57314 R 18.0 39 6 7469 368
898740152 2 57402 R 16.0 39 5 6875 369
901688578 2 57590 R 9.0 41 3 7392 370
903235763 2 57689 R 19.0 39 6 6620 371
906106034 2 57873 R 18.0 40 6 7465 372
906110440 1 57655 R 14.0 28 4 23771 122
907545382 2 57965 R 10.0 43 3 6834 373
910521891 1 57937 R 17.0 27 5 23795 123
910564404 2 58159 R 12.0 41 4 7703 374
911931351 2 58246 R 16.0 40 5 6591 375
914934636 2 58438 R 15.0 39 5 8010 376
916374019 2 58530 R 13.0 38 4 6857 377
919306965 2 58718 R 18.0 41 6 7743 378
920838128 2 58816 R 19.0 40 6 6902 379
923692990 2 58999 R 12.0 42 4 7697 380
925145917 2 59092 R 10.0 44 3 6260 381
928198067 2 59287 R 15.0 40 5 7444 382
929672728 2 59381 R 19.0 41 6 6340 383
932536999 2 59565 R 9.0 42 3 7680 384
932592386 1 59350 R 20.0 24 6 24948 124
934060539 2 59662 R 13.0 39 4 6581 385
936893918 2 59844 R 18.0 42 6 7743 386
936917953 1 59627 R 14.0 29 4 25183 125
938477701 2 59945 R 16.0 41 5 6881 387
941335130 1 59909 R 17.0 28 5 25204 126
941373393 2 60130 R 9.0 43 3 7678 388
942811007 2 60222 R 10.0 45 3 6550 389
945822053 2 60415 R 18.0 43 6 7748 390
947181352 2 60502 R 13.0 40 4 6569 391
950114265 2 60690 R 12.0 43 4 7980 392
951678637 2 60790 R 19.0 42 6 6622 393
954635086 2 60979 R 15.0 41 5 8301 394
956064818 2 61071 R 16.0 42 5 6875 395
958998141 1 61040 R 14.0 30 4 26028 127
959005495 2 61259 R 18.0 44 6 7747 396
960419435 2 61349 R 10.0 46 3 6832 397
963344337 2 61536 R 9.0 44 3 7673 398
963399855 1 61321 R 20.0 25 6 25791 128
964867837 2 61634 R 13.0 41 4 7137 399
967777410 2 61820 R 15.0 42 5 7721 400
969216795 2 61912 R 19.0 43 6 7179 401
972178951 2 62102 R 12.0 44 4 7985 402
973618321 2 62194 R 16.0 43 5 7443 403
976629391 2 62387 R 18.0 45 6 7747 404
978113675 2 62482 R 19.0 44 6 6620 405
981046656 2 62669 R 12.0 45 4 7989 406
982452793 2 62759 R 10.0 47 3 6829 407
985372652 1 62728 R 17.0 29 5 27178 129
985432606 2 62950 R 15.0 43 5 8004 408
986885719 2 63043 R 16.0 44 5 6878 409
989787471 2 63229 R 18.0 46 6 7743 410
989805576 1 63011 R 20.0 26 6 26917 130
991287337 2 63325 R 13.0 42 4 7134 411
994276939 2 63516 R 12.0 46 4 7991 412
995675277 2 63606 R 19.0 45 6 7181 413
998584722 2 63792 R 15.0 44 5 7438 414
1000092581 2 63888 R 13.0 43 4 6571 415
1002988266 2 64074 R 18.0 47 6 7461 416
1004478557 2 64169 R 10.0 48 3 6830 417
1007436537 2 64358 R 9.0 45 3 7679 418
1008958217 2 64456 R 19.0 46 6 6900 419
1011815537 1 64420 R 14.0 31 4 27999 131
1011854073 2 64641 R 12.0 47 4 7982 420
1013281912 2 64732 R 16.0 45 5 7155 421
1016249778 2 64922 R 18.0 48 6 7748 422
1017693088 2 65015 R 13.0 44 4 7137 423
1020620110 2 65202 R 15.0 45 5 7156 424
1022094898 2 65296 R 16.0 46 5 7156 425
1025084342 2 65488 R 12.0 48 4 7418 426
1026590144 2 65584 R 13.0 45 4 7139 427
1029440685 2 65767 R 9.0 46 3 7396 428
1030929173 2 65862 R 19.0 47 6 7181 429
1033920727 2 66053 R 18.0 49 6 7750 430
1035362161 2 66146 R 10.0 49 3 7120 431
1038244212 2 66330 R 15.0 46 5 7720 432
1038281826 1 66114 R 20.0 27 6 28893 132
1039765600 2 66427 R 16.0 47 5 7728 433
1042655515 2 66612 R 12.0 49 4 7982 434
1042683581 1 66396 R 17.0 30 5 29156 133
1044214117 2 66712 R 13.0 46 4 6858 435
1047057195 2 66894 R 15.0 47 5 7719 436
1047071447 1 66676 R 20.0 28 6 28892 134
1048506328 2 66987 R 10.0 50 3 7116 437
1053027150 2 67276 R 16.0 48 5 7444 438
1055952190 2 67463 R 18.0 50 6 8033 439
1057397439 2 67556 R 19.0 48 6 7466 440
1060306959 2 67742 R 12.0 50 4 8263 441
1061736751 2 67834 R 13.0 47 4 7134 442
1064656353 1 67802 R 14.0 32 4 29972 135
1064755261 2 68027 R 9.0 47 3 7959 443
1066218247 2 68120 R 10.0 51 3 7115 444
1069104313 2 68305 R 18.0 51 6 8028 445
1070573055 2 68399 R 19.0 49 6 7182 446
1073505974 2 68587 R 15.0 48 5 7719 447
1074999981 2 68682 R 16.0 49 5 7439 448
1077956421 2 68872 R 12.0 51 4 7985 449
1079432867 2 68966 R 10.0 52 3 7114 450
1082373531 2 69154 R 18.0 52 6 7748 451
1083773905 2 69244 R 16.0 50 5 7158 452
1086759336 2 69435 R 9.0 48 3 7957 453
1088222393 2 69529 R 13.0 48 4 7421 454
1091114264 2 69714 R 12.0 52 4 7980 455
1091124608 1 69496 R 17.0 31 5 30841 136
1092571268 2 69807 R 10.0 53 3 7396 456
1095588787 1 69781 R 20.0 29 6 30869 137
1095603830 2 70001 R 18.0 53 6 8031 457
1096972881 2 70089 R 19.0 50 6 7743 458
1099896658 1 70057 R 14.0 33 4 31099 138
1099911742 2 70277 R 15.0 49 5 8001 459
1101468255 2 70376 R 10.0 54 3 7115 460
1104313313 2 70558 R 18.0 54 6 7743 461
1104362727 1 70343 R 17.0 32 5 30562 139
1105807434 2 70654 R 19.0 51 6 7180 462
1108808672 2 70846 R 12.0 53 4 7982 463
1108811136 1 70628 R 20.0 30 6 30588 140
1110240217 2 70938 R 16.0 51 5 7447 464
1113147699 2 71124 R 15.0 50 5 8004 465
1114642027 2 71219 R 10.0 55 3 7393 466
1117580770 2 71408 R 12.0 54 4 7982 467
1117614431 1 71191 R 17.0 33 5 30845 141
1119029770 2 71500 R 13.0 49 4 7705 468
1121932060 1 71467 R 20.0 31 6 30300 142
1122046658 2 71693 R 18.0 55 6 7750 469
1123447003 2 71783 R 16.0 52 5 7724 470
1126369974 2 71970 R 9.0 49 3 7959 471
1126396167 1 71753 R 17.0 34 5 30281 143
1127832984 2 72064 R 19.0 52 6 7462 472
1130787469 2 72253 R 12.0 55 4 7698 473
1130828954 1 72037 R 20.0 32 6 30022 144
1132275688 2 72348 R 16.0 53 5 7724 474
1135173415 2 72533 R 15.0 51 5 7722 475
1136614730 2 72626 R 19.0 53 6 7460 476
1139652928 2 72820 R 9.0 50 3 7962 477
1141047798 2 72909 R 10.0 56 3 7675 478
1143955268 2 73096 R 18.0 56 6 8024 479
1144035801 1 72882 R 17.0 35 5 30561 145
1145449281 2 73191 R 13.0 50 4 7975 480
1148387793 2 73379 R 9.0 51 3 7956 481
1148421733 1 73163 R 17.0 36 5 30280 146
1149944562 2 73479 R 16.0 54 5 7446 482
1152789542 2 73661 R 12.0 56 4 7697 483
1154254377 2 73755 R 19.0 54 6 7462 484
1157284906 2 73949 R 15.0 52 5 7726 485
1158640408 2 74035 R 10.0 57 3 7677 486
1161623847 2 74226 R 9.0 52 3 7958 487
1163120093 2 74322 R 13.0 51 4 7700 488
1166056952 2 74510 R 18.0 57 6 8029 489
1167568582 2 74607 R 16.0 55 5 7444 490
1170425951 1 74571 R 20.0 33 6 31149 147
1170460451 2 74792 R 12.0 57 4 8259 491
1171855036 2 74881 R 19.0 55 6 7461 492
1174843122 1 74854 R 17.0 37 5 31124 148
1174909060 2 75077 R 18.0 58 6 7469 493
1176381575 2 75171 R 10.0 58 3 7688 494
1179201254 2 75351 R 15.0 53 5 7723 495
1179301426 1 75139 R 20.0 34 6 30588 149
1180752133 2 75451 R 16.0 56 5 7724 496
1183712157 2 75640 R 18.0 59 6 7468 497
1185091111 2 75728 R 13.0 52 4 7980 498
1188066670 2 75919 R 9.0 53 3 7680 499
1189572813 2 76015 R 16.0 57 5 7726 500
1192431403 2 76198 R 12.0 58 4 7982 501
1193927482 2 76294 R 10.0 59 3 7674 502
1196864257 2 76482 R 15.0 54 5 8292 503
1196909842 1 76266 R 17.0 38 5 31411 150
1198376159 2 76578 R 19.0 56 6 7749 504
1201265947 2 76763 R 15.0 55 5 8005 505
1202787329 2 76861 R 13.0 53 4 7418 506
1205636301 2 77043 R 18.0 60 6 7743 507
1207189143 2 77143 R 16.0 58 5 7444 508
1210100341 2 77329 R 12.0 59 4 7417 509
1211559381 2 77422 R 10.0 60 3 7394 510
1214533398 2 77613 R 15.0 56 5 7161 511
1216023422 2 77708 R 19.0 57 6 7468 512
1218874272 2 77890 R 18.0 61 6 7180 513
1220380115 2 77987 R 13.0 54 4 7417 514
1223251076 1 77952 R 20.0 35 6 32272 151
1223322606 2 78175 R 9.0 54 3 7400 515
1224735049 2 78265 R 16.0 59 5 7436 516
1227740112 2 78458 R 12.0 60 4 7137 517
1227777813 1 78242 R 17.0 39 5 32258 152
1229183419 2 78550 R 10.0 61 3 7673 518
1232073096 2 78735 R 9.0 55 3 7389 519
1232148128 1 78521 R 20.0 36 6 31995 153
1233594908 2 78832 R 19.0 58 6 7746 520
1236487165 1 78799 R 17.0 40 5 31688 154
1236568732 2 79023 R 15.0 57 5 7444 521
1237996404 2 79114 R 13.0 55 4 7417 522
1240907800 2 79300 R 18.0 62 6 7180 523
1242366681 2 79394 R 16.0 60 5 7440 524
1245340432 2 79584 R 9.0 56 3 7398 525
1246830920 2 79680 R 10.0 62 3 7676 526
1249742193 2 79866 R 15.0 58 5 7439 527
1249772158 1 79649 R 20.0 37 6 31996 155
1251263737 2 79963 R 19.0 59 6 7749 528
1254130241 2 80147 R 12.0 61 4 7701 529
1254189321 1 79932 R 20.0 38 6 31717 156
1255665259 2 80245 R 13.0 56 4 7420 530
1258547438 2 80429 R 18.0 63 6 7464 531
1258585126 1 80213 R 17.0 41 5 31692 157
1259990706 2 80522 R 16.0 61 5 7438 532
1262933428 2 80710 R 15.0 59 5 7726 533
1264408132 2 80805 R 19.0 60 6 7465 534
1267412855 2 80997 R 9.0 57 3 7683 535
1268794010 2 81085 R 10.0 63 3 7673 536
1271736553 2 81274 R 9.0 58 3 7392 537
1273273669 2 81372 R 13.0 57 4 7987 538
1276129067 1 81336 R 17.0 42 5 32248 158
1276147956 2 81556 R 18.0 64 6 7461 539
1277597147 2 81649 R 19.0 61 6 7744 540
1280549689 2 81838 R 12.0 62 4 7702 541
1280579454 1 81621 R 20.0 39 6 31996 159
1282071009 2 81935 R 16.0 62 5 8009 542
1285044982 2 82125 R 15.0 60 5 8004 543
1286472632 2 82217 R 19.0 62 6 7747 544
1289384027 2 82403 R 18.0 65 6 7183 545
1290842990 2 82496 R 13.0 58 4 7698 546
1293816889 2 82687 R 15.0 61 5 7445 547
1295307186 2 82782 R 19.0 63 6 7751 548
1298220428 2 82969 R 9.0 59 3 7400 549
1299614977 2 83058 R 10.0 64 3 7672 550
1302659833 1 83034 R 17.0 43 5 33101 160
1302669012 2 83253 R 12.0 63 4 7701 551
1304081152 2 83344 R 16.0 63 5 7724 552
1306961175 2 83528 R 12.0 64 4 7413 553
1307061365 1 83316 R 20.0 40 6 32561 161
1308529594 2 83628 R 13.0 59 4 7701 554
1311431795 1 83595 R 17.0 44 5 32535 162
1311482015 2 83817 R 18.0 66 6 7467 555
1312946835 2 83911 R 19.0 64 6 7469 556
1315804108 1 83875 R 20.0 41 6 32276 163
1315852062 2 84097 R 9.0 60 3 7683 557
1317280086 2 84188 R 16.0 64 5 7158 558
1320191399 2 84375 R 15.0 62 5 8003 559
1321650448 2 84468 R 10.0 65 3 7390 560
1324624256 2 84658 R 12.0 65 4 7698 561
1326114477 2 84754 R 13.0 60 4 7698 562
1328993320 1 84719 R 20.0 42 6 32272 164
1329027902 2 84940 R 18.0 67 6 7463 563
1330533865 2 85037 R 16.0 65 5 7442 564
1333467126 1 85006 R 17.0 45 5 32533 165
1333476312 2 85225 R 15.0 63 5 7442 565
1334888482 2 85315 R 13.0 61 4 7703 566
1337868799 1 85287 R 17.0 46 5 31689 166
1337893444 2 85508 R 9.0 61 3 7681 567
1339336892 2 85600 R 19.0 65 6 7748 568
1342279616 2 85788 R 12.0 66 4 7989 569
1343685854 2 85878 R 10.0 66 3 7677 570
1346634335 2 86067 R 18.0 68 6 7461 571
1348087380 2 86160 R 16.0 66 5 7719 572
1351123857 2 86354 R 15.0 64 5 7726 573
1352537815 2 86445 R 13.0 62 4 7699 574
1355431493 2 86630 R 9.0 62 3 7676 575
1355477267 1 86414 R 20.0 43 6 32559 167
1356955252 2 86728 R 19.0 66 6 7748 576
1359833378 2 86912 R 12.0 67 4 7415 577
1359925692 1 86699 R 20.0 44 6 32281 168
1361341103 2 87008 R 16.0 67 5 8008 578
1364328692 2 87199 R 15.0 65 5 7444 579
1364342872 1 86982 R 20.0 45 6 31152 169
1365721371 2 87289 R 13.0 63 4 7976 580
1368667802 2 87477 R 18.0 69 6 7462 581
1368676141 1 87259 R 20.0 46 6 30583 170
1370185363 2 87574 R 19.0 67 6 7466 582
1373100365 2 87761 R 9.0 63 3 7675 583
1374618151 2 87858 R 10.0 67 3 7679 584
1377566643 2 88047 R 15.0 66 5 7445 585
1379019755 2 88140 R 16.0 68 5 7727 586
1381890131 2 88323 R 12.0 68 4 7417 587
1381943526 1 88108 R 20.0 47 6 30304 171
1383345391 2 88417 R 19.0 68 6 7742 588
1386284586 1 88386 R 20.0 48 6 29738 172
1386307452 2 88606 R 18.0 70 6 7464 589
1387762504 2 88699 R 13.0 64 4 7699 590
1390693257 2 88887 R 9.0 64 3 7392 591
1390733062 1 88671 R 20.0 49 6 29459 173
1392148416 2 88980 R 16.0 69 5 7721 592
1395081958 1 88949 R 20.0 50 6 29172 174
1395135995 2 89171 R 15.0 67 5 7159 593
1396653610 2 89268 R 13.0 65 4 7704 594
1399475222 2 89449 R 12.0 69 4 7412 595
1400992665 2 89546 R 19.0 69 6 7746 596
1403907931 2 89733 R 9.0 65 3 7390 597
1405425522 2 89830 R 16.0 70 5 7159 598
1408351238 1 89798 R 20.0 51 6 29176 175
1408374076 2 90018 R 18.0 71 6 7465 599
1409827278 2 90111 R 19.0 70 6 7183 600
1412697585 2 90295 R 12.0 70 4 7702 601
1412737154 1 90079 R 17.0 47 5 28304 176
1414197572 2 90391 R 10.0 68 3 7392 602
1417114865 2 90578 R 15.0 68 5 7722 603
1417216891 1 90366 R 20.0 52 6 28333 177
1418569806 2 90671 R 13.0 66 4 7703 604
1421500815 2 90858 R 15.0 69 5 7436 605
1423080914 2 90960 R 10.0 69 3 7397 606
1425943271 2 91143 R 9.0 66 3 7678 607
1427460919 2 91240 R 19.0 71 6 7748 608
1430407550 2 91428 R 12.0 71 4 7702 609
1431800158 2 91518 R 13.0 67 4 7695 610
1434715413 2 91704 R 18.0 72 6 7744 611
1434786300 1 91490 R 20.0 53 6 28331 178
1436232892 2 91801 R 16.0 71 5 8013 612
1439241955 2 91994 R 12.0 72 4 7422 613
1440634504 2 92083 R 13.0 68 4 7699 614
1443612432 2 92274 R 15.0 70 5 7440 615
1445004873 2 92363 R 10.0 70 3 7677 616
1448047201 2 92557 R 18.0 73 6 7469 617
1449469056 2 92648 R 19.0 72 6 7747 618
1452432887 2 92838 R 9.0 67 3 7679 619
1453888244 2 92931 R 16.0 72 5 7441 620
1456787850 2 93117 R 15.0 71 5 7158 621
1458242907 2 93210 R 19.0 73 6 7463 622
1461223300 1 93182 R 20.0 54 6 28611 179
1461236530 2 93402 R 12.0 73 4 7423 623
1462691394 2 93495 R 10.0 71 3 7675 624
1465647708 2 93684 R 18.0 74 6 7467 625
1467108625 2 93777 R 13.0 69 4 7702 626
1470049298 2 93966 R 9.0 68 3 7400 627
1471441888 2 94055 R 16.0 73 5 7436 628
1474437286 2 94246 R 15.0 72 5 7442 629
1475937289 2 94342 R 13.0 70 4 7421 630
1478854505 2 94529 R 15.0 73 5 7161 631
1480276361 2 94620 R 10.0 72 3 7671 632
1483187826 2 94806 R 18.0 75 6 7179 633
1484709219 2 94904 R 19.0 74 6 7463 634
1487682886 2 95094 R 9.0 69 3 7402 635
1487697434 1 94876 R 17.0 48 5 30002 180
1489111032 2 95186 R 13.0 71 4 7706 636
1492022219 2 95372 R 12.0 74 4 7699 637
1492083418 1 95157 R 20.0 55 6 28896 181
1493498847 2 95466 R 19.0 75 6 7462 638
1496441421 2 95655 R 18.0 76 6 7463 639
1497916087 2 95749 R 10.0 73 3 7678 640
1500921225 2 95941 R 12.0 75 4 7702 641
1502374236 2 96034 R 16.0 74 5 8017 642
1505244697 2 96218 R 15.0 74 5 7720 643
1506744691 2 96314 R 10.0 74 3 7676 644
1509661981 2 96501 R 18.0 77 6 7746 645
1511116922 2 96594 R 19.0 76 6 7745 646
1514069983 1 96564 R 20.0 56 6 29457 182
1514119962 2 96786 R 9.0 70 3 7680 647
1515503036 2 96875 R 13.0 72 4 7980 648
1518490602 2 97066 R 18.0 78 6 7747 649
1519982717 2 97161 R 16.0 75 5 8006 650
1522829662 2 97343 R 15.0 75 5 7719 651
1524347150 2 97441 R 13.0 73 4 7980 652
1527262507 2 97627 R 12.0 76 4 7987 653
1528780086 2 97724 R 19.0 77 6 7464 654
1531664062 2 97909 R 18.0 79 6 7743 655
1533181690 2 98006 R 10.0 75 3 7685 656
1536159550 2 98197 R 12.0 77 4 7986 657
1537551984 2 98286 R 16.0 76 5 7438 658
1540469308 2 98472 R 15.0 76 5 8001 659
1540507003 1 98256 R 17.0 49 5 30279 183
1542016289 2 98571 R 13.0 74 4 7702 660
1544855307 2 98753 R 12.0 78 4 7980 661
1544877307 1 98536 R 20.0 57 6 30300 184
1546324031 2 98847 R 19.0 78 6 7462 662
1549334960 2 99040 R 18.0 80 6 7464 663
1550790027 2 99133 R 16.0 77 5 7160 664
1553783418 2 99325 R 9.0 71 3 7684 665
1555238510 2 99418 R 10.0 76 3 7397 666
1558075767 2 99599 R 15.0 77 5 7719 667
1559655748 2 99700 R 13.0 75 4 7421 668
1562596562 2 99889 R 12.0 79 4 7993 669
1564041813 2 99981 R 19.0 79 6 7467 670
1566918619 1 99947 R 17.0 50 5 30560 185
1566967258 2 100168 R 12.0 80 4 7701 671
1568359848 2 100257 R 16.0 78 5 7155 672
1571314722 1 100228 R 20.0 58 6 30581 186
1571402228 2 100452 R 18.0 81 6 7751 673
1572823957 2 100543 R 10.0 77 3 7399 674
1575788137 2 100733 R 15.0 78 5 7160 675
1577243069 2 100826 R 19.0 80 6 7465 676
1580142950 2 101012 R 18.0 82 6 7181 677
1581597812 2 101105 R 13.0 76 4 7701 678
1584569753 2 101295 R 12.0 81 4 7424 679
1586046372 2 101389 R 13.0 77 4 7417 680
1589002590 2 101579 R 9.0 72 3 7400 681
1590463610 2 101672 R 10.0 78 3 7114 682
1593343678 2 101856 R 15.0 79 5 7719 683
1593434239 1 101644 R 20.0 59 6 30586 187
1594849523 2 101953 R 19.0 81 6 7181 684
1597726386 1 101918 R 20.0 60 6 30017 188
1597792240 2 102141 R 18.0 83 6 7181 685
1599292153 2 102237 R 13.0 78 4 7421 686
1602209279 2 102424 R 9.0 73 3 7398 687
1602247164 1 102208 R 17.0 51 5 30001 189
1603631243 2 102515 R 16.0 79 5 7724 688
1606595453 2 102704 R 15.0 80 5 7159 689
1608064310 2 102798 R 13.0 79 4 7417 690
1611038125 2 102989 R 12.0 82 4 7419 691
1612530247 2 103084 R 16.0 80 5 7163 692
1615377095 2 103267 R 9.0 74 3 7110 693
1616853737 2 103361 R 10.0 79 3 7394 694
1619793126 1 103331 R 17.0 52 5 30278 190
1619810058 2 103550 R 18.0 84 6 7184 695
1621327537 2 103647 R 19.0 82 6 7468 696
1624211588 2 103832 R 12.0 83 4 6853 697
1624219999 1 103614 R 20.0 61 6 30303 191
1625729223 2 103929 R 13.0 80 4 7704 698
1628581947 2 104112 R 15.0 81 5 6875 699
1630099508 2 104209 R 19.0 83 6 7183 700
1633016839 2 104395 R 12.0 84 4 6854 701
1634438817 2 104486 R 10.0 80 3 7391 702
1637402825 2 104676 R 18.0 85 6 6900 703
1638871561 2 104770 R 16.0 81 5 7724 704
1641845228 2 104960 R 9.0 75 3 7112 705
1643273093 2 105052 R 13.0 81 4 7417 706
1646184567 2 105238 R 18.0 86 6 6899 707
1646245691 1 105023 R 20.0 62 6 30868 192
1647661041 2 105333 R 10.0 81 3 7674 708
1650600424 1 105302 R 17.0 53 5 30839 193
1650603755 2 105521 R 15.0 82 5 6874 709
1652078343 2 105615 R 19.0 84 6 7463 710
1655083194 2 105808 R 9.0 76 3 7113 711
1656464263 2 105896 R 16.0 82 5 7719 712
1659406983 2 106084 R 12.0 85 4 7133 713
1660943998 2 106183 R 13.0 82 4 7419 714
1663824296 2 106367 R 15.0 83 5 7157 715
1665392679 2 106468 R 19.0 85 6 7186 716
1668282247 2 106652 R 9.0 77 3 7396 717
1669678862 2 106742 R 10.0 82 3 7394 718
1672652833 2 106932 R 18.0 87 6 7463 719
1672696378 1 106716 R 17.0 54 5 31690 194
1674205669 2 107032 R 16.0 83 5 7724 720
1677116860 2 107218 R 12.0 86 4 7706 721
1677129178 1 107000 R 20.0 63 6 31151 195
1678593410 2 107312 R 16.0 84 5 7444 722
1681424928 2 107494 R 18.0 88 6 7460 723
1681530780 1 107282 R 20.0 64 6 30869 196
1683010709 2 107595 R 10.0 83 3 7680 724
1685901211 1 107561 R 17.0 55 5 31124 197
1685951336 2 107783 R 15.0 84 5 7445 725
1687343976 2 107872 R 13.0 83 4 7981 726
1690273525 1 107841 R 20.0 65 6 30865 198
1690339275 2 108064 R 12.0 87 4 7708 727
1691714259 2 108152 R 19.0 86 6 7742 728
1694659520 1 108122 R 17.0 56 5 30558 199
1694756407 2 108347 R 9.0 78 3 7686 729
1696211565 2 108440 R 16.0 85 5 8004 730
1699142579 2 108627 R 15.0 85 5 7442 731
1699164644 1 108410 R 20.0 66 6 30307 200
1700597568 2 108721 R 13.0 84 4 7990 732
1703497235 2 108906 R 18.0 89 6 7465 733
1703503759 1 108688 R 20.0 67 6 30019 201
1704952341 2 108999 R 16.0 86 5 7436 734
1707924435 2 109190 R 12.0 88 4 7418 735
1707936538 1 108972 R 17.0 57 5 29153 202
1709400862 2 109284 R 10.0 84 3 7679 736
1712338284 1 109253 R 20.0 68 6 29175 203
1712356948 2 109473 R 9.0 79 3 7683 737
1713749660 2 109562 R 19.0 87 6 7742 738
1716698211 2 109751 R 15.0 86 5 7439 739
1716708580 1 109533 R 20.0 69 6 28890 204
1718151335 2 109844 R 16.0 87 5 7720 740
1721146780 2 110036 R 18.0 90 6 7465 741
1722646638 2 110132 R 13.0 85 4 7984 742
1725563970 2 110318 R 12.0 89 4 7419 743
1725591812 1 110102 R 17.0 58 5 28871 205
1726985945 2 110409 R 10.0 85 3 7674 744
1729946616 1 110380 R 20.0 70 6 28892 206
1731404938 2 110692 R 19.0 88 6 7463 745
1734402125 2 110884 R 9.0 80 3 7958 746
1735884673 2 110979 R 16.0 88 5 7445 747
1738782472 2 111164 R 18.0 91 6 8030 748
1740208167 2 111256 R 10.0 86 3 7670 749
1743121365 2 111442 R 9.0 81 3 7957 750
1744625472 2 111538 R 13.0 86 4 7699 751
1747554374 2 111726 R 15.0 87 5 7722 752
1749011460 2 111819 R 16.0 89 5 7722 753
1751957927 2 112008 R 18.0 92 6 7746 754
1751980077 1 111790 R 17.0 59 5 29151 207
1753454205 2 112103 R 19.0 89 6 7747 755
1756406503 2 112292 R 12.0 90 4 7985 756
1757793202 2 112381 R 16.0 90 5 7438 757
1760817797 2 112575 R 12.0 91 4 7702 758
1762225973 2 112665 R 13.0 87 4 7701 759
1765219258 2 112856 R 9.0 82 3 7960 760
1766627787 2 112947 R 10.0 87 3 7392 761
1769589844 2 113136 R 18.0 93 6 7746 762
1771015550 2 113227 R 19.0 90 6 7459 763
1774053878 2 113422 R 15.0 88 5 7727 764
1775432775 2 113510 R 16.0 91 5 7438 765
1778361931 2 113698 R 12.0 92 4 7696 766
1778448335 1 113484 R 20.0 71 6 30588 208
1779818755 2 113791 R 13.0 88 4 7413 767
1782765306 2 113979 R 18.0 94 6 7462 768
1784298690 2 114077 R 16.0 92 5 7442 769
1787213648 2 114264 R 9.0 83 3 7672 770
1788747051 2 114362 R 10.0 88 3 7680 771
1791631145 2 114547 R 15.0 89 5 8003 772
1793033557 2 114637 R 19.0 91 6 7742 773
1796017096 2 114827 R 18.0 95 6 7747 774
1797560043 2 114926 R 13.0 89 4 7703 775
1800496847 2 115114 R 12.0 93 4 7987 776
1801930320 2 115206 R 10.0 89 3 7396 777
1804813020 1 115172 R 17.0 60 5 31405 209
1804861328 2 115393 R 15.0 90 5 7443 778
1806269440 2 115484 R 19.0 92 6 7463 779
1809293962 2 115677 R 9.0 84 3 7687 780
1810751327 2 115770 R 16.0 93 5 7726 781
1813697764 2 115959 R 12.0 94 4 7986 782
1815105947 2 116049 R 10.0 90 3 7676 783
1818021289 2 116236 R 18.0 96 6 7744 784
1819554350 2 116334 R 13.0 90 4 7701 785
1822438481 2 116518 R 15.0 91 5 7721 786
1823965806 2 116616 R 19.0 93 6 7467 787
1826834277 2 116800 R 12.0 95 4 7977 788
1828367337 2 116898 R 16.0 94 5 7729 789
1831234393 1 116863 R 20.0 72 6 32839 210
1831329377 2 117087 R 9.0 85 3 7679 790
1832737822 2 117178 R 10.0 91 3 7680 791
1835668708 2 117365 R 18.0 97 6 7746 792
1837172595 2 117461 R 13.0 91 4 7701 793
1840101483 2 117649 R 15.0 92 5 8008 794
1841558593 2 117742 R 10.0 92 3 7677 795
1844505059 2 117931 R 12.0 96 4 7986 796
1845913240 2 118021 R 19.0 94 6 7744 797
1848953621 2 118215 R 18.0 98 6 7749 798
1850340316 2 118304 R 16.0 95 5 8004 799
1853245548 2 118490 R 9.0 86 3 7959 800
1854773094 2 118588 R 19.0 95 6 7746 801
1857749532 1 118560 R 20.0 73 6 33406 211
1857756874 2 118779 R 15.0 93 5 8009 802
1859174908 2 118870 R 13.0 92 4 7700 803
1862111696 2 119058 R 12.0 97 4 7982 804
1862166839 1 118842 R 17.0 61 5 33675 212
1863545072 2 119149 R 19.0 96 6 7742 805
1866476000 2 119337 R 18.0 99 6 7742 806
1866500022 1 119120 R 20.0 74 6 32839 213
1868009177 2 119435 R 16.0 96 5 8008 807
1870870457 1 119399 R 20.0 75 6 32554 214
1870909063 2 119621 R 12.0 98 4 7986 808
1872365876 2 119714 R 13.0 93 4 7416 809
1875310553 2 119902 R 15.0 94 5 8290 810
1876845798 2 120001 R 10.0 93 3 7681 811
1879681240 2 120182 R 18.0 100 6 8025 812
1881169094 2 120277 R 19.0 97 6 7744 813
1884108423 1 120247 R 17.0 62 5 33381 215
1884144946 2 120468 R 12.0 99 4 7981 814
1885586324 2 120560 R 16.0 97 5 8011 815
1888577797 2 120751 R 15.0 95 5 8008 816
1888597921 1 120534 R 20.0 76 6 32563 216
1889982154 2 120841 R 19.0 98 6 7744 817
1892905775 1 120810 R 17.0 63 5 32809 217
1892919278 2 121029 R 18.0 101 6 8026 818
1894477452 2 121129 R 13.0 94 4 7990 819
1897367349 2 121314 R 15.0 96 5 8005 820
1898787260 2 121405 R 13.0 95 4 7698 821
1901785134 2 121597 R 12.0 100 4 8273 822
1903173431 2 121685 R 16.0 98 5 8001 823
1906118253 2 121874 R 18.0 102 6 8025 824
1907653055 2 121972 R 19.0 99 6 8031 825
1910561057 1 121940 R 20.0 77 6 33401 218
1910613614 2 122162 R 12.0 101 4 7703 826
1912101466 2 122257 R 16.0 99 5 7445 827
1914952335 2 122439 R 15.0 97 5 7721 828
1916388337 2 122531 R 19.0 100 6 7460 829
1919385669 2 122723 R 18.0 103 6 7747 830
1920914461 2 122821 R 13.0 96 4 7705 831
1923787322 2 123005 R 12.0 102 4 7700 832
1925302809 2 123102 R 19.0 101 6 7468 833
1928174702 2 123286 R 9.0 87 3 7675 834
1929719824 2 123384 R 10.0 94 3 7683 835
1932592374 2 123568 R 18.0 104 6 7747 836
1934105701 2 123665 R 13.0 97 4 7987 837
1936949371 1 123629 R 17.0 64 5 34223 219
1936977946 2 123849 R 15.0 98 5 7721 838
1938423855 2 123941 R 16.0 100 5 7720 839
1941382171 1 123912 R 20.0 78 6 33685 220
1941458105 2 124136 R 12.0 103 4 7991 840
1942887841 2 124227 R 19.0 102 6 7465 841
1945781580 2 124412 R 12.0 104 4 7698 842
1947320628 2 124511 R 16.0 101 5 7731 843
1950192963 2 124695 R 18.0 105 6 7743 844
1951721952 2 124793 R 13.0 98 4 7708 845
1954594232 2 124976 R 15.0 99 5 7721 846
1956092669 2 125072 R 16.0 102 5 7723 847
1959090132 2 125264 R 12.0 105 4 7704 848
1960527094 2 125356 R 10.0 95 3 7678 849
1963428532 2 125542 R 9.0 88 3 7392 850
1963454619 1 125325 R 17.0 65 5 35077 221
1964913523 2 125637 R 19.0 103 6 7747 851
1967862107 2 125826 R 18.0 106 6 7465 852
1967881674 1 125608 R 20.0 79 6 34253 222
1969267934 2 125916 R 13.0 99 4 7977 853
1972189478 1 125884 R 17.0 66 5 34222 223
1972265531 2 126107 R 15.0 100 5 7726 854
1973716703 2 126200 R 16.0 103 5 8287 855
1976713974 2 126392 R 12.0 106 4 7420 856
1976716144 1 126174 R 20.0 80 6 33690 224
1978133865 2 126483 R 13.0 100 4 7982 857
1981006322 2 126667 R 18.0 107 6 7179 858
1981086515 1 126453 R 17.0 67 5 33383 225
1982529692 2 126764 R 19.0 104 6 7463 859
1985521332 1 126737 R 20.0 81 6 33126 226
1985527033 2 126956 R 12.0 107 4 7424 860
1986899976 2 127044 R 16.0 104 5 7724 861
1989896799 2 127236 R 9.0 89 3 7398 862
1989907250 1 127018 R 20.0 82 6 32842 227
1991363681 2 127330 R 10.0 96 3 7684 863
1994224950 1 127294 R 17.0 68 5 33100 228
1994236497 2 127513 R 15.0 101 5 8011 864
1995796953 2 127613 R 13.0 101 4 7703 865
1998669290 2 127797 R 15.0 102 5 7440 866
2000198634 2 127895 R 16.0 105 5 7727 867
2003072909 2 128079 R 18.0 108 6 7463 868
2004523985 2 128172 R 19.0 105 6 7744 869
2007520684 2 128364 R 9.0 90 3 7680 870
2008941352 2 128455 R 16.0 106 5 7438 871
2011938641 2 128646 R 12.0 108 4 7986 872
2013326808 2 128735 R 10.0 97 3 7674 873
2016324623 2 128927 R 15.0 103 5 7442 874
2016328625 1 128709 R 20.0 83 6 33405 229
2017807033 2 129022 R 13.0 102 4 7984 875
2020679286 2 129206 R 18.0 109 6 7463 876
2020714682 1 128990 R 20.0 84 6 32559 230
2022171501 2 129301 R 19.0 106 6 7745 877
2025157244 1 129274 R 17.0 69 5 32820 231
2025168225 2 129493 R 9.0 91 3 7682 878
2026604398 2 129585 R 13.0 103 4 7419 879
2029476640 2 129769 R 12.0 109 4 7697 880
2029496493 1 129552 R 20.0 85 6 31711 232
2031007875 2 129867 R 16.0 107 5 7442 881
2033878461 2 130051 R 15.0 104 5 7437 882
2033915635 1 129834 R 20.0 86 6 31430 233
2035456159 2 130152 R 10.0 98 3 7679 883
2038373059 2 130338 R 9.0 92 3 7686 884
2038395320 1 130121 R 20.0 87 6 30589 234
2039748599 2 130426 R 19.0 107 6 7743 885
2042712744 2 130616 R 18.0 110 6 7462 886
2042718775 1 130398 R 20.0 88 6 29175 235
2044259619 2 130715 R 13.0 104 4 7703 887
2047145594 2 130900 R 12.0 110 4 7701 888
2047192716 1 130684 R 17.0 70 5 28590 236
2048639717 2 130995 R 19.0 108 6 7465 889
2051594258 1 130966 R 20.0 89 6 28614 237
2051611736 2 131185 R 15.0 105 5 8012 890
2052978413 2 131273 R 10.0 99 3 7680 891
2055934587 2 131462 R 9.0 93 3 7684 892
2055964680 1 131246 R 20.0 90 6 28329 238
2057411691 2 131557 R 16.0 108 5 7722 893
2060352389 2 131745 R 18.0 111 6 7462 894
2061813383 2 131838 R 13.0 105 4 7698 895
2064738489 2 132026 R 12.0 111 4 7701 896
2066183742 2 132118 R 19.0 109 6 7460 897
2069180993 2 132310 R 15.0 106 5 8002 898
2069228133 1 132094 R 17.0 71 5 28309 239
2070647893 2 132404 R 10.0 100 3 7685 899
2073519480 2 132588 R 9.0 94 3 7671 900
2073567192 1 132372 R 20.0 91 6 28329 240
2075066963 2 132687 R 16.0 109 5 7724 901
2077953038 2 132871 R 18.0 112 6 7181 902
2078000022 1 132656 R 17.0 72 5 27743 241
2079421786 2 132965 R 13.0 106 4 7982 903
2082401703 1 132937 R 20.0 92 6 27766 242
2082419094 2 133157 R 15.0 107 5 7445 904
2083911206 2 133253 R 19.0 110 6 7466 905
2086741889 2 133434 R 9.0 95 3 7396 906
2088219085 2 133528 R 13.0 107 4 7701 907
2091159882 2 133717 R 12.0 112 4 7696 908
2092620760 2 133810 R 10.0 101 3 7678 909
2095545805 2 133997 R 18.0 113 6 7179 910
2095655290 1 133786 R 20.0 93 6 28050 243
2097071113 2 134095 R 16.0 110 5 8005 911
2099987863 2 134282 R 9.0 96 3 7394 912
2101488480 2 134378 R 19.0 111 6 8029 913
2104452553 2 134567 R 12.0 113 4 7699 914
2105874420 2 134658 R 13.0 108 4 7981 915
2108760423 2 134843 R 15.0 108 5 7718 916
2110354156 2 134945 R 16.0 111 5 7728 917
2113286965 2 135133 R 12.0 114 4 7421 918
2114677567 2 135222 R 19.0 112 6 7463 919
2117657397 2 135412 R 18.0 114 6 7466 920
2119151476 2 135508 R 10.0 102 3 7398 921
2122076684 1 135477 R 20.0 94 6 28613 244
2122092211 2 135696 R 15.0 109 5 7163 922
2123553054 2 135790 R 16.0 112 5 7443 923
2126462797 1 135757 R 20.0 95 6 27484 245
2126477489 2 135977 R 9.0 97 3 7395 924
2127878607 2 136067 R 13.0 109 4 7702 925
2130817471 1 136036 R 17.0 73 5 27174 246
2130832856 2 136256 R 18.0 115 6 7464 926
2132295800 2 136349 R 19.0 113 6 7744 927
2135281345 2 136540 R 12.0 115 4 7707 928
2135307024 1 136323 R 20.0 96 6 26643 247
2136691609 2 136631 R 16.0 113 5 7438 929
2139692717 2 136823 R 15.0 110 5 7725 930
2141186922 2 136918 R 13.0 110 4 7701 931
2144094413 2 137104 R 18.0 116 6 7467 932
2145526039 2 137196 R 19.0 114 6 7463 933
2148482349 2 137385 R 12.0 116 4 7705 934
2148511872 1 137169 R 17.0 74 5 27179 248
2149958823 2 137480 R 10.0 103 3 7676 935
2152850919 1 137446 R 17.0 75 5 26613 249
2152898874 2 137668 R 9.0 98 3 7675 936
2154360505 2 137761 R 13.0 111 4 7418 937
2157232835 2 137945 R 12.0 117 4 7697 938
2157270040 1 137729 R 20.0 97 6 26636 250
2158730871 2 138041 R 16.0 114 5 7439 939
2161728131 2 138233 R 15.0 111 5 7725 940
2161749773 1 138016 R 17.0 76 5 25772 251
2163103101 2 138321 R 19.0 115 6 7461 941
2166067235 2 138511 R 18.0 117 6 7462 942
2167614081 2 138610 R 10.0 104 3 7682 943
2170485876 2 138793 R 9.0 99 3 7676 944
2171968825 2 138888 R 19.0 116 6 7462 945
2174948821 1 138860 R 20.0 98 6 26357 252
2174966164 2 139080 R 18.0 118 6 7469 946
2176417387 2 139173 R 16.0 115 5 7729 947
2179289650 2 139357 R 12.0 118 4 7705 948
2179319168 1 139140 R 20.0 99 6 25793 253
2180766270 2 139451 R 13.0 112 4 7700 949
2183658225 1 139418 R 17.0 77 5 26050 254
2183706775 2 139640 R 9.0 100 3 7682 950
2185167887 2 139733 R 10.0 105 3 7677 951
2188091569 1 139702 R 20.0 100 6 25507 255
2188165137 2 139925 R 15.0 112 5 8285 952
2189538163 2 140013 R 19.0 117 6 7461 953
2192535498 2 140205 R 15.0 113 5 7721 954
2194002480 2 140299 R 13.0 113 4 7419 955
2196874630 2 140482 R 18.0 119 6 7742 956
2198435217 2 140582 R 19.0 118 6 7466 957
2201307555 2 140766 R 12.0 119 4 7698 958
2201354596 1 140550 R 17.0 78 5 25485 256
2202836738 2 140864 R 10.0 106 3 7681 959
2205709191 2 141048 R 18.0 120 6 7743 960
2205756601 1 140832 R 20.0 101 6 25229 257
2207224673 2 141145 R 16.0 116 5 8008 961
2210204514 2 141335 R 15.0 114 5 7445 962
2211642124 2 141427 R 10.0 107 3 7678 963
2214514250 2 141611 R 12.0 120 4 7415 964
2215975171 2 141705 R 16.0 117 5 7719 965
2218900244 2 141892 R 15.0 115 5 7438 966
2220470736 2 141992 R 19.0 119 6 7749 967
2223379745 2 142179 R 9.0 101 3 7685 968
2224809721 2 142270 R 13.0 114 4 7978 969
2227813009 1 142244 R 17.0 79 5 26333 258
2227828536 2 142463 R 18.0 121 6 7749 970
2229242515 2 142554 R 10.0 108 3 7677 971
2232120775 2 142738 R 12.0 121 4 7132 972
2233644242 2 142836 R 16.0 118 5 7723 973
2236641536 2 143027 R 18.0 122 6 7187 974
2238032142 2 143116 R 19.0 120 6 7744 975
2241011897 2 143307 R 15.0 116 5 7162 976
2242449373 2 143399 R 13.0 115 4 7987 977
2245446401 2 143591 R 9.0 102 3 7402 978
2246835400 2 143680 R 16.0 119 5 7440 979
2249832615 2 143872 R 18.0 123 6 7465 980
2251315212 2 143967 R 10.0 109 3 7682 981
2254172313 1 143931 R 20.0 102 6 27764 259
2254187405 2 144150 R 12.0 122 4 7700 982
2255617016 2 144242 R 13.0 116 4 7981 983
2258614349 2 144434 R 12.0 123 4 7417 984
2258620856 1 144215 R 20.0 103 6 26919 260
2260050071 2 144526 R 19.0 121 6 7743 985
2263038063 1 144498 R 20.0 104 6 26072 261
2263047211 2 144717 R 15.0 117 5 7444 986
2264451552 2 144807 R 16.0 120 5 8005 987
2267371354 1 144776 R 20.0 105 6 25225 262
2267388055 2 144995 R 9.0 103 3 7673 988
2268946848 2 145095 R 16.0 121 5 7727 989
2271836758 2 145280 R 18.0 124 6 7746 990
2273256674 2 145371 R 13.0 117 4 7981 991
2276254124 2 145563 R 15.0 118 5 7725 992
2277642849 2 145651 R 19.0 122 6 7743 993
2280624945 1 145624 R 20.0 106 6 24945 263
2280640065 2 145843 R 12.0 124 4 7981 994
2282122392 2 145938 R 13.0 118 4 7980 995
2285082392 2 146128 R 9.0 104 3 7678 996
2285104755 1 145910 R 20.0 107 6 24385 264
2286570878 2 146223 R 16.0 122 5 7446 997
2289421784 2 146405 R 18.0 125 6 7747 998
2290857337 2 146497 R 10.0 110 3 7672 999
2293855011 2 146689 R 15.0 119 5 7158 1000
2295384335 2 146787 R 19.0 123 6 7750 1001
2298256732 2 146971 R 12.0 125 4 7418 1002
2299772215 2 147068 R 13.0 119 4 7702 1003
2302627046 2 147250 R 18.0 126 6 7463 1004
2304189649 2 147350 R 16.0 123 5 7443 1005
2307012769 1 147313 R 17.0 80 5 25764 265
2307061559 2 147534 R 9.0 105 3 7393 1006
2308575441 2 147631 R 19.0 124 6 7467 1007
2311446019 1 147596 R 20.0 108 6 24661 266
2311447852 2 147815 R 18.0 127 6 7463 1008
2312930181 2 147910 R 10.0 111 3 7674 1009
2315847261 1 147878 R 17.0 81 5 24639 267
2315890475 2 148099 R 15.0 120 5 7160 1010
2317357174 2 148193 R 13.0 120 4 7699 1011
2320229591 2 148377 R 12.0 126 4 7415 1012
2321790051 2 148477 R 10.0 112 3 7678 1013
2324648473 2 148660 R 9.0 106 3 7392 1014
2326191772 2 148759 R 16.0 124 5 7726 1015
2329128635 2 148947 R 18.0 128 6 7182 1016
2330579666 2 149039 R 19.0 125 6 7747 1017
2333451771 2 149223 R 9.0 107 3 7401 1018
2333481525 1 149007 R 20.0 109 6 25225 268
2334996901 2 149322 R 13.0 121 4 7701 1019
2337869158 2 149506 R 12.0 127 4 7696 1020
2339382810 2 149603 R 19.0 126 6 7748 1021
2342327463 2 149791 R 18.0 129 6 7182 1022
2343737744 2 149882 R 16.0 125 5 7720 1023
2346697635 2 150071 R 9.0 108 3 7396 1024
2348164555 2 150165 R 13.0 122 4 7417 1025
2351161891 2 150357 R 15.0 121 5 7730 1026
2352597617 2 150449 R 10.0 113 3 7679 1027
2355469601 2 150632 R 9.0 109 3 7391 1028
2356999025 2 150730 R 19.0 127 6 7747 1029
2359918537 1 150699 R 20.0 110 6 26072 269
2359996438 2 150922 R 12.0 128 4 7421 1030
2361369472 2 151010 R 16.0 126 5 7720 1031
2364384335 2 151203 R 18.0 130 6 7468 1032
2365804200 2 151294 R 13.0 123 4 7699 1033
2368801537 2 151486 R 15.0 122 5 7444 1034
2370190394 2 151575 R 19.0 128 6 7462 1035
2373187541 2 151766 R 18.0 131 6 7468 1036
2374670001 2 151861 R 13.0 124 4 7708 1037
2377542113 2 152045 R 9.0 110 3 7676 1038
2378993419 2 152138 R 16.0 127 5 7999 1039
2381969252 2 152328 R 15.0 123 5 7723 1040
2383404859 2 152420 R 16.0 128 5 7721 1041
2386323829 1 152388 R 17.0 82 5 27173 270
2386402171 2 152612 R 12.0 129 4 7980 1042
2387806405 2 152702 R 10.0 114 3 7679 1043
2390725850 1 152670 R 20.0 111 6 26918 271
2390743179 2 152890 R 18.0 132 6 8027 1044
2392301760 2 152990 R 13.0 125 4 8270 1045
2395191803 2 153175 R 12.0 130 4 7982 1046
2396640947 2 153267 R 13.0 126 4 7981 1047
2399608913 2 153457 R 18.0 133 6 7747 1048
