248404569 1 15793 R 12.0 0 4 0 1
249481049 1 15862 R 16.0 0 5 0 2
249842510 1 15885 R 15.0 0 5 0 3
250177748 1 15907 R 14.0 0 5 0 4
250279002 1 15913 R 11.0 0 4 0 5
250347906 1 15918 R 17.0 0 6 1 6
250795155 1 15946 R 18.0 0 6 0 7
251038453 1 15962 R 13.0 0 4 1 8
253463099 1 16117 R 9.0 0 3 0 9
253489315 1 16119 R 10.0 0 3 1 10
254017145 1 16153 R 8.0 0 3 0 11
257370522 1 16367 R 19.0 0 6 454 12
279134869 1 17760 R 7.0 0 2 0 13
279461218 1 17781 R 6.0 0 2 1 14
279480937 1 17782 R 3.0 0 1 0 15
279500581 1 17784 R 5.0 0 2 0 16
279647346 1 17793 R 2.0 0 1 0 17
280114288 1 17823 R 4.0 0 1 0 18
286578251 1 18237 R 8.0 1 3 0 19
289583784 1 18429 R 19.0 1 6 0 20
290117868 1 18463 R 7.0 1 2 0 21
290460055 1 18485 R 3.0 1 1 0 22
290630438 1 18496 R 2.0 1 1 0 23
292715674 1 18629 R 11.0 1 4 0 24
292784455 1 18634 R 17.0 1 6 1 25
293231657 1 18662 R 18.0 1 6 0 26
293474985 1 18678 R 13.0 1 4 0 27
302171995 1 19235 R 5.0 1 2 0 28
302756880 1 19272 R 6.0 1 2 1 29
302847652 1 19278 R 4.0 1 1 0 30
303208216 1 19301 R 14.0 1 5 1 31
308277492 1 19625 R 16.0 1 5 0 32
308497950 1 19639 R 12.0 1 4 0 33
308638846 1 19648 R 15.0 1 5 0 34
319571792 1 20348 R 9.0 1 3 0 35
319598017 1 20350 R 10.0 1 3 1 36
326290141 1 20778 R 7.0 2 2 0 37
326631876 1 20800 R 3.0 2 1 0 38
326802726 1 20811 R 2.0 2 1 0 39
326872561 1 20815 R 12.0 2 4 0 40
329559400 1 20987 R 11.0 2 4 0 41
330318589 1 21036 R 13.0 2 4 0 42
332906775 1 21202 R 5.0 2 2 0 43
338741474 1 21575 R 6.0 2 2 1 44
339989202 1 21655 R 14.0 2 5 1 45
342177677 1 21795 R 19.0 2 6 0 46
342511836 1 21816 R 16.0 2 5 0 47
342873123 1 21839 R 15.0 2 5 0 48
343706608 1 21893 R 17.0 2 6 1 49
344153895 1 21921 R 18.0 2 6 0 50
346165577 1 22050 R 9.0 2 3 0 51
346191805 1 22052 R 10.0 2 3 1 52
348769931 1 22217 R 4.0 2 1 0 53
348813509 1 22220 R 8.0 2 3 0 54
366022652 1 23321 R 6.0 3 2 1 55
369399582 1 23537 R 7.0 3 2 0 56
369741314 1 23559 R 3.0 3 1 0 57
369760881 1 23560 R 5.0 3 2 0 58
369912169 1 23570 R 2.0 3 1 0 59
384565609 1 24508 R 17.0 3 6 1 60
385012860 1 24536 R 18.0 3 6 0 61
386520620 1 24633 R 14.0 3 5 1 62
387849740 1 24718 R 19.0 3 6 0 63
388356611 1 24750 R 11.0 3 4 0 64
389115761 1 24799 R 13.0 3 4 0 65
390355781 1 24878 R 16.0 3 5 0 66
390602964 1 24894 R 9.0 3 3 0 67
390629159 1 24896 R 10.0 3 3 1 68
390717140 1 24901 R 15.0 3 5 0 69
394390646 1 25136 R 12.0 3 4 0 70
395626179 1 25216 R 8.0 3 3 0 71
398738724 1 25415 R 4.0 3 1 0 72
409438035 1 26100 R 8.0 4 3 0 73
419292780 1 26730 R 16.0 4 5 0 74
419654048 1 26753 R 15.0 4 5 0 75
422590607 1 26941 R 11.0 4 4 0 76
422772681 1 26953 R 6.0 4 2 1 77
423349698 1 26990 R 13.0 4 4 0 78
428091864 1 27293 R 12.0 4 4 0 79
428538226 1 27322 R 3.0 4 1 0 80
428709135 1 27333 R 2.0 4 1 0 81
435192981 1 27748 R 17.0 4 6 454 82
435220514 1 27750 R 7.0 4 2 449 83
435248056 1 27751 R 4.0 4 1 338 84
435310873 1 27755 R 9.0 4 3 440 85
435338673 1 27757 R 10.0 4 3 441 86
436459002 1 27829 R 18.0 4 6 506 87
440083796 1 28061 R 5.0 4 2 739 88
442990204 1 28247 R 19.0 4 6 802 89
443022690 1 28249 R 14.0 4 5 615 90
447663282 1 28546 R 6.0 5 2 1 91
451012368 1 28760 R 11.0 5 4 0 92
451771425 1 28809 R 13.0 5 4 0 93
452339736 1 28845 R 16.0 5 5 0 94
452701062 1 28868 R 15.0 5 5 0 95
459188152 1 29284 R 8.0 5 3 0 96
462052966 1 29467 R 19.0 5 6 0 97
462772543 1 29513 R 3.0 5 1 0 98
467270499 1 29801 R 5.0 5 2 323 99
467298083 1 29803 R 4.0 5 1 314 100
467665525 1 29826 R 7.0 5 2 0 101
468178115 1 29859 R 2.0 5 1 0 102
472746607 1 30151 R 9.0 5 3 291 103
477974108 1 30486 R 10.0 5 3 624 104
479247690 1 30567 R 17.0 5 6 1098 105
484662713 1 30914 R 12.0 5 4 1437 106
485607065 1 30974 R 18.0 5 6 1476 107
486118461 1 31007 R 9.0 6 3 0 108
486144736 1 31009 R 10.0 6 3 2 109
489363764 1 31215 R 4.0 6 1 0 110
491194610 1 31332 R 3.0 6 1 0 111
491365482 1 31343 R 2.0 6 1 0 112
493231220 1 31462 R 14.0 5 5 1579 113
499105748 1 31838 R 8.0 6 3 907 114
499133706 1 31840 R 11.0 6 4 795 115
499563188 1 31868 R 5.0 6 2 0 116
501741678 1 32007 R 6.0 6 2 1 117
505621415 1 32255 R 19.0 6 6 795 118
510274885 1 32553 R 7.0 6 2 0 119
510448239 1 32564 R 17.0 6 6 705 120
519166555 1 33122 R 13.0 6 4 1615 121
519194765 1 33124 R 16.0 6 5 414 122
519223621 1 33126 R 14.0 6 5 1604 123
523163528 1 33378 R 6.0 7 2 1 124
524402152 1 33457 R 15.0 6 5 632 125
524435115 1 33459 R 12.0 6 4 607 126
526045462 1 33562 R 15.0 7 5 0 127
526571793 1 33596 R 7.0 7 2 0 128
527777854 1 33673 R 18.0 6 6 1785 129
530190465 1 33828 R 9.0 7 3 0 130
530578962 1 33853 R 5.0 7 2 0 131
530914651 1 33874 R 14.0 7 5 1 132
536241268 1 34215 R 13.0 7 4 1 133
539554101 1 34427 R 3.0 7 1 0 134
539724990 1 34438 R 2.0 7 1 0 135
542488904 1 34615 R 4.0 7 1 0 136
544774927 1 34761 R 10.0 7 3 0 137
545592381 1 34813 R 12.0 7 4 0 138
545930832 1 34835 R 19.0 7 6 0 139
552396207 1 35249 R 8.0 7 3 260 140
552424270 1 35251 R 17.0 7 6 413 141
554249649 1 35367 R 11.0 7 4 0 142
555733225 1 35462 R 18.0 7 6 598 143
555766027 1 35464 R 16.0 7 5 506 144
565007422 1 36056 R 6.0 8 2 1 145
565170351 1 36066 R 12.0 8 4 0 146
569599646 1 36350 R 14.0 8 5 0 147
572259315 1 36520 R 7.0 8 2 0 148
572647826 1 36545 R 3.0 8 1 0 149
572771783 1 36553 R 2.0 8 1 0 150
575481979 1 36726 R 11.0 8 4 0 151
578645127 1 36929 R 17.0 8 6 0 152
578956270 1 36949 R 9.0 8 3 0 153
579092624 1 36957 R 18.0 8 6 0 154
579782458 1 37002 R 8.0 8 3 0 155
581297837 1 37099 R 5.0 8 2 0 156
587918899 1 37522 R 16.0 8 5 1 157
588499062 1 37559 R 15.0 8 5 0 158
590366134 1 37679 R 19.0 8 6 0 159
593395306 1 37873 R 4.0 8 1 0 160
593928954 1 37907 R 13.0 8 4 1 161
595525638 1 38009 R 10.0 8 3 0 162
605832205 1 38669 R 17.0 9 6 0 163
606279595 1 38697 R 18.0 9 6 0 164
610228081 1 38950 R 7.0 9 2 0 165
610569707 1 38972 R 3.0 9 1 0 166
610740616 1 38983 R 2.0 9 1 0 167
611287294 1 39018 R 14.0 9 5 0 168
616144085 1 39329 R 9.0 9 3 0 169
620911530 1 39634 R 4.0 9 1 0 170
628210632 1 40101 R 19.0 9 6 1 171
629416656 1 40178 R 10.0 9 3 1 172
630413918 1 40242 R 13.0 9 4 1 173
632985999 1 40407 R 5.0 9 2 0 174
633170082 1 40418 R 11.0 9 4 0 175
637421734 1 40690 R 15.0 9 5 0 176
640154270 1 40865 R 16.0 9 5 1 177
641046685 1 40922 R 12.0 9 4 0 178
641992829 1 40983 R 6.0 9 2 1 179
643705440 1 41093 R 8.0 9 3 0 180
644265095 1 41128 R 12.0 10 4 0 181
645857486 1 41230 R 11.0 10 4 0 182
645954813 1 41237 R 5.0 10 2 0 183
646003881 1 41240 R 9.0 10 3 0 184
646505464 1 41272 R 4.0 10 1 0 185
648116202 1 41375 R 14.0 10 5 0 186
649609111 1 41470 R 15.0 10 5 0 187
651892734 1 41617 R 8.0 10 3 0 188
654304636 1 41771 R 13.0 10 4 1 189
655507697 1 41848 R 19.0 10 6 1 190
657995114 1 42007 R 10.0 10 3 1 191
660947972 1 42196 R 7.0 10 2 0 192
661289614 1 42218 R 3.0 10 1 0 193
669192900 1 42724 R 17.0 10 6 0 194
669640467 1 42752 R 18.0 10 6 1 195
674601211 1 43070 R 2.0 10 1 0 196
680071152 1 43420 R 6.0 10 2 1 197
681326127 1 43500 R 16.0 10 5 1 198
684833487 1 43725 R 4.0 11 1 0 199
690222684 1 44070 R 16.0 11 5 1 200
695164399 1 44386 R 9.0 11 3 295 201
695501846 1 44408 R 8.0 11 3 0 202
695673567 1 44419 R 5.0 11 2 0 203
696107919 1 44446 R 15.0 11 5 376 204
699820866 1 44684 R 6.0 11 2 1 205
702091938 1 44829 R 11.0 11 4 0 206
705273281 1 45033 R 13.0 11 4 1 207
708242016 1 45223 R 19.0 11 6 1 208
710182202 1 45347 R 7.0 11 2 0 209
710523873 1 45369 R 3.0 11 1 0 210
713148020 1 45537 R 2.0 11 1 0 211
713239644 1 45543 R 17.0 11 6 0 212
713687288 1 45571 R 18.0 11 6 1 213
717234278 1 45798 R 12.0 11 4 0 214
717604630 1 45822 R 10.0 11 3 1 215
719663517 1 45954 R 14.0 11 5 1 216
725647316 1 46337 R 14.0 12 5 0 217
726116554 1 46367 R 2.0 12 1 0 218
730591729 1 46653 R 16.0 12 5 0 219
739108940 1 47198 R 12.0 12 4 0 220
745119963 1 47583 R 10.0 12 3 1 221
745707144 1 47621 R 9.0 12 3 0 222
748025947 1 47769 R 7.0 12 2 0 223
748367625 1 47791 R 3.0 12 1 0 224
749267623 1 47849 R 8.0 12 3 0 225
751632814 1 48000 R 13.0 12 4 1 226
753361260 1 48111 R 5.0 12 2 0 227
754943107 1 48212 R 4.0 12 1 0 228
755914763 1 48274 R 6.0 12 2 1 229
757163987 1 48354 R 19.0 12 6 1 230
764787237 1 48842 R 11.0 12 4 464 231
764815491 1 48844 R 17.0 12 6 487 232
773416642 1 49394 R 18.0 12 6 1011 233
773444531 1 49396 R 4.0 13 1 217 234
774454821 1 49461 R 8.0 13 3 0 235
774813334 1 49483 R 12.0 13 4 629 236
775322650 1 49516 R 7.0 13 2 0 237
776387148 1 49584 R 15.0 12 5 1016 238
776415316 1 49586 R 10.0 13 3 233 239
780084961 1 49821 R 14.0 13 5 0 240
786575817 1 50236 R 19.0 13 6 1103 241
786604926 1 50238 R 17.0 13 6 1102 242
789305102 1 50411 R 3.0 13 1 0 243
789475958 1 50422 R 2.0 13 1 0 244
792044783 1 50586 R 18.0 13 6 1421 245
799412773 1 51058 R 16.0 13 5 1068 246
799440709 1 51060 R 5.0 13 2 135 247
808748169 1 51655 R 11.0 13 4 1144 248
813399021 1 51953 R 9.0 13 3 806 249
814693677 1 52036 R 12.0 14 4 666 250
814899496 1 52049 R 15.0 13 5 1068 251
814928586 1 52051 R 13.0 13 4 1041 252
820839031 1 52429 R 14.0 14 5 890 253
820867148 1 52431 R 19.0 14 6 696 254
823084013 1 52573 R 9.0 14 3 0 255
824074484 1 52636 R 17.0 14 6 901 256
827716443 1 52869 R 6.0 13 2 1857 257
827744388 1 52871 R 6.0 14 2 524 258
828057120 1 52891 R 7.0 14 2 0 259
828189217 1 52900 R 5.0 14 2 0 260
830193411 1 53028 R 18.0 14 6 1264 261
833351864 1 53230 R 3.0 14 1 0 262
833522798 1 53241 R 2.0 14 1 0 263
834194816 1 53284 R 15.0 14 5 1155 264
836020169 1 53401 R 8.0 14 3 1 265
836824312 1 53452 R 13.0 14 4 1650 266
837920545 1 53522 R 11.0 14 4 0 267
840826512 1 53708 R 16.0 14 5 1 268
841536872 1 53754 R 4.0 14 1 0 269
843153480 1 53857 R 10.0 14 3 1 270
845117647 1 53983 R 6.0 15 2 0 271
848119140 1 54175 R 13.0 15 4 0 272
850288331 1 54314 R 2.0 15 1 0 273
860130491 1 54944 R 4.0 15 1 0 274
861557357 1 55035 R 10.0 15 3 0 275
862890424 1 55120 R 15.0 15 5 0 276
864704821 1 55237 R 5.0 15 2 0 277
870713388 1 55621 R 7.0 15 2 0 278
872685516 1 55747 R 16.0 15 5 1 279
874187333 1 55843 R 12.0 15 4 0 280
874767912 1 55881 R 8.0 15 3 0 281
877320720 1 56044 R 3.0 15 1 0 282
880257628 1 56232 R 19.0 15 6 2 283
886474782 1 56630 R 14.0 15 5 368 284
886502777 1 56632 R 9.0 15 3 342 285
888535846 1 56762 R 18.0 15 6 499 286
892327624 1 57004 R 11.0 15 4 700 287
899068466 1 57436 R 11.0 16 4 853 288
899096335 1 57438 R 8.0 16 3 411 289
899666030 1 57474 R 16.0 16 5 1058 290
904781345 1 57801 R 17.0 15 6 1568 291
906900506 1 57937 R 17.0 16 6 1464 292
907366688 1 57967 R 18.0 16 6 1467 293
908179959 1 58019 R 3.0 16 1 0 294
911959388 1 58261 R 7.0 16 2 1397 295
911987526 1 58263 R 10.0 16 3 752 296
914383600 1 58416 R 13.0 16 4 1017 297
914411483 1 58418 R 2.0 16 1 204 298
920771135 1 58825 R 4.0 16 1 0 299
928288625 1 59306 R 19.0 16 6 1892 300
929637836 1 59392 R 6.0 16 2 987 301
933052230 1 59611 R 4.0 17 1 0 302
933884779 1 59664 R 15.0 16 5 2034 303
933906999 1 59665 R 10.0 17 3 0 304
933937486 1 59667 R 3.0 17 1 245 305
934554210 1 59707 R 14.0 16 5 2071 306
936476462 1 59830 R 9.0 16 3 879 307
937277951 1 59881 R 6.0 17 2 678 308
938479246 1 59958 R 7.0 17 2 0 309
942337265 1 60205 R 5.0 16 2 1750 310
942491710 1 60215 R 12.0 16 4 2368 311
942960681 1 60245 R 2.0 17 1 0 312
943274261 1 60265 R 15.0 17 5 897 313
944378973 1 60336 R 11.0 17 4 1009 314
947770256 1 60553 R 9.0 17 3 0 315
950384397 1 60720 R 5.0 17 2 1250 316
950413373 1 60722 R 12.0 17 4 1740 317
953385295 1 60912 R 14.0 17 5 2 318
954839035 1 61005 R 19.0 17 6 2 319
956273128 1 61097 R 13.0 17 4 2070 320
961550168 1 61435 R 17.0 17 6 427 321
966113352 1 61727 R 16.0 17 5 1361 322
966141389 1 61728 R 8.0 17 3 380 323
967338587 1 61805 R 7.0 18 2 0 324
967943710 1 61844 R 18.0 17 6 386 325
975868687 1 62351 R 13.0 18 4 775 326
975895738 1 62353 R 9.0 18 3 62 327
978991916 1 62551 R 2.0 18 1 0 328
982023707 1 62745 R 3.0 18 1 0 329
982456166 1 62773 R 15.0 18 5 948 330
983611515 1 62847 R 5.0 18 2 0 331
983630690 1 62848 R 4.0 18 1 0 332
984102491 1 62878 R 19.0 18 6 0 333
986533706 1 63034 R 8.0 18 3 0 334
988690818 1 63172 R 17.0 18 6 291 335
990017121 1 63257 R 11.0 18 4 0 336
992758035 1 63432 R 14.0 18 5 1 337
993733194 1 63494 R 16.0 18 5 0 338
995781648 1 63625 R 18.0 18 6 1 339
996854349 1 63694 R 10.0 18 3 0 340
997625608 1 63743 R 12.0 18 4 0 341
1001243052 1 63975 R 6.0 18 2 0 342
1003971156 1 64150 R 8.0 19 3 0 343
1004000571 1 64152 R 5.0 19 2 1 344
1004945126 1 64212 R 14.0 19 5 1 345
1009011049 1 64472 R 19.0 19 6 2 346
1012697981 1 64708 R 10.0 19 3 0 347
1018359675 1 65070 R 12.0 19 4 0 348
1022339937 1 65325 R 17.0 19 6 853 349
1022368287 1 65327 R 18.0 19 6 716 350
1022395688 1 65329 R 16.0 19 5 76 351
1023773278 1 65417 R 2.0 19 1 0 352
1025633731 1 65536 R 3.0 19 1 0 353
1026321013 1 65580 R 6.0 19 2 0 354
1028274365 1 65705 R 13.0 19 4 0 355
1029721530 1 65798 R 15.0 19 5 0 356
1036848649 1 66254 R 9.0 19 3 0 357
1038885914 1 66384 R 7.0 19 2 0 358
1040109034 1 66462 R 11.0 19 4 0 359
1042568246 1 66620 R 4.0 19 1 0 360
1043363951 1 66671 R 9.0 20 3 0 361
1043795988 1 66698 R 11.0 20 4 0 362
1045643058 1 66817 R 8.0 20 3 0 363
1047680427 1 66947 R 3.0 20 1 0 364
1048015761 1 66968 R 18.0 20 6 1 365
1053148638 1 67297 R 14.0 20 5 1 366
1059203571 1 67684 R 12.0 20 4 0 367
1063478039 1 67958 R 16.0 20 5 310 368
1063508353 1 67960 R 15.0 20 5 312 369
1064633790 1 68032 R 6.0 20 2 0 370
1065635881 1 68096 R 10.0 20 3 0 371
1071142920 1 68449 R 5.0 20 2 0 372
1072492175 1 68535 R 2.0 20 1 0 373
1077509017 1 68856 R 13.0 20 4 0 374
1078099504 1 68894 R 4.0 20 1 0 375
1080042131 1 69018 R 7.0 20 2 0 376
1080587151 1 69053 R 19.0 20 6 0 377
1084830673 1 69325 R 8.0 21 3 0 378
1086151365 1 69409 R 7.0 21 2 0 379
1087469234 1 69493 R 12.0 21 4 0 380
1093383215 1 69872 R 11.0 21 4 592 381
1093411591 1 69874 R 17.0 20 6 819 382
1097914912 1 70162 R 3.0 21 1 0 383
1098682615 1 70211 R 10.0 21 3 0 384
1099320206 1 70252 R 2.0 21 1 0 385
1099903680 1 70289 R 15.0 21 5 853 386
1099931989 1 70291 R 19.0 21 6 803 387
1099960244 1 70293 R 17.0 21 6 793 388
1103493304 1 70519 R 14.0 21 5 588 389
1108587617 1 70845 R 9.0 21 3 648 390
1108615882 1 70847 R 16.0 21 5 150 391
1109953651 1 70932 R 18.0 21 6 1 392
1112330677 1 71085 R 5.0 21 2 0 393
1113932898 1 71187 R 6.0 21 2 1 394
1119490147 1 71543 R 4.0 21 1 0 395
1120384044 1 71600 R 13.0 21 4 0 396
1124171256 1 71842 R 11.0 22 4 0 397
1124191225 1 71844 R 4.0 22 1 0 398
1125129770 1 71904 R 9.0 22 3 0 399
1125618117 1 71935 R 19.0 22 6 0 400
1128736678 1 72135 R 5.0 22 2 0 401
1131429536 1 72307 R 2.0 22 1 0 402
1134868026 1 72527 R 6.0 22 2 0 403
1135018315 1 72537 R 8.0 22 3 0 404
1141862570 1 72975 R 15.0 22 5 1 405
1144651238 1 73153 R 10.0 22 3 0 406
1147952079 1 73364 R 16.0 22 5 0 407
1153539312 1 73722 R 14.0 22 5 1 408
1157352664 1 73966 R 13.0 22 4 0 409
1159115511 1 74079 R 17.0 22 6 0 410
1159948381 1 74132 R 7.0 22 2 0 411
1160078783 1 74140 R 12.0 22 4 0 412
1160719216 1 74181 R 18.0 22 6 1 413
1162665051 1 74306 R 3.0 22 1 0 414
1163026193 1 74329 R 7.0 23 2 0 415
1165016045 1 74456 R 12.0 23 4 0 416
1165099733 1 74462 R 17.0 23 6 0 417
1166617043 1 74559 R 2.0 23 1 0 418
1166828456 1 74572 R 18.0 23 6 1 419
1167721443 1 74630 R 8.0 23 3 0 420
1172711787 1 74949 R 3.0 23 1 0 421
1178255625 1 75304 R 4.0 23 1 0 422
1178342705 1 75309 R 16.0 23 5 0 423
1184859217 1 75726 R 11.0 23 4 0 424
1188098813 1 75934 R 9.0 23 3 0 425
1189462398 1 76021 R 19.0 23 6 0 426
1191430689 1 76147 R 6.0 23 2 0 427
1193063280 1 76252 R 15.0 23 5 0 428
1198071742 1 76572 R 13.0 23 4 0 429
1200510790 1 76728 R 10.0 23 3 0 430
1202227050 1 76838 R 14.0 23 5 1 431
1203080668 1 76893 R 5.0 23 2 0 432
1203963746 1 76949 R 7.0 24 2 0 433
1205021142 1 77017 R 4.0 24 1 0 434
1205041118 1 77018 R 5.0 24 2 0 435
1205461053 1 77045 R 14.0 24 5 1 436
1206446160 1 77108 R 3.0 24 1 0 437
1208546515 1 77242 R 11.0 24 4 0 438
1210002444 1 77336 R 8.0 24 3 0 439
1212264495 1 77480 R 16.0 24 5 0 440
1213102775 1 77534 R 13.0 24 4 0 441
1216953580 1 77780 R 12.0 24 4 0 442
1217759028 1 77832 R 19.0 24 6 0 443
1218443774 1 77876 R 17.0 24 6 0 444
1220335814 1 77997 R 2.0 24 1 0 445
1223057615 1 78171 R 10.0 24 3 0 446
1227665083 1 78466 R 6.0 24 2 0 447
1231235163 1 78695 R 15.0 24 5 0 448
1233766432 1 78857 R 18.0 24 6 1 449
1238817708 1 79180 R 9.0 24 3 0 450
1243286020 1 79466 R 9.0 25 3 0 451
1244010740 1 79512 R 7.0 25 2 0 452
1244312830 1 79531 R 18.0 25 6 1 453
1245768179 1 79625 R 8.0 25 3 0 454
1246381139 1 79664 R 17.0 25 6 0 455
1252344368 1 80045 R 15.0 25 5 0 456
1252530993 1 80057 R 11.0 25 4 0 457
1255305041 1 80235 R 14.0 25 5 1 458
1258977772 1 80470 R 13.0 25 4 0 459
1263446851 1 80756 R 19.0 25 6 0 460
1268026365 1 81049 R 10.0 25 3 0 461
1268804537 1 81099 R 2.0 25 1 0 462
1269724398 1 81158 R 4.0 25 1 0 463
1270747264 1 81223 R 6.0 25 2 275 464
1270775618 1 81225 R 16.0 25 5 238 465
1273196302 1 81380 R 3.0 25 1 0 466
1275891278 1 81552 R 12.0 25 4 0 467
1279815051 1 81804 R 5.0 25 2 0 468
1285828413 1 82188 R 12.0 26 4 0 469
1291061173 1 82523 R 16.0 26 5 0 470
1292495114 1 82615 R 7.0 26 2 0 471
1293830282 1 82701 R 5.0 26 2 0 472
1294364273 1 82735 R 9.0 26 3 0 473
1295913780 1 82834 R 2.0 26 1 0 474
1296005515 1 82840 R 4.0 26 1 0 475
1298968371 1 83029 R 11.0 26 4 0 476
1304289911 1 83370 R 6.0 26 2 0 477
1304898637 1 83409 R 14.0 26 5 1 478
1305141115 1 83424 R 15.0 26 5 0 479
1306758865 1 83528 R 13.0 26 4 0 480
1307385739 1 83568 R 10.0 26 3 0 481
1318955814 1 84309 R 8.0 26 3 0 482
1320177997 1 84387 R 17.0 26 6 0 483
1320931079 1 84435 R 19.0 26 6 0 484
1322368157 1 84527 R 3.0 26 1 0 485
1323000474 1 84567 R 18.0 26 6 1 486
1323908672 1 84626 R 8.0 27 3 0 487
1324610174 1 84671 R 15.0 27 5 0 488
1328405671 1 84913 R 11.0 27 4 0 489
1329258499 1 84968 R 6.0 27 2 0 490
1332289979 1 85162 R 13.0 27 4 0 491
1335594280 1 85373 R 12.0 27 4 0 492
1340014347 1 85656 R 16.0 27 5 0 493
1341602649 1 85758 R 19.0 27 6 0 494
1343432615 1 85875 R 10.0 27 3 0 495
1344943120 1 85972 R 4.0 27 1 0 496
1346710776 1 86085 R 2.0 27 1 0 497
1347509234 1 86136 R 17.0 27 6 377 498
1349070718 1 86236 R 14.0 27 5 1 499
1351469227 1 86389 R 18.0 27 6 1 500
1354236920 1 86567 R 5.0 27 2 0 501
1356932755 1 86739 R 7.0 27 2 0 502
1360118177 1 86943 R 3.0 27 1 0 503
1361473951 1 87030 R 9.0 27 3 0 504
1363821261 1 87180 R 19.0 28 6 0 505
1370180489 1 87587 R 3.0 28 1 276 506
1370208430 1 87589 R 9.0 28 3 218 507
1371401205 1 87665 R 10.0 28 3 0 508
1375559694 1 87931 R 17.0 28 6 751 509
1375587976 1 87933 R 16.0 28 5 445 510
1375616196 1 87935 R 11.0 28 4 290 511
1376179789 1 87971 R 14.0 28 5 1 512
1376431701 1 87987 R 18.0 28 6 248 513
1385600026 1 88574 R 8.0 28 3 996 514
1385627534 1 88576 R 15.0 28 5 27 515
1385653922 1 88577 R 5.0 28 2 7 516
1387354631 1 88686 R 7.0 28 2 0 517
1389368393 1 88815 R 13.0 28 4 0 518
1397677531 1 89347 R 4.0 28 1 0 519
1398705767 1 89413 R 12.0 28 4 0 520
1399056247 1 89435 R 6.0 28 2 0 521
1402179662 1 89635 R 2.0 28 1 0 522
1403211627 1 89701 R 3.0 29 1 0 523
1403298907 1 89707 R 5.0 29 2 0 524
1404969003 1 89813 R 12.0 29 4 0 525
1408618361 1 90047 R 6.0 29 2 0 526
1408644623 1 90049 R 8.0 29 3 1 527
1411516408 1 90233 R 15.0 29 5 0 528
1412788799 1 90314 R 2.0 29 1 0 529
1413541899 1 90362 R 7.0 29 2 0 530
1414687001 1 90435 R 11.0 29 4 0 531
1415383740 1 90480 R 13.0 29 4 0 532
1425375262 1 91119 R 18.0 29 6 1 533
1426260740 1 91176 R 10.0 29 3 0 534
1426976916 1 91222 R 14.0 29 5 1 535
1429364997 1 91375 R 4.0 29 1 0 536
1432849917 1 91598 R 17.0 29 6 0 537
1438661455 1 91970 R 9.0 29 3 0 538
1439327225 1 92012 R 16.0 29 5 0 539
1442509196 1 92216 R 19.0 29 6 0 540
1443172157 1 92258 R 12.0 30 4 0 541
1444193351 1 92324 R 17.0 30 6 0 542
1444844054 1 92365 R 18.0 30 6 1 543
1445608215 1 92414 R 16.0 30 5 0 544
1456664906 1 93122 R 3.0 30 1 0 545
1459251016 1 93288 R 15.0 30 5 0 546
1462986786 1 93527 R 5.0 30 2 0 547
1466692983 1 93764 R 4.0 30 1 0 548
1468382669 1 93872 R 2.0 30 1 0 549
1468453012 1 93876 R 11.0 30 4 0 550
1470259038 1 93992 R 13.0 30 4 0 551
1470977808 1 94038 R 19.0 30 6 0 552
1473651364 1 94209 R 7.0 30 2 0 553
1477181172 1 94435 R 6.0 30 2 0 554
1477211584 1 94437 R 14.0 30 5 1 555
1480198239 1 94628 R 10.0 30 3 0 556
1480973955 1 94678 R 9.0 30 3 0 557
1483286996 1 94826 R 17.0 31 6 0 558
1483659231 1 94850 R 8.0 30 3 0 559
1485502694 1 94968 R 8.0 31 3 0 560
1486494916 1 95031 R 10.0 31 3 0 561
1488493130 1 95159 R 13.0 31 4 0 562
1492087155 1 95389 R 19.0 31 6 0 563
1493047333 1 95450 R 18.0 31 6 1 564
1495562362 1 95611 R 11.0 31 4 0 565
1498286314 1 95786 R 9.0 31 3 0 566
1502630477 1 96064 R 4.0 31 1 0 567
1503971162 1 96150 R 5.0 31 2 0 568
1505610051 1 96254 R 12.0 31 4 0 569
1505640279 1 96256 R 16.0 31 5 0 570
1505726409 1 96262 R 2.0 31 1 0 571
1513633532 1 96768 R 14.0 31 5 1 572
1516588865 1 96957 R 7.0 31 2 0 573
1520509358 1 97208 R 6.0 31 2 0 574
1521696289 1 97284 R 3.0 31 1 0 575
1523173370 1 97379 R 15.0 31 5 0 576
1524748678 1 97479 R 16.0 32 5 0 577
1528963636 1 97749 R 10.0 32 3 0 578
1532724753 1 97990 R 17.0 32 6 0 579
1534250395 1 98087 R 12.0 32 4 0 580
1538408561 1 98354 R 5.0 32 2 0 581
1538799573 1 98379 R 8.0 32 3 0 582
1539484843 1 98422 R 18.0 32 6 1 583
1541135739 1 98528 R 7.0 32 2 0 584
1542461783 1 98613 R 3.0 32 1 0 585
1542505049 1 98616 R 9.0 32 3 0 586
1543306058 1 98667 R 6.0 32 2 0 587
1544884185 1 98768 R 19.0 32 6 0 588
1549352072 1 99054 R 14.0 32 5 1 589
1553568122 1 99324 R 4.0 32 1 0 590
1557032353 1 99546 R 15.0 32 5 0 591
1557071533 1 99548 R 13.0 32 4 0 592
1557664064 1 99586 R 2.0 32 1 0 593
1558499993 1 99639 R 11.0 32 4 0 594
1563068208 1 99932 R 17.0 33 6 0 595
1565126672 1 100064 R 15.0 33 5 0 596
1567655936 1 100225 R 16.0 33 5 0 597
1570915648 1 100434 R 3.0 33 1 0 598
1571086983 1 100445 R 14.0 33 5 1 599
1572049981 1 100507 R 5.0 33 2 0 600
1572183377 1 100515 R 10.0 33 3 0 601
1572438041 1 100531 R 11.0 33 4 0 602
1576803602 1 100811 R 4.0 33 1 0 603
1584120905 1 101279 R 7.0 33 2 0 604
1585911998 1 101394 R 9.0 33 3 0 605
1588978709 1 101590 R 6.0 33 2 0 606
1591525351 1 101753 R 13.0 33 4 0 607
1597119240 1 102111 R 19.0 33 6 0 608
1600258558 1 102312 R 2.0 33 1 0 609
1601534819 1 102394 R 8.0 33 3 0 610
1601938973 1 102420 R 12.0 33 4 0 611
1603408159 1 102514 R 18.0 33 6 1 612
1603737354 1 102535 R 5.0 34 2 0 613
1608616057 1 102847 R 17.0 34 6 0 614
1610490949 1 102967 R 4.0 34 1 0 615
1612489955 1 103095 R 9.0 34 3 0 616
1614970460 1 103254 R 15.0 34 5 0 617
1616368854 1 103343 R 3.0 34 1 0 618
1618558336 1 103483 R 7.0 34 2 0 619
1621343502 1 103661 R 16.0 34 5 0 620
1622923065 1 103763 R 12.0 34 4 0 621
1624962994 1 103893 R 19.0 34 6 0 622
1631915922 1 104338 R 8.0 34 3 221 623
1631944952 1 104340 R 14.0 34 5 444 624
1632930345 1 104403 R 2.0 34 1 0 625
1639667782 1 104834 R 10.0 34 3 0 626
1641984768 1 104982 R 11.0 34 4 1065 627
1643995812 1 105111 R 7.0 35 2 0 628
1648619257 1 105407 R 6.0 34 2 862 629
1648648013 1 105409 R 5.0 35 2 142 630
1656560981 1 105915 R 13.0 34 4 935 631
1659319096 1 106092 R 4.0 35 1 0 632
1662339495 1 106285 R 10.0 35 3 0 633
1664526506 1 106425 R 18.0 34 6 1434 634
1664555472 1 106427 R 16.0 35 5 852 635
1670118861 1 106783 R 3.0 35 1 0 636
1682539623 1 107578 R 2.0 35 1 0 637
1684305167 1 107691 R 19.0 35 6 2115 638
1686250083 1 107815 R 12.0 35 6 771 639
1691995399 1 108183 R 18.0 35 6 1933 640
1692025342 1 108185 R 14.0 35 5 3093 641
1692350350 1 108206 R 11.0 35 4 963 642
1694633152 1 108352 R 13.0 35 4 1980 643
1696046114 1 108442 R 17.0 35 6 1823 644
1697202787 1 108516 R 13.0 36 4 780 645
1697476971 1 108534 R 8.0 35 3 1590 646
1700822856 1 108748 R 9.0 35 3 1875 647
1701763023 1 108808 R 17.0 36 6 1013 648
1701791686 1 108810 R 9.0 36 3 671 649
1702758280 1 108872 R 15.0 35 6 1462 650
1703936343 1 108947 R 6.0 35 2 1585 651
1703965267 1 108949 R 6.0 36 2 803 652
1704133381 1 108960 R 2.0 36 1 0 653
1708588570 1 109245 R 18.0 36 6 1398 654
1708799978 1 109259 R 5.0 36 2 0 655
1713886558 1 109584 R 7.0 36 2 0 656
1714588403 1 109629 R 19.0 36 7 1336 657
1717587615 1 109821 R 3.0 36 1 0 658
1720247573 1 109991 R 14.0 36 5 1077 659
1720275657 1 109993 R 8.0 36 3 68 660
1720558641 1 110011 R 10.0 36 3 0 661
1720932171 1 110035 R 15.0 36 5 1605 662
1721140433 1 110048 R 16.0 36 5 0 663
1721256879 1 110056 R 4.0 36 1 0 664
1721660002 1 110082 R 12.0 36 4 0 665
1722190119 1 110116 R 11.0 36 4 0 666
1726772201 1 110409 R 4.0 37 1 0 667
1728433950 1 110515 R 19.0 37 6 0 668
1729877968 1 110608 R 8.0 37 3 0 669
1734815468 1 110924 R 5.0 37 2 0 670
1735063656 1 110939 R 12.0 37 4 0 671
1738058405 1 111131 R 7.0 37 2 0 672
1738839148 1 111181 R 14.0 37 5 0 673
1739238432 1 111207 R 18.0 37 6 2 674
1740093992 1 111261 R 11.0 37 4 0 675
1742859053 1 111438 R 16.0 37 5 0 676
1745527159 1 111609 R 10.0 37 3 0 677
1745599348 1 111614 R 9.0 37 3 0 678
1753119286 1 112095 R 6.0 37 2 0 679
1753301330 1 112107 R 15.0 37 5 1 680
1754305380 1 112171 R 2.0 37 1 0 681
1758853377 1 112462 R 3.0 37 1 0 682
1760808628 1 112587 R 13.0 37 4 0 683
1762963350 1 112725 R 17.0 37 6 1 684
1763540583 1 112762 R 3.0 38 1 0 685
1764673123 1 112835 R 18.0 38 6 0 686
1764714607 1 112837 R 7.0 38 2 0 687
1764829132 1 112844 R 12.0 38 4 0 688
1769834734 1 113165 R 19.0 38 6 319 689
1769863430 1 113167 R 9.0 38 3 310 690
1770660381 1 113218 R 11.0 38 4 371 691
1770751765 1 113224 R 15.0 38 5 0 692
1771148167 1 113249 R 17.0 38 6 0 693
1775714701 1 113541 R 10.0 38 3 0 694
1779414737 1 113778 R 2.0 38 1 0 695
1785694374 1 114180 R 4.0 38 1 0 696
1786306708 1 114219 R 6.0 38 2 0 697
1786618238 1 114239 R 14.0 38 5 1 698
1792134598 1 114592 R 13.0 38 4 1 699
1792890509 1 114640 R 16.0 38 5 0 700
1795690899 1 114820 R 8.0 38 3 0 701
1798753136 1 115016 R 5.0 38 2 0 702
1803346712 1 115310 R 5.0 39 2 0 703
1811025406 1 115801 R 6.0 39 2 0 704
1811922035 1 115858 R 11.0 39 4 0 705
1812149195 1 115873 R 14.0 39 5 1 706
1814712830 1 116037 R 19.0 39 6 2 707
1814824030 1 116044 R 7.0 39 2 0 708
1817618859 1 116223 R 3.0 39 1 0 709
1819208574 1 116325 R 9.0 39 3 0 710
1820008495 1 116376 R 2.0 39 1 0 711
1821366905 1 116463 R 17.0 39 6 0 712
1821704376 1 116485 R 12.0 39 4 0 713
1824933553 1 116691 R 10.0 39 3 0 714
1828503394 1 116920 R 8.0 39 3 0 715
1836272510 1 117417 R 4.0 39 1 0 716
1838328055 1 117548 R 16.0 39 5 0 717
1839150245 1 117601 R 13.0 39 4 1 718
1840189556 1 117668 R 15.0 39 5 0 719
1842345798 1 117806 R 18.0 39 6 0 720
1843855226 1 117902 R 7.0 40 2 0 721
1847680273 1 118147 R 2.0 40 1 0 722
1852539813 1 118458 R 14.0 40 5 1 723
1852626534 1 118464 R 15.0 40 5 0 724
1854556357 1 118587 R 3.0 40 1 0 725
1855259665 1 118632 R 6.0 40 2 0 726
1856902114 1 118737 R 10.0 40 3 0 727
1858579344 1 118845 R 12.0 40 4 0 728
1859022371 1 118873 R 4.0 40 1 0 729
1860009879 1 118936 R 19.0 40 6 1 730
1864427285 1 119219 R 9.0 40 3 0 731
1865552003 1 119291 R 17.0 40 6 352 732
1869690613 1 119556 R 5.0 40 2 0 733
1873533020 1 119802 R 18.0 40 6 0 734
1875103343 1 119902 R 13.0 40 4 1 735
1879406916 1 120177 R 11.0 40 4 0 736
1882765659 1 120392 R 16.0 40 5 0 737
1883644156 1 120449 R 8.0 40 3 0 738
1888911452 1 120786 R 9.0 41 3 0 739
1891183385 1 120931 R 7.0 41 2 0 740
1893237342 1 121063 R 5.0 41 2 0 741
1898744122 1 121415 R 19.0 41 6 1 742
1899103561 1 121438 R 6.0 41 2 0 743
1900243676 1 121511 R 13.0 41 4 1 744
1902078433 1 121628 R 11.0 41 4 0 745
1902202772 1 121636 R 16.0 41 5 0 746
1905251255 1 121832 R 12.0 41 4 0 747
1906493895 1 121911 R 3.0 41 1 0 748
1908048641 1 122011 R 15.0 41 5 0 749
1908523293 1 122041 R 17.0 41 6 0 750
1909227651 1 122086 R 14.0 41 5 1 751
1909761766 1 122120 R 10.0 41 3 0 752
1913536927 1 122362 R 18.0 41 6 277 753
1913772509 1 122377 R 4.0 41 1 0 754
1920289898 1 122794 R 2.0 41 1 0 755
1922206518 1 122917 R 8.0 41 3 0 756
1923698846 1 123012 R 10.0 42 3 0 757
1924206086 1 123045 R 5.0 42 2 0 758
1925923009 1 123154 R 12.0 42 4 0 759
1926305351 1 123179 R 14.0 42 5 1 760
1926386530 1 123184 R 7.0 42 2 0 761
1926586530 1 123197 R 2.0 42 1 0 762
1928977889 1 123350 R 13.0 42 4 1 763
1929759482 1 123400 R 3.0 42 1 0 764
1933546380 1 123642 R 16.0 42 5 0 765
1933665980 1 123650 R 19.0 42 6 2 766
1935255595 1 123752 R 9.0 42 3 0 767
1935632602 1 123776 R 17.0 42 6 0 768
1938939269 1 123988 R 18.0 42 6 0 769
1939769157 1 124041 R 8.0 42 3 0 770
1941400531 1 124145 R 6.0 42 2 0 771
1954236435 1 124967 R 15.0 42 5 0 772
1957788131 1 125194 R 4.0 42 1 0 773
1960297623 1 125354 R 11.0 42 4 0 774
1963292542 1 125546 R 10.0 43 3 0 775
1967272236 1 125801 R 4.0 43 1 0 776
1969055233 1 125915 R 2.0 43 1 0 777
1972962470 1 126165 R 3.0 43 1 0 778
1974984557 1 126294 R 11.0 43 4 0 779
1976565473 1 126396 R 5.0 43 2 0 780
1978618531 1 126527 R 13.0 43 4 1 781
1979939139 1 126612 R 15.0 43 5 0 782
1981192960 1 126692 R 9.0 43 3 0 783
1981470010 1 126710 R 12.0 43 4 0 784
1983869020 1 126863 R 6.0 43 2 0 785
1986336852 1 127021 R 14.0 43 5 1 786
1987593509 1 127101 R 16.0 43 5 0 787
1993095522 1 127454 R 18.0 43 6 0 788
1998570201 1 127804 R 17.0 43 6 0 789
2000331530 1 127917 R 8.0 43 3 0 790
2000918109 1 127954 R 7.0 43 2 0 791
2001853963 1 128014 R 19.0 43 6 1 792
2003774089 1 128137 R 14.0 44 5 1 793
2004194075 1 128164 R 4.0 44 1 0 794
2007610908 1 128383 R 15.0 44 5 0 795
2014464486 1 128821 R 10.0 44 3 0 796
2017164581 1 128994 R 2.0 44 1 0 797
2021612382 1 129279 R 5.0 44 2 0 798
2025719015 1 129541 R 11.0 44 4 0 799
2026077707 1 129564 R 16.0 44 5 0 800
2028339652 1 129709 R 7.0 44 2 0 801
2033565599 1 130044 R 8.0 44 3 0 802
2034072343 1 130076 R 19.0 44 6 1 803
2034306143 1 130091 R 13.0 44 4 1 804
2035016839 1 130137 R 12.0 44 4 0 805
2035087956 1 130141 R 6.0 44 2 0 806
2036663759 1 130242 R 17.0 44 6 0 807
2039400100 1 130417 R 3.0 44 1 0 808
2040786708 1 130506 R 9.0 44 3 0 809
2042704884 1 130629 R 18.0 44 6 0 810
2047096709 1 130910 R 5.0 45 2 0 811
2048303502 1 130987 R 4.0 45 1 0 812
2052507084 1 131256 R 17.0 45 6 0 813
2052993356 1 131287 R 13.0 45 4 1 814
2053745794 1 131335 R 7.0 45 2 0 815
2056640880 1 131520 R 11.0 45 4 0 816
2058456229 1 131637 R 8.0 45 3 0 817
2058572341 1 131644 R 6.0 45 2 0 818
2061683403 1 131843 R 10.0 45 3 0 819
2064298501 1 132011 R 18.0 45 6 0 820
2065958570 1 132117 R 9.0 45 3 0 821
2068056953 1 132251 R 19.0 45 6 1 822
2068211973 1 132261 R 14.0 45 5 1 823
2070798780 1 132427 R 15.0 45 5 0 824
2071749779 1 132487 R 16.0 45 5 0 825
2077040868 1 132826 R 3.0 45 1 0 826
2079758772 1 133000 R 2.0 45 1 0 827
2081892264 1 133137 R 12.0 45 4 0 828
2085126080 1 133343 R 12.0 46 4 0 829
2087440603 1 133492 R 5.0 46 2 0 830
2088727750 1 133574 R 13.0 46 4 1 831
2088985865 1 133591 R 15.0 46 5 0 832
2096992914 1 134103 R 14.0 46 5 1 833
2099652154 1 134273 R 10.0 46 3 0 834
2101118866 1 134367 R 3.0 46 1 0 835
2104980279 1 134614 R 7.0 46 2 0 836
2105400330 1 134641 R 19.0 46 6 2 837
2108196122 1 134820 R 2.0 46 1 0 838
2113100050 1 135134 R 9.0 46 3 284 839
2113161271 1 135138 R 17.0 46 6 494 840
2114470372 1 135222 R 18.0 46 6 0 841
2117244367 1 135399 R 6.0 46 2 0 842
2117359964 1 135406 R 11.0 46 4 0 843
2118190889 1 135460 R 8.0 46 3 0 844
2119694386 1 135556 R 4.0 46 1 0 845
2119968383 1 135573 R 16.0 46 5 0 846
2124828175 1 135884 R 11.0 47 4 0 847
2127333255 1 136045 R 9.0 47 3 0 848
2127511358 1 136056 R 10.0 47 3 0 849
2129378102 1 136176 R 5.0 47 2 0 850
2129735465 1 136198 R 12.0 47 4 0 851
2132649759 1 136385 R 13.0 47 4 1 852
2134173383 1 136483 R 15.0 47 5 0 853
2135003113 1 136536 R 8.0 47 3 0 854
2137952515 1 136724 R 16.0 47 5 0 855
2138491760 1 136759 R 17.0 47 6 0 856
2139579659 1 136829 R 18.0 47 6 0 857
2140008737 1 136856 R 14.0 47 5 1 858
2142652353 1 137025 R 7.0 47 2 0 859
2144853770 1 137166 R 6.0 47 2 0 860
2145618006 1 137215 R 2.0 47 1 0 861
2145884630 1 137232 R 3.0 47 1 0 862
2146272501 1 137257 R 4.0 47 1 0 863
2157338248 1 137965 R 19.0 47 6 1 864
2164015688 1 138392 R 11.0 48 4 0 865
2169552046 1 138747 R 9.0 48 3 0 866
2171605126 1 138878 R 10.0 48 3 0 867
2174815478 1 139084 R 8.0 48 3 0 868
2175336626 1 139117 R 2.0 48 1 0 869
2178602780 1 139326 R 13.0 48 4 1 870
2180173313 1 139427 R 18.0 48 6 0 871
2182360994 1 139567 R 15.0 48 5 0 872
2182971856 1 139606 R 5.0 48 2 0 873
2184460510 1 139701 R 17.0 48 6 0 874
2188196226 1 139940 R 14.0 48 5 1 875
2191296521 1 140138 R 16.0 48 5 0 876
2191610897 1 140159 R 12.0 48 4 0 877
2193022499 1 140249 R 4.0 48 1 0 878
2194447498 1 140340 R 6.0 48 2 0 879
2199072142 1 140636 R 3.0 48 1 0 880
2199558671 1 140667 R 7.0 48 2 0 881
2199932031 1 140691 R 19.0 48 6 1 882
2204042619 1 140954 R 7.0 49 2 0 883
2205143586 1 141025 R 5.0 49 2 0 884
2206619064 1 141119 R 6.0 49 2 0 885
2207844991 1 141198 R 18.0 49 6 0 886
2208342990 1 141229 R 16.0 49 5 0 887
2209448868 1 141300 R 10.0 49 3 0 888
2209719838 1 141317 R 12.0 49 4 0 889
2216375407 1 141743 R 11.0 49 4 0 890
2220944249 1 142036 R 4.0 49 1 0 891
2226071047 1 142364 R 2.0 49 1 0 892
2231383725 1 142704 R 14.0 49 5 1 893
2231564270 1 142716 R 15.0 49 5 0 894
2232025085 1 142745 R 13.0 49 4 1 895
2232603863 1 142782 R 19.0 49 6 1 896
2234706521 1 142917 R 8.0 49 3 0 897
2236536859 1 143034 R 9.0 49 3 0 898
2240320233 1 143276 R 17.0 49 6 0 899
2241025268 1 143321 R 3.0 49 1 0 900
2248708355 1 143813 R 9.0 50 3 0 901
2253827539 1 144140 R 16.0 50 5 0 902
2255735965 1 144263 R 15.0 50 5 0 903
2256165587 1 144290 R 3.0 50 1 0 904
2256745791 1 144327 R 10.0 50 3 0 905
2256992857 1 144343 R 2.0 50 1 0 906
2257728407 1 144390 R 6.0 50 2 0 907
2262866897 1 144719 R 17.0 50 6 0 908
2266362481 1 144943 R 5.0 50 2 0 909
2266790005 1 144970 R 14.0 50 5 1 910
2270324069 1 145196 R 7.0 50 2 0 911
2271033019 1 145242 R 18.0 50 6 0 912
2276053756 1 145563 R 4.0 50 1 0 913
2276268880 1 145577 R 8.0 50 3 0 914
2276313034 1 145579 R 11.0 50 4 0 915
2279360805 1 145775 R 12.0 50 4 0 916
2280478319 1 145846 R 13.0 50 4 1 917
2282213354 1 145957 R 19.0 50 6 1 918
2285214437 1 146149 R 10.0 51 3 0 919
2285392106 1 146161 R 18.0 51 6 0 920
2287250259 1 146279 R 11.0 51 4 0 921
2288253110 1 146344 R 8.0 51 3 0 922
2289853094 1 146446 R 3.0 51 1 0 923
2289927321 1 146451 R 9.0 51 3 0 924
2290846738 1 146510 R 5.0 51 2 0 925
2292803619 1 146635 R 4.0 51 1 0 926
2296469976 1 146870 R 12.0 51 4 0 927
2296923600 1 146899 R 15.0 51 5 0 928
2302171611 1 147234 R 16.0 51 5 0 929
2303477517 1 147318 R 14.0 51 5 1 930
2303806992 1 147339 R 19.0 51 6 1 931
2307835801 1 147597 R 17.0 51 6 0 932
2308525536 1 147641 R 6.0 51 2 0 933
2317711779 1 148229 R 2.0 51 1 0 934
2319400250 1 148337 R 13.0 51 4 1 935
2320371172 1 148399 R 7.0 51 2 0 936
2325180370 1 148707 R 2.0 52 1 0 937
2326614609 1 148799 R 9.0 52 3 0 938
2329190475 1 148964 R 5.0 52 2 0 939
2331343990 1 149101 R 11.0 52 4 0 940
2332066035 1 149148 R 8.0 52 3 0 941
2333553609 1 149243 R 4.0 52 1 0 942
2338681261 1 149571 R 3.0 52 1 0 943
2343555452 1 149883 R 14.0 52 5 1 944
2345844965 1 150030 R 12.0 52 4 0 945
2346486019 1 150071 R 18.0 52 6 0 946
2347194917 1 150116 R 17.0 52 6 0 947
2347876774 1 150160 R 15.0 52 5 0 948
2348259450 1 150184 R 13.0 52 4 1 949
2348718551 1 150213 R 16.0 52 5 0 950
2353978980 1 150550 R 19.0 52 6 1 951
2354324253 1 150572 R 10.0 52 3 0 952
2354527385 1 150585 R 7.0 52 2 0 953
2355994339 1 150679 R 6.0 52 2 0 954
2363789757 1 151178 R 2.0 53 1 0 955
2364298377 1 151211 R 15.0 53 5 0 956
2369187729 1 151523 R 11.0 53 4 0 957
2370917669 1 151634 R 10.0 53 3 0 958
2374303624 1 151851 R 4.0 53 1 0 959
2374407807 1 151858 R 18.0 53 6 0 960
2376433399 1 151987 R 7.0 53 2 0 961
2378196789 1 152100 R 13.0 53 4 1 962
2379088035 1 152157 R 19.0 53 6 1 963
2382083562 1 152349 R 9.0 53 3 0 964
2382603645 1 152382 R 6.0 53 2 0 965
2383128118 1 152416 R 5.0 53 2 0 966
2383241923 1 152423 R 17.0 53 6 0 967
2388493267 1 152759 R 14.0 53 5 1 968
2392892093 1 153041 R 12.0 53 4 0 969
2393687392 1 153091 R 16.0 53 5 0 970
2398878924 1 153424 R 8.0 53 3 0 971
