249481050 1 15862 R 16.0 0 5 0 1
249842495 1 15885 R 15.0 0 5 0 2
250177748 1 15907 R 14.0 0 5 0 3
269134424 1 17120 R 7.0 0 2 0 4
269460750 1 17141 R 6.0 0 2 1 5
269480153 1 17142 R 3.0 0 1 0 6
269499460 1 17143 R 5.0 0 2 0 7
269646980 1 17153 R 2.0 0 1 0 8
270114028 1 17183 R 4.0 0 1 0 9
278405191 1 17713 R 12.0 0 4 0 10
283463323 1 18037 R 9.0 0 3 0 11
283489487 1 18039 R 10.0 0 3 1 12
284017148 1 18073 R 8.0 0 3 0 13
290279520 1 18473 R 11.0 0 4 0 14
290348418 1 18478 R 17.0 0 6 1 15
290795807 1 18506 R 18.0 0 6 0 16
291038957 1 18522 R 13.0 0 4 1 17
297839929 1 18957 R 19.0 0 6 485 18
299571687 1 19068 R 9.0 1 3 0 19
299597820 1 19070 R 10.0 1 3 1 20
303208090 1 19301 R 14.0 1 5 1 21
307991234 1 19607 R 6.0 1 2 1 22
312171983 1 19875 R 5.0 1 2 0 23
314418064 1 20018 R 16.0 1 5 0 24
314779345 1 20041 R 15.0 1 5 0 25
322294812 1 20522 R 12.0 1 4 0 26
322716004 1 20549 R 11.0 1 4 0 27
322784734 1 20554 R 17.0 1 6 1 28
323232024 1 20582 R 18.0 1 6 0 29
323475295 1 20598 R 13.0 1 4 0 30
329000653 1 20952 R 8.0 1 3 0 31
329386303 1 20976 R 19.0 1 6 427 32
331832562 1 21133 R 4.0 1 1 0 33
340118275 1 21663 R 7.0 1 2 0 34
340460177 1 21685 R 3.0 1 1 0 35
340630609 1 21696 R 2.0 1 1 0 36
348380811 1 22192 R 19.0 2 6 0 37
352511751 1 22456 R 16.0 2 5 0 38
352873079 1 22479 R 15.0 2 5 0 39
353637829 1 22528 R 11.0 2 4 0 40
353706632 1 22533 R 17.0 2 6 1 41
354153876 1 22561 R 18.0 2 6 0 42
354397018 1 22577 R 13.0 2 4 0 43
358769927 1 22857 R 4.0 2 1 0 44
361362327 1 23023 R 9.0 2 3 0 45
364509170 1 23224 R 10.0 2 3 0 46
372906921 1 23762 R 5.0 2 2 0 47
372932756 1 23763 R 8.0 2 3 1 48
376290494 1 23978 R 7.0 2 2 0 49
376632060 1 24000 R 3.0 2 1 0 50
376803019 1 24011 R 2.0 2 1 0 51
386873231 1 24655 R 12.0 2 4 0 52
388741723 1 24775 R 6.0 2 2 1 53
389989757 1 24855 R 14.0 2 5 0 54
396520448 1 25273 R 14.0 3 5 1 55
398163291 1 25378 R 6.0 3 2 1 56
399399594 1 25457 R 7.0 3 2 0 57
399741308 1 25479 R 3.0 3 1 0 58
399760787 1 25480 R 5.0 3 2 0 59
399912165 1 25490 R 2.0 3 1 0 60
407825027 1 25996 R 11.0 3 4 0 61
408584206 1 26045 R 13.0 3 4 0 62
414565811 1 26428 R 17.0 3 6 1 63
415013019 1 26456 R 18.0 3 6 0 64
424785550 1 27082 R 4.0 3 1 0 65
430933878 1 27475 R 16.0 3 5 0 66
431295238 1 27498 R 15.0 3 5 0 67
433055880 1 27611 R 10.0 3 3 0 68
438068882 1 27932 R 19.0 3 6 0 69
438717265 1 27973 R 12.0 3 4 0 70
440596742 1 28094 R 9.0 3 3 0 71
442219705 1 28198 R 8.0 3 3 0 72
448196321 1 28580 R 7.0 4 2 0 73
448708882 1 28613 R 2.0 4 1 0 74
456024537 1 29081 R 9.0 4 3 0 75
456050538 1 29083 R 10.0 4 3 2 76
456379819 1 29104 R 14.0 4 5 1 77
462531902 1 29498 R 8.0 4 3 0 78
464678815 1 29635 R 3.0 4 1 0 79
464698381 1 29636 R 5.0 4 2 0 80
468357468 1 29870 R 12.0 4 4 0 81
480434555 1 30643 R 11.0 4 4 0 82
481193646 1 30692 R 13.0 4 4 0 83
482772870 1 30793 R 6.0 4 2 1 84
483224554 1 30822 R 19.0 4 6 0 85
488112742 1 31135 R 17.0 4 6 1 86
488560027 1 31163 R 18.0 4 6 0 87
489293293 1 31210 R 16.0 4 5 0 88
489654612 1 31233 R 15.0 4 5 0 89
491379326 1 31344 R 4.0 4 1 0 90
499230265 1 31846 R 16.0 5 5 0 91
499591545 1 31869 R 15.0 5 5 0 92
502443185 1 32052 R 19.0 5 6 0 93
502772499 1 32073 R 3.0 5 1 0 94
505736922 1 32263 R 9.0 5 3 0 95
507665202 1 32386 R 7.0 5 2 0 96
508177735 1 32419 R 2.0 5 1 0 97
508547543 1 32443 R 8.0 5 3 0 98
508804070 1 32459 R 6.0 5 2 1 99
509384160 1 32496 R 10.0 5 3 0 100
511723175 1 32646 R 4.0 5 1 0 101
513786448 1 32778 R 14.0 5 5 0 102
530076712 1 33820 R 12.0 5 4 0 103
530626038 1 33856 R 5.0 5 2 0 104
542028722 1 34585 R 11.0 5 4 0 105
542097537 1 34590 R 17.0 5 6 1 106
542544828 1 34618 R 18.0 5 6 0 107
542788009 1 34634 R 13.0 5 4 0 108
545824340 1 34828 R 16.0 6 5 0 109
545927943 1 34835 R 19.0 6 6 0 110
546185686 1 34851 R 15.0 6 5 0 111
557910684 1 35602 R 4.0 6 1 0 112
561069937 1 35804 R 6.0 6 2 1 113
563430932 1 35955 R 10.0 6 3 0 114
568471660 1 36278 R 9.0 6 3 0 115
572708455 1 36549 R 14.0 6 5 1 116
578157289 1 36898 R 8.0 6 3 0 117
580853204 1 37070 R 7.0 6 2 0 118
581365627 1 37103 R 2.0 6 1 0 119
583200568 1 37220 R 11.0 6 4 0 120
583269363 1 37225 R 17.0 6 6 1 121
583716653 1 37253 R 18.0 6 6 0 122
583959773 1 37269 R 13.0 6 4 0 123
586030122 1 37401 R 12.0 6 4 0 124
586922928 1 37459 R 5.0 6 2 0 125
592210417 1 37797 R 3.0 6 1 0 126
597393524 1 38129 R 9.0 7 3 0 127
598259138 1 38184 R 10.0 7 3 0 128
601490009 1 38391 R 14.0 7 5 0 129
602113898 1 38431 R 4.0 7 1 0 130
602226170 1 38438 R 6.0 7 2 1 131
602419189 1 38450 R 11.0 7 4 0 132
602487841 1 38455 R 17.0 7 6 1 133
602610229 1 38463 R 5.0 7 2 0 134
602935102 1 38483 R 18.0 7 6 0 135
603178473 1 38499 R 13.0 7 4 0 136
614272370 1 39209 R 19.0 7 6 0 137
625405959 1 39921 R 12.0 7 4 0 138
633383042 1 40432 R 3.0 7 1 0 139
635673965 1 40579 R 8.0 7 3 0 140
636572840 1 40636 R 7.0 7 2 0 141
637085275 1 40669 R 2.0 7 1 0 142
638497484 1 40759 R 16.0 7 5 0 143
638858992 1 40782 R 15.0 7 5 0 144
646095213 1 41246 R 5.0 8 2 0 145
648253722 1 41384 R 9.0 8 3 0 146
649150688 1 41441 R 7.0 8 2 0 147
649663198 1 41474 R 2.0 8 1 0 148
652601631 1 41662 R 3.0 8 1 0 149
653806882 1 41739 R 10.0 8 3 1 150
653835687 1 41741 R 4.0 8 1 1 151
659783143 1 42122 R 8.0 8 3 0 152
661107538 1 42206 R 11.0 8 4 0 153
661866778 1 42255 R 13.0 8 4 1 154
667499556 1 42615 R 12.0 8 4 0 155
670457766 1 42805 R 17.0 8 6 1 156
670905125 1 42833 R 18.0 8 6 0 157
673086688 1 42973 R 6.0 8 2 1 158
682716226 1 43589 R 16.0 8 5 0 159
682820023 1 43596 R 19.0 8 6 1 160
683077830 1 43612 R 15.0 8 5 0 161
686507179 1 43832 R 14.0 8 5 1 162
695095503 1 44382 R 8.0 9 3 0 163
695744363 1 44423 R 7.0 9 2 0 164
696086011 1 44445 R 3.0 9 1 0 165
696256854 1 44456 R 2.0 9 1 0 166
703800776 1 44939 R 9.0 9 3 0 167
705403384 1 45041 R 16.0 9 5 0 168
705764923 1 45064 R 15.0 9 5 0 169
705804196 1 45067 R 19.0 9 6 1 170
707791420 1 45194 R 10.0 9 3 1 171
707874660 1 45199 R 12.0 9 4 0 172
708303761 1 45227 R 14.0 9 5 1 173
718883477 1 45904 R 6.0 9 2 1 174
728302289 1 46507 R 4.0 9 1 0 175
738645389 1 47169 R 17.0 9 6 1 176
738767417 1 47177 R 5.0 9 2 0 177
739092668 1 47197 R 18.0 9 6 0 178
740342337 1 47277 R 11.0 9 4 0 179
741101553 1 47326 R 13.0 9 4 1 180
751135113 1 47968 R 10.0 10 3 1 181
752642596 1 48065 R 8.0 10 3 0 182
753390197 1 48112 R 12.0 10 4 0 183
755692982 1 48260 R 4.0 10 1 0 184
756069201 1 48284 R 14.0 10 5 0 185
757785216 1 48394 R 9.0 10 3 0 186
760633509 1 48576 R 6.0 10 2 1 187
764430088 1 48819 R 3.0 10 1 0 188
768137974 1 49056 R 16.0 10 5 0 189
768241775 1 49063 R 19.0 10 6 1 190
768499580 1 49079 R 15.0 10 5 0 191
778186047 1 49699 R 11.0 10 4 0 192
778254983 1 49704 R 17.0 10 6 1 193
778702223 1 49732 R 18.0 10 6 0 194
778945398 1 49748 R 13.0 10 4 1 195
782986494 1 50007 R 5.0 10 2 0 196
788416824 1 50354 R 7.0 10 2 0 197
788929226 1 50387 R 2.0 10 1 0 198
796536736 1 50874 R 4.0 11 1 0 199
797059798 1 50907 R 16.0 11 5 0 200
797163541 1 50914 R 19.0 11 6 1 201
797421326 1 50930 R 15.0 11 5 0 202
801128960 1 51168 R 9.0 11 3 0 203
805482761 1 51446 R 11.0 11 4 0 204
805848612 1 51470 R 17.0 11 6 1 205
805970580 1 51478 R 5.0 11 2 0 206
806242103 1 51495 R 13.0 11 4 1 207
806295996 1 51498 R 18.0 11 6 0 208
817289889 1 52202 R 6.0 11 2 1 209
817975999 1 52246 R 14.0 11 5 1 210
821093796 1 52445 R 12.0 11 4 0 211
832635526 1 53184 R 7.0 11 2 0 212
832976967 1 53206 R 3.0 11 1 0 213
833147988 1 53217 R 2.0 11 1 0 214
835205530 1 53349 R 8.0 11 3 0 215
838182483 1 53539 R 10.0 11 3 1 216
845647357 1 54017 R 14.0 12 5 0 217
847919239 1 54162 R 16.0 12 5 0 218
848280774 1 54185 R 15.0 12 5 0 219
849351334 1 54254 R 19.0 12 6 1 220
851696038 1 54404 R 6.0 12 2 1 221
855619722 1 54655 R 7.0 12 2 0 222
855945596 1 54676 R 3.0 12 1 0 223
856132175 1 54688 R 2.0 12 1 0 224
857234245 1 54758 R 12.0 12 4 0 225
859314381 1 54892 R 5.0 12 2 0 226
867939764 1 55444 R 8.0 12 3 0 227
868217279 1 55461 R 11.0 12 4 0 228
868286236 1 55466 R 17.0 12 6 1 229
868733508 1 55494 R 18.0 12 6 0 230
868976641 1 55510 R 13.0 12 4 1 231
886151363 1 56609 R 10.0 12 3 1 232
887130753 1 56672 R 4.0 12 1 0 233
888176346 1 56739 R 9.0 12 3 0 234
897207707 1 57317 R 17.0 13 6 1 235
897654922 1 57345 R 18.0 13 6 0 236
903466267 1 57717 R 16.0 13 5 0 237
903570094 1 57724 R 19.0 13 6 1 238
903827783 1 57740 R 15.0 13 5 0 239
904038391 1 57754 R 14.0 13 5 1 240
907791640 1 57994 R 7.0 13 2 0 241
908304049 1 58027 R 2.0 13 1 0 242
909109367 1 58078 R 12.0 13 4 0 243
909305096 1 58091 R 3.0 13 1 0 244
910752307 1 58184 R 8.0 13 3 0 245
913361355 1 58351 R 5.0 13 2 0 246
914338687 1 58413 R 10.0 13 3 1 247
915061190 1 58459 R 11.0 13 4 0 248
915820432 1 58508 R 13.0 13 4 1 249
925430817 1 59123 R 6.0 13 2 1 250
941474518 1 60150 R 4.0 13 1 0 251
941660678 1 60162 R 9.0 13 3 0 252
947998221 1 60567 R 11.0 14 4 0 253
948067146 1 60572 R 17.0 14 6 1 254
948514438 1 60600 R 18.0 14 6 0 255
948757581 1 60616 R 13.0 14 4 1 256
950557203 1 60731 R 10.0 14 3 1 257
951437382 1 60787 R 12.0 14 4 0 258
955568122 1 61052 R 4.0 14 1 0 259
956048617 1 61083 R 5.0 14 2 0 260
956564772 1 61116 R 8.0 14 3 0 261
957450705 1 61172 R 16.0 14 5 0 262
957554623 1 61179 R 19.0 14 6 1 263
957812239 1 61195 R 15.0 14 5 0 264
963351977 1 61550 R 3.0 14 1 0 265
964901143 1 61649 R 7.0 14 2 0 266
965413611 1 61682 R 2.0 14 1 0 267
966004448 1 61720 R 9.0 14 3 0 268
982194779 1 62756 R 14.0 14 5 1 269
983196295 1 62820 R 6.0 14 2 1 270
995541209 1 63610 R 10.0 15 3 1 271
998726029 1 63814 R 19.0 15 6 1 272
1000794202 1 63946 R 16.0 15 5 0 273
1001155646 1 63969 R 15.0 15 5 0 274
1003545128 1 64122 R 11.0 15 4 0 275
1003614198 1 64127 R 17.0 15 6 1 276
1003736063 1 64135 R 5.0 15 2 0 277
1004061457 1 64155 R 18.0 15 6 0 278
1004304595 1 64171 R 13.0 15 4 1 279
1005697837 1 64260 R 7.0 15 2 0 280
1006039351 1 64282 R 3.0 15 1 0 281
1006210292 1 64293 R 2.0 15 1 0 282
1022098047 1 65310 R 9.0 15 3 0 283
1022647249 1 65345 R 4.0 15 1 0 284
1025486637 1 65527 R 8.0 15 3 0 285
1030930538 1 65875 R 6.0 15 2 1 286
1033101029 1 66014 R 14.0 15 5 1 287
1041812629 1 66571 R 12.0 15 4 0 288
1044583590 1 66749 R 4.0 16 1 0 289
1052678558 1 67267 R 14.0 16 5 0 290
1053385286 1 67312 R 7.0 16 2 0 291
1053897817 1 67345 R 2.0 16 1 0 292
1054187147 1 67363 R 12.0 16 4 0 293
1054513893 1 67384 R 11.0 16 4 0 294
1055273210 1 67433 R 13.0 16 4 1 295
1055713341 1 67461 R 10.0 16 3 1 296
1057598573 1 67582 R 17.0 16 6 1 297
1057720731 1 67590 R 5.0 16 2 0 298
1058045831 1 67610 R 18.0 16 6 0 299
1058549165 1 67643 R 8.0 16 3 0 300
1075519975 1 68729 R 9.0 16 3 0 301
1080117751 1 69023 R 3.0 16 1 0 302
1087841437 1 69517 R 16.0 16 5 0 303
1087945244 1 69524 R 19.0 16 6 1 304
1088202977 1 69540 R 15.0 16 5 0 305
1088696314 1 69572 R 6.0 16 2 1 306
1096349235 1 70062 R 4.0 17 1 0 307
1097452660 1 70132 R 12.0 17 4 0 308
1098701313 1 70212 R 11.0 17 4 0 309
1098892362 1 70225 R 5.0 17 2 0 310
1099460542 1 70261 R 13.0 17 4 1 311
1100932164 1 70355 R 10.0 17 3 1 312
1100959142 1 70357 R 17.0 17 6 2 313
1101389465 1 70384 R 18.0 17 6 0 314
1105707455 1 70661 R 9.0 17 3 0 315
1107369886 1 70767 R 7.0 17 2 0 316
1107710263 1 70789 R 14.0 17 5 1 317
1107882416 1 70800 R 2.0 17 1 0 318
1112611790 1 71103 R 8.0 17 3 0 319
1114852550 1 71246 R 6.0 17 2 1 320
1120414629 1 71602 R 3.0 17 1 0 321
1141325810 1 72940 R 16.0 17 5 0 322
1141429622 1 72947 R 19.0 17 6 1 323
1141687326 1 72963 R 15.0 17 5 0 324
1144810743 1 73163 R 11.0 18 4 0 325
1145001731 1 73176 R 5.0 18 2 0 326
1145570065 1 73212 R 13.0 18 4 1 327
1148541644 1 73402 R 7.0 18 2 0 328
1148883237 1 73424 R 3.0 18 1 0 329
1149054110 1 73435 R 2.0 18 1 0 330
1151850723 1 73614 R 14.0 18 5 0 331
1153921735 1 73746 R 12.0 18 4 0 332
1165669435 1 74498 R 16.0 18 5 0 333
1165773081 1 74505 R 19.0 18 6 1 334
1166030958 1 74521 R 15.0 18 5 0 335
1167443143 1 74612 R 4.0 18 1 0 336
1167760522 1 74632 R 10.0 18 3 1 337
1175180578 1 75107 R 6.0 18 2 1 338
1179814817 1 75404 R 8.0 18 3 0 339
1187989515 1 75927 R 17.0 18 6 1 340
1188436857 1 75955 R 18.0 18 6 0 341
1190817050 1 76108 R 9.0 18 3 0 342
1194650940 1 76353 R 7.0 19 2 0 343
1194992514 1 76375 R 3.0 19 1 0 344
1195163447 1 76386 R 2.0 19 1 0 345
1196352277 1 76462 R 6.0 19 2 1 346
1199307066 1 76651 R 10.0 19 3 1 347
1200216260 1 76709 R 16.0 19 5 0 348
1200319960 1 76716 R 19.0 19 6 1 349
1200577785 1 76732 R 15.0 19 5 0 350
1217613641 1 77823 R 9.0 19 3 0 351
1225736645 1 78343 R 8.0 19 3 0 352
1227366494 1 78447 R 14.0 19 5 0 353
1232676869 1 78787 R 17.0 19 6 1 354
1233124245 1 78815 R 18.0 19 6 0 355
1239796974 1 79242 R 12.0 19 4 0 356
1241405074 1 79345 R 11.0 19 4 0 357
1241595934 1 79358 R 5.0 19 2 0 358
1242164322 1 79394 R 13.0 19 4 1 359
1242287439 1 79402 R 4.0 19 1 0 360
1244897355 1 79569 R 14.0 20 5 0 361
1245200622 1 79588 R 16.0 20 5 0 362
1245562060 1 79611 R 15.0 20 5 0 363
1254990289 1 80215 R 4.0 20 1 0 364
1264076512 1 80796 R 11.0 20 4 0 365
1264267458 1 80809 R 5.0 20 2 0 366
1264835810 1 80845 R 13.0 20 4 1 367
1268799027 1 81099 R 8.0 20 3 0 368
1270276024 1 81193 R 10.0 20 3 1 369
1271911128 1 81298 R 17.0 20 6 1 370
1272358474 1 81326 R 18.0 20 6 0 371
1274258656 1 81448 R 6.0 20 2 1 372
1276374988 1 81583 R 12.0 20 4 0 373
1279007750 1 81752 R 19.0 20 6 1 374
1282789610 1 81994 R 3.0 20 1 0 375
1283082609 1 82013 R 9.0 20 3 0 376
1291245115 1 82535 R 7.0 20 2 0 377
1291757458 1 82568 R 2.0 20 1 0 378
1300295122 1 83114 R 11.0 21 4 0 379
1300486072 1 83127 R 5.0 21 2 0 380
1300591111 1 83133 R 16.0 21 5 0 381
1300952643 1 83156 R 15.0 21 5 0 382
1301054593 1 83163 R 13.0 21 4 1 383
1307754874 1 83592 R 17.0 21 6 1 384
1308202224 1 83620 R 18.0 21 6 0 385
1309709164 1 83717 R 4.0 21 1 0 386
1311742102 1 83847 R 19.0 21 6 1 387
1313916736 1 83986 R 7.0 21 2 0 388
1314429237 1 84019 R 2.0 21 1 0 389
1318750023 1 84295 R 12.0 21 4 0 390
1320861784 1 84431 R 8.0 21 3 0 391
1321915030 1 84498 R 6.0 21 2 1 392
1322023982 1 84505 R 3.0 21 1 0 393
1330463715 1 85045 R 10.0 21 3 1 394
1334257284 1 85288 R 14.0 21 5 1 395
1339692083 1 85636 R 9.0 21 3 0 396
1345279506 1 85993 R 11.0 22 4 0 397
1345923872 1 86035 R 8.0 22 3 0 398
1346038805 1 86042 R 13.0 22 4 1 399
1350135493 1 86304 R 7.0 22 2 0 400
1350647858 1 86337 R 2.0 22 1 0 401
1354663124 1 86594 R 14.0 22 5 0 402
1355520462 1 86649 R 17.0 22 6 1 403
1355967704 1 86677 R 18.0 22 6 0 404
1357988724 1 86807 R 9.0 22 3 0 405
1364765594 1 87240 R 12.0 22 4 0 406
1367664942 1 87426 R 6.0 22 2 1 407
1375445767 1 87924 R 3.0 22 1 0 408
1376573057 1 87996 R 10.0 22 3 1 409
1378974812 1 88150 R 4.0 22 1 0 410
1379173851 1 88163 R 5.0 22 2 0 411
1389075846 1 88796 R 16.0 22 5 0 412
1389437356 1 88819 R 15.0 22 5 0 413
1390585863 1 88893 R 19.0 22 6 1 414
1395819197 1 89228 R 14.0 23 5 0 415
1397734053 1 89350 R 12.0 23 4 0 416
1400670262 1 89538 R 11.0 23 4 0 417
1400739106 1 89543 R 17.0 23 6 1 418
1401186313 1 89571 R 18.0 23 6 0 419
1401429630 1 89587 R 13.0 23 4 1 420
1403510389 1 89720 R 10.0 23 3 1 421
1405068535 1 89820 R 4.0 23 1 0 422
1405633297 1 89856 R 3.0 23 1 0 423
1409071155 1 90076 R 6.0 23 2 1 424
1411908085 1 90258 R 5.0 23 2 0 425
1417382639 1 90608 R 19.0 23 6 1 426
1424037754 1 91034 R 16.0 23 5 424 427
1424066642 1 91036 R 15.0 23 5 403 428
1424093088 1 91037 R 8.0 23 3 8 429
1428823105 1 91340 R 7.0 23 2 0 430
1429335538 1 91373 R 2.0 23 1 0 431
1429723295 1 91398 R 9.0 23 3 0 432
1443644441 1 92289 R 9.0 24 3 0 433
1446755908 1 92488 R 4.0 24 1 0 434
1448821301 1 92620 R 6.0 24 2 0 435
1448965965 1 92629 R 16.0 24 5 0 436
1449327400 1 92652 R 15.0 24 5 0 437
1461557194 1 93435 R 7.0 24 2 0 438
1462069680 1 93468 R 2.0 24 1 0 439
1470522322 1 94009 R 14.0 24 5 0 440
1477603973 1 94462 R 10.0 24 3 1 441
1482851020 1 94798 R 19.0 24 6 1 442
1485689625 1 94980 R 8.0 24 3 0 443
1486452809 1 95028 R 12.0 24 4 0 444
1489154687 1 95201 R 11.0 24 4 0 445
1489223497 1 95206 R 17.0 24 6 1 446
1489670716 1 95234 R 18.0 24 6 0 447
1489914141 1 95250 R 13.0 24 4 1 448
1490742653 1 95303 R 3.0 24 1 0 449
1490762842 1 95304 R 5.0 24 2 1 450
1494950283 1 95572 R 16.0 25 5 0 451
1495311642 1 95595 R 15.0 25 5 0 452
1501977557 1 96022 R 6.0 25 2 0 453
1502084037 1 96029 R 4.0 25 1 0 454
1510363176 1 96559 R 9.0 25 3 0 455
1517498245 1 97015 R 11.0 25 4 0 456
1517539385 1 97018 R 3.0 25 1 0 457
1517689244 1 97028 R 5.0 25 2 0 458
1523934523 1 97427 R 17.0 25 6 409 459
1529662207 1 97794 R 18.0 25 6 745 460
1529690461 1 97796 R 13.0 25 4 732 461
1530905982 1 97873 R 12.0 25 4 0 462
1533413098 1 98034 R 14.0 25 5 0 463
1538502150 1 98360 R 8.0 25 3 0 464
1539014510 1 98392 R 10.0 25 3 997 465
1539460764 1 98421 R 19.0 25 6 1 466
1540401243 1 98481 R 7.0 25 2 0 467
1540913660 1 98514 R 2.0 25 1 0 468
1549044969 1 99034 R 11.0 26 4 0 469
1549113855 1 99039 R 17.0 26 6 1 470
1549561049 1 99067 R 18.0 26 6 0 471
1549804291 1 99083 R 13.0 26 4 1 472
1554569211 1 99388 R 14.0 26 5 0 473
1557757419 1 99592 R 19.0 26 6 1 474
1565783929 1 100106 R 5.0 26 2 0 475
1567198863 1 100196 R 7.0 26 2 0 476
1567711159 1 100229 R 2.0 26 1 0 477
1569194371 1 100324 R 4.0 26 1 0 478
1571214391 1 100453 R 10.0 26 3 1 479
1577598815 1 100862 R 9.0 26 3 0 480
1578322420 1 100908 R 6.0 26 2 0 481
1580123529 1 101023 R 16.0 26 5 0 482
1580484982 1 101046 R 15.0 26 5 0 483
1584174978 1 101283 R 8.0 26 3 0 484
1589618579 1 101631 R 3.0 26 1 0 485
1590797645 1 101706 R 12.0 26 4 0 486
1594432770 1 101939 R 10.0 27 3 1 487
1595030110 1 101977 R 11.0 27 4 0 488
1595546282 1 102010 R 18.0 27 6 0 489
1595789493 1 102026 R 13.0 27 4 1 490
1603341946 1 102509 R 16.0 27 5 0 491
1603703391 1 102532 R 15.0 27 5 0 492
1607802464 1 102795 R 17.0 27 6 1 493
1607915155 1 102802 R 3.0 27 1 0 494
1612038103 1 103066 R 4.0 27 1 0 495
1613020510 1 103129 R 9.0 27 3 0 496
1617478656 1 103414 R 6.0 27 2 0 497
1619375532 1 103535 R 12.0 27 4 0 498
1620205843 1 103589 R 5.0 27 2 0 499
1629492786 1 104183 R 19.0 27 6 1 500
1632476543 1 104374 R 14.0 27 5 0 501
1632667729 1 104386 R 7.0 27 2 0 502
1633180078 1 104419 R 2.0 27 1 0 503
1642284348 1 105002 R 8.0 27 3 0 504
1648889865 1 105424 R 18.0 28 6 0 505
1651299555 1 105579 R 8.0 28 3 0 506
1654379678 1 105776 R 9.0 28 3 0 507
1660826238 1 106188 R 16.0 28 5 0 508
1661187692 1 106211 R 15.0 28 5 0 509
1671132519 1 106848 R 14.0 28 5 0 510
1676336225 1 107181 R 19.0 28 6 1 511
1679649581 1 107393 R 3.0 28 1 0 512
1679709998 1 107397 R 4.0 28 1 0 513
1680202242 1 107428 R 11.0 28 4 0 514
1680271283 1 107433 R 17.0 28 6 1 515
1680393340 1 107441 R 5.0 28 2 0 516
1680961655 1 107477 R 13.0 28 4 1 517
1685120829 1 107743 R 10.0 28 3 1 518
1688385014 1 107952 R 6.0 28 2 0 519
1689277147 1 108009 R 7.0 28 2 0 520
1689750760 1 108039 R 12.0 28 4 0 521
1689789499 1 108042 R 2.0 28 1 0 522
1693458270 1 108277 R 17.0 29 6 1 523
1693571406 1 108284 R 3.0 29 1 0 524
1693592197 1 108285 R 5.0 29 2 0 525
1703273561 1 108905 R 19.0 29 6 1 526
1703420831 1 108914 R 11.0 29 4 0 527
1703473528 1 108918 R 9.0 29 3 0 528
1703937103 1 108947 R 18.0 29 6 0 529
1704180259 1 108963 R 13.0 29 4 1 530
1706594294 1 109117 R 12.0 29 4 0 531
1707573877 1 109180 R 7.0 29 2 0 532
1708086152 1 109213 R 2.0 29 1 0 533
1721753101 1 110088 R 8.0 29 3 0 534
1727776976 1 110473 R 10.0 29 3 1 535
1731498532 1 110711 R 16.0 29 5 0 536
1731859970 1 110734 R 15.0 29 5 0 537
1736135178 1 111008 R 6.0 29 2 0 538
1737429833 1 111091 R 14.0 29 5 0 539
1739319520 1 111212 R 4.0 29 1 0 540
1753439941 1 112116 R 5.0 30 2 0 541
1756135890 1 112288 R 10.0 30 3 1 542
1756366761 1 112303 R 14.0 30 5 0 543
1760177238 1 112547 R 17.0 30 6 1 544
1760290181 1 112554 R 3.0 30 1 0 545
1760905351 1 112593 R 11.0 30 4 0 546
1761421461 1 112626 R 18.0 30 6 0 547
1761664649 1 112642 R 13.0 30 4 1 548
1762395639 1 112689 R 9.0 30 3 0 549
1771969262 1 113301 R 12.0 30 4 0 550
1773107624 1 113374 R 16.0 30 5 0 551
1773469130 1 113397 R 15.0 30 5 0 552
1775619295 1 113535 R 6.0 30 2 0 553
1777069367 1 113628 R 4.0 30 1 0 554
1777367604 1 113647 R 19.0 30 6 1 555
1779308283 1 113771 R 7.0 30 2 0 556
1779820714 1 113804 R 2.0 30 1 0 557
1789221856 1 114406 R 8.0 30 3 0 558
1804609455 1 115390 R 12.0 31 4 0 559
1811897859 1 115857 R 14.0 31 5 0 560
1812788920 1 115914 R 19.0 31 6 0 561
1818540875 1 116282 R 6.0 31 2 0 562
1823254654 1 116584 R 9.0 31 3 0 563
1823986933 1 116631 R 5.0 31 2 0 564
1826151890 1 116769 R 7.0 31 2 0 565
1826664268 1 116802 R 2.0 31 1 0 566
1826912983 1 116818 R 4.0 31 1 0 567
1827411557 1 116850 R 17.0 31 6 1 568
1827524678 1 116857 R 3.0 31 1 0 569
1831577225 1 117116 R 11.0 31 4 0 570
1832093322 1 117149 R 18.0 31 6 0 571
1832336579 1 117165 R 13.0 31 4 1 572
1832404498 1 117169 R 16.0 31 5 0 573
1832766038 1 117192 R 15.0 31 5 0 574
1840487809 1 117687 R 8.0 31 3 0 575
1843152007 1 117857 R 10.0 31 3 1 576
1853089148 1 118493 R 7.0 32 2 0 577
1853118286 1 118495 R 4.0 32 1 1 578
1853601760 1 118526 R 2.0 32 1 0 579
1854148287 1 118561 R 19.0 32 6 0 580
1857348365 1 118766 R 9.0 32 3 0 581
1862833445 1 119117 R 17.0 32 6 1 582
1862946459 1 119124 R 3.0 32 1 0 583
1868846865 1 119502 R 8.0 32 3 0 584
1868931520 1 119507 R 6.0 32 2 0 585
1870873021 1 119631 R 16.0 32 5 0 586
1871234463 1 119654 R 15.0 32 5 0 587
1873186600 1 119779 R 11.0 32 4 0 588
1873702809 1 119812 R 18.0 32 6 0 589
1873945913 1 119828 R 13.0 32 4 1 590
1874484949 1 119862 R 12.0 32 4 0 591
1879179581 1 120163 R 14.0 32 5 0 592
1882674699 1 120387 R 5.0 32 2 0 593
1891870672 1 120975 R 10.0 32 3 1 594
1898210377 1 121381 R 14.0 33 5 0 595
1901393651 1 121585 R 8.0 33 3 0 596
1903242042 1 121703 R 19.0 33 6 0 597
1904192745 1 121764 R 17.0 33 6 1 598
1904305790 1 121771 R 3.0 33 1 0 599
1905104663 1 121822 R 10.0 33 3 1 600
1908834861 1 122061 R 4.0 33 1 0 601
1912060540 1 122267 R 16.0 33 5 0 602
1912421985 1 122290 R 15.0 33 5 0 603
1921143174 1 122849 R 5.0 33 2 0 604
1923312895 1 122987 R 12.0 33 4 0 605
1927183183 1 123235 R 7.0 33 2 0 606
1927695677 1 123268 R 2.0 33 1 0 607
1932483619 1 123574 R 11.0 33 4 0 608
1932999619 1 123607 R 18.0 33 6 0 609
1933242935 1 123623 R 13.0 33 4 1 610
1935192710 1 123748 R 9.0 33 3 0 611
1937681853 1 123907 R 6.0 33 2 0 612
1943956092 1 124309 R 8.0 34 3 0 613
1952252399 1 124840 R 5.0 34 2 0 614
1953286291 1 124906 R 17.0 34 6 1 615
1953399540 1 124913 R 3.0 34 1 0 616
1956129683 1 125088 R 9.0 34 3 0 617
1958351136 1 125230 R 14.0 34 5 0 618
1960944243 1 125396 R 4.0 34 1 0 619
1962164058 1 125474 R 19.0 34 6 0 620
1962604951 1 125502 R 7.0 34 2 0 621
1963117403 1 125535 R 2.0 34 1 0 622
1970952116 1 126036 R 11.0 34 4 0 623
1971470282 1 126070 R 6.0 34 2 0 624
1971497689 1 126071 R 18.0 34 6 2 625
1971711371 1 126085 R 13.0 34 4 1 626
1973688003 1 126211 R 12.0 34 4 0 627
1974948736 1 126292 R 10.0 34 3 1 628
1984779506 1 126921 R 16.0 34 5 0 629
1985141025 1 126944 R 15.0 34 5 0 630
1998466580 1 127797 R 16.0 35 5 0 631
1998828029 1 127820 R 15.0 35 5 0 632
2002953328 1 128084 R 12.0 35 4 0 633
2003964148 1 128149 R 7.0 35 2 0 634
2004476738 1 128182 R 2.0 35 1 0 635
2006759604 1 128328 R 6.0 35 2 0 636
2007741092 1 128391 R 4.0 35 1 0 637
2009223339 1 128486 R 9.0 35 3 0 638
2012139585 1 128672 R 11.0 35 4 0 639
2012208430 1 128677 R 17.0 35 6 1 640
2012321533 1 128684 R 3.0 35 1 0 641
2012655655 1 128705 R 18.0 35 6 0 642
2012898868 1 128721 R 13.0 35 4 1 643
2015518867 1 128889 R 8.0 35 3 0 644
2020007657 1 129176 R 14.0 35 5 0 645
2023023699 1 129369 R 19.0 35 6 1 646
2032846566 1 129998 R 5.0 35 2 0 647
2040245678 1 130471 R 10.0 35 3 1 648
2051406369 1 131185 R 12.0 36 4 0 649
2052081102 1 131229 R 8.0 36 3 0 650
2053057897 1 131291 R 7.0 36 2 0 651
2053570502 1 131324 R 2.0 36 1 0 652
2057117186 1 131551 R 19.0 36 6 0 653
2062413681 1 131890 R 14.0 36 5 0 654
2068979921 1 132310 R 10.0 36 3 1 655
2073067970 1 132572 R 17.0 36 6 1 656
2073180969 1 132579 R 3.0 36 1 0 657
2076416301 1 132786 R 6.0 36 2 0 658
2078460025 1 132917 R 4.0 36 1 0 659
2082451356 1 133172 R 16.0 36 5 0 660
2082812803 1 133195 R 15.0 36 5 0 661
2084518472 1 133305 R 5.0 36 2 0 662
2084858772 1 133326 R 11.0 36 4 0 663
2085374766 1 133359 R 18.0 36 6 0 664
2085617984 1 133375 R 13.0 36 4 1 665
2093145991 1 133857 R 9.0 36 3 0 666
2093296980 1 133866 R 12.0 37 4 0 667
2098545831 1 134202 R 11.0 37 4 0 668
2098727718 1 134214 R 3.0 37 1 0 669
2099061771 1 134235 R 18.0 37 6 0 670
2099305141 1 134251 R 13.0 37 4 1 671
2105570035 1 134652 R 14.0 37 5 0 672
2107161771 1 134754 R 17.0 37 6 1 673
2108888878 1 134864 R 16.0 37 5 0 674
2109250405 1 134887 R 15.0 37 5 0 675
2109397490 1 134897 R 4.0 37 1 0 676
2127005210 1 136024 R 9.0 37 3 0 677
2132495809 1 136375 R 7.0 37 2 0 678
2133008219 1 136408 R 2.0 37 1 0 679
2133902124 1 136465 R 10.0 37 3 1 680
2134961692 1 136533 R 19.0 37 6 1 681
2135127963 1 136544 R 5.0 37 2 0 682
2136025743 1 136601 R 6.0 37 2 0 683
2138410071 1 136754 R 8.0 37 3 0 684
2145721998 1 137222 R 8.0 38 3 0 685
2150775411 1 137545 R 6.0 38 2 0 686
2151424561 1 137587 R 5.0 38 2 0 687
2151551737 1 137595 R 9.0 38 3 0 688
2152089171 1 137629 R 10.0 38 3 1 689
2155898602 1 137873 R 19.0 38 6 1 690
2156933270 1 137939 R 7.0 38 2 0 691
2157445669 1 137972 R 2.0 38 1 0 692
2171172524 1 138850 R 12.0 38 4 0 693
2177696701 1 139268 R 3.0 38 1 0 694
2182530733 1 139577 R 11.0 38 4 0 695
2183046650 1 139610 R 18.0 38 6 0 696
2183289963 1 139626 R 13.0 38 4 1 697
2185005822 1 139736 R 17.0 38 6 1 698
2190913275 1 140114 R 4.0 38 1 0 699
2191273635 1 140137 R 14.0 38 5 1 700
2192811174 1 140235 R 16.0 38 5 0 701
2193172746 1 140258 R 15.0 38 5 0 702
2194250405 1 140327 R 12.0 39 4 0 703
2194536170 1 140346 R 9.0 39 3 0 704
2205943088 1 141076 R 17.0 39 6 1 705
2206055836 1 141083 R 3.0 39 1 0 706
2208967993 1 141269 R 11.0 39 4 0 707
2209158929 1 141282 R 5.0 39 2 0 708
2209484249 1 141302 R 18.0 39 6 0 709
2209727326 1 141318 R 13.0 39 4 1 710
2215887740 1 141712 R 19.0 39 6 443 711
2218728771 1 141894 R 6.0 39 2 0 712
2220506878 1 142008 R 4.0 39 1 0 713
2222987911 1 142167 R 8.0 39 3 0 714
2226670408 1 142402 R 16.0 39 5 0 715
2227031936 1 142425 R 15.0 39 5 0 716
2232133265 1 142752 R 14.0 39 5 1 717
2234777157 1 142921 R 7.0 39 2 0 718
2235289602 1 142954 R 2.0 39 1 0 719
2242698955 1 143428 R 10.0 39 3 1 720
2244266044 1 143528 R 12.0 40 4 0 721
2249556551 1 143867 R 6.0 40 2 0 722
2251073799 1 143964 R 7.0 40 2 0 723
2251216994 1 143973 R 16.0 40 5 0 724
2251578488 1 143996 R 15.0 40 5 0 725
2251599357 1 143998 R 2.0 40 1 0 726
2268292293 1 145066 R 10.0 40 3 1 727
2273102817 1 145374 R 3.0 40 1 0 728
2275539071 1 145530 R 14.0 40 5 0 729
2276774362 1 145609 R 19.0 40 6 1 730
2278596574 1 145726 R 5.0 40 2 0 731
2278921842 1 145746 R 18.0 40 6 0 732
2279880265 1 145808 R 9.0 40 3 0 733
2282050586 1 145947 R 8.0 40 3 0 734
2285850768 1 146190 R 4.0 40 1 0 735
2292890281 1 146640 R 11.0 40 4 0 736
2292959109 1 146645 R 17.0 40 6 1 737
2293649623 1 146689 R 13.0 40 4 1 738
2294201672 1 146724 R 16.0 41 5 0 739
2294562806 1 146747 R 15.0 41 5 0 740
2295464147 1 146805 R 10.0 41 3 1 741
2295503392 1 146808 R 8.0 41 3 0 742
2301695298 1 147204 R 14.0 41 5 0 743
2304868086 1 147407 R 19.0 41 6 1 744
2308808280 1 147659 R 7.0 41 2 0 745
2309320674 1 147692 R 2.0 41 1 0 746
2326749455 1 148807 R 11.0 41 4 0 747
2326818324 1 148812 R 17.0 41 6 1 748
2327265718 1 148840 R 18.0 41 6 0 749
2327508725 1 148856 R 13.0 41 4 1 750
2328587182 1 148925 R 3.0 41 1 0 751
2330944523 1 149076 R 4.0 41 1 0 752
2332306948 1 149163 R 6.0 41 2 0 753
2336469674 1 149429 R 12.0 41 4 0 754
2341268597 1 149737 R 5.0 41 2 0 755
2341927276 1 149779 R 9.0 41 3 0 756
2348683259 1 150211 R 10.0 42 3 1 757
2354842851 1 150605 R 11.0 42 4 0 758
2354911902 1 150610 R 17.0 42 6 1 759
2355024550 1 150617 R 3.0 42 1 0 760
2355359201 1 150638 R 18.0 42 6 0 761
2355602305 1 150654 R 13.0 42 4 1 762
2366290122 1 151338 R 19.0 42 6 1 763
2368601782 1 151486 R 14.0 42 5 1 764
2374411476 1 151858 R 9.0 42 3 0 765
2374877731 1 151888 R 5.0 42 2 0 766
2375056945 1 151899 R 6.0 42 2 0 767
2379545975 1 152186 R 16.0 42 5 0 768
2379907106 1 152209 R 15.0 42 5 0 769
2381788175 1 152330 R 4.0 42 1 0 770
2383110334 1 152414 R 12.0 42 4 0 771
2389316253 1 152812 R 8.0 42 3 0 772
2392730423 1 153030 R 7.0 42 2 0 773
2393242739 1 153063 R 2.0 42 1 0 774
2394349308 1 153134 R 17.0 43 6 1 775
2394462083 1 153141 R 3.0 43 1 0 776
2394482846 1 153142 R 5.0 43 2 0 777
