249134118 1 15840 R 7.0 0 2 0 1
249460397 1 15861 R 6.0 0 2 1 2
249646745 1 15873 R 2.0 0 1 0 3
254825157 1 16204 R 16.0 0 5 341 4
254852393 1 16206 R 5.0 0 2 344 5
254879594 1 16208 R 4.0 0 1 305 6
255032828 1 16218 R 15.0 0 5 332 7
255246000 1 16231 R 3.0 0 1 370 8
262101718 1 16670 R 14.0 0 5 764 9
262129391 1 16672 R 12.0 0 4 238 10
263463163 1 16757 R 9.0 0 3 0 11
263489367 1 16759 R 10.0 0 3 1 12
273490341 1 17399 R 11.0 0 4 846 13
279090112 1 17757 R 8.0 0 3 966 14
279571485 1 17788 R 9.0 1 3 0 15
279597607 1 17790 R 10.0 1 3 2 16
280366215 1 17839 R 17.0 0 6 1282 17
287619565 1 18303 R 18.0 0 6 1718 18
287648485 1 18305 R 13.0 0 4 1703 19
287677103 1 18307 R 19.0 0 6 1752 20
289039435 1 18394 R 18.0 1 6 773 21
290117968 1 18463 R 7.0 1 2 0 22
290630439 1 18496 R 2.0 1 1 0 23
292076487 1 18588 R 16.0 1 5 0 24
292163235 1 18594 R 3.0 1 1 0 25
292182756 1 18595 R 5.0 1 2 0 26
292319383 1 18604 R 6.0 1 2 1 27
292437846 1 18612 R 15.0 1 5 1 28
293639987 1 18688 R 11.0 1 4 0 29
295190745 1 18788 R 19.0 1 6 1198 30
295219414 1 18789 R 17.0 1 6 1196 31
296167978 1 18850 R 14.0 1 5 867 32
298863712 1 19023 R 4.0 1 1 0 33
301252081 1 19176 R 8.0 1 3 298 34
301281653 1 19177 R 13.0 1 4 386 35
302732595 1 19270 R 12.0 1 4 0 36
306631882 1 19520 R 3.0 2 1 0 37
308836896 1 19661 R 10.0 2 3 0 38
309584075 1 19709 R 19.0 2 6 0 39
309628401 1 19712 R 17.0 2 6 0 40
310075881 1 19740 R 18.0 2 6 0 41
311949350 1 19860 R 16.0 2 5 1 42
312310720 1 19883 R 15.0 2 5 0 43
312960333 1 19925 R 6.0 2 2 1 44
315462345 1 20085 R 7.0 2 2 0 45
315974763 1 20118 R 2.0 2 1 0 46
316159121 1 20130 R 9.0 2 3 0 47
322906950 1 20562 R 5.0 2 2 0 48
323988693 1 20631 R 4.0 2 1 0 49
325328573 1 20717 R 8.0 2 3 0 50
328044135 1 20890 R 11.0 2 4 1 51
328804576 1 20939 R 14.0 2 5 1 52
332607455 1 21182 R 12.0 2 4 0 53
333225260 1 21222 R 13.0 2 4 0 54
336707277 1 21445 R 4.0 3 1 0 55
338830555 1 21581 R 9.0 3 3 0 56
339309605 1 21611 R 11.0 3 4 1 57
339508995 1 21624 R 7.0 3 2 0 58
339741311 1 21639 R 3.0 3 1 0 59
340021529 1 21657 R 2.0 3 1 0 60
341865460 1 21775 R 13.0 3 4 0 61
344781959 1 21962 R 8.0 3 3 0 62
348833084 1 22221 R 14.0 3 5 0 63
352257189 1 22440 R 6.0 3 2 1 64
353121224 1 22495 R 16.0 3 5 1 65
353430890 1 22515 R 10.0 3 3 0 66
353482596 1 22518 R 15.0 3 5 0 67
353828802 1 22541 R 5.0 3 2 0 68
354521897 1 22585 R 19.0 3 6 0 69
362286536 1 23082 R 12.0 3 4 112 70
362314295 1 23084 R 17.0 3 6 496 71
375169627 1 23906 R 18.0 3 6 1291 72
383083421 1 24413 R 12.0 4 4 919 73
383111040 1 24415 R 13.0 4 4 882 74
383477662 1 24438 R 7.0 4 2 0 75
383990245 1 24471 R 2.0 4 1 0 76
384688025 1 24516 R 5.0 4 2 0 77
388176041 1 24739 R 4.0 4 1 0 78
388538242 1 24762 R 3.0 4 1 0 79
393262768 1 25064 R 6.0 4 2 1361 80
400724904 1 25542 R 11.0 4 4 1598 81
401012889 1 25560 R 8.0 4 3 1767 82
408412400 1 26034 R 14.0 4 5 1907 83
408440910 1 26036 R 10.0 4 3 1322 84
411019762 1 26201 R 4.0 5 1 0 85
417762532 1 26632 R 6.0 5 2 1017 86
418006730 1 26648 R 3.0 5 1 0 87
418708990 1 26693 R 2.0 5 1 0 88
424193735 1 27044 R 19.0 4 6 2313 89
424221097 1 27046 R 7.0 5 2 385 90
424606997 1 27070 R 16.0 4 5 2197 91
432178140 1 27555 R 17.0 4 6 2821 92
432206436 1 27557 R 9.0 4 3 2801 93
434302394 1 27691 R 5.0 5 2 738 94
436538413 1 27834 R 15.0 4 5 2937 95
441203449 1 28133 R 5.0 6 2 0 96
443009641 1 28248 R 18.0 4 6 3485 97
443038246 1 28250 R 10.0 5 3 2647 98
443225467 1 28262 R 13.0 5 4 3008 99
444613761 1 28351 R 4.0 6 1 0 100
448225731 1 28582 R 3.0 6 1 0 101
449882199 1 28688 R 6.0 6 2 86 102
449910623 1 28690 R 9.0 5 3 3235 103
451390028 1 28784 R 16.0 5 5 3386 104
452430954 1 28851 R 7.0 6 2 0 105
452943582 1 28884 R 2.0 6 1 0 106
458743753 1 29255 R 17.0 5 6 3052 107
462210072 1 29477 R 3.0 7 1 0 108
462790804 1 29514 R 11.0 5 4 2898 109
462819412 1 29516 R 9.0 6 3 1572 110
468413305 1 29874 R 19.0 5 6 3672 111
470274721 1 29993 R 7.0 7 2 0 112
470787353 1 30026 R 2.0 7 1 0 113
472051267 1 30107 R 4.0 7 1 0 114
473634613 1 30208 R 15.0 5 5 4787 115
473663361 1 30210 R 12.0 5 4 4335 116
475819268 1 30348 R 8.0 5 3 3609 117
481993656 1 30743 R 8.0 6 3 3364 118
482021307 1 30745 R 8.0 7 3 221 119
489024854 1 31193 R 6.0 7 2 409 120
489053755 1 31195 R 10.0 6 3 2785 121
489082447 1 31197 R 10.0 7 3 2127 122
490130908 1 31264 R 5.0 7 2 479 123
491868451 1 31375 R 7.0 8 2 0 124
492381096 1 31408 R 2.0 8 1 0 125
495504392 1 31608 R 4.0 8 1 0 126
496094309 1 31646 R 5.0 8 2 0 127
499356899 1 31854 R 12.0 6 4 3834 128
499553995 1 31867 R 3.0 8 1 0 129
504006039 1 32152 R 12.0 7 4 2718 130
504872553 1 32207 R 19.0 6 6 3358 131
512459115 1 32693 R 17.0 6 6 3838 132
514981753 1 32854 R 8.0 8 3 1446 133
520506300 1 33208 R 6.0 8 2 1223 134
520533941 1 33210 R 5.0 9 2 113 135
524863795 1 33487 R 4.0 9 1 0 136
533040494 1 34010 R 7.0 9 2 0 137
533553108 1 34043 R 2.0 9 1 0 138
536169569 1 34210 R 18.0 6 6 5330 139
542647870 1 34625 R 3.0 9 1 0 140
543678041 1 34691 R 9.0 7 3 5473 141
543706764 1 34693 R 15.0 6 5 7316 142
553926492 1 35347 R 4.0 10 1 0 143
556085508 1 35485 R 3.0 10 1 0 144
556372706 1 35503 R 13.0 6 4 7529 145
561803005 1 35851 R 13.0 7 4 6411 146
562497470 1 35895 R 6.0 9 2 1347 147
567349897 1 36206 R 16.0 6 5 8852 148
568375916 1 36272 R 5.0 10 2 0 149
568981998 1 36310 R 11.0 7 4 5660 150
570740716 1 36423 R 2.0 10 1 0 151
576021438 1 36761 R 6.0 10 2 593 152
576049483 1 36763 R 7.0 10 2 372 153
576513207 1 36792 R 9.0 9 3 2919 154
580522991 1 37049 R 3.0 11 1 0 155
581256557 1 37096 R 10.0 8 3 5218 156
581285299 1 37098 R 10.0 9 3 2467 157
581459466 1 37109 R 2.0 11 1 0 158
584974649 1 37334 R 5.0 11 2 596 159
592622693 1 37823 R 13.0 8 4 6793 160
597803282 1 38155 R 8.0 9 3 4095 161
597832038 1 38157 R 7.0 11 2 1081 162
599036021 1 38234 R 4.0 11 1 0 163
605716583 1 38661 R 15.0 7 5 8443 164
610693822 1 38980 R 2.0 12 1 0 165
611678301 1 39043 R 11.0 8 4 6570 166
611707021 1 39045 R 19.0 7 6 9800 167
612634501 1 39104 R 7.0 12 2 0 168
617052344 1 39387 R 4.0 12 1 0 169
618841437 1 39501 R 6.0 11 2 1368 170
623334276 1 39789 R 8.0 10 3 4266 171
624044484 1 39834 R 13.0 9 4 5928 172
628367596 1 40111 R 3.0 12 1 0 173
629847430 1 40206 R 5.0 12 2 0 174
631209534 1 40293 R 6.0 12 2 1094 175
631238396 1 40295 R 10.0 10 3 4411 176
635322786 1 40556 R 7.0 13 2 0 177
642482066 1 41014 R 8.0 11 3 3410 178
650193947 1 41508 R 12.0 9 4 7105 179
650222683 1 41510 R 9.0 10 3 5180 180
652099201 1 41630 R 4.0 13 1 0 181
652282954 1 41642 R 5.0 13 2 0 182
655961236 1 41877 R 3.0 13 1 0 183
656132166 1 41888 R 2.0 13 1 0 184
658324911 1 42028 R 6.0 13 2 781 185
664053558 1 42395 R 10.0 11 3 4987 186
664079725 1 42397 R 4.0 14 1 7 187
665122931 1 42463 R 12.0 10 4 6022 188
668133092 1 42656 R 3.0 14 1 0 189
668304045 1 42667 R 2.0 14 1 0 190
669803267 1 42763 R 9.0 11 3 4688 191
669831183 1 42765 R 7.0 14 2 130 192
672857299 1 42958 R 11.0 10 4 7032 193
676974824 1 43222 R 8.0 12 3 3677 194
678639041 1 43328 R 16.0 7 6 13487 195
685928402 1 43795 R 10.0 12 3 4740 196
685957382 1 43797 R 10.0 13 3 2286 197
690126691 1 44064 R 5.0 14 2 0 198
692825716 1 44236 R 9.0 12 3 4403 199
695413422 1 44402 R 2.0 15 1 0 200
700423580 1 44723 R 5.0 15 2 0 201
700818804 1 44748 R 9.0 13 3 3612 202
701482064 1 44790 R 6.0 14 2 1028 203
705911659 1 45074 R 6.0 15 2 751 204
708794528 1 45258 R 8.0 13 3 4196 205
716647236 1 45761 R 8.0 14 3 3293 206
716676150 1 45763 R 11.0 12 4 6528 207
716704024 1 45764 R 4.0 15 1 114 208
716979035 1 45782 R 7.0 15 2 0 209
719836353 1 45965 R 3.0 15 1 0 210
724880465 1 46288 R 4.0 16 1 0 211
725419566 1 46322 R 9.0 14 3 2730 212
733162559 1 46818 R 9.0 15 3 1281 213
733190322 1 46820 R 7.0 16 2 479 214
734157987 1 46882 R 5.0 16 2 0 215
739508225 1 47224 R 3.0 16 1 0 216
739679249 1 47235 R 2.0 16 1 0 217
745279663 1 47593 R 14.0 9 5 13205 218
749459272 1 47861 R 8.0 15 3 2974 219
751607109 1 47998 R 11.0 13 4 7551 220
755001691 1 48216 R 5.0 17 2 0 221
758209464 1 48421 R 6.0 16 2 1950 222
758857069 1 48462 R 13.0 12 4 9650 223
762931099 1 48723 R 9.0 16 3 2422 224
763718523 1 48773 R 10.0 15 3 4369 225
770957105 1 49237 R 11.0 15 4 4901 226
771135739 1 49248 R 16.0 11 5 11106 227
773726835 1 49414 R 3.0 17 1 0 228
777115935 1 49631 R 12.0 14 4 7054 229
777143826 1 49633 R 7.0 17 2 333 230
778778065 1 49737 R 6.0 17 2 510 231
780288468 1 49834 R 2.0 17 1 0 232
784944316 1 50132 R 12.0 15 4 5321 233
784972241 1 50134 R 4.0 17 1 360 234
788171936 1 50338 R 15.0 13 5 9222 235
795961791 1 50837 R 11.0 16 4 3509 236
795989677 1 50839 R 2.0 18 1 305 237
796482066 1 50870 R 8.0 16 3 2804 238
803724652 1 51334 R 5.0 18 2 700 239
803850451 1 51342 R 10.0 16 3 3436 240
803879418 1 51344 R 10.0 17 3 3190 241
803999874 1 51351 R 9.0 17 3 1619 242
811962479 1 51861 R 18.0 14 6 8198 243
811990258 1 51863 R 3.0 18 1 274 244
813661725 1 51970 R 4.0 18 1 0 245
814992353 1 52055 R 3.0 19 1 0 246
817138658 1 52192 R 15.0 14 5 9295 247
821757159 1 52488 R 2.0 19 1 0 248
822859429 1 52558 R 16.0 15 5 8078 249
823787516 1 52618 R 8.0 17 3 3267 250
824529151 1 52665 R 10.0 18 3 1991 251
827668425 1 52866 R 7.0 18 2 1224 252
827697269 1 52868 R 16.0 16 5 6667 253
829974998 1 53014 R 6.0 18 2 1718 254
830001948 1 53016 R 4.0 19 1 97 255
831243469 1 53095 R 9.0 18 3 2468 256
832090702 1 53149 R 10.0 19 3 762 257
835472366 1 53366 R 5.0 19 2 0 258
837821970 1 53516 R 11.0 17 4 3669 259
839615667 1 53631 R 13.0 16 4 5712 260
839644461 1 53633 R 13.0 17 4 3652 261
844495811 1 53943 R 7.0 19 2 386 262
845134468 1 53984 R 11.0 18 4 3806 263
846100925 1 54046 R 2.0 20 1 0 264
848356981 1 54190 R 8.0 18 3 2707 265
851948905 1 54420 R 7.0 20 2 171 266
851977781 1 54422 R 16.0 17 5 5738 267
854646710 1 54593 R 8.0 19 3 2603 268
855903615 1 54673 R 6.0 19 2 1181 269
856077761 1 54684 R 12.0 17 4 5033 270
863196917 1 55140 R 8.0 20 3 1240 271
863225905 1 55142 R 12.0 18 4 3540 272
864462211 1 55221 R 9.0 19 3 2040 273
865446008 1 55284 R 3.0 20 1 0 274
865642354 1 55297 R 5.0 20 2 0 275
870934098 1 55635 R 9.0 20 3 1121 276
870963737 1 55637 R 18.0 15 6 11344 277
871992747 1 55703 R 6.0 20 2 1 278
872192978 1 55716 R 4.0 20 1 0 279
874312128 1 55851 R 13.0 18 4 4170 280
875161617 1 55906 R 4.0 21 1 0 281
876372601 1 55983 R 13.0 19 4 3362 282
880994531 1 56279 R 19.0 13 6 14205 283
885871965 1 56591 R 18.0 17 6 6674 284
886181538 1 56611 R 16.0 18 5 4889 285
886210590 1 56613 R 10.0 20 3 1411 286
892556243 1 57019 R 18.0 18 6 5973 287
893467742 1 57077 R 7.0 21 2 772 288
893496687 1 57079 R 9.0 21 3 1176 289
893525664 1 57081 R 11.0 19 4 3757 290
897155494 1 57313 R 10.0 21 3 1358 291
897539767 1 57338 R 3.0 21 1 0 292
898586398 1 57405 R 6.0 21 2 1 293
900647849 1 57537 R 2.0 21 1 0 294
900751701 1 57544 R 5.0 21 2 0 295
901613165 1 57599 R 11.0 20 4 3675 296
903418687 1 57714 R 10.0 22 3 0 297
903461062 1 57717 R 19.0 14 6 14085 298
908778622 1 58057 R 18.0 19 6 4588 299
908847588 1 58062 R 19.0 17 6 9282 300
910725917 1 58182 R 13.0 20 4 3360 301
913312016 1 58347 R 12.0 19 4 4797 302
914808227 1 58443 R 9.0 22 3 329 303
914941339 1 58452 R 11.0 21 4 1511 304
918475714 1 58678 R 14.0 18 5 6899 305
920609002 1 58814 R 12.0 20 4 3224 306
920771104 1 58825 R 4.0 22 1 0 307
923074030 1 58972 R 11.0 22 4 154 308
923101048 1 58974 R 7.0 22 2 77 309
923602267 1 59006 R 3.0 22 1 0 310
924569201 1 59068 R 8.0 21 3 1697 311
925616724 1 59135 R 2.0 22 1 0 312
926352029 1 59182 R 6.0 22 2 1 313
927706949 1 59269 R 16.0 19 5 5763 314
932962355 1 59605 R 16.0 20 5 4931 315
933021613 1 59609 R 5.0 22 2 351 316
936953326 1 59860 R 14.0 20 5 5231 317
941040924 1 60122 R 17.0 19 6 7551 318
941069863 1 60124 R 14.0 19 5 7328 319
942238924 1 60199 R 12.0 21 4 3086 320
942906216 1 60241 R 15.0 20 5 4990 321
942933380 1 60243 R 7.0 23 2 96 322
945945895 1 60436 R 6.0 23 2 1 323
945972063 1 60438 R 4.0 23 1 0 324
946803684 1 60491 R 8.0 22 3 2684 325
947617649 1 60543 R 9.0 23 3 746 326
949449311 1 60660 R 18.0 20 6 5349 327
952350894 1 60846 R 13.0 21 4 4200 328
952379828 1 60848 R 13.0 22 4 2703 329
952981167 1 60886 R 15.0 21 5 5100 330
953010187 1 60888 R 18.0 21 6 4442 331
953611639 1 60927 R 5.0 23 2 0 332
955039784 1 61018 R 3.0 23 1 0 333
956608865 1 61118 R 14.0 21 5 4671 334
958976095 1 61270 R 2.0 23 1 0 335
959345761 1 61294 R 8.0 23 3 0 336
964358278 1 61614 R 10.0 23 3 817 337
965024042 1 61657 R 3.0 24 1 0 338
965736780 1 61703 R 8.0 24 3 0 339
967533372 1 61818 R 5.0 24 2 0 340
968862471 1 61903 R 12.0 23 4 1643 341
971306636 1 62059 R 16.0 21 5 5087 342
971335603 1 62061 R 17.0 22 6 3943 343
971510742 1 62072 R 7.0 24 2 1 344
974847249 1 62286 R 14.0 22 5 2884 345
975820876 1 62348 R 6.0 24 2 1 346
981022809 1 62681 R 2.0 24 1 0 347
982694368 1 62788 R 16.0 22 5 3699 348
984186986 1 62883 R 14.0 23 5 2108 349
984364846 1 62895 R 4.0 24 1 0 350
988370633 1 63151 R 9.0 24 3 210 351
990632133 1 63296 R 18.0 22 6 4651 352
990806349 1 63307 R 12.0 22 4 4868 353
990835255 1 63309 R 17.0 20 6 9369 354
993821024 1 63500 R 3.0 25 1 0 355
996730242 1 63686 R 9.0 25 3 157 356
996759034 1 63688 R 11.0 23 4 2804 357
999507095 1 63864 R 2.0 25 1 0 358
1000499484 1 63927 R 10.0 24 3 1360 359
1002955234 1 64085 R 5.0 25 2 0 360
1003630530 1 64128 R 4.0 25 1 0 361
1008133352 1 64416 R 6.0 25 2 1 362
1015010387 1 64856 R 10.0 25 3 1 363
1019078178 1 65116 R 11.0 24 4 2729 364
1026211833 1 65573 R 7.0 25 2 534 365
1026240794 1 65575 R 17.0 21 6 9754 366
1027850786 1 65678 R 2.0 26 1 0 367
1028661619 1 65730 R 4.0 26 1 0 368
1029978650 1 65814 R 11.0 25 4 1498 369
1031647846 1 65921 R 19.0 21 6 9566 370
1032618025 1 65983 R 3.0 26 1 0 371
1034314652 1 66092 R 5.0 26 2 0 372
1034774041 1 66121 R 6.0 26 2 1 373
1034948047 1 66132 R 10.0 26 3 1 374
1037978070 1 66326 R 16.0 23 5 5152 375
1043128594 1 66656 R 8.0 25 3 2563 376
1043157546 1 66657 R 19.0 22 6 8545 377
1049745256 1 67079 R 7.0 26 2 1 378
1050743844 1 67143 R 16.0 24 5 5329 379
1053301554 1 67307 R 12.0 24 4 4082 380
1056160142 1 67490 R 8.0 26 3 1079 381
1056189184 1 67491 R 13.0 24 4 4974 382
1058603434 1 67646 R 17.0 24 6 4661 383
1060840485 1 67789 R 13.0 26 4 1662 384
1064649996 1 68033 R 9.0 26 3 1471 385
1065195102 1 68068 R 6.0 27 2 48 386
1065577663 1 68092 R 17.0 25 6 4470 387
1071290313 1 68458 R 10.0 27 3 475 388
1071319437 1 68460 R 16.0 25 5 3613 389
1072460511 1 68533 R 15.0 25 5 3677 390
1077443006 1 68852 R 4.0 27 1 0 391
1079025316 1 68953 R 15.0 26 5 3075 392
1079053292 1 68955 R 3.0 27 1 418 393
1079382203 1 68976 R 13.0 25 4 5188 394
1079402176 1 68977 R 2.0 27 1 0 395
1079423833 1 68979 R 5.0 27 2 777 396
1079677845 1 68995 R 8.0 27 3 748 397
1083259939 1 69224 R 14.0 24 5 5956 398
1087426003 1 69491 R 11.0 26 4 3779 399
1094509786 1 69944 R 11.0 27 4 1839 400
1094537688 1 69946 R 3.0 28 1 301 401
1095382665 1 70000 R 2.0 28 1 0 402
1102890457 1 70480 R 7.0 27 2 1619 403
1102918532 1 70482 R 7.0 28 2 585 404
1105522627 1 70649 R 5.0 28 2 1190 405
1108318114 1 70828 R 4.0 28 1 0 406
1108805390 1 70859 R 6.0 28 2 1 407
1109312165 1 70891 R 12.0 25 4 6031 408
1110134472 1 70944 R 14.0 25 5 6964 409
1111884093 1 71056 R 9.0 27 3 1847 410
1112304150 1 71083 R 14.0 26 5 4807 411
1116656064 1 71361 R 14.0 27 5 3127 412
1119352772 1 71534 R 8.0 28 3 624 413
1119381675 1 71536 R 9.0 28 3 1289 414
1119772896 1 71561 R 19.0 25 6 6943 415
1119801134 1 71563 R 7.0 29 2 1 416
1119828300 1 71564 R 5.0 29 2 73 417
1123148471 1 71777 R 9.0 29 3 0 418
1123760100 1 71816 R 13.0 27 4 3372 419
1123789294 1 71818 R 10.0 28 3 2464 420
1125185193 1 71907 R 17.0 26 7 5664 421
1126210526 1 71973 R 16.0 26 5 5673 422
1130554531 1 72251 R 2.0 29 1 0 423
1132102402 1 72350 R 3.0 29 1 0 424
1132992879 1 72407 R 6.0 29 2 1 425
1133347578 1 72430 R 16.0 27 5 3238 426
1133376532 1 72431 R 11.0 28 4 1635 427
1138286684 1 72746 R 4.0 29 1 221 428
1139984448 1 72854 R 18.0 25 6 7729 429
1146477171 1 73270 R 6.0 30 2 1 430
1146791155 1 73290 R 19.0 27 6 5844 431
1146820047 1 73292 R 8.0 29 3 1029 432
1147130482 1 73312 R 4.0 30 1 0 433
1147171927 1 73314 R 10.0 29 4 2085 434
1147682621 1 73347 R 7.0 30 2 1 435
1150103248 1 73502 R 12.0 27 5 6083 436
1151530882 1 73593 R 12.0 28 4 3657 437
1154869520 1 73807 R 19.0 24 7 10640 438
1159327609 1 74092 R 12.0 29 4 1129 439
1162142891 1 74273 R 8.0 30 3 0 440
1162575200 1 74300 R 17.0 27 9 7007 441
1162603219 1 74302 R 9.0 30 3 558 442
1163773181 1 74377 R 2.0 30 1 0 443
1164852403 1 74446 R 3.0 30 1 0 444
1166343379 1 74541 R 12.0 30 4 1356 445
1168924146 1 74707 R 5.0 30 2 0 446
1172843237 1 74957 R 10.0 30 3 1732 447
1174580258 1 75069 R 5.0 31 2 0 448
1175353229 1 75118 R 13.0 28 4 5142 449
1176555430 1 75195 R 3.0 31 1 0 450
1179590588 1 75389 R 13.0 29 4 3231 451
1179619632 1 75391 R 15.0 27 5 6355 452
1179687278 1 75395 R 18.0 27 7 7904 453
1180614866 1 75455 R 4.0 31 1 0 454
1181330147 1 75501 R 8.0 31 3 0 455
1184899039 1 75729 R 6.0 31 2 126 456
1186479503 1 75830 R 7.0 31 2 1 457
1187077644 1 75868 R 14.0 28 5 5805 458
1192337873 1 76205 R 11.0 29 4 3227 459
1192366997 1 76207 R 13.0 30 4 2202 460
1193742049 1 76295 R 2.0 31 1 0 461
1200301238 1 76715 R 9.0 31 3 0 462
1201999632 1 76823 R 11.0 30 4 2863 463
1203276365 1 76905 R 7.0 32 2 1 464
1206492805 1 77111 R 6.0 32 2 1 465
1207655881 1 77185 R 10.0 31 3 1108 466
1207758559 1 77192 R 3.0 32 1 0 467
1210285389 1 77354 R 15.0 29 5 5399 468
1213681782 1 77571 R 18.0 28 7 7460 469
1213710890 1 77573 R 16.0 28 5 6542 470
1216880937 1 77776 R 4.0 32 1 0 471
1217457487 1 77813 R 9.0 32 3 0 472
1218082249 1 77853 R 18.0 29 7 5803 473
1223601313 1 78206 R 2.0 32 1 0 474
1225991535 1 78359 R 11.0 31 4 1825 475
1226655940 1 78401 R 19.0 28 6 7350 476
1232490582 1 78775 R 8.0 32 3 437 477
1233619424 1 78847 R 12.0 31 4 3778 478
1233648669 1 78849 R 12.0 32 4 1865 479
1236213916 1 79013 R 7.0 33 2 1 480
1237695031 1 79108 R 2.0 33 1 0 481
1239065274 1 79196 R 5.0 32 2 403 482
1239093165 1 79197 R 5.0 33 2 114 483
1239335402 1 79213 R 11.0 32 4 2116 484
1241399201 1 79345 R 3.0 33 1 0 485
1245359144 1 79598 R 10.0 32 3 1054 486
1246725899 1 79686 R 16.0 30 5 5137 487
1249567065 1 79868 R 9.0 33 3 0 488
1250096013 1 79902 R 12.0 33 4 0 489
1250334189 1 79917 R 4.0 33 1 0 490
1251472475 1 79990 R 16.0 31 5 5018 491
1251501460 1 79991 R 14.0 31 5 3816 492
1253336813 1 80109 R 6.0 33 2 479 493
1253365776 1 80111 R 13.0 31 4 3611 494
1255640686 1 80256 R 19.0 30 6 5575 495
1262244116 1 80679 R 14.0 32 5 2484 496
1262273099 1 80681 R 17.0 29 8 9482 497
1262859579 1 80718 R 18.0 31 6 4852 498
1266515400 1 80952 R 14.0 30 5 7239 499
1267650319 1 81025 R 16.0 29 5 8769 500
1269765874 1 81160 R 13.0 32 4 3449 501
1272447418 1 81332 R 10.0 33 3 1458 502
1272475679 1 81334 R 10.0 34 3 154 503
1273538773 1 81402 R 2.0 34 1 0 504
1275744272 1 81543 R 13.0 33 4 1373 505
1275773174 1 81545 R 8.0 33 3 1593 506
1276554674 1 81595 R 15.0 31 5 6301 507
1277243315 1 81639 R 6.0 34 2 0 508
1278239068 1 81703 R 14.0 33 5 2140 509
1283149153 1 82017 R 3.0 34 1 0 510
1283306324 1 82027 R 19.0 29 6 9628 511
1283449468 1 82036 R 16.0 32 5 3840 512
1283787165 1 82058 R 4.0 34 1 0 513
1285390680 1 82160 R 15.0 32 5 4004 514
1285419800 1 82162 R 15.0 33 5 2621 515
1287088864 1 82269 R 7.0 34 2 1 516
1288165844 1 82338 R 12.0 34 4 1121 517
1288315094 1 82348 R 8.0 34 3 316 518
1288398943 1 82353 R 9.0 34 3 792 519
1292894462 1 82641 R 11.0 33 4 2173 520
1300431784 1 83123 R 17.0 30 9 9528 521
1300459834 1 83125 R 5.0 34 2 625 522
1300899158 1 83153 R 3.0 35 1 0 523
1301932270 1 83219 R 16.0 33 5 3326 524
1301961486 1 83221 R 14.0 34 5 1828 525
1306678718 1 83523 R 18.0 32 6 5328 526
1306707676 1 83525 R 19.0 32 6 6143 527
1307084016 1 83549 R 4.0 35 1 0 528
1309929105 1 83731 R 18.0 30 7 8874 529
1309958097 1 83733 R 11.0 34 4 1219 530
1310194110 1 83748 R 9.0 35 3 0 531
1310486639 1 83767 R 5.0 35 2 0 532
1310512910 1 83768 R 7.0 35 2 1 533
1313132548 1 83936 R 2.0 35 1 0 534
1319169717 1 84322 R 18.0 33 6 3783 535
1323211445 1 84581 R 13.0 34 4 3062 536
1325013582 1 84696 R 16.0 34 5 2266 537
1326224007 1 84774 R 15.0 34 5 3277 538
1330241933 1 85031 R 6.0 35 2 545 539
1332544930 1 85178 R 19.0 35 6 2394 540
1334022436 1 85273 R 17.0 33 6 4836 541
1336633631 1 85440 R 18.0 35 6 2412 542
1336763648 1 85448 R 11.0 35 4 1759 543
1338211658 1 85541 R 3.0 36 1 0 544
1340525516 1 85689 R 17.0 34 6 4872 545
1342398467 1 85809 R 6.0 36 2 951 546
1342427424 1 85811 R 18.0 34 6 4372 547
1342453641 1 85812 R 2.0 36 1 3 548
1342932756 1 85843 R 7.0 36 2 1 549
1347369273 1 86127 R 19.0 33 6 6973 550
1348974700 1 86230 R 4.0 36 1 0 551
1351091632 1 86365 R 8.0 35 3 2323 552
1358086958 1 86813 R 8.0 36 3 842 553
1358114989 1 86815 R 5.0 36 2 599 554
1358419912 1 86834 R 10.0 35 3 3075 555
1361354630 1 87022 R 7.0 37 2 1 556
1361457429 1 87029 R 14.0 35 5 3575 557
1362437417 1 87091 R 15.0 35 5 2638 558
1362466817 1 87093 R 18.0 36 6 2399 559
1362495918 1 87095 R 10.0 36 3 1233 560
1364868892 1 87247 R 9.0 36 3 1264 561
1365289805 1 87274 R 3.0 37 1 0 562
1366226269 1 87334 R 2.0 37 1 0 563
1366675853 1 87363 R 15.0 36 5 1574 564
1367662509 1 87426 R 5.0 37 2 862 565
1367691489 1 87428 R 19.0 34 6 5072 566
1367720488 1 87429 R 16.0 35 5 3606 567
1371184665 1 87651 R 12.0 35 4 4083 568
1371213666 1 87653 R 12.0 36 4 1786 569
1371306273 1 87659 R 10.0 37 3 254 570
1371334225 1 87661 R 6.0 37 2 129 571
1371835168 1 87693 R 14.0 36 5 1808 572
1379133426 1 88160 R 9.0 37 3 934 573
1379318539 1 88172 R 4.0 37 1 0 574
1379466394 1 88181 R 13.0 35 4 4236 575
1383275272 1 88425 R 19.0 36 6 3847 576
1385409026 1 88562 R 8.0 37 3 263 577
1390762991 1 88904 R 12.0 37 4 1358 578
1390790388 1 88906 R 12.0 38 4 54 579
1392463345 1 89013 R 11.0 36 4 2602 580
1393716446 1 89093 R 17.0 35 6 5271 581
1396244981 1 89255 R 10.0 38 3 2 582
1396865279 1 89295 R 4.0 38 1 0 583
1397651506 1 89345 R 7.0 38 2 1 584
1398316478 1 89388 R 11.0 37 4 2625 585
1399320060 1 89452 R 2.0 38 1 0 586
1404868493 1 89807 R 6.0 38 2 0 587
1405055525 1 89819 R 3.0 38 1 0 588
1405288327 1 89834 R 14.0 37 5 2372 589
1407693969 1 89988 R 9.0 38 3 0 590
1409580422 1 90109 R 5.0 38 2 0 591
1410665576 1 90178 R 8.0 38 3 951 592
1410694476 1 90180 R 13.0 36 4 4838 593
1413578189 1 90364 R 16.0 36 5 4706 594
1413673979 1 90371 R 16.0 37 5 2831 595
1415633462 1 90496 R 3.0 39 1 0 596
1416979227 1 90582 R 10.0 39 3 2 597
1418007136 1 90648 R 17.0 37 7 3588 598
1418865606 1 90703 R 18.0 38 6 1445 599
1424805991 1 91083 R 6.0 39 2 129 600
1424834897 1 91085 R 18.0 37 6 3869 601
1426968951 1 91221 R 15.0 37 5 2936 602
1433241897 1 91623 R 2.0 39 1 0 603
1433650267 1 91649 R 15.0 38 5 1647 604
1433679216 1 91651 R 13.0 37 4 4336 605
1434299011 1 91691 R 5.0 39 2 0 606
1434721086 1 91718 R 13.0 38 5 2165 607
1434751881 1 91719 R 17.0 38 8 2214 608
1434779907 1 91721 R 12.0 39 5 760 609
1436643546 1 91841 R 13.0 39 5 0 610
1437834187 1 91917 R 4.0 39 1 0 611
1438241498 1 91943 R 19.0 37 7 4370 612
1441312205 1 92139 R 7.0 39 2 1102 613
1444368827 1 92335 R 9.0 39 4 332 614
1444397787 1 92337 R 16.0 38 6 2155 615
1448193404 1 92580 R 4.0 40 1 0 616
1451960633 1 92821 R 2.0 40 1 0 617
1452319724 1 92844 R 11.0 38 4 2969 618
1456432637 1 93107 R 7.0 40 2 1 619
1457135133 1 93152 R 14.0 38 5 2924 620
1459604284 1 93310 R 19.0 38 8 3501 621
1465462869 1 93685 R 19.0 39 7 2614 622
1465490787 1 93687 R 5.0 40 2 253 623
1465517724 1 93689 R 3.0 40 1 79 624
1467622026 1 93823 R 6.0 40 2 606 625
1467650998 1 93825 R 11.0 39 4 2031 626
1467679090 1 93827 R 11.0 40 4 568 627
1473803993 1 94219 R 8.0 39 3 2854 628
1479406353 1 94577 R 14.0 39 5 4002 629
1479434345 1 94579 R 7.0 41 2 329 630
1480072742 1 94620 R 12.0 40 5 2348 631
1480101804 1 94622 R 10.0 40 3 2079 632
1481397471 1 94705 R 8.0 40 3 2057 633
1488603971 1 95166 R 17.0 39 6 3324 634
1488631027 1 95168 R 6.0 41 2 44 635
1493287169 1 95466 R 4.0 41 1 0 636
1493357091 1 95470 R 15.0 39 5 4898 637
1496324458 1 95660 R 13.0 40 4 2379 638
1496352543 1 95662 R 10.0 41 3 353 639
1498132201 1 95776 R 16.0 39 5 3878 640
1498837129 1 95821 R 3.0 41 1 0 641
1499377271 1 95856 R 5.0 41 2 0 642
1501648163 1 96001 R 2.0 41 1 0 643
1504691779 1 96196 R 19.0 40 6 3638 644
1505541260 1 96250 R 9.0 40 3 2930 645
1511384351 1 96624 R 18.0 39 6 4675 646
1511683146 1 96643 R 7.0 42 2 221 647
1511712007 1 96645 R 18.0 40 6 3885 648
1513184321 1 96739 R 6.0 42 2 509 649
1513209070 1 96741 R 4.0 42 1 0 650
1513230948 1 96742 R 10.0 42 3 373 651
1513259881 1 96744 R 15.0 40 5 2885 652
1515475622 1 96886 R 12.0 41 4 2501 653
1516616898 1 96959 R 2.0 42 1 0 654
1516674137 1 96963 R 5.0 42 2 0 655
1518587137 1 97085 R 3.0 42 1 0 656
1520959650 1 97237 R 8.0 41 3 1408 657
1525149871 1 97505 R 9.0 41 3 2473 658
1526931777 1 97619 R 8.0 42 3 1200 659
1526960628 1 97621 R 14.0 40 5 3507 660
1527897248 1 97681 R 9.0 42 3 0 661
1534468432 1 98101 R 19.0 41 6 3776 662
1538853958 1 98382 R 13.0 41 4 3336 663
1538882935 1 98384 R 13.0 42 4 2019 664
1539109003 1 98398 R 11.0 41 4 2906 665
1543604343 1 98686 R 7.0 43 2 1 666
1546182122 1 98851 R 11.0 42 4 2470 667
1546210195 1 98853 R 10.0 43 3 425 668
1547927779 1 98963 R 4.0 43 1 0 669
1550335661 1 99117 R 2.0 43 1 0 670
1551585365 1 99197 R 14.0 41 6 3146 671
1555142752 1 99425 R 5.0 43 2 0 672
1556338355 1 99501 R 14.0 42 5 1697 673
1556367294 1 99503 R 19.0 42 6 2147 674
1558162459 1 99618 R 11.0 43 5 849 675
1559457754 1 99701 R 9.0 43 3 0 676
1562009069 1 99864 R 3.0 43 1 0 677
1563602927 1 99966 R 6.0 43 2 294 678
1564964654 1 100053 R 7.0 44 2 1 679
1565476696 1 100086 R 15.0 42 5 3008 680
1566896781 1 100177 R 17.0 40 6 6283 681
1570604798 1 100414 R 18.0 42 7 4012 682
1575478357 1 100726 R 10.0 44 3 726 683
1575507099 1 100728 R 9.0 44 3 183 684
1576362343 1 100783 R 5.0 44 2 0 685
1578450639 1 100916 R 6.0 44 2 628 686
1580759842 1 101064 R 3.0 44 1 0 687
1580794424 1 101066 R 8.0 43 3 1884 688
1581397367 1 101105 R 4.0 44 1 0 689
1585025945 1 101337 R 16.0 41 5 5590 690
1585055613 1 101339 R 17.0 42 8 4531 691
1588407182 1 101553 R 12.0 42 4 3826 692
1588805376 1 101579 R 2.0 44 1 0 693
1592822803 1 101836 R 12.0 43 4 3540 694
1592852495 1 101838 R 17.0 41 6 7004 695
1593516607 1 101880 R 16.0 42 5 5394 696
1593546509 1 101882 R 16.0 43 5 3121 697
1593780131 1 101897 R 18.0 43 7 3702 698
1593810077 1 101899 R 17.0 43 8 3452 699
1595914610 1 102034 R 2.0 45 1 0 700
1600398565 1 102321 R 8.0 44 3 1307 701
1605006585 1 102616 R 4.0 45 1 0 702
1607448058 1 102772 R 12.0 44 4 1711 703
1607476838 1 102774 R 6.0 45 2 315 704
1607504666 1 102776 R 3.0 45 1 52 705
1615030011 1 103257 R 15.0 41 7 7360 706
1619869672 1 103567 R 13.0 43 4 3835 707
1619899379 1 103569 R 14.0 43 5 4398 708
1621920411 1 103698 R 13.0 44 4 2012 709
1625290878 1 103914 R 6.0 46 2 0 710
1629891861 1 104208 R 15.0 43 5 4570 711
1633963408 1 104469 R 19.0 43 6 5279 712
1634508333 1 104504 R 2.0 46 1 0 713
1634891639 1 104528 R 12.0 45 4 2609 714
1641697753 1 104964 R 7.0 45 2 1954 715
1641727592 1 104966 R 11.0 45 4 2592 716
1641763620 1 104968 R 3.0 46 1 20 717
1641793207 1 104970 R 5.0 45 3 1477 718
1641821719 1 104972 R 7.0 46 2 257 719
1642789326 1 105034 R 18.0 44 6 3784 720
1643575529 1 105084 R 19.0 44 7 3397 721
1649366605 1 105455 R 15.0 44 5 5172 722
1649394409 1 105457 R 4.0 46 1 51 723
1649838250 1 105485 R 13.0 46 4 909 724
1649867119 1 105487 R 10.0 46 3 401 725
1658852087 1 106062 R 2.0 47 1 0 726
1659258150 1 106088 R 11.0 44 4 4355 727
1663491327 1 106359 R 5.0 46 2 1188 728
1664000700 1 106391 R 14.0 44 6 6021 729
1664136530 1 106400 R 7.0 47 2 1 730
1664195354 1 106404 R 9.0 45 3 2955 731
1668197153 1 106660 R 3.0 47 1 0 732
1669089006 1 106717 R 8.0 45 3 3806 733
1671288486 1 106858 R 16.0 44 5 5530 734
1671316284 1 106860 R 4.0 47 1 85 735
1671741942 1 106887 R 9.0 46 3 1636 736
1671770517 1 106889 R 5.0 47 2 253 737
1675306702 1 107115 R 9.0 47 3 1355 738
1676385298 1 107184 R 13.0 45 4 4884 739
1676413964 1 107186 R 6.0 47 2 666 740
1677779702 1 107273 R 14.0 46 5 3128 741
1683572151 1 107644 R 3.0 48 1 0 742
1684659071 1 107714 R 5.0 48 2 0 743
1685641010 1 107776 R 17.0 46 6 2541 744
1689467683 1 108021 R 14.0 45 6 5726 745
1690032669 1 108058 R 9.0 48 3 6 746
1691687877 1 108163 R 11.0 47 4 2296 747
1696666544 1 108482 R 11.0 46 4 3993 748
1696696360 1 108484 R 10.0 47 3 2495 749
1699020019 1 108633 R 16.0 46 5 3379 750
1699049763 1 108635 R 12.0 46 4 4801 751
1701105300 1 108766 R 7.0 48 2 1 752
1705039464 1 109018 R 8.0 46 3 3763 753
1705522346 1 109049 R 4.0 48 1 0 754
1706945982 1 109140 R 2.0 48 1 0 755
1710316719 1 109356 R 12.0 47 4 2491 756
1710346352 1 109358 R 16.0 47 5 2629 757
1710998345 1 109399 R 6.0 48 2 1407 758
1715292782 1 109674 R 7.0 49 2 1 759
1715315462 1 109676 R 5.0 49 2 0 760
1719578872 1 109948 R 17.0 47 7 3213 761
1723367722 1 110191 R 2.0 49 1 0 762
1724879180 1 110288 R 8.0 47 3 3152 763
1724908646 1 110290 R 8.0 48 3 1963 764
1727926219 1 110483 R 6.0 49 3 1 765
1732084748 1 110749 R 4.0 49 1 0 766
1734867713 1 110927 R 13.0 47 4 4765 767
1736962977 1 111061 R 3.0 49 1 0 768
1741816192 1 111372 R 9.0 49 3 1170 769
1742101904 1 111390 R 13.0 48 4 3247 770
1749285650 1 111850 R 10.0 48 3 2704 771
1749315400 1 111852 R 18.0 47 6 5034 772
1749455244 1 111861 R 6.0 50 3 0 773
1750055339 1 111899 R 12.0 48 4 2386 774
1757848307 1 112398 R 12.0 49 4 1939 775
1757877901 1 112400 R 8.0 49 3 1298 776
1758172512 1 112418 R 11.0 48 4 4211 777
1764178483 1 112803 R 4.0 50 1 0 778
1764660634 1 112834 R 10.0 49 3 1400 779
1768511531 1 113080 R 7.0 50 2 1 780
1769086477 1 113117 R 2.0 50 1 0 781
1771400429 1 113265 R 3.0 50 1 0 782
1771944758 1 113300 R 10.0 50 3 1087 783
1771973368 1 113302 R 5.0 50 2 528 784
1774209719 1 113445 R 4.0 51 1 0 785
1783976904 1 114070 R 16.0 49 5 4317 786
1786322173 1 114220 R 3.0 51 1 0 787
1790820852 1 114508 R 2.0 51 1 0 788
1791178926 1 114531 R 8.0 50 3 2520 789
1791208439 1 114533 R 9.0 50 3 1171 790
1798480282 1 114998 R 7.0 51 2 1 791
1800194453 1 115108 R 6.0 51 3 933 792
1800342563 1 115117 R 19.0 48 7 5936 793
1804742719 1 115399 R 2.0 52 1 0 794
1806476015 1 115510 R 5.0 51 2 1217 795
1806505694 1 115512 R 16.0 48 5 6105 796
1807760303 1 115592 R 18.0 49 8 4375 797
1807788922 1 115594 R 3.0 52 1 161 798
1810432317 1 115763 R 19.0 47 9 8295 799
1813199033 1 115940 R 7.0 52 2 1 800
1814575829 1 116028 R 13.0 50 4 3771 801
1814605424 1 116030 R 9.0 51 3 1741 802
1817051831 1 116187 R 11.0 51 4 1862 803
1821701897 1 116484 R 12.0 50 4 5005 804
1824349889 1 116654 R 9.0 52 3 427 805
1826264172 1 116776 R 6.0 52 2 1159 806
1829584850 1 116989 R 4.0 52 1 0 807
1831236734 1 117094 R 11.0 49 4 5970 808
1831815691 1 117132 R 5.0 52 2 264 809
1831845357 1 117133 R 15.0 50 5 4682 810
1832764127 1 117192 R 11.0 50 4 4909 811
1833173049 1 117218 R 15.0 49 5 5784 812
1836502879 1 117432 R 5.0 53 2 0 813
1839837952 1 117645 R 6.0 53 2 283 814
1839867472 1 117647 R 8.0 51 3 2769 815
1840609853 1 117694 R 10.0 51 3 3213 816
1843461471 1 117877 R 2.0 53 1 0 817
1844963703 1 117973 R 16.0 50 5 5131 818
1847366105 1 118127 R 4.0 53 1 0 819
1847469270 1 118133 R 10.0 52 3 2166 820
1849433607 1 118259 R 7.0 53 2 1 821
1850957388 1 118357 R 16.0 51 5 4463 822
1850987033 1 118359 R 13.0 51 4 3139 823
1852682897 1 118467 R 17.0 49 6 7181 824
1852712564 1 118469 R 19.0 49 7 7096 825
1855994225 1 118679 R 3.0 53 1 0 826
1860288866 1 118954 R 8.0 52 3 3063 827
1865416834 1 119282 R 11.0 52 4 3595 828
1869987203 1 119575 R 5.0 54 2 0 829
1871370398 1 119663 R 17.0 50 6 7935 830
1871400111 1 119665 R 12.0 51 4 4641 831
1872108876 1 119710 R 10.0 53 3 999 832
1872572995 1 119740 R 14.0 51 5 6202 833
1874522269 1 119865 R 4.0 54 1 0 834
1877029881 1 120025 R 12.0 52 4 3863 835
1877058688 1 120027 R 6.0 54 2 305 836
1877087222 1 120029 R 3.0 54 1 187 837
1880144878 1 120225 R 12.0 53 4 1548 838
1880173747 1 120226 R 12.0 54 4 386 839
1880322804 1 120236 R 14.0 49 6 9065 840
1880870928 1 120271 R 7.0 54 2 1 841
1882576484 1 120380 R 8.0 53 3 2780 842
1882605278 1 120382 R 8.0 54 3 678 843
1885472732 1 120566 R 14.0 52 5 4253 844
1886416357 1 120626 R 9.0 53 3 1596 845
1892363626 1 121007 R 14.0 53 5 3418 846
1892393232 1 121009 R 18.0 50 9 8905 847
1892930363 1 121043 R 2.0 54 1 0 848
1895100358 1 121182 R 4.0 55 1 0 849
1900828876 1 121548 R 19.0 52 7 5545 850
1902539592 1 121658 R 2.0 55 1 0 851
1904214685 1 121765 R 7.0 55 2 1 852
1906847787 1 121934 R 9.0 54 3 2078 853
1906878174 1 121936 R 14.0 50 5 10453 854
1907672373 1 121986 R 17.0 52 8 6290 855
1914628149 1 122432 R 5.0 55 2 377 856
1914657790 1 122433 R 18.0 51 6 7251 857
1915062843 1 122459 R 14.0 54 5 2179 858
1916775464 1 122569 R 3.0 55 1 0 859
1917134805 1 122592 R 6.0 55 2 0 860
1921956320 1 122901 R 8.0 55 3 313 861
1921985991 1 122902 R 10.0 54 3 1903 862
1924133343 1 123040 R 2.0 56 1 0 863
1925056528 1 123099 R 6.0 56 2 0 864
1926647342 1 123201 R 4.0 56 1 0 865
1931603969 1 123518 R 9.0 55 3 1504 866
1937534595 1 123898 R 8.0 56 3 317 867
1939261718 1 124008 R 7.0 56 2 1 868
1945054080 1 124379 R 10.0 55 3 3033 869
1945082742 1 124381 R 5.0 56 2 501 870
1948025829 1 124569 R 9.0 56 3 1056 871
1950916158 1 124754 R 3.0 56 1 0 872
1952738623 1 124871 R 16.0 52 5 9247 873
1952768232 1 124873 R 17.0 53 6 7605 874
1955573239 1 125052 R 13.0 54 4 5347 875
1957477102 1 125174 R 2.0 57 1 0 876
1962300081 1 125483 R 8.0 57 3 407 877
1962329830 1 125484 R 11.0 55 4 2752 878
1968273957 1 125865 R 11.0 56 4 2448 879
1968915907 1 125906 R 6.0 57 2 0 880
1970603542 1 126014 R 3.0 57 1 0 881
1971241111 1 126055 R 4.0 57 1 0 882
1975191762 1 126308 R 16.0 53 5 8582 883
1975221405 1 126310 R 10.0 56 3 2383 884
1978745934 1 126535 R 7.0 57 2 1 885
1981752962 1 126728 R 5.0 57 2 0 886
1984102079 1 126878 R 16.0 54 5 7197 887
1989926408 1 127251 R 10.0 57 3 1807 888
1993523980 1 127481 R 2.0 58 1 0 889
1996788460 1 127690 R 15.0 54 5 7706 890
1997460094 1 127733 R 5.0 58 2 592 891
2002507319 1 128056 R 12.0 55 4 5226 892
2002537053 1 128058 R 13.0 55 4 5317 893
2002741950 1 128071 R 18.0 52 8 11683 894
2003291015 1 128106 R 3.0 58 1 0 895
2009006713 1 128472 R 4.0 58 1 0 896
2009417779 1 128498 R 7.0 58 2 1 897
2010510880 1 128568 R 10.0 58 3 1148 898
2010539476 1 128570 R 6.0 58 2 226 899
2012148614 1 128673 R 11.0 54 4 7981 900
2016556788 1 128955 R 9.0 58 3 1951 901
2016609864 1 128958 R 15.0 55 5 6937 902
2019100649 1 129118 R 9.0 57 3 2569 903
2019445474 1 129140 R 17.0 54 6 9396 904
2019962771 1 129173 R 3.0 59 1 0 905
2023370397 1 129391 R 16.0 55 5 7035 906
2023399850 1 129393 R 8.0 58 3 1233 907
2025027156 1 129497 R 7.0 59 2 1 908
2027789330 1 129674 R 11.0 57 4 4005 909
2031492721 1 129911 R 2.0 59 1 0 910
2035228410 1 130150 R 6.0 59 2 423 911
2035258132 1 130152 R 15.0 56 5 6225 912
2035569655 1 130172 R 9.0 59 3 0 913
2039956089 1 130453 R 5.0 59 2 0 914
2040828466 1 130508 R 12.0 57 4 4016 915
2042819224 1 130636 R 4.0 59 1 0 916
2046933059 1 130899 R 8.0 59 3 1667 917
2046962743 1 130901 R 16.0 56 5 6808 918
2052571493 1 131260 R 19.0 53 7 12738 919
2054350488 1 131374 R 4.0 60 1 0 920
2056275542 1 131497 R 3.0 60 1 0 921
2056352240 1 131502 R 2.0 60 1 0 922
2058409215 1 131634 R 5.0 60 2 0 923
2060119376 1 131743 R 6.0 60 2 379 924
2060148161 1 131745 R 9.0 60 3 327 925
2063021003 1 131929 R 19.0 54 7 12747 926
2068156876 1 132257 R 12.0 58 4 4193 927
2070324175 1 132396 R 7.0 60 2 1 928
2073495831 1 132599 R 13.0 58 4 5478 929
2073525640 1 132601 R 13.0 59 4 2510 930
2075125837 1 132703 R 10.0 59 3 3335 931
2079980196 1 133014 R 14.0 56 5 9170 932
2083330989 1 133229 R 5.0 61 2 0 933
2085151104 1 133345 R 10.0 60 3 2085 934
2085805085 1 133387 R 8.0 60 3 2666 935
2087044495 1 133466 R 6.0 61 2 533 936
2087073567 1 133468 R 10.0 61 3 327 937
2087666562 1 133506 R 13.0 60 4 1684 938
2088788006 1 133578 R 4.0 61 1 0 939
2091823775 1 133772 R 11.0 59 4 4054 940
2091853621 1 133774 R 16.0 57 5 7019 941
2092072430 1 133788 R 3.0 61 1 0 942
2092146178 1 133793 R 12.0 59 4 4113 943
2092894734 1 133841 R 11.0 58 4 5509 944
2092923504 1 133842 R 8.0 61 3 634 945
2093899722 1 133905 R 2.0 61 1 0 946
2097637775 1 134144 R 16.0 58 5 6159 947
2098792927 1 134218 R 7.0 61 2 1 948
2102057919 1 134427 R 11.0 60 4 2150 949
2102086636 1 134429 R 9.0 61 3 232 950
2104011532 1 134552 R 7.0 62 2 1 951
2110897359 1 134993 R 4.0 62 1 0 952
2112951726 1 135124 R 14.0 57 5 9059 953
2115216308 1 135269 R 14.0 58 5 8021 954
2118396223 1 135473 R 8.0 62 3 1 955
2122542551 1 135738 R 16.0 60 5 3410 956
2122572373 1 135740 R 16.0 61 5 2671 957
2123583464 1 135805 R 9.0 62 3 0 958
2126127969 1 135968 R 5.0 62 2 0 959
2127009913 1 136024 R 3.0 62 1 0 960
2128681735 1 136131 R 6.0 62 2 0 961
2131203817 1 136292 R 14.0 59 5 6988 962
2131883479 1 136336 R 2.0 62 1 0 963
2133708292 1 136453 R 16.0 59 5 7143 964
2135227127 1 136550 R 2.0 63 1 0 965
2138183299 1 136739 R 13.0 61 4 2739 966
2138213139 1 136741 R 12.0 60 4 4935 967
2139572388 1 136828 R 6.0 63 2 0 968
2139594923 1 136829 R 8.0 63 3 126 969
2142494285 1 137015 R 3.0 63 1 0 970
2147370680 1 137327 R 11.0 61 4 3176 971
2147399580 1 137329 R 4.0 63 1 467 972
2147429357 1 137331 R 17.0 60 6 5980 973
2151610035 1 137598 R 10.0 62 3 1569 974
2157633189 1 137984 R 11.0 62 4 2404 975
2158385055 1 138032 R 9.0 63 3 359 976
2158496057 1 138039 R 7.0 63 2 1 977
2162467349 1 138293 R 12.0 61 4 5716 978
2162649958 1 138305 R 18.0 59 6 8641 979
2164007752 1 138392 R 5.0 63 2 1213 980
2164489676 1 138423 R 9.0 64 3 0 981
2164742819 1 138439 R 15.0 61 5 5502 982
2165031780 1 138457 R 12.0 62 4 3552 983
2169758491 1 138760 R 2.0 64 1 0 984
2172457571 1 138933 R 15.0 62 5 4410 985
2172487313 1 138935 R 18.0 61 6 4532 986
2172947421 1 138964 R 3.0 64 1 0 987
2173473806 1 138998 R 5.0 64 2 0 988
2176411354 1 139186 R 11.0 63 4 1693 989
2176511307 1 139192 R 10.0 63 3 1913 990
2180557229 1 139451 R 17.0 59 6 9705 991
2182319281 1 139564 R 4.0 64 1 0 992
2182451719 1 139572 R 6.0 64 2 1079 993
2183210230 1 139621 R 8.0 64 3 725 994
2187604199 1 139902 R 12.0 63 4 1855 995
2187634116 1 139904 R 17.0 61 6 6237 996
2188933597 1 139987 R 7.0 64 2 1 997
2189226904 1 140006 R 18.0 62 6 3682 998
2193876657 1 140303 R 19.0 59 6 10339 999
2197211684 1 140517 R 18.0 63 6 3575 1000
2198699034 1 140612 R 14.0 60 5 8319 1001
2198729035 1 140614 R 14.0 61 5 7550 1002
2201275728 1 140777 R 3.0 65 1 0 1003
2201383546 1 140784 R 15.0 63 5 3424 1004
2205197400 1 141028 R 6.0 65 2 0 1005
2207494613 1 141175 R 14.0 62 5 5866 1006
2207654427 1 141185 R 13.0 62 4 4948 1007
2207684774 1 141187 R 13.0 63 4 3126 1008
2207714878 1 141189 R 11.0 64 4 1994 1009
2207743836 1 141191 R 2.0 65 1 177 1010
2212146008 1 141473 R 9.0 65 3 0 1011
2213391367 1 141552 R 17.0 62 6 6536 1012
2217555268 1 141819 R 19.0 62 6 6234 1013
2220413240 1 142002 R 4.0 65 1 0 1014
2220633412 1 142016 R 13.0 64 4 3055 1015
2221386185 1 142064 R 16.0 62 5 6798 1016
2221416104 1 142066 R 10.0 64 3 2093 1017
2221833779 1 142093 R 16.0 63 5 5430 1018
2222223512 1 142118 R 19.0 63 6 5185 1019
2223963016 1 142229 R 6.0 66 2 0 1020
2225231291 1 142310 R 7.0 65 2 285 1021
2226900428 1 142417 R 11.0 65 4 1499 1022
2227208886 1 142437 R 12.0 64 4 3583 1023
2228227284 1 142502 R 13.0 65 4 1424 1024
2230101736 1 142622 R 5.0 65 2 1439 1025
2232256969 1 142760 R 4.0 66 1 0 1026
2232656843 1 142785 R 10.0 65 3 1320 1027
2232685438 1 142787 R 10.0 66 3 71 1028
2233399346 1 142833 R 2.0 66 1 0 1029
2233756973 1 142856 R 16.0 64 5 3949 1030
2235367718 1 142959 R 8.0 65 3 1597 1031
2239799952 1 143243 R 3.0 66 1 1 1032
2239830028 1 143244 R 12.0 65 4 2866 1033
2241240071 1 143335 R 9.0 66 3 0 1034
2241373132 1 143343 R 15.0 64 5 4084 1035
2241402245 1 143345 R 8.0 66 3 944 1036
2243505755 1 143480 R 18.0 65 6 1424 1037
2246972368 1 143702 R 5.0 66 2 0 1038
2250186304 1 143907 R 17.0 63 6 6069 1039
2250371325 1 143919 R 7.0 66 2 1 1040
2251099366 1 143966 R 12.0 66 4 1215 1041
2252520808 1 144057 R 17.0 64 6 4238 1042
2254555464 1 144187 R 2.0 67 1 0 1043
2258904168 1 144465 R 16.0 65 5 2919 1044
2259022968 1 144473 R 15.0 65 5 3365 1045
2265045979 1 144858 R 19.0 64 6 5245 1046
2265076342 1 144860 R 19.0 65 6 2998 1047
2265108177 1 144862 R 7.0 67 2 38 1048
2265137603 1 144864 R 10.0 67 3 297 1049
2265167784 1 144866 R 14.0 64 5 4665 1050
2266630893 1 144960 R 19.0 66 6 1543 1051
2272363009 1 145327 R 5.0 67 2 0 1052
2273014491 1 145368 R 13.0 66 4 1279 1053
2273043623 1 145370 R 3.0 67 1 308 1054
2274100980 1 145438 R 14.0 65 5 4189 1055
2275426407 1 145523 R 13.0 67 4 801 1056
2277194596 1 145636 R 4.0 67 1 0 1057
2280305266 1 145835 R 11.0 66 4 3618 1058
2280697388 1 145860 R 6.0 67 2 107 1059
2281510532 1 145912 R 14.0 66 5 3348 1060
2285544242 1 146170 R 11.0 67 4 429 1061
2285573524 1 146172 R 8.0 67 3 310 1062
2286847396 1 146254 R 5.0 68 2 0 1063
2287510740 1 146296 R 18.0 66 6 2597 1064
2291525542 1 146553 R 6.0 68 2 106 1065
2292991701 1 146647 R 8.0 68 3 527 1066
2294182614 1 146723 R 12.0 67 4 1664 1067
2296664962 1 146882 R 2.0 68 1 0 1068
2298885456 1 147024 R 10.0 68 3 123 1069
2299072825 1 147036 R 9.0 67 3 1231 1070
2300122346 1 147103 R 11.0 68 4 613 1071
2300152522 1 147105 R 16.0 66 5 3326 1072
2301591597 1 147197 R 13.0 68 4 630 1073
2306009463 1 147480 R 3.0 68 1 259 1074
2306199491 1 147492 R 7.0 68 2 1 1075
2307011022 1 147544 R 17.0 65 6 5697 1076
2307494759 1 147575 R 18.0 64 6 8266 1077
2308288351 1 147626 R 4.0 68 1 0 1078
2309180253 1 147683 R 18.0 67 6 3267 1079
2312854915 1 147918 R 15.0 66 5 5162 1080
2312884950 1 147920 R 12.0 68 4 1061 1081
2315284901 1 148074 R 5.0 69 2 0 1082
2316619271 1 148159 R 6.0 69 2 0 1083
2316789640 1 148170 R 19.0 67 6 2949 1084
2320210090 1 148389 R 4.0 69 1 0 1085
2320363662 1 148399 R 17.0 67 6 4119 1086
2321884455 1 148496 R 9.0 68 3 866 1087
2323185633 1 148579 R 16.0 67 5 2824 1088
2323215831 1 148581 R 15.0 67 5 4428 1089
2327342571 1 148845 R 16.0 68 5 1751 1090
2328542602 1 148922 R 17.0 66 6 5452 1091
2328571566 1 148924 R 9.0 69 3 396 1092
2330150792 1 149025 R 3.0 69 1 0 1093
2332685675 1 149187 R 15.0 68 5 2012 1094
2334461846 1 149301 R 2.0 69 1 0 1095
2339041774 1 149594 R 18.0 68 6 3203 1096
2339984444 1 149654 R 7.0 69 2 492 1097
2346069468 1 150044 R 4.0 70 1 0 1098
2347698381 1 150148 R 12.0 69 4 1645 1099
2347727283 1 150150 R 3.0 70 1 134 1100
2349128625 1 150240 R 5.0 70 2 0 1101
2354829232 1 150604 R 17.0 68 6 3385 1102
2359122820 1 150879 R 6.0 70 2 842 1103
2359151941 1 150881 R 9.0 70 3 420 1104
2361256521 1 151016 R 7.0 70 2 915 1105
2361286451 1 151018 R 14.0 68 5 3339 1106
2361680407 1 151043 R 19.0 68 6 3897 1107
2363703872 1 151172 R 14.0 69 5 2797 1108
2368887951 1 151504 R 10.0 69 3 2037 1109
2368918008 1 151506 R 15.0 69 5 1961 1110
2369301417 1 151531 R 8.0 69 3 2622 1111
2369331556 1 151533 R 13.0 69 4 2263 1112
2372149371 1 151713 R 2.0 70 1 0 1113
2374197407 1 151844 R 6.0 71 2 0 1114
2376655978 1 152001 R 10.0 70 3 988 1115
2376758461 1 152008 R 8.0 70 3 1682 1116
2381446191 1 152308 R 19.0 69 6 3929 1117
2381571240 1 152316 R 2.0 71 1 0 1118
2382245901 1 152359 R 15.0 70 5 2340 1119
2382274125 1 152361 R 4.0 71 1 32 1120
2382304143 1 152363 R 12.0 70 4 1420 1121
2383362349 1 152431 R 14.0 70 5 1374 1122
2385490208 1 152567 R 9.0 71 3 0 1123
2387426782 1 152691 R 16.0 69 5 3600 1124
2387456896 1 152693 R 18.0 69 6 2958 1125
2390652847 1 152897 R 10.0 71 3 214 1126
2391082773 1 152925 R 14.0 71 5 886 1127
2394919989 1 153170 R 17.0 69 6 4838 1128
2394950191 1 153172 R 11.0 69 4 3849 1129
2394980423 1 153174 R 18.0 70 6 2817 1130
2397160023 1 153314 R 5.0 71 2 0 1131
2398076090 1 153372 R 7.0 71 2 0 1132
2399472604 1 153462 R 15.0 71 5 1 1133
2399682138 1 153475 R 3.0 71 1 0 1134
2399985834 1 153495 R 12.0 71 4 0 1135
