243462668 1 15477 R 9.0 0 3 0 1
243488481 1 15479 R 10.0 0 3 1 2
244016498 1 15513 R 8.0 0 3 0 3
248404672 1 15793 R 12.0 0 4 0 4
249134250 1 15840 R 7.0 0 2 0 5
249460572 1 15861 R 6.0 0 2 1 6
249479828 1 15862 R 3.0 0 1 0 7
249646854 1 15873 R 2.0 0 1 0 8
255271085 1 16233 R 16.0 0 5 370 9
255298711 1 16235 R 5.0 0 2 371 10
255326193 1 16236 R 4.0 0 1 271 11
257024212 1 16345 R 15.0 0 5 460 12
257052018 1 16347 R 14.0 0 5 439 13
258101962 1 16414 R 7.0 1 2 0 14
258444212 1 16436 R 3.0 1 1 0 15
258614661 1 16447 R 2.0 1 1 0 16
259571266 1 16508 R 10.0 1 3 0 17
259834704 1 16525 R 6.0 1 2 1 18
260378776 1 16560 R 4.0 1 1 0 19
262171816 1 16674 R 5.0 1 2 0 20
262674404 1 16707 R 9.0 1 3 0 21
265615594 1 16895 R 11.0 0 4 982 22
265803738 1 16907 R 3.0 2 1 0 23
265974612 1 16918 R 2.0 2 1 0 24
266641171 1 16961 R 5.0 2 2 0 25
269731998 1 17158 R 17.0 0 6 1242 26
277208648 1 17637 R 9.0 2 3 707 27
277236271 1 17639 R 7.0 2 2 346 28
277263837 1 17640 R 4.0 2 1 255 29
277290426 1 17642 R 4.0 3 1 37 30
279750424 1 17800 R 5.0 3 2 0 31
282555844 1 17979 R 7.0 3 2 0 32
282897546 1 18001 R 3.0 3 1 0 33
283068390 1 18012 R 2.0 3 1 0 34
286597572 1 18238 R 4.0 4 1 0 35
288435194 1 18355 R 10.0 2 3 1426 36
289741278 1 18439 R 3.0 4 1 0 37
289912116 1 18450 R 2.0 4 1 0 38
294646872 1 18753 R 18.0 0 6 2807 39
294674341 1 18755 R 7.0 4 2 337 40
295794244 1 18826 R 8.0 1 3 2330 41
302021514 1 19225 R 6.0 2 2 1873 42
302048916 1 19227 R 4.0 5 1 210 43
302335021 1 19245 R 3.0 5 1 0 44
302505868 1 19256 R 2.0 5 1 0 45
304678760 1 19395 R 3.0 6 1 0 46
304849611 1 19406 R 2.0 6 1 0 47
305927555 1 19475 R 5.0 4 2 870 48
305955067 1 19477 R 5.0 5 2 509 49
310144932 1 19745 R 4.0 6 1 0 50
312781645 1 19914 R 5.0 6 2 0 51
315576559 1 20092 R 7.0 5 2 870 52
315604163 1 20094 R 7.0 6 2 509 53
315950471 1 20116 R 6.0 3 2 2133 54
321005857 1 20440 R 6.0 4 2 1949 55
321033273 1 20442 R 4.0 7 1 172 56
322200388 1 20516 R 6.0 5 2 1502 57
322772546 1 20553 R 3.0 7 1 0 58
322943381 1 20564 R 2.0 7 1 0 59
328693709 1 20932 R 6.0 6 2 1475 60
328721211 1 20934 R 5.0 7 2 416 61
331194388 1 21092 R 3.0 8 1 0 62
331365244 1 21103 R 2.0 8 1 0 63
332658627 1 21186 R 5.0 8 2 0 64
332872302 1 21199 R 9.0 3 3 3737 65
336094146 1 21406 R 5.0 9 2 0 66
336913149 1 21458 R 3.0 9 1 0 67
339724616 1 21638 R 2.0 9 1 0 68
340256063 1 21672 R 6.0 7 2 1417 69
340283576 1 21674 R 4.0 8 1 439 70
340311039 1 21675 R 4.0 9 1 116 71
343382115 1 21872 R 3.0 10 1 0 72
345296142 1 21994 R 7.0 7 2 1464 73
348766274 1 22217 R 5.0 10 2 0 74
350099709 1 22302 R 7.0 8 2 1337 75
350127417 1 22304 R 4.0 10 1 247 76
351514623 1 22392 R 7.0 9 2 1183 77
351542397 1 22394 R 7.0 10 2 154 78
352771744 1 22473 R 2.0 10 1 0 79
356256092 1 22696 R 2.0 11 1 0 80
358316882 1 22828 R 4.0 11 1 0 81
358375693 1 22832 R 5.0 11 2 0 82
360180999 1 22947 R 7.0 11 2 0 83
362600917 1 23102 R 3.0 11 1 0 84
363356771 1 23150 R 9.0 4 3 4796 85
365969492 1 23318 R 5.0 12 2 0 86
367490208 1 23415 R 6.0 8 2 2393 87
368024781 1 23449 R 7.0 12 2 0 88
368544070 1 23482 R 6.0 9 2 1802 89
368927975 1 23507 R 2.0 12 1 0 90
370569590 1 23612 R 3.0 12 1 0 91
374428833 1 23859 R 3.0 13 1 0 92
376006373 1 23960 R 6.0 10 2 1737 93
376034092 1 23962 R 4.0 12 1 370 94
378537341 1 24122 R 2.0 13 1 0 95
379313110 1 24172 R 5.0 13 2 0 96
381020041 1 24281 R 4.0 13 1 0 97
385826659 1 24588 R 7.0 13 2 654 98
387403902 1 24689 R 6.0 11 2 2007 99
388407162 1 24754 R 5.0 14 2 0 100
389474971 1 24822 R 2.0 14 1 0 101
392975953 1 25046 R 3.0 14 1 0 102
393521845 1 25081 R 2.0 15 1 0 103
393741685 1 25095 R 9.0 5 3 6040 104
393769680 1 25097 R 7.0 14 2 365 105
393797669 1 25098 R 4.0 14 1 133 106
395185070 1 25187 R 9.0 6 3 5752 107
395944693 1 25236 R 3.0 15 1 0 108
397328967 1 25325 R 5.0 15 2 0 109
402756552 1 25672 R 6.0 12 2 1996 110
402792550 1 25674 R 7.0 15 2 371 111
402820457 1 25676 R 4.0 15 1 298 112
403122613 1 25695 R 6.0 13 2 1773 113
405663411 1 25858 R 3.0 16 1 0 114
406047724 1 25883 R 5.0 16 2 0 115
408272084 1 26025 R 6.0 14 2 1247 116
408299926 1 26027 R 7.0 16 2 166 117
410006313 1 26136 R 2.0 16 1 0 118
410246866 1 26151 R 6.0 15 2 733 119
415662453 1 26498 R 9.0 8 3 5510 120
415690407 1 26500 R 4.0 16 1 175 121
417731728 1 26630 R 9.0 9 3 5310 122
418132166 1 26656 R 3.0 17 1 0 123
419516491 1 26745 R 5.0 17 2 0 124
419678196 1 26755 R 2.0 17 1 0 125
423350098 1 26990 R 6.0 16 2 1126 126
423369986 1 26991 R 3.0 18 1 0 127
423391674 1 26992 R 4.0 17 1 350 128
424865574 1 27087 R 2.0 18 1 0 129
425153898 1 27105 R 9.0 10 3 4739 130
431161691 1 27490 R 6.0 17 2 691 131
431188638 1 27492 R 4.0 18 1 90 132
431513062 1 27512 R 9.0 12 3 3832 133
435724626 1 27782 R 5.0 18 2 359 134
437319674 1 27884 R 3.0 19 1 0 135
437719566 1 27910 R 5.0 19 2 0 136
438208801 1 27941 R 6.0 18 2 938 137
438237777 1 27943 R 10.0 11 3 5124 138
440405935 1 28081 R 7.0 17 2 1360 139
440584443 1 28093 R 2.0 19 1 0 140
446038420 1 28442 R 3.0 20 1 0 141
447756616 1 28552 R 7.0 18 2 1151 142
447784486 1 28554 R 4.0 19 1 377 143
447812244 1 28555 R 4.0 20 1 174 144
448271944 1 28585 R 2.0 20 1 0 145
448891518 1 28625 R 5.0 20 2 0 146
451997542 1 28823 R 8.0 11 3 5818 147
455000880 1 29016 R 5.0 21 2 0 148
458756290 1 29256 R 8.0 12 3 5930 149
458784168 1 29258 R 4.0 21 1 154 150
459507355 1 29304 R 3.0 21 1 0 151
459968299 1 29333 R 7.0 19 2 1274 152
459996188 1 29335 R 7.0 20 2 983 153
461756314 1 29448 R 2.0 21 1 0 154
462446855 1 29492 R 7.0 21 2 0 155
463725941 1 29574 R 3.0 22 1 0 156
464428100 1 29619 R 2.0 22 1 0 157
464864005 1 29647 R 4.0 22 1 0 158
467013308 1 29784 R 6.0 19 2 2155 159
472797766 1 30155 R 5.0 22 2 0 160
473115700 1 30175 R 6.0 20 2 1845 161
473143542 1 30177 R 7.0 22 2 192 162
473216242 1 30181 R 8.0 13 3 5805 163
474266532 1 30249 R 5.0 23 2 0 164
477505641 1 30456 R 6.0 21 2 978 165
477533584 1 30458 R 7.0 23 2 155 166
477710346 1 30469 R 3.0 23 1 0 167
478037998 1 30490 R 2.0 23 1 0 168
478856237 1 30542 R 6.0 22 2 886 169
483850438 1 30862 R 10.0 16 3 4798 170
483878334 1 30864 R 4.0 23 1 166 171
483926485 1 30867 R 4.0 24 1 0 172
486857072 1 31054 R 10.0 17 3 4350 173
489334872 1 31213 R 2.0 24 1 0 174
490485281 1 31287 R 5.0 24 2 0 175
491054202 1 31323 R 3.0 24 1 0 176
494130863 1 31520 R 6.0 23 2 987 177
494150763 1 31521 R 3.0 25 1 0 178
494172457 1 31522 R 7.0 24 2 341 179
495290623 1 31594 R 7.0 25 2 0 180
495469670 1 31606 R 5.0 25 2 0 181
498582787 1 31805 R 4.0 25 1 0 182
501022388 1 31961 R 2.0 25 1 0 183
502810052 1 32075 R 8.0 16 3 6171 184
504991538 1 32215 R 3.0 26 1 0 185
507068614 1 32348 R 6.0 24 2 1184 186
507544282 1 32378 R 9.0 17 3 5870 187
507572230 1 32380 R 6.0 25 2 714 188
508522585 1 32441 R 8.0 19 3 4757 189
508813380 1 32460 R 5.0 26 2 0 190
509506624 1 32504 R 2.0 26 1 0 191
509879604 1 32528 R 4.0 26 1 0 192
510399914 1 32561 R 7.0 26 2 0 193
513164817 1 32738 R 6.0 26 2 292 194
513193654 1 32740 R 10.0 18 3 5361 195
513804331 1 32779 R 6.0 27 2 1 196
514553732 1 32827 R 8.0 20 3 4512 197
518993770 1 33111 R 7.0 27 2 0 198
520228498 1 33190 R 10.0 21 3 3873 199
520257615 1 33192 R 10.0 23 3 2501 200
521585535 1 33277 R 3.0 27 1 0 201
521907239 1 33298 R 5.0 27 2 0 202
522348496 1 33326 R 4.0 27 1 0 203
523178759 1 33379 R 2.0 27 1 0 204
523868766 1 33423 R 9.0 20 3 4949 205
524257338 1 33448 R 3.0 28 1 0 206
530223364 1 33830 R 4.0 28 1 0 207
530338006 1 33837 R 10.0 24 3 2736 208
530366884 1 33839 R 2.0 28 1 0 209
530750929 1 33864 R 5.0 28 2 0 210
537506783 1 34296 R 10.0 25 3 2206 211
537534745 1 34298 R 7.0 28 2 311 212
538660869 1 34370 R 4.0 29 1 0 213
538725504 1 34374 R 2.0 29 1 0 214
538884426 1 34384 R 7.0 29 2 0 215
539344742 1 34414 R 5.0 29 2 0 216
540476164 1 34486 R 3.0 29 1 0 217
543772374 1 34697 R 2.0 30 1 0 218
544950815 1 34772 R 6.0 28 2 1028 219
545444862 1 34804 R 3.0 30 1 0 220
551756418 1 35208 R 6.0 29 2 1101 221
551784309 1 35210 R 4.0 30 1 353 222
552857256 1 35278 R 10.0 27 3 1955 223
553016588 1 35289 R 5.0 30 2 0 224
557100053 1 35550 R 9.0 24 3 4101 225
557747693 1 35591 R 9.0 25 3 4114 226
559163608 1 35682 R 3.0 31 1 0 227
561256762 1 35816 R 2.0 31 1 0 228
562427364 1 35891 R 6.0 30 2 769 229
562455267 1 35893 R 4.0 31 1 274 230
563600500 1 35966 R 2.0 32 1 0 231
563848376 1 35982 R 4.0 32 1 0 232
564670726 1 36034 R 7.0 30 2 949 233
564698740 1 36036 R 7.0 31 2 416 234
565076026 1 36060 R 10.0 28 3 2592 235
565755973 1 36104 R 5.0 31 2 418 236
565783073 1 36106 R 5.0 32 2 37 237
569309244 1 36331 R 6.0 31 2 747 238
571898018 1 36497 R 3.0 32 1 0 239
573537998 1 36602 R 2.0 33 1 0 240
575819186 1 36748 R 8.0 24 3 5309 241
575847131 1 36750 R 7.0 32 2 371 242
576418830 1 36786 R 6.0 32 2 838 243
580391614 1 37041 R 5.0 33 2 0 244
580741794 1 37063 R 3.0 33 1 0 245
580776049 1 37065 R 8.0 25 3 5448 246
580804035 1 37067 R 4.0 33 1 235 247
581466295 1 37109 R 8.0 27 3 4041 248
589318306 1 37612 R 6.0 33 2 757 249
589338251 1 37613 R 3.0 34 1 0 250
589360996 1 37614 R 10.0 29 3 3063 251
592834894 1 37837 R 2.0 34 1 0 252
592974635 1 37846 R 5.0 34 2 415 253
593077850 1 37852 R 7.0 33 2 1271 254
593105893 1 37854 R 7.0 34 2 642 255
593598513 1 37886 R 4.0 34 1 0 256
594522384 1 37945 R 2.0 35 1 0 257
597181370 1 38115 R 7.0 35 2 0 258
597679301 1 38147 R 3.0 35 1 0 259
597825817 1 38156 R 9.0 26 3 5469 260
600297858 1 38315 R 5.0 35 2 0 261
609226116 1 38886 R 3.0 36 1 0 262
609947635 1 38932 R 9.0 28 3 5287 263
609975737 1 38934 R 4.0 35 1 705 264
610002802 1 38936 R 4.0 36 1 12 265
611766653 1 39049 R 5.0 36 2 0 266
612482067 1 39094 R 6.0 34 2 1757 267
613006794 1 39128 R 2.0 36 1 0 268
613985704 1 39191 R 5.0 37 2 0 269
614679055 1 39235 R 2.0 37 1 0 270
620100409 1 39582 R 6.0 35 2 1480 271
620128348 1 39584 R 7.0 36 2 480 272
620154556 1 39585 R 4.0 37 1 7 273
620195737 1 39588 R 3.0 37 1 0 274
625288825 1 39914 R 2.0 38 1 0 275
626280099 1 39977 R 7.0 37 2 847 276
626308175 1 39979 R 7.0 38 2 104 277
627914465 1 40082 R 3.0 38 1 0 278
628630505 1 40128 R 4.0 38 1 0 279
629404189 1 40177 R 10.0 30 3 5462 280
632954861 1 40405 R 5.0 38 2 0 281
634054426 1 40475 R 2.0 39 1 0 282
634314193 1 40492 R 5.0 39 2 0 283
636897216 1 40657 R 6.0 36 2 1983 284
636925932 1 40659 R 9.0 29 3 6109 285
636945866 1 40660 R 7.0 39 2 0 286
640383224 1 40880 R 3.0 39 1 0 287
640427386 1 40883 R 4.0 39 1 0 288
643407938 1 41074 R 5.0 40 2 0 289
643601831 1 41086 R 3.0 40 1 0 290
645075785 1 41180 R 6.0 37 2 1916 291
647354489 1 41326 R 7.0 40 2 1 292
652443815 1 41652 R 6.0 38 2 1700 293
652471660 1 41654 R 4.0 40 1 446 294
653241885 1 41703 R 2.0 40 1 0 295
653570569 1 41724 R 3.0 41 1 0 296
661073062 1 42204 R 7.0 41 2 1 297
661429387 1 42227 R 2.0 41 1 0 298
661536721 1 42234 R 4.0 41 1 0 299
662252116 1 42280 R 5.0 41 2 0 300
663013321 1 42328 R 6.0 39 2 1901 301
663541807 1 42362 R 7.0 42 2 1 302
664632504 1 42432 R 2.0 42 1 0 303
669662539 1 42754 R 9.0 32 3 6280 304
669689487 1 42756 R 4.0 42 1 79 305
670289377 1 42794 R 3.0 42 1 0 306
672845871 1 42958 R 5.0 42 2 0 307
673189477 1 42980 R 5.0 43 2 0 308
673651365 1 43009 R 7.0 43 2 1 309
681528959 1 43513 R 9.0 33 3 6848 310
681758106 1 43528 R 3.0 43 1 0 311
682023133 1 43545 R 2.0 43 1 0 312
682646110 1 43585 R 4.0 43 1 0 313
683976834 1 43670 R 3.0 44 1 0 314
684507510 1 43704 R 2.0 44 1 0 315
685869374 1 43791 R 6.0 40 2 2440 316
687283267 1 43882 R 5.0 44 2 0 317
688245014 1 43943 R 7.0 44 2 1 318
689975042 1 44054 R 6.0 41 2 2140 319
690002085 1 44056 R 4.0 44 1 48 320
693747689 1 44295 R 6.0 42 2 1746 321
695127120 1 44384 R 5.0 45 2 0 322
696588865 1 44477 R 7.0 45 2 1 323
696945009 1 44500 R 2.0 45 1 0 324
699303003 1 44651 R 6.0 43 2 1602 325
699330001 1 44653 R 4.0 45 1 84 326
700075562 1 44700 R 8.0 37 3 5370 327
702945707 1 44884 R 3.0 45 1 0 328
707068655 1 45148 R 6.0 44 2 1237 329
707095583 1 45150 R 4.0 46 1 75 330
707324898 1 45164 R 6.0 45 2 684 331
708382510 1 45232 R 2.0 46 1 0 332
711135607 1 45408 R 7.0 46 2 1 333
712664476 1 45506 R 3.0 46 1 0 334
712720872 1 45510 R 5.0 46 2 0 335
713209103 1 45541 R 9.0 41 3 3240 336
713398715 1 45553 R 3.0 47 1 0 337
714763253 1 45640 R 9.0 42 3 2709 338
716064621 1 45724 R 5.0 47 2 0 339
716104490 1 45726 R 7.0 47 2 1 340
719333424 1 45933 R 6.0 46 2 545 341
719361224 1 45935 R 4.0 47 1 177 342
720820020 1 46028 R 2.0 47 1 0 343
721387953 1 46064 R 8.0 40 3 4339 344
721415850 1 46066 R 6.0 47 2 523 345
722022610 1 46105 R 8.0 41 3 4061 346
726474140 1 46390 R 4.0 48 1 0 347
726978271 1 46422 R 9.0 43 3 3153 348
727007026 1 46424 R 9.0 44 3 2465 349
727867737 1 46479 R 6.0 48 2 1 350
727928868 1 46483 R 8.0 42 3 4043 351
729158367 1 46562 R 5.0 48 2 0 352
729823239 1 46604 R 7.0 48 2 1 353
730257542 1 46632 R 2.0 48 1 0 354
732242598 1 46759 R 3.0 48 1 0 355
734002122 1 46872 R 5.0 49 2 0 356
735416137 1 46962 R 10.0 41 3 5170 357
735445101 1 46964 R 10.0 42 3 4006 358
738134384 1 47136 R 9.0 45 3 2486 359
738291990 1 47146 R 7.0 49 2 1 360
741333511 1 47341 R 4.0 49 1 0 361
742524166 1 47417 R 6.0 49 2 177 362
742553000 1 47419 R 10.0 43 3 3836 363
742633954 1 47424 R 9.0 46 3 2329 364
742695017 1 47428 R 2.0 49 1 0 365
742836781 1 47437 R 3.0 49 1 0 366
743180386 1 47459 R 3.0 50 1 0 367
744132520 1 47520 R 2.0 50 1 0 368
745401241 1 47601 R 7.0 50 2 1 369
749711715 1 47877 R 6.0 50 2 380 370
749740388 1 47879 R 8.0 43 3 4471 371
751798991 1 48011 R 5.0 50 2 0 372
752708586 1 48069 R 4.0 50 1 0 373
753995008 1 48151 R 7.0 51 2 1 374
754859036 1 48206 R 10.0 44 3 4278 375
757274131 1 48361 R 3.0 51 1 0 376
758570010 1 48444 R 2.0 51 1 0 377
759587648 1 48509 R 8.0 44 3 4425 378
760896101 1 48593 R 4.0 51 1 0 379
761267749 1 48617 R 5.0 51 2 0 380
765117879 1 48863 R 3.0 52 1 0 381
765185195 1 48867 R 8.0 45 3 4114 382
770007520 1 49176 R 2.0 52 1 0 383
771486390 1 49271 R 5.0 52 2 0 384
771552924 1 49275 R 9.0 47 3 3251 385
772083595 1 49309 R 4.0 52 1 0 386
772731916 1 49350 R 9.0 48 3 2596 387
775248848 1 49511 R 7.0 52 2 443 388
776432614 1 49587 R 7.0 53 2 1 389
776459461 1 49589 R 5.0 53 2 0 390
777537333 1 49658 R 6.0 51 2 1012 391
777679531 1 49667 R 2.0 53 1 0 392
779489849 1 49783 R 4.0 53 1 0 393
780575838 1 49852 R 10.0 45 3 5528 394
782711781 1 49989 R 3.0 53 1 0 395
782854340 1 49998 R 7.0 54 2 1 396
783883548 1 50064 R 3.0 54 1 0 397
785020986 1 50137 R 6.0 52 2 834 398
786107011 1 50206 R 9.0 49 3 3140 399
789054404 1 50395 R 2.0 54 1 0 400
790173999 1 50467 R 5.0 54 2 0 401
792630493 1 50624 R 6.0 53 2 710 402
792659135 1 50626 R 9.0 50 3 2582 403
793102956 1 50654 R 3.0 55 1 0 404
793646102 1 50689 R 4.0 54 1 0 405
795020985 1 50777 R 4.0 55 1 0 406
797163776 1 50914 R 2.0 55 1 0 407
798573145 1 51004 R 7.0 55 2 1 408
798642753 1 51009 R 5.0 55 2 0 409
805041879 1 51418 R 7.0 56 2 1 410
806101253 1 51486 R 2.0 56 1 0 411
807763317 1 51592 R 8.0 47 3 5649 412
808586623 1 51645 R 3.0 56 1 0 413
811861349 1 51855 R 5.0 56 2 0 414
813830103 1 51981 R 5.0 57 2 0 415
815162537 1 52066 R 8.0 48 3 5789 416
815190422 1 52068 R 4.0 56 1 317 417
816038756 1 52122 R 2.0 57 1 0 418
816930385 1 52179 R 3.0 57 1 0 419
818260562 1 52264 R 7.0 57 2 1 420
822208588 1 52517 R 4.0 57 1 0 421
824247653 1 52647 R 6.0 54 2 2226 422
824976259 1 52694 R 2.0 58 1 0 423
825024130 1 52697 R 3.0 58 1 0 424
826548857 1 52795 R 5.0 58 2 0 425
828521666 1 52921 R 6.0 55 2 1892 426
829744910 1 52999 R 7.0 58 2 1 427
830614843 1 53055 R 4.0 58 1 0 428
831216233 1 53093 R 6.0 56 2 1747 429
834236395 1 53287 R 5.0 59 2 0 430
834867888 1 53327 R 3.0 59 1 0 431
836428062 1 53427 R 6.0 57 2 1044 432
838419323 1 53554 R 9.0 52 3 4638 433
838913772 1 53586 R 2.0 59 1 0 434
840088696 1 53661 R 7.0 59 2 1 435
843205103 1 53861 R 5.0 60 2 0 436
843567828 1 53884 R 6.0 58 2 918 437
843595669 1 53886 R 4.0 59 1 245 438
844461646 1 53941 R 3.0 60 1 0 439
845059272 1 53979 R 6.0 59 2 727 440
845179390 1 53987 R 2.0 60 1 0 441
850474888 1 54326 R 9.0 53 3 4836 442
850502695 1 54328 R 4.0 60 1 300 443
852635586 1 54464 R 7.0 60 2 1 444
854366884 1 54575 R 2.0 61 1 0 445
857604261 1 54782 R 7.0 61 2 1 446
858923902 1 54867 R 5.0 61 2 0 447
859805422 1 54923 R 3.0 61 1 0 448
860333602 1 54957 R 4.0 61 1 0 449
862028862 1 55065 R 9.0 54 3 5039 450
864554388 1 55227 R 2.0 62 1 0 451
865392633 1 55281 R 5.0 62 2 0 452
866963741 1 55381 R 7.0 62 2 1 453
868899181 1 55505 R 3.0 62 1 0 454
868990688 1 55511 R 10.0 52 3 6186 455
869018426 1 55513 R 4.0 62 1 160 456
875742905 1 55943 R 3.0 63 1 0 457
875982256 1 55958 R 10.0 53 3 6430 458
878057522 1 56091 R 7.0 63 2 1 459
878611499 1 56127 R 5.0 63 2 0 460
879741895 1 56199 R 2.0 63 1 0 461
881474848 1 56310 R 6.0 60 2 1861 462
881502674 1 56312 R 4.0 63 1 115 463
882544348 1 56378 R 6.0 61 2 1599 464
884336628 1 56493 R 3.0 64 1 0 465
887929387 1 56723 R 2.0 64 1 0 466
888901224 1 56785 R 7.0 64 2 1 467
890095871 1 56862 R 5.0 64 2 0 468
896240960 1 57255 R 6.0 62 2 1807 469
896269899 1 57257 R 10.0 58 3 4671 470
896297827 1 57258 R 4.0 64 1 396 471
896809372 1 57291 R 6.0 63 2 985 472
898680398 1 57411 R 3.0 65 1 0 473
899495115 1 57463 R 7.0 65 2 1 474
900439629 1 57524 R 5.0 65 2 0 475
903132508 1 57696 R 2.0 65 1 0 476
904615873 1 57791 R 10.0 59 3 4409 477
904643691 1 57793 R 4.0 65 1 484 478
905838772 1 57869 R 7.0 66 2 1 479
906774129 1 57929 R 3.0 66 1 0 480
910489755 1 58167 R 4.0 66 1 0 481
911570023 1 58236 R 2.0 66 1 0 482
912533370 1 58298 R 5.0 66 2 0 483
915388322 1 58480 R 8.0 58 3 5590 484
919932615 1 58771 R 7.0 67 2 1 485
922302943 1 58923 R 6.0 64 2 2144 486
922330705 1 58925 R 4.0 67 1 193 487
922377119 1 58928 R 5.0 67 2 0 488
922618028 1 58943 R 3.0 67 1 0 489
922810138 1 58955 R 10.0 60 3 4683 490
923210651 1 58981 R 2.0 67 1 0 491
923970876 1 59030 R 5.0 68 2 0 492
925555421 1 59131 R 3.0 68 1 0 493
926898136 1 59217 R 2.0 68 1 0 494
928912572 1 59346 R 6.0 65 2 1659 495
928941254 1 59348 R 6.0 66 2 1136 496
928967361 1 59349 R 4.0 68 1 8 497
929776365 1 59401 R 7.0 68 2 1 498
935239729 1 59751 R 4.0 69 1 0 499
937314626 1 59884 R 5.0 69 2 0 500
939585644 1 60029 R 2.0 69 1 0 501
940310135 1 60075 R 6.0 67 2 1661 502
940649166 1 60097 R 3.0 69 1 0 503
941370115 1 60143 R 7.0 69 2 1 504
945273153 1 60393 R 2.0 70 1 0 505
945787519 1 60426 R 8.0 60 3 6304 506
945816341 1 60428 R 10.0 61 3 5631 507
947492898 1 60535 R 3.0 70 1 0 508
948408287 1 60594 R 5.0 70 2 0 509
948541989 1 60602 R 7.0 70 2 1 510
948724237 1 60614 R 4.0 70 1 0 511
953606957 1 60926 R 6.0 68 2 1421 512
959252129 1 61288 R 5.0 71 2 0 513
959960658 1 61333 R 2.0 71 1 0 514
960086654 1 61341 R 3.0 71 1 0 515
960881429 1 61392 R 6.0 69 2 1661 516
960910070 1 61394 R 8.0 62 3 6012 517
960937097 1 61395 R 4.0 71 1 23 518
961760740 1 61448 R 7.0 71 2 1 519
963729489 1 61574 R 7.0 72 2 1 520
967648142 1 61825 R 2.0 72 1 0 521
969036733 1 61914 R 4.0 72 1 0 522
969845876 1 61966 R 5.0 72 2 0 523
970432278 1 62003 R 3.0 72 1 0 524
973303082 1 62187 R 6.0 70 2 1531 525
973330910 1 62189 R 6.0 71 2 929 526
977517756 1 62457 R 5.0 73 2 0 527
978335645 1 62509 R 2.0 73 1 0 528
978448136 1 62516 R 7.0 73 2 1 529
980677685 1 62659 R 4.0 73 1 0 530
982524142 1 62777 R 3.0 73 1 0 531
983736501 1 62855 R 5.0 74 2 0 532
983888297 1 62864 R 8.0 64 3 6022 533
989068638 1 63196 R 6.0 72 2 1241 534
989403638 1 63217 R 8.0 65 3 5765 535
991919847 1 63378 R 2.0 74 1 0 536
991946019 1 63380 R 7.0 74 2 1 537
992367896 1 63407 R 3.0 74 1 0 538
993961654 1 63509 R 3.0 75 1 0 539
997006358 1 63704 R 6.0 73 2 1528 540
997034193 1 63706 R 4.0 74 1 441 541
998851286 1 63822 R 2.0 75 1 0 542
1000135638 1 63904 R 7.0 75 2 1 543
1000349572 1 63918 R 4.0 75 1 0 544
1000705261 1 63941 R 5.0 75 2 0 545
1005104384 1 64222 R 7.0 76 2 1 546
1006423995 1 64307 R 5.0 76 2 0 547
1007305289 1 64363 R 3.0 76 1 0 548
1008788756 1 64458 R 2.0 76 1 0 549
1009357054 1 64494 R 6.0 74 2 1682 550
1014823127 1 64844 R 7.0 77 2 1 551
1015256259 1 64872 R 9.0 68 3 5466 552
1015284052 1 64874 R 4.0 76 1 163 553
1015310938 1 64875 R 4.0 77 1 39 554
1018399137 1 65073 R 3.0 77 1 0 555
1018892750 1 65105 R 5.0 77 2 0 556
1021726254 1 65286 R 2.0 77 1 0 557
1024662007 1 65474 R 4.0 78 1 0 558
1025557614 1 65531 R 7.0 78 2 1 559
1028841307 1 65741 R 9.0 69 3 5601 560
1029242879 1 65767 R 3.0 78 1 0 561
1029663906 1 65794 R 2.0 78 1 0 562
1032111540 1 65951 R 5.0 78 2 0 563
1034695023 1 66116 R 2.0 79 1 0 564
1035615749 1 66175 R 6.0 75 2 2215 565
1035642723 1 66177 R 4.0 79 1 99 566
1036180409 1 66211 R 3.0 79 1 0 567
1036310196 1 66219 R 6.0 76 2 1913 568
1038401364 1 66353 R 7.0 79 2 1 569
1039595903 1 66430 R 5.0 79 2 0 570
1043115695 1 66655 R 6.0 77 2 1568 571
1043144380 1 66657 R 8.0 72 3 4530 572
1045939626 1 66836 R 5.0 80 2 0 573
1046132650 1 66848 R 2.0 80 1 0 574
1047198125 1 66916 R 7.0 80 2 1 575
1047974643 1 66966 R 4.0 80 1 0 576
1050274288 1 67113 R 3.0 80 1 0 577
1055685235 1 67459 R 6.0 78 2 1534 578
1057432521 1 67571 R 7.0 81 2 1 579
1058033411 1 67610 R 5.0 81 2 0 580
1058570062 1 67644 R 2.0 81 1 0 581
1060117928 1 67743 R 3.0 81 1 0 582
1061600274 1 67838 R 10.0 72 3 6019 583
1061627448 1 67840 R 4.0 81 1 84 584
1063276364 1 67945 R 7.0 82 2 1 585
1065877152 1 68112 R 5.0 82 2 0 586
1066007655 1 68120 R 2.0 82 1 0 587
1068834042 1 68301 R 4.0 82 1 0 588
1071711770 1 68485 R 3.0 82 1 0 589
1072869958 1 68559 R 7.0 83 2 1 590
1073372740 1 68591 R 6.0 79 2 2009 591
1073898288 1 68625 R 2.0 83 1 0 592
1075055425 1 68699 R 3.0 83 1 0 593
1080662894 1 69058 R 6.0 80 2 2120 594
1080691677 1 69060 R 8.0 73 3 6489 595
1080719645 1 69061 R 4.0 83 1 156 596
1081470912 1 69110 R 5.0 83 2 0 597
1084814645 1 69324 R 5.0 84 2 0 598
1085882665 1 69392 R 2.0 84 1 0 599
1086149189 1 69409 R 3.0 84 1 0 600
1086213865 1 69413 R 7.0 84 2 1 601
1088927818 1 69587 R 4.0 84 1 0 602
1090466442 1 69685 R 6.0 81 2 1782 603
1094071024 1 69916 R 3.0 85 1 0 604
1095131464 1 69984 R 6.0 82 2 1966 605
1095160382 1 69986 R 10.0 75 3 6028 606
1095307614 1 69995 R 7.0 85 2 1 607
1095908521 1 70034 R 5.0 85 2 0 608
1098320171 1 70188 R 2.0 85 1 0 609
1100162191 1 70306 R 4.0 85 1 0 610
1105302782 1 70635 R 4.0 86 1 0 611
1105731973 1 70662 R 6.0 83 2 1615 612
1106151271 1 70689 R 7.0 86 2 1 613
1107757666 1 70792 R 2.0 86 1 0 614
1108752138 1 70856 R 5.0 86 2 0 615
1108789810 1 70858 R 3.0 86 1 0 616
1111771862 1 71049 R 6.0 84 2 1642 617
1111800520 1 71051 R 6.0 85 2 1184 618
1113345882 1 71150 R 5.0 87 2 0 619
1114648180 1 71233 R 2.0 87 1 0 620
1116744997 1 71367 R 7.0 87 2 1 621
1116959034 1 71381 R 4.0 87 1 0 622
1122258562 1 71720 R 3.0 87 1 0 623
1125335693 1 71917 R 2.0 88 1 0 624
1126107241 1 71966 R 6.0 86 2 1064 625
1126139558 1 71968 R 8.0 79 3 5318 626
1130477260 1 72246 R 3.0 88 1 0 627
1131842454 1 72333 R 7.0 88 2 284 628
1133553121 1 72443 R 8.0 80 3 5657 629
1133580934 1 72445 R 4.0 88 1 122 630
1135446014 1 72564 R 3.0 89 1 0 631
1135482075 1 72566 R 6.0 87 2 1320 632
1135599849 1 72574 R 5.0 88 2 379 633
1137783411 1 72714 R 5.0 89 2 0 634
1140070068 1 72860 R 2.0 89 1 0 635
1143100061 1 73054 R 6.0 88 2 1086 636
1143127929 1 73056 R 4.0 89 1 307 637
1143507562 1 73080 R 2.0 90 1 0 638
1145164785 1 73186 R 3.0 90 1 0 639
1146873846 1 73295 R 7.0 89 2 503 640
1147787160 1 73354 R 4.0 90 1 0 641
1147923999 1 73363 R 5.0 90 2 0 642
1150341688 1 73517 R 10.0 81 3 5810 643
1152620133 1 73663 R 7.0 90 2 1 644
1154392765 1 73777 R 5.0 91 2 0 645
1154792031 1 73802 R 7.0 91 2 1 646
1155240617 1 73831 R 9.0 82 3 5710 647
1155633597 1 73856 R 3.0 91 1 0 648
1156122706 1 73887 R 9.0 83 3 4859 649
1161398297 1 74225 R 2.0 91 1 0 650
1163959627 1 74389 R 6.0 89 2 1390 651
1163987588 1 74391 R 4.0 91 1 274 652
1164852268 1 74446 R 3.0 92 1 0 653
1166010782 1 74520 R 7.0 92 2 1 654
1168085788 1 74653 R 2.0 92 1 0 655
1169662186 1 74754 R 4.0 92 1 0 656
1171611550 1 74879 R 5.0 92 2 0 657
1175263705 1 75112 R 10.0 83 3 5937 658
1176663810 1 75202 R 2.0 93 1 0 659
1176821044 1 75212 R 3.0 93 1 0 660
1179580253 1 75389 R 5.0 93 2 0 661
1182698239 1 75588 R 7.0 93 2 1 662
1182803275 1 75595 R 6.0 90 2 1921 663
1182832027 1 75597 R 8.0 85 3 5250 664
1182859107 1 75598 R 4.0 93 1 27 665
1184299032 1 75691 R 5.0 94 2 0 666
1187539776 1 75898 R 3.0 94 1 0 667
1190167129 1 76066 R 7.0 94 2 1 668
1190974666 1 76118 R 4.0 94 1 0 669
1191601429 1 76158 R 2.0 94 1 0 670
1195008530 1 76376 R 3.0 95 1 0 671
1195263339 1 76392 R 6.0 91 2 2211 672
1195538828 1 76410 R 2.0 95 1 0 673
1196385739 1 76464 R 7.0 95 2 1 674
1197767789 1 76553 R 5.0 95 2 0 675
1200178180 1 76707 R 6.0 92 2 2238 676
1200205232 1 76709 R 4.0 95 1 57 677
1203617886 1 76927 R 3.0 96 1 0 678
1204476301 1 76982 R 2.0 96 1 0 679
1209834027 1 77325 R 4.0 96 1 0 680
1210497615 1 77367 R 6.0 93 2 2069 681
1211354506 1 77422 R 7.0 96 2 1 682
1211986639 1 77463 R 5.0 96 2 0 683
1216413802 1 77746 R 2.0 97 1 0 684
1217914806 1 77842 R 3.0 97 1 0 685
1218318817 1 77868 R 6.0 94 2 2038 686
1218346673 1 77870 R 4.0 97 1 266 687
1219073239 1 77916 R 7.0 97 2 1 688
1222971015 1 78166 R 5.0 97 2 0 689
1225142774 1 78305 R 5.0 98 2 0 690
1225351422 1 78318 R 2.0 98 1 0 691
1225649176 1 78337 R 3.0 98 1 0 692
1226131054 1 78368 R 4.0 98 1 0 693
1226388233 1 78384 R 6.0 95 2 2102 694
1227542004 1 78458 R 7.0 98 2 1 695
1233381130 1 78832 R 6.0 96 2 1410 696
1234154121 1 78881 R 6.0 97 2 1272 697
1234760771 1 78920 R 7.0 99 2 1 698
1236361649 1 79023 R 5.0 99 2 0 699
1236492939 1 79031 R 3.0 99 1 0 700
1241288930 1 79338 R 2.0 99 1 0 701
1241584453 1 79357 R 8.0 90 3 5698 702
1241612317 1 79359 R 4.0 99 1 398 703
1246226649 1 79654 R 2.0 100 1 0 704
1247086881 1 79709 R 3.0 100 1 0 705
1248245399 1 79783 R 7.0 100 2 1 706
1248330511 1 79789 R 5.0 100 2 0 707
1248669601 1 79810 R 8.0 92 3 5157 708
1253240628 1 80103 R 6.0 98 2 1338 709
1253268764 1 80105 R 4.0 100 1 171 710
1253881124 1 80144 R 4.0 101 1 0 711
1254589147 1 80189 R 7.0 101 2 1 712
1257430613 1 80371 R 3.0 101 1 0 713
1259242253 1 80487 R 2.0 101 1 0 714
1262669719 1 80706 R 10.0 91 3 6894 715
1263049241 1 80731 R 5.0 101 2 0 716
1267429648 1 81011 R 2.0 102 1 0 717
1269615848 1 81151 R 6.0 99 2 1830 718
1269644889 1 81153 R 6.0 100 2 1383 719
1270517974 1 81209 R 5.0 102 2 0 720
1271524390 1 81273 R 3.0 102 1 0 721
1272818633 1 81356 R 4.0 102 1 0 722
1275039031 1 81498 R 2.0 103 1 0 723
1276736587 1 81607 R 5.0 103 2 0 724
1277061572 1 81627 R 7.0 102 2 281 725
1277089710 1 81629 R 7.0 103 2 165 726
1279368141 1 81775 R 3.0 103 1 0 727
1283334239 1 82029 R 4.0 103 1 0 728
1284232400 1 82086 R 6.0 101 2 1643 729
1287823523 1 82316 R 7.0 104 2 1 730
1288804636 1 82379 R 2.0 104 1 0 731
1291705364 1 82565 R 5.0 104 2 0 732
1292193581 1 82596 R 9.0 95 3 5972 733
1292221597 1 82598 R 4.0 104 1 459 734
1292961882 1 82645 R 3.0 104 1 0 735
1294305606 1 82731 R 3.0 105 1 0 736
1298507777 1 83000 R 2.0 105 1 0 737
1299424109 1 83059 R 5.0 105 2 0 738
1300557897 1 83131 R 7.0 105 2 1 739
1301631067 1 83200 R 4.0 105 1 0 740
1302138318 1 83232 R 6.0 102 2 2121 741
1306352485 1 83502 R 3.0 106 1 0 742
1306945277 1 83540 R 2.0 106 1 0 743
1307892849 1 83601 R 5.0 106 2 0 744
1308631304 1 83648 R 6.0 103 2 1718 745
1309841631 1 83725 R 6.0 104 2 1487 746
1311401648 1 83825 R 7.0 106 2 1 747
1315111719 1 84063 R 5.0 107 2 0 748
1315995398 1 84119 R 7.0 107 2 1 749
1317225331 1 84198 R 6.0 105 2 1197 750
1317253429 1 84200 R 4.0 106 1 373 751
1318321267 1 84268 R 3.0 107 1 0 752
1318382881 1 84272 R 2.0 107 1 0 753
1318506120 1 84280 R 4.0 107 1 0 754
1326271618 1 84777 R 4.0 108 1 0 755
1327263486 1 84840 R 9.0 100 3 4967 756
1328339149 1 84909 R 7.0 108 2 1 757
1328596096 1 84926 R 5.0 108 2 0 758
1330508876 1 85048 R 3.0 108 1 0 759
1332820384 1 85196 R 2.0 108 1 0 760
1333118106 1 85215 R 3.0 109 1 0 761
1334939848 1 85332 R 5.0 109 2 0 762
1335022126 1 85337 R 6.0 106 2 1460 763
1335051008 1 85339 R 10.0 99 3 6227 764
1337461008 1 85493 R 2.0 109 1 0 765
1339381024 1 85616 R 4.0 109 1 0 766
1339886023 1 85648 R 7.0 109 2 1 767
1344854774 1 85966 R 7.0 110 2 1 768
1347646623 1 86145 R 4.0 110 1 0 769
1349148510 1 86241 R 2.0 110 1 0 770
1349415133 1 86258 R 3.0 110 1 0 771
1350435211 1 86323 R 6.0 107 2 1891 772
1353033739 1 86490 R 5.0 110 2 0 773
1354455484 1 86581 R 5.0 111 2 0 774
1354568828 1 86588 R 6.0 108 2 1532 775
1355835907 1 86669 R 2.0 111 1 0 776
1357326001 1 86764 R 6.0 109 2 1361 777
1357883766 1 86800 R 3.0 111 1 0 778
1360573522 1 86972 R 7.0 111 2 1 779
1364787782 1 87242 R 6.0 110 2 1269 780
1364815782 1 87244 R 4.0 111 1 164 781
1365102495 1 87262 R 3.0 112 1 0 782
1367042273 1 87386 R 7.0 112 2 1 783
1368174367 1 87459 R 5.0 112 2 0 784
1369523513 1 87545 R 2.0 112 1 0 785
1372794914 1 87754 R 10.0 103 3 5993 786
1378261023 1 88104 R 7.0 113 2 1 787
1379272119 1 88169 R 6.0 111 2 1384 788
1379300159 1 88171 R 4.0 112 1 402 789
1380210902 1 88229 R 2.0 113 1 0 790
1380908603 1 88274 R 5.0 113 2 0 791
1381724771 1 88326 R 4.0 113 1 0 792
1383071276 1 88412 R 3.0 113 1 0 793
1383898384 1 88465 R 2.0 114 1 0 794
1388229674 1 88742 R 7.0 114 2 1 795
1389790016 1 88842 R 3.0 114 1 0 796
1390884546 1 88912 R 4.0 114 1 274 797
1390913589 1 88914 R 8.0 105 3 5853 798
1390942385 1 88916 R 6.0 112 2 1513 799
1391752369 1 88968 R 5.0 114 2 0 800
1394948523 1 89172 R 7.0 115 2 1 801
1396346152 1 89262 R 5.0 115 2 0 802
1398586014 1 89405 R 2.0 115 1 0 803
1400513507 1 89528 R 6.0 113 2 1730 804
1401258799 1 89576 R 3.0 115 1 0 805
1404553429 1 89787 R 6.0 114 2 1181 806
1404581550 1 89789 R 4.0 115 1 233 807
1406417274 1 89906 R 7.0 116 2 1 808
1407477484 1 89974 R 3.0 116 1 0 809
1408435583 1 90035 R 10.0 107 3 6017 810
1408689989 1 90052 R 5.0 116 2 0 811
1412273504 1 90281 R 2.0 116 1 0 812
1414384599 1 90416 R 9.0 108 3 5444 813
1414412759 1 90418 R 4.0 116 1 219 814
1414446234 1 90420 R 3.0 117 1 0 815
1414960906 1 90453 R 2.0 117 1 0 816
1415294830 1 90474 R 9.0 110 3 4438 817
1418635926 1 90688 R 7.0 117 2 1 818
1420236731 1 90791 R 5.0 117 2 0 819
1421318806 1 90860 R 6.0 115 2 1309 820
1421346765 1 90862 R 4.0 117 1 226 821
1423604772 1 91006 R 7.0 118 2 1 822
1425205528 1 91109 R 5.0 118 2 0 823
1428165018 1 91298 R 3.0 118 1 0 824
1430039141 1 91418 R 2.0 118 1 0 825
1432521758 1 91577 R 4.0 118 1 0 826
1433732396 1 91654 R 8.0 109 3 6401 827
1434964149 1 91733 R 7.0 119 2 1 828
1440631330 1 92096 R 6.0 116 2 1829 829
1440659253 1 92098 R 4.0 119 1 187 830
1440899418 1 92113 R 3.0 119 1 0 831
1440924374 1 92115 R 5.0 119 2 0 832
1441482256 1 92150 R 6.0 117 2 1759 833
1442976627 1 92246 R 2.0 119 1 0 834
1447319044 1 92524 R 6.0 118 2 1389 835
1447347872 1 92526 R 8.0 111 3 5363 836
1447393016 1 92529 R 5.0 120 2 0 837
1447896642 1 92561 R 4.0 120 1 0 838
1448057907 1 92571 R 7.0 120 2 1 839
1450914144 1 92754 R 2.0 120 1 0 840
1451743241 1 92807 R 3.0 120 1 0 841
1456336870 1 93101 R 3.0 121 1 0 842
1457201142 1 93156 R 6.0 119 2 1237 843
1458611736 1 93247 R 5.0 121 2 0 844
1458901649 1 93265 R 7.0 121 2 1 845
1459851637 1 93326 R 2.0 121 1 0 846
1461912747 1 93458 R 10.0 114 3 4657 847
1462513317 1 93496 R 8.0 113 3 5468 848
1467698524 1 93828 R 7.0 122 2 1 849
1467789050 1 93834 R 2.0 122 1 0 850
1468580476 1 93885 R 5.0 122 2 0 851
1468680659 1 93891 R 3.0 122 1 0 852
1469272235 1 93929 R 6.0 120 2 1249 853
1469300314 1 93931 R 4.0 121 1 397 854
1469328377 1 93932 R 4.0 122 1 317 855
1469934319 1 93971 R 6.0 121 2 816 856
1469961668 1 93973 R 6.0 122 2 27 857
1469990724 1 93975 R 10.0 115 3 4650 858
1475299256 1 94315 R 5.0 123 2 0 859
1476306799 1 94379 R 9.0 115 3 5108 860
1476335784 1 94381 R 9.0 116 3 4438 861
1476774376 1 94409 R 3.0 123 1 0 862
1478726645 1 94534 R 2.0 123 1 0 863
1479509030 1 94584 R 6.0 123 2 0 864
1481167306 1 94690 R 7.0 123 2 1 865
1481840352 1 94733 R 4.0 123 1 0 866
1481869152 1 94735 R 9.0 117 3 3965 867
1483386024 1 94832 R 7.0 124 2 1 868
1486664138 1 95042 R 2.0 124 1 0 869
1486767982 1 95049 R 5.0 124 2 0 870
1487240511 1 95079 R 4.0 124 1 0 871
1488618270 1 95167 R 3.0 124 1 0 872
1489416002 1 95218 R 8.0 116 3 5128 873
1489444981 1 95220 R 8.0 117 3 4644 874
1490290288 1 95274 R 6.0 124 2 0 875
1494031254 1 95513 R 10.0 117 3 4960 876
1495929676 1 95635 R 2.0 125 1 0 877
1498211897 1 95781 R 3.0 125 1 0 878
1498986740 1 95831 R 5.0 125 2 0 879
1499068647 1 95836 R 4.0 125 1 0 880
1499775314 1 95881 R 8.0 118 3 4387 881
1499804223 1 95883 R 8.0 119 3 3942 882
1500353235 1 95918 R 9.0 121 3 2694 883
1500373388 1 95919 R 7.0 125 2 0 884
1503955484 1 96149 R 5.0 126 2 0 885
1504714147 1 96197 R 7.0 126 2 1 886
1506540313 1 96314 R 6.0 125 2 272 887
1506569175 1 96316 R 9.0 122 3 2166 888
1508359379 1 96430 R 10.0 118 3 5098 889
1509117261 1 96479 R 2.0 126 1 0 890
1511555644 1 96635 R 3.0 126 1 0 891
1512599877 1 96702 R 4.0 126 1 0 892
1512680375 1 96707 R 6.0 126 2 254 893
1514649361 1 96833 R 3.0 127 1 0 894
1515314882 1 96876 R 5.0 127 2 0 895
1516250004 1 96935 R 10.0 119 3 4764 896
1517881017 1 97040 R 4.0 127 1 0 897
1521570398 1 97276 R 2.0 127 1 0 898
1521761023 1 97288 R 7.0 127 2 1 899
1522259751 1 97320 R 9.0 123 3 2875 900
1527007761 1 97624 R 2.0 128 1 0 901
1528408600 1 97714 R 5.0 128 2 0 902
1529350193 1 97774 R 9.0 124 3 2479 903
1529378296 1 97776 R 6.0 127 2 784 904
1529493256 1 97783 R 3.0 128 1 0 905
1531729773 1 97926 R 7.0 128 2 1 906
1532146758 1 97953 R 4.0 128 1 0 907
1534448522 1 98100 R 7.0 129 2 1 908
1535290017 1 98154 R 3.0 129 1 0 909
1535445388 1 98164 R 2.0 129 1 0 910
1538349886 1 98350 R 4.0 129 1 0 911
1539252377 1 98408 R 5.0 129 2 0 912
1540763319 1 98504 R 9.0 125 3 2736 913
1545846247 1 98830 R 5.0 130 2 0 914
1546725208 1 98886 R 9.0 126 3 2593 915
1546754120 1 98888 R 6.0 128 2 1249 916
1546774223 1 98889 R 3.0 130 1 0 917
1547521661 1 98937 R 4.0 130 1 0 918
1549917296 1 99090 R 7.0 130 2 1 919
1552882888 1 99280 R 2.0 130 1 0 920
1554136023 1 99360 R 7.0 131 2 1 921
1557320394 1 99564 R 2.0 131 1 0 922
1558154265 1 99617 R 6.0 129 2 1007 923
1558977545 1 99670 R 3.0 131 1 0 924
1561518128 1 99833 R 5.0 131 2 0 925
1563736772 1 99975 R 5.0 132 2 0 926
1563850493 1 99982 R 10.0 123 3 5476 927
1563878581 1 99984 R 4.0 131 1 234 928
1563946287 1 99988 R 3.0 132 1 0 929
1564569449 1 100028 R 4.0 132 1 0 930
1565764219 1 100104 R 8.0 125 3 4602 931
1568758717 1 100296 R 2.0 132 1 0 932
1571105598 1 100446 R 7.0 132 2 1 933
1572116567 1 100511 R 6.0 130 2 1504 934
1572145476 1 100513 R 6.0 131 2 918 935
1576272451 1 100777 R 4.0 133 1 0 936
1576464940 1 100789 R 7.0 133 2 1 937
1579196357 1 100964 R 2.0 133 1 0 938
1579665861 1 100994 R 3.0 133 1 0 939
1580706333 1 101061 R 5.0 133 2 0 940
1581138288 1 101088 R 6.0 132 2 970 941
1584336734 1 101293 R 2.0 134 1 0 942
1588788651 1 101578 R 8.0 126 3 5034 943
1588817525 1 101580 R 6.0 133 2 978 944
1589558628 1 101627 R 7.0 134 2 1 945
1590134605 1 101664 R 3.0 134 1 0 946
1591459991 1 101749 R 4.0 134 1 0 947
1592425085 1 101811 R 5.0 134 2 0 948
1593353329 1 101870 R 3.0 135 1 0 949
1594893869 1 101969 R 5.0 135 2 0 950
1596024779 1 102041 R 2.0 135 1 0 951
1596873838 1 102095 R 10.0 126 3 5507 952
1598480549 1 102198 R 7.0 135 2 1 953
1603007519 1 102488 R 10.0 127 3 5668 954
1603036377 1 102490 R 6.0 134 2 996 955
1603064312 1 102492 R 4.0 135 1 42 956
1603199197 1 102500 R 7.0 136 2 1 957
1605194314 1 102628 R 4.0 136 1 0 958
1605322074 1 102636 R 3.0 136 1 0 959
1605967448 1 102677 R 8.0 128 3 4924 960
1608852762 1 102862 R 2.0 136 1 0 961
1612522590 1 103097 R 8.0 129 3 4848 962
1613003182 1 103128 R 5.0 136 2 0 963
1613029839 1 103129 R 8.0 130 3 4374 964
1617507331 1 103416 R 6.0 135 2 1222 965
1617536956 1 103418 R 9.0 129 3 5060 966
1617596933 1 103422 R 5.0 137 2 0 967
1620181437 1 103587 R 3.0 137 1 0 968
1622399637 1 103729 R 2.0 137 1 0 969
1622668018 1 103746 R 7.0 137 2 1 970
1623725737 1 103814 R 4.0 137 1 0 971
1624275179 1 103849 R 3.0 138 1 0 972
1624616190 1 103871 R 4.0 138 1 0 973
1629701740 1 104196 R 6.0 136 2 1137 974
1630886916 1 104272 R 7.0 138 2 1 975
1631087158 1 104285 R 2.0 138 1 0 976
1631940681 1 104340 R 5.0 138 2 0 977
1637554473 1 104699 R 10.0 129 3 6341 978
1637584222 1 104701 R 6.0 137 2 1265 979
1637611297 1 104703 R 4.0 139 1 1 980
1638034437 1 104730 R 5.0 139 2 0 981
1640118954 1 104863 R 3.0 139 1 0 982
1640774758 1 104905 R 2.0 139 1 0 983
1640871248 1 104911 R 7.0 139 2 1 984
1643462118 1 105077 R 2.0 140 1 0 985
1644214933 1 105125 R 7.0 140 2 1 986
1645712703 1 105221 R 3.0 140 1 0 987
1647878184 1 105360 R 5.0 140 2 0 988
1652389322 1 105648 R 6.0 138 2 1417 989
1655056433 1 105819 R 3.0 141 1 0 990
1655149641 1 105825 R 2.0 141 1 0 991
1657471936 1 105974 R 5.0 141 2 0 992
1659538657 1 106106 R 8.0 131 3 6186 993
1659567621 1 106108 R 4.0 140 1 421 994
1659595684 1 106110 R 4.0 141 1 41 995
1661308778 1 106219 R 7.0 141 2 1 996
1665477743 1 106486 R 2.0 142 1 0 997
1665643810 1 106497 R 5.0 142 2 0 998
1666152463 1 106529 R 7.0 142 2 1 999
1667913310 1 106642 R 4.0 142 1 0 1000
1668061273 1 106651 R 6.0 139 2 1771 1001
1668150551 1 106657 R 3.0 142 1 0 1002
1672085513 1 106909 R 6.0 140 2 1664 1003
1672114582 1 106911 R 6.0 141 2 981 1004
1673415481 1 106994 R 2.0 143 1 0 1005
1678746418 1 107335 R 7.0 143 2 1 1006
1678862789 1 107343 R 5.0 143 2 0 1007
1682072314 1 107548 R 3.0 143 1 0 1008
1682694671 1 107588 R 4.0 143 1 0 1009
1684791049 1 107722 R 3.0 144 1 0 1010
1684814047 1 107723 R 6.0 142 2 948 1011
1688831569 1 107981 R 5.0 144 2 0 1012
1689058280 1 107995 R 8.0 135 3 5830 1013
1689741448 1 108039 R 4.0 144 1 0 1014
1695697639 1 108420 R 8.0 136 3 5560 1015
1695718903 1 108421 R 4.0 145 1 0 1016
1695741791 1 108423 R 7.0 144 2 297 1017
1695770972 1 108425 R 2.0 144 1 219 1018
1696290503 1 108458 R 2.0 145 1 0 1019
1698025449 1 108569 R 3.0 145 1 0 1020
1699637181 1 108672 R 7.0 145 2 1 1021
1701874042 1 108815 R 6.0 143 2 1347 1022
1707869167 1 109199 R 3.0 146 1 0 1023
1708226020 1 109222 R 5.0 145 2 940 1024
1708254234 1 109224 R 5.0 146 2 41 1025
1708428942 1 109235 R 4.0 146 1 0 1026
1708884945 1 109264 R 6.0 144 2 1157 1027
1708914225 1 109266 R 7.0 146 2 276 1028
1711165616 1 109410 R 2.0 146 1 0 1029
1714196743 1 109604 R 2.0 147 1 0 1030
1716806688 1 109771 R 3.0 147 1 0 1031
1717897699 1 109841 R 4.0 147 1 0 1032
1720324598 1 109996 R 7.0 147 2 1 1033
1720389650 1 110000 R 9.0 137 3 6836 1034
1723210505 1 110181 R 5.0 147 2 339 1035
1724744055 1 110279 R 6.0 145 2 1865 1036
1724842798 1 110285 R 9.0 138 3 6210 1037
1729900418 1 110609 R 3.0 148 1 0 1038
1730116451 1 110623 R 4.0 148 1 0 1039
1731385096 1 110704 R 6.0 146 2 1210 1040
1731414370 1 110706 R 7.0 148 2 168 1041
1731443571 1 110708 R 2.0 148 1 116 1042
1731659662 1 110722 R 5.0 148 2 0 1043
1732732522 1 110790 R 6.0 147 2 671 1044
1733541040 1 110842 R 3.0 149 1 0 1045
1734803944 1 110923 R 4.0 149 1 0 1046
1738977737 1 111190 R 6.0 148 2 961 1047
1739006928 1 111192 R 2.0 149 1 339 1048
1739061544 1 111195 R 8.0 143 3 3853 1049
1741581406 1 111357 R 5.0 149 2 0 1050
1743197036 1 111460 R 9.0 141 3 5730 1051
1744300155 1 111531 R 5.0 150 2 0 1052
1745848410 1 111630 R 7.0 149 2 637 1053
1745876691 1 111631 R 7.0 150 2 67 1054
1746827164 1 111692 R 9.0 142 3 5325 1055
1747272713 1 111721 R 4.0 150 1 0 1056
1749775429 1 111881 R 3.0 150 1 0 1057
1753649909 1 112129 R 6.0 149 2 724 1058
1753679203 1 112131 R 2.0 150 1 403 1059
1754491421 1 112183 R 4.0 151 1 0 1060
1754556665 1 112187 R 3.0 151 1 0 1061
1755534666 1 112250 R 5.0 151 2 0 1062
1756728020 1 112326 R 2.0 151 1 0 1063
1760373442 1 112559 R 7.0 151 2 0 1064
1763046110 1 112730 R 10.0 143 3 5362 1065
1764956535 1 112853 R 5.0 152 2 0 1066
1765543215 1 112890 R 7.0 152 2 1 1067
1766494168 1 112951 R 3.0 152 1 0 1068
1768460204 1 113077 R 4.0 152 1 0 1069
1769525427 1 113145 R 6.0 150 2 1312 1070
1769555428 1 113147 R 9.0 143 3 5637 1071
1771259226 1 113256 R 2.0 152 1 0 1072
1772762450 1 113352 R 7.0 153 2 1 1073
1776149855 1 113569 R 2.0 153 1 0 1074
1779178940 1 113763 R 4.0 153 1 0 1075
1779759795 1 113800 R 3.0 153 1 0 1076
1780675292 1 113859 R 5.0 153 2 0 1077
1780936430 1 113875 R 6.0 151 2 1362 1078
1785369079 1 114159 R 3.0 154 1 0 1079
1786647683 1 114241 R 4.0 154 1 0 1080
1786806409 1 114251 R 9.0 145 3 5916 1081
1788730698 1 114374 R 7.0 154 2 1 1082
1788795919 1 114378 R 6.0 152 2 1213 1083
1788837948 1 114381 R 2.0 154 1 0 1084
1789409665 1 114418 R 5.0 154 2 0 1085
1794306672 1 114731 R 3.0 155 1 0 1086
1794577172 1 114748 R 6.0 153 2 1250 1087
1796253419 1 114856 R 5.0 155 2 0 1088
1796918302 1 114898 R 7.0 155 2 1 1089
1799806643 1 115083 R 10.0 147 3 5133 1090
1800415490 1 115122 R 2.0 155 1 0 1091
1800866578 1 115151 R 4.0 155 1 0 1092
1802138644 1 115232 R 6.0 154 2 955 1093
1803835169 1 115341 R 4.0 156 1 0 1094
1806244168 1 115495 R 3.0 156 1 0 1095
1807555715 1 115579 R 6.0 155 2 711 1096
1808811716 1 115659 R 10.0 150 3 3671 1097
1808847167 1 115662 R 5.0 156 2 0 1098
1809137064 1 115680 R 7.0 156 2 1 1099
1813415519 1 115954 R 6.0 156 2 359 1100
1813445818 1 115956 R 10.0 151 3 3619 1101
1813475068 1 115958 R 2.0 156 1 130 1102
1815181667 1 116067 R 3.0 157 1 0 1103
1815209164 1 116069 R 5.0 157 2 1 1104
1816105791 1 116126 R 7.0 157 2 1 1105
1818884232 1 116304 R 2.0 157 1 0 1106
1820194594 1 116388 R 4.0 157 1 0 1107
1823639894 1 116608 R 8.0 149 3 5373 1108
1825824569 1 116748 R 7.0 158 2 1 1109
1828737795 1 116935 R 5.0 158 2 0 1110
1831119177 1 117087 R 3.0 158 1 0 1111
1831618924 1 117119 R 8.0 150 3 5123 1112
1831648183 1 117121 R 2.0 158 1 479 1113
1833288436 1 117226 R 4.0 158 1 0 1114
1835884807 1 117392 R 3.0 159 1 0 1115
1836132192 1 117408 R 4.0 159 1 0 1116
1837431109 1 117491 R 2.0 159 1 0 1117
1838293321 1 117546 R 7.0 159 2 1 1118
1839706547 1 117637 R 5.0 159 2 0 1119
1841670883 1 117762 R 8.0 153 3 3792 1120
1843425288 1 117875 R 5.0 160 2 0 1121
1844725825 1 117958 R 4.0 160 1 0 1122
1848056412 1 118171 R 6.0 157 2 1757 1123
1848686542 1 118211 R 6.0 158 2 1633 1124
1849072301 1 118236 R 3.0 160 1 0 1125
1849512062 1 118264 R 7.0 160 2 1 1126
1853159660 1 118498 R 5.0 161 2 0 1127
1853758985 1 118536 R 6.0 159 2 715 1128
1853788204 1 118538 R 2.0 160 1 304 1129
1855977977 1 118678 R 2.0 161 1 0 1130
1856139610 1 118688 R 8.0 154 3 4459 1131
1857259795 1 118760 R 3.0 161 1 0 1132
1857480860 1 118774 R 7.0 161 2 1 1133
1861069690 1 119004 R 4.0 161 1 0 1134
1862868222 1 119119 R 6.0 160 2 998 1135
1862898148 1 119121 R 9.0 154 3 4546 1136
1866181108 1 119331 R 2.0 162 1 0 1137
1866447302 1 119348 R 3.0 162 1 0 1138
1867163345 1 119394 R 4.0 162 1 0 1139
1868340186 1 119469 R 7.0 162 2 1 1140
1872003417 1 119704 R 5.0 162 2 0 1141
1874045951 1 119834 R 8.0 155 3 4678 1142
1875887097 1 119952 R 7.0 163 2 1 1143
1878597165 1 120126 R 5.0 163 2 0 1144
1878637125 1 120128 R 3.0 163 1 1 1145
1879572258 1 120188 R 12.0 150 4 8151 1146
1879600622 1 120190 R 2.0 163 1 77 1147
1881007185 1 120280 R 4.0 163 1 0 1148
1881030038 1 120281 R 6.0 161 2 1323 1149
1881061689 1 120283 R 6.0 162 2 751 1150
1881091851 1 120285 R 8.0 157 3 3813 1151
1886774844 1 120649 R 2.0 164 1 0 1152
1886855793 1 120654 R 7.0 164 2 1 1153
1887822300 1 120716 R 3.0 164 1 0 1154
1890600840 1 120894 R 4.0 164 1 0 1155
1892076287 1 120988 R 6.0 163 2 951 1156
1892940915 1 121044 R 5.0 164 2 0 1157
1897072053 1 121308 R 9.0 156 3 5547 1158
1897101236 1 121310 R 2.0 165 1 105 1159
1898574590 1 121404 R 7.0 165 2 1 1160
1900061534 1 121499 R 9.0 157 3 5204 1161
1901034716 1 121562 R 5.0 165 2 0 1162
1901944671 1 121620 R 4.0 165 1 0 1163
1902009784 1 121624 R 3.0 165 1 0 1164
1905038314 1 121818 R 4.0 166 1 0 1165
1906456543 1 121909 R 5.0 166 2 0 1166
1907197296 1 121956 R 3.0 166 1 0 1167
1907947163 1 122004 R 6.0 164 2 1233 1168
1907975482 1 122006 R 2.0 166 1 92 1169
1908005473 1 122008 R 9.0 158 3 4821 1170
1908034692 1 122010 R 6.0 165 2 716 1171
1908064615 1 122011 R 8.0 158 3 4915 1172
1909043232 1 122074 R 7.0 166 2 1 1173
1914261985 1 122408 R 7.0 167 2 1 1174
1916175295 1 122531 R 5.0 167 2 0 1175
1917882085 1 122640 R 4.0 167 1 0 1176
1919384803 1 122736 R 3.0 167 1 0 1177
1919407781 1 122737 R 6.0 166 2 758 1178
1919524862 1 122745 R 2.0 167 1 0 1179
1924678939 1 123075 R 4.0 168 1 0 1180
1925777362 1 123145 R 10.0 162 3 3543 1181
1926909566 1 123218 R 5.0 168 2 0 1182
1932230781 1 123558 R 7.0 168 2 1 1183
1932572292 1 123580 R 3.0 168 1 0 1184
1932869127 1 123599 R 10.0 163 3 3634 1185
1932897481 1 123601 R 2.0 168 1 44 1186
1933560888 1 123643 R 6.0 167 2 750 1187
1936949468 1 123860 R 7.0 169 2 1 1188
1938181539 1 123939 R 8.0 161 3 4802 1189
1938211545 1 123941 R 8.0 162 3 4475 1190
1938868607 1 123983 R 2.0 169 1 0 1191
1938978553 1 123990 R 3.0 169 1 0 1192
1940147805 1 124065 R 4.0 169 1 0 1193
1941753427 1 124168 R 5.0 169 2 0 1194
1945665958 1 124418 R 3.0 170 1 0 1195
1946274852 1 124457 R 2.0 170 1 0 1196
1946550294 1 124475 R 5.0 170 2 0 1197
1948366562 1 124591 R 4.0 170 1 0 1198
1950418257 1 124722 R 7.0 170 2 1 1199
1952717749 1 124869 R 6.0 168 2 1381 1200
1958636974 1 125248 R 7.0 171 2 1 1201
1959335227 1 125293 R 4.0 171 1 0 1202
1959356404 1 125294 R 3.0 171 1 0 1203
1959697320 1 125316 R 6.0 169 2 1598 1204
1959727282 1 125318 R 8.0 163 3 5363 1205
1959761620 1 125320 R 2.0 171 1 1 1206
1962018906 1 125465 R 5.0 171 2 0 1207
1966237649 1 125735 R 5.0 172 2 0 1208
1969605747 1 125950 R 7.0 172 2 1 1209
1969694587 1 125956 R 4.0 172 1 0 1210
1970041050 1 125978 R 3.0 172 1 0 1211
1972649853 1 126145 R 2.0 172 1 0 1212
1973728551 1 126214 R 3.0 173 1 0 1213
1974264876 1 126248 R 6.0 170 2 1476 1214
1976965049 1 126421 R 7.0 173 2 1 1215
1977206399 1 126437 R 5.0 173 2 0 1216
1978634760 1 126528 R 10.0 164 3 5719 1217
1980952150 1 126676 R 8.0 165 3 5002 1218
1982788332 1 126794 R 4.0 173 1 0 1219
1985056581 1 126939 R 3.0 174 1 0 1220
1987759673 1 127112 R 6.0 171 2 1655 1221
1987788963 1 127114 R 2.0 173 1 395 1222
1988058924 1 127131 R 7.0 174 2 1 1223
1988925162 1 127187 R 5.0 174 2 0 1224
1991024862 1 127321 R 2.0 174 1 0 1225
1992980755 1 127446 R 7.0 175 2 1 1226
1993632268 1 127488 R 4.0 174 1 0 1227
1994072313 1 127516 R 3.0 175 1 0 1228
1998225838 1 127782 R 4.0 175 1 0 1229
1998452174 1 127796 R 6.0 172 2 2234 1230
1999393924 1 127857 R 5.0 175 2 0 1231
2004369146 1 128175 R 6.0 173 2 1619 1232
2004398327 1 128177 R 2.0 175 1 291 1233
2004569514 1 128188 R 4.0 176 1 0 1234
2004612658 1 128191 R 5.0 176 2 0 1235
2009699568 1 128516 R 7.0 176 2 1 1236
2011931646 1 128659 R 3.0 176 1 0 1237
2011952919 1 128660 R 2.0 176 1 0 1238
2013561545 1 128763 R 9.0 166 3 6507 1239
2014727863 1 128838 R 2.0 177 1 0 1240
2017933912 1 129043 R 7.0 177 2 1 1241
2018097054 1 129054 R 5.0 177 2 0 1242
2018980101 1 129110 R 6.0 174 2 1795 1243
2019869157 1 129167 R 3.0 177 1 0 1244
2020663320 1 129218 R 4.0 177 1 0 1245
2024384540 1 129456 R 6.0 175 2 1618 1246
2024440775 1 129460 R 5.0 178 2 0 1247
2024624042 1 129471 R 6.0 176 2 1301 1248
2025777700 1 129545 R 7.0 178 2 1 1249
2028962095 1 129749 R 6.0 177 2 883 1250
2028992040 1 129751 R 8.0 170 3 4858 1251
2031743583 1 129927 R 2.0 178 1 0 1252
2032507076 1 129976 R 4.0 178 1 0 1253
2032806662 1 129995 R 3.0 178 1 0 1254
2037118595 1 130271 R 2.0 179 1 0 1255
2039371425 1 130415 R 7.0 179 2 1 1256
2040534578 1 130490 R 5.0 179 2 0 1257
2040685658 1 130499 R 6.0 178 2 851 1258
2040744167 1 130503 R 3.0 179 1 0 1259
2042100920 1 130590 R 4.0 179 1 0 1260
2044378275 1 130736 R 5.0 180 2 0 1261
2044715196 1 130757 R 7.0 180 2 1 1262
2046259670 1 130856 R 8.0 171 3 5515 1263
2046280968 1 130857 R 4.0 180 1 0 1264
2046639675 1 130880 R 8.0 172 3 4999 1265
2049681671 1 131075 R 3.0 180 1 0 1266
2053900714 1 131345 R 6.0 179 2 1237 1267
2053930032 1 131347 R 2.0 180 1 221 1268
2055382176 1 131440 R 4.0 181 1 0 1269
2055813431 1 131467 R 7.0 181 2 1 1270
2057619311 1 131583 R 3.0 181 1 0 1271
2057972162 1 131606 R 5.0 181 2 0 1272
2058493742 1 131639 R 2.0 181 1 0 1273
2060733760 1 131782 R 10.0 173 3 5045 1274
2063603549 1 131966 R 3.0 182 1 0 1275
2064179043 1 132003 R 4.0 182 1 0 1276
2067315913 1 132204 R 5.0 182 2 0 1277
2068369189 1 132271 R 9.0 174 3 4919 1278
2068398460 1 132273 R 2.0 182 1 199 1279
2068652756 1 132289 R 7.0 182 2 1 1280
2074449632 1 132660 R 7.0 183 2 1 1281
2076842942 1 132813 R 9.0 175 3 5246 1282
2078291058 1 132906 R 3.0 183 1 0 1283
2078409662 1 132914 R 5.0 183 2 0 1284
2081634731 1 133120 R 6.0 180 2 1931 1285
2081656037 1 133121 R 4.0 183 1 0 1286
2082228104 1 133158 R 2.0 183 1 0 1287
2082389666 1 133168 R 6.0 181 2 1522 1288
2083253406 1 133224 R 5.0 184 2 0 1289
2087978549 1 133526 R 3.0 184 1 0 1290
2088369201 1 133551 R 6.0 182 2 1316 1291
2088398461 1 133553 R 2.0 184 1 233 1292
2088874302 1 133583 R 13.0 170 4 9181 1293
2091866551 1 133775 R 4.0 184 1 0 1294
2091918389 1 133778 R 7.0 184 2 1 1295
2093850928 1 133902 R 4.0 185 1 0 1296
2094666087 1 133954 R 3.0 185 1 0 1297
2095847162 1 134030 R 5.0 185 2 0 1298
2096806956 1 134091 R 6.0 183 2 1161 1299
2096837297 1 134093 R 10.0 176 3 5614 1300
2098137151 1 134176 R 7.0 185 2 1 1301
2099649994 1 134273 R 2.0 185 1 0 1302
2100357723 1 134318 R 6.0 184 2 576 1303
2103121485 1 134495 R 7.0 186 2 1 1304
2107072810 1 134748 R 10.0 177 3 5817 1305
2107103219 1 134750 R 10.0 178 3 4797 1306
2107131691 1 134752 R 2.0 186 1 21 1307
2108244184 1 134823 R 3.0 186 1 0 1308
2109194677 1 134884 R 4.0 186 1 0 1309
2109519070 1 134905 R 5.0 186 2 0 1310
2113737792 1 135175 R 5.0 187 2 0 1311
2114509360 1 135224 R 2.0 187 1 0 1312
2120288441 1 135594 R 4.0 187 1 0 1313
2120389650 1 135600 R 6.0 185 2 1353 1314
2121181815 1 135651 R 3.0 187 1 0 1315
2122465215 1 135733 R 7.0 187 2 1 1316
2125306856 1 135915 R 9.0 178 3 6287 1317
2125337079 1 135917 R 6.0 186 2 1088 1318
2126706531 1 136005 R 5.0 188 2 0 1319
2126946850 1 136020 R 2.0 188 1 0 1320
2129119200 1 136159 R 3.0 188 1 0 1321
2132512046 1 136376 R 7.0 188 2 1 1322
2133132188 1 136416 R 4.0 188 1 0 1323
2135087373 1 136541 R 2.0 189 1 0 1324
2137624139 1 136703 R 6.0 187 2 1558 1325
2138056679 1 136731 R 3.0 189 1 0 1326
2138425290 1 136755 R 5.0 189 2 0 1327
2139725942 1 136838 R 4.0 189 1 0 1328
2140480808 1 136886 R 7.0 189 2 1 1329
2143199550 1 137060 R 7.0 190 2 1 1330
2143916356 1 137106 R 9.0 180 3 6185 1331
2143946460 1 137108 R 8.0 181 3 5314 1332
2144894040 1 137169 R 5.0 190 2 0 1333
2145994218 1 137239 R 3.0 190 1 0 1334
2150069694 1 137500 R 4.0 190 1 0 1335
2152821864 1 137676 R 2.0 190 1 0 1336
2157433937 1 137971 R 7.0 191 2 1 1337
2157462399 1 137973 R 2.0 191 1 0 1338
2157999043 1 138007 R 6.0 188 2 1714 1339
2158163433 1 138018 R 4.0 191 1 0 1340
2160931723 1 138195 R 3.0 191 1 0 1341
2162112788 1 138271 R 5.0 191 2 0 1342
2164081542 1 138397 R 5.0 192 2 0 1343
2164869182 1 138447 R 3.0 192 1 0 1344
2165666348 1 138498 R 6.0 189 2 2059 1345
2165696683 1 138500 R 10.0 184 3 5011 1346
2166696858 1 138564 R 2.0 192 1 0 1347
2167277699 1 138601 R 7.0 192 2 1 1348
2171585358 1 138877 R 4.0 192 1 0 1349
2175837376 1 139149 R 2.0 193 1 0 1350
2176634813 1 139200 R 3.0 193 1 0 1351
2178871404 1 139343 R 7.0 193 2 1 1352
2180171085 1 139426 R 6.0 190 2 1737 1353
2181940916 1 139540 R 5.0 193 2 0 1354
2183304100 1 139627 R 4.0 193 1 0 1355
2184034670 1 139674 R 5.0 194 2 0 1356
2185213222 1 139749 R 6.0 191 2 1989 1357
2185243567 1 139751 R 10.0 185 3 5465 1358
2185271983 1 139753 R 2.0 194 1 44 1359
2187822352 1 139916 R 3.0 194 1 0 1360
2188215214 1 139941 R 7.0 194 2 1 1361
2189772853 1 140041 R 4.0 194 1 0 1362
2194212493 1 140325 R 2.0 195 1 0 1363
2195389666 1 140400 R 6.0 192 2 1654 1364
2196009822 1 140440 R 3.0 195 1 0 1365
2197308911 1 140523 R 7.0 195 2 1 1366
2199878561 1 140688 R 5.0 195 2 0 1367
2200991610 1 140759 R 4.0 195 1 0 1368
2201806658 1 140811 R 6.0 193 2 1651 1369
2201835955 1 140813 R 6.0 194 2 940 1370
2204960304 1 141013 R 4.0 196 1 0 1371
2205175432 1 141027 R 5.0 196 2 0 1372
2206152710 1 141089 R 7.0 196 2 1 1373
2208868743 1 141263 R 2.0 196 1 0 1374
2209197430 1 141284 R 3.0 196 1 0 1375
2212342800 1 141485 R 8.0 187 3 6053 1376
2214746428 1 141639 R 7.0 197 2 1 1377
2215644183 1 141697 R 5.0 197 2 0 1378
2215819685 1 141708 R 4.0 197 1 0 1379
2220306989 1 141995 R 8.0 188 3 6054 1380
2220337138 1 141997 R 6.0 195 2 1377 1381
2220366382 1 141999 R 2.0 197 1 212 1382
2221384946 1 142064 R 3.0 197 1 0 1383
2227046183 1 142426 R 6.0 196 2 1142 1384
2229913437 1 142610 R 4.0 198 1 0 1385
2231090195 1 142685 R 7.0 198 2 1 1386
2232572442 1 142780 R 3.0 198 1 0 1387
2232862838 1 142799 R 5.0 198 2 0 1388
2233757189 1 142856 R 4.0 199 1 0 1389
2234744599 1 142919 R 10.0 190 3 5562 1390
2234773915 1 142921 R 2.0 198 1 449 1391
2234802296 1 142923 R 2.0 199 1 45 1392
2239183978 1 143203 R 7.0 199 2 1 1393
2240831692 1 143309 R 5.0 199 2 0 1394
2242525559 1 143417 R 3.0 199 1 0 1395
2243550346 1 143483 R 5.0 200 2 0 1396
2246686916 1 143683 R 10.0 192 3 4989 1397
2247350931 1 143726 R 4.0 200 1 0 1398
2248605946 1 143806 R 7.0 200 2 1 1399
2249962976 1 143893 R 3.0 200 1 0 1400
2253056552 1 144091 R 6.0 197 2 1994 1401
2253084978 1 144093 R 2.0 200 1 94 1402
2254324638 1 144172 R 7.0 201 2 1 1403
2254694671 1 144196 R 4.0 201 1 0 1404
2255019177 1 144217 R 5.0 201 2 0 1405
2258400462 1 144433 R 3.0 201 1 0 1406
2260071864 1 144540 R 2.0 201 1 0 1407
2262577211 1 144700 R 8.0 192 3 5767 1408
2262793326 1 144714 R 7.0 202 2 1 1409
2265237930 1 144871 R 5.0 202 2 0 1410
2266041083 1 144922 R 3.0 202 1 0 1411
2268228595 1 145062 R 6.0 198 2 2288 1412
2270342799 1 145197 R 6.0 199 2 2365 1413
2271788433 1 145290 R 4.0 202 1 0 1414
2274931978 1 145491 R 6.0 200 2 1598 1415
2274961386 1 145493 R 2.0 202 1 126 1416
2276275447 1 145577 R 3.0 203 1 0 1417
2277902728 1 145681 R 7.0 203 2 1 1418
2279222202 1 145766 R 5.0 203 2 0 1419
2281181249 1 145891 R 2.0 203 1 0 1420
2282632199 1 145984 R 4.0 203 1 0 1421
2283384255 1 146032 R 2.0 204 1 0 1422
2283712955 1 146053 R 3.0 204 1 0 1423
2285139864 1 146144 R 6.0 201 2 1716 1424
2285225934 1 146150 R 4.0 204 1 0 1425
2286496542 1 146231 R 7.0 204 2 1 1426
2288566060 1 146364 R 5.0 204 2 0 1427
2292603830 1 146622 R 10.0 195 3 5840 1428
2292634067 1 146624 R 10.0 197 3 4937 1429
2293743637 1 146695 R 2.0 205 1 0 1430
2295569685 1 146812 R 4.0 205 1 0 1431
2296103600 1 146846 R 3.0 205 1 0 1432
2297659811 1 146946 R 5.0 205 2 0 1433
2298858394 1 147022 R 6.0 202 2 1783 1434
2300840310 1 147149 R 7.0 205 2 1 1435
2304056685 1 147355 R 6.0 203 2 1494 1436
2304934038 1 147411 R 7.0 206 2 1 1437
2306503563 1 147512 R 5.0 206 2 0 1438
2306717961 1 147525 R 6.0 204 2 1154 1439
2310791105 1 147786 R 3.0 206 1 0 1440
2311602630 1 147838 R 6.0 205 2 675 1441
2311631859 1 147840 R 2.0 206 1 130 1442
2312514493 1 147896 R 8.0 198 3 5462 1443
2313663481 1 147970 R 4.0 206 1 0 1444
2315097307 1 148062 R 5.0 207 2 0 1445
2318777815 1 148297 R 7.0 207 2 1 1446
2319507186 1 148344 R 4.0 207 1 0 1447
2320087937 1 148381 R 6.0 206 2 1078 1448
2320117937 1 148383 R 9.0 199 3 5379 1449
2320477977 1 148406 R 2.0 207 1 0 1450
2322478682 1 148534 R 3.0 207 1 0 1451
2324493596 1 148663 R 2.0 208 1 0 1452
2325100935 1 148702 R 4.0 208 1 0 1453
2331166099 1 149090 R 3.0 208 1 0 1454
2331440966 1 149108 R 5.0 208 2 0 1455
2332371536 1 149167 R 7.0 208 2 1 1456
2334265008 1 149288 R 10.0 199 3 6042 1457
2336853570 1 149454 R 3.0 209 1 0 1458
2337715259 1 149509 R 7.0 209 2 1 1459
2337987935 1 149527 R 5.0 209 2 0 1460
2338353517 1 149550 R 10.0 200 3 5718 1461
2339272831 1 149609 R 4.0 209 1 0 1462
2341967721 1 149781 R 6.0 207 2 1549 1463
2343541086 1 149882 R 3.0 210 1 0 1464
2344762159 1 149960 R 7.0 210 2 1 1465
2347603706 1 150142 R 6.0 208 2 1011 1466
2347633066 1 150144 R 2.0 209 1 283 1467
2347662251 1 150146 R 2.0 210 1 280 1468
2348956690 1 150229 R 5.0 210 2 0 1469
2350491609 1 150327 R 4.0 210 1 0 1470
2354546080 1 150586 R 6.0 209 2 1282 1471
2354675438 1 150595 R 5.0 211 2 0 1472
2358246558 1 150823 R 7.0 211 2 1 1473
2358460320 1 150837 R 4.0 211 1 0 1474
2358603657 1 150846 R 10.0 202 3 5508 1475
2358632020 1 150848 R 2.0 211 1 37 1476
2358967796 1 150869 R 10.0 203 3 5451 1477
2359002113 1 150871 R 6.0 210 2 564 1478
2359031260 1 150873 R 6.0 211 2 364 1479
2361619336 1 151039 R 3.0 211 1 0 1480
2363431115 1 151155 R 2.0 212 1 0 1481
2363992709 1 151191 R 8.0 204 3 4995 1482
2367179068 1 151395 R 4.0 212 1 0 1483
2370590330 1 151613 R 7.0 212 2 1 1484
2371416384 1 151666 R 6.0 212 2 299 1485
2371446323 1 151668 R 9.0 206 3 4161 1486
2371711329 1 151685 R 8.0 206 3 4056 1487
2372362939 1 151727 R 5.0 212 2 0 1488
2372390512 1 151728 R 3.0 212 1 1 1489
2373977995 1 151830 R 2.0 213 1 0 1490
2376331696 1 151981 R 5.0 213 2 0 1491
2377413455 1 152050 R 4.0 213 1 0 1492
2378572671 1 152124 R 6.0 213 2 315 1493
2378602711 1 152126 R 9.0 207 3 4175 1494
2378684129 1 152131 R 7.0 213 2 1 1495
2379572446 1 152188 R 3.0 213 1 0 1496
2381360480 1 152302 R 10.0 206 3 4651 1497
2384527810 1 152505 R 7.0 214 2 1 1498
2387623216 1 152703 R 6.0 214 2 153 1499
2387653300 1 152705 R 9.0 208 3 3728 1500
2387759863 1 152712 R 3.0 214 1 0 1501
2387993614 1 152727 R 2.0 214 1 0 1502
2391191068 1 152932 R 5.0 214 2 0 1503
2392242624 1 152999 R 8.0 207 3 4557 1504
2393257341 1 153064 R 4.0 214 1 0 1505
2394121566 1 153119 R 7.0 215 2 1 1506
2395284821 1 153194 R 5.0 215 2 0 1507
2396946744 1 153300 R 2.0 215 1 0 1508
2398164517 1 153378 R 8.0 208 3 4572 1509
