248404557 1 15793 R 12.0 0 4 0 1
249481049 1 15862 R 16.0 0 5 0 2
249842497 1 15885 R 15.0 0 5 0 3
250177657 1 15907 R 14.0 0 5 0 4
250278989 1 15913 R 11.0 0 4 0 5
250347891 1 15918 R 17.0 0 6 1 6
250795155 1 15946 R 18.0 0 6 0 7
251038454 1 15962 R 13.0 0 4 1 8
253463118 1 16117 R 9.0 0 3 0 9
253489216 1 16119 R 10.0 0 3 1 10
254017144 1 16153 R 8.0 0 3 0 11
257370511 1 16367 R 19.0 0 6 454 12
259134736 1 16480 R 7.0 0 2 0 13
259461073 1 16501 R 6.0 0 2 1 14
259480817 1 16502 R 3.0 0 1 0 15
259500496 1 16504 R 5.0 0 2 0 16
259647198 1 16513 R 2.0 0 1 0 17
260114269 1 16543 R 4.0 0 1 0 18
266450208 1 16948 R 11.0 1 4 0 19
266518767 1 16953 R 17.0 1 6 1 20
266578510 1 16957 R 8.0 1 3 0 21
266965984 1 16981 R 18.0 1 6 0 22
267209398 1 16997 R 13.0 1 4 0 23
267991332 1 17047 R 6.0 1 2 1 24
268102952 1 17054 R 7.0 1 2 0 25
268442593 1 17076 R 14.0 1 5 1 26
270460131 1 17205 R 3.0 1 1 0 27
270479836 1 17206 R 5.0 1 2 0 28
270631007 1 17216 R 2.0 1 1 0 29
279571908 1 17788 R 9.0 1 3 0 30
279598133 1 17790 R 10.0 1 3 1 31
279693741 1 17796 R 19.0 1 6 0 32
282074619 1 17948 R 16.0 1 5 0 33
282295130 1 17962 R 12.0 1 4 0 34
282435903 1 17971 R 15.0 1 5 0 35
282848192 1 17998 R 4.0 1 1 0 36
285462106 1 18165 R 7.0 2 2 0 37
285803762 1 18187 R 3.0 2 1 0 38
285974619 1 18198 R 2.0 2 1 0 39
286165386 1 18210 R 9.0 2 3 0 40
286191556 1 18212 R 10.0 2 3 2 41
286872830 1 18255 R 12.0 2 4 0 42
287348839 1 18286 R 14.0 2 5 1 43
287746223 1 18311 R 16.0 2 5 0 44
288107595 1 18334 R 15.0 2 5 0 45
288813137 1 18380 R 8.0 2 3 0 46
289559875 1 18427 R 11.0 2 4 0 47
289628720 1 18432 R 17.0 2 6 1 48
289941806 1 18452 R 4.0 2 1 0 49
290075881 1 18460 R 18.0 2 6 0 50
290319162 1 18476 R 13.0 2 4 0 51
292907062 1 18642 R 5.0 2 2 0 52
294413642 1 18738 R 6.0 2 2 1 53
302178244 1 19235 R 19.0 2 6 0 54
304521427 1 19385 R 19.0 3 6 0 55
304785384 1 19402 R 4.0 3 1 0 56
309750373 1 19720 R 5.0 3 2 0 57
309819558 1 19724 R 6.0 3 2 1 58
310355290 1 19758 R 16.0 3 5 0 59
310716564 1 19781 R 15.0 3 5 0 60
311005101 1 19800 R 14.0 3 5 0 61
312555922 1 19899 R 7.0 3 2 0 62
312897633 1 19921 R 3.0 3 1 0 63
313068515 1 19932 R 2.0 3 1 0 64
314509177 1 20024 R 9.0 3 3 0 65
314535277 1 20026 R 10.0 3 3 1 66
318735232 1 20295 R 8.0 3 3 0 67
321247938 1 20455 R 12.0 3 4 0 68
322153485 1 20513 R 11.0 3 4 0 69
322222300 1 20518 R 17.0 3 6 1 70
322669580 1 20546 R 18.0 3 6 0 71
322912756 1 20562 R 13.0 3 4 0 72
323477591 1 20598 R 7.0 4 2 0 73
323819383 1 20620 R 3.0 4 1 0 74
323990239 1 20631 R 2.0 4 1 0 75
324496878 1 20663 R 11.0 4 4 0 76
325255961 1 20712 R 13.0 4 4 0 77
326094358 1 20766 R 8.0 4 3 0 78
327893806 1 20881 R 17.0 4 6 1 79
328341017 1 20909 R 18.0 4 6 0 80
328547453 1 20923 R 5.0 4 2 0 81
328801960 1 20939 R 14.0 4 5 1 82
329263845 1 20968 R 12.0 4 4 0 83
329972950 1 21014 R 4.0 4 1 0 84
330602901 1 21054 R 9.0 4 3 0 85
330629064 1 21056 R 10.0 4 3 1 86
336054107 1 21403 R 6.0 4 2 1 87
341949349 1 21780 R 16.0 4 5 0 88
342310721 1 21803 R 15.0 4 5 0 89
342615605 1 21823 R 19.0 4 6 0 90
346018037 1 22041 R 9.0 5 3 0 91
346046740 1 22042 R 10.0 5 3 0 92
346406887 1 22066 R 8.0 5 3 0 93
348016096 1 22169 R 5.0 5 2 0 94
348112514 1 22175 R 17.0 5 6 1 95
348141948 1 22177 R 12.0 5 4 1 96
348196574 1 22180 R 7.0 5 2 0 97
348538228 1 22202 R 3.0 5 1 0 98
348709140 1 22213 R 2.0 5 1 0 99
350835556 1 22349 R 6.0 5 2 1 100
354677737 1 22595 R 14.0 5 5 391 101
355202822 1 22628 R 18.0 5 6 424 102
360926409 1 22995 R 4.0 5 1 0 103
362658468 1 23106 R 19.0 5 6 781 104
368225869 1 23462 R 3.0 6 1 0 105
368245604 1 23463 R 5.0 6 2 0 106
369180854 1 23523 R 16.0 5 5 633 107
369208863 1 23525 R 13.0 5 4 374 108
369384170 1 23536 R 9.0 6 3 0 109
369410442 1 23538 R 10.0 6 3 2 110
370179164 1 23587 R 6.0 6 2 1 111
372957511 1 23765 R 4.0 6 1 0 112
381084045 1 24285 R 19.0 6 6 917 113
382943590 1 24404 R 2.0 6 1 0 114
386708243 1 24645 R 7.0 6 2 273 115
387556431 1 24699 R 17.0 6 6 1056 116
387585357 1 24701 R 13.0 6 4 1047 117
388477897 1 24758 R 9.0 7 3 0 118
388504173 1 24760 R 10.0 7 3 2 119
390274825 1 24873 R 7.0 7 2 0 120
390787346 1 24906 R 2.0 7 1 0 121
392051257 1 24987 R 4.0 7 1 0 122
394975460 1 25174 R 8.0 6 3 1330 123
399243487 1 25447 R 11.0 5 4 2348 124
399272323 1 25449 R 11.0 6 4 1809 125
401069798 1 25564 R 6.0 7 2 1 126
402210219 1 25637 R 3.0 7 1 0 127
402230062 1 25638 R 5.0 7 2 0 128
404271413 1 25769 R 8.0 7 3 684 129
408990559 1 26071 R 15.0 5 5 3159 130
409019222 1 26073 R 14.0 6 5 2723 131
409908869 1 26130 R 9.0 8 3 0 132
410252978 1 26152 R 18.0 6 6 2478 133
410280828 1 26153 R 13.0 7 4 538 134
411116619 1 26207 R 6.0 8 2 1 135
412656819 1 26306 R 5.0 8 2 0 136
412875707 1 26320 R 8.0 8 3 0 137
418675338 1 26691 R 15.0 6 5 2943 138
418888911 1 26704 R 10.0 8 3 682 139
419553977 1 26747 R 3.0 8 1 0 140
420801259 1 26827 R 4.0 8 1 0 141
421868533 1 26895 R 7.0 8 2 0 142
422381091 1 26928 R 2.0 8 1 0 143
424706184 1 27077 R 17.0 7 6 2427 144
428848107 1 27342 R 4.0 9 1 0 145
429305966 1 27371 R 19.0 7 6 2358 146
429333531 1 27373 R 6.0 9 2 271 147
432305915 1 27563 R 7.0 9 2 0 148
433552966 1 27643 R 2.0 9 1 0 149
436380396 1 27824 R 8.0 9 3 516 150
437792131 1 27914 R 10.0 9 3 0 151
439491569 1 28023 R 3.0 9 1 0 152
439511394 1 28024 R 5.0 9 2 0 153
443163493 1 28258 R 9.0 9 3 52 154
443287922 1 28266 R 19.0 8 6 2391 155
446085296 1 28445 R 3.0 10 1 0 156
450228056 1 28710 R 7.0 10 2 0 157
451259391 1 28776 R 13.0 8 4 2414 158
451288151 1 28778 R 16.0 6 5 5052 159
452771842 1 28873 R 2.0 10 1 0 160
453395230 1 28913 R 4.0 10 1 0 161
458756785 1 29256 R 18.0 8 6 3351 162
458961997 1 29269 R 10.0 10 3 0 163
461297697 1 29419 R 5.0 10 2 0 164
463508115 1 29560 R 9.0 10 3 853 165
464223637 1 29606 R 9.0 11 3 0 166
464680174 1 29635 R 6.0 10 2 355 167
466538036 1 29754 R 13.0 9 4 2607 168
470740603 1 30023 R 2.0 11 1 0 169
471899773 1 30097 R 18.0 7 6 5420 170
471927782 1 30099 R 8.0 10 3 919 171
474087472 1 30237 R 7.0 11 2 0 172
474429101 1 30259 R 3.0 11 1 0 173
475071548 1 30300 R 10.0 11 3 0 174
478766527 1 30537 R 5.0 11 2 0 175
479035875 1 30554 R 4.0 11 1 0 176
481460657 1 30709 R 6.0 11 2 1 177
482881556 1 30800 R 8.0 11 3 1012 178
485603054 1 30974 R 7.0 12 2 0 179
487538032 1 31098 R 14.0 7 5 5648 180
490522831 1 31289 R 3.0 12 1 0 181
492348363 1 31406 R 4.0 12 1 0 182
492985167 1 31447 R 5.0 12 2 0 183
494977985 1 31574 R 17.0 8 6 5280 184
499990296 1 31895 R 11.0 8 4 5050 185
501459463 1 31989 R 2.0 12 1 0 186
501659103 1 32002 R 9.0 12 3 0 187
502137227 1 32032 R 6.0 12 2 534 188
507834508 1 32397 R 12.0 9 4 4864 189
507862664 1 32399 R 10.0 12 3 319 190
508366541 1 32431 R 3.0 13 1 0 191
515560133 1 32891 R 12.0 10 4 3366 192
518928222 1 33107 R 2.0 13 1 0 193
521912058 1 33298 R 6.0 13 2 833 194
521940872 1 33300 R 5.0 13 2 1023 195
521968804 1 33301 R 4.0 13 1 346 196
521997739 1 33303 R 12.0 11 4 3638 197
523273129 1 33385 R 6.0 14 2 1 198
523709898 1 33413 R 8.0 12 3 1873 199
523973366 1 33430 R 4.0 14 1 0 200
526115698 1 33567 R 2.0 14 1 0 201
529304261 1 33771 R 3.0 14 1 0 202
529335600 1 33773 R 10.0 13 3 1600 203
529379028 1 33776 R 9.0 13 3 1495 204
529407939 1 33777 R 7.0 13 2 1309 205
529436672 1 33779 R 11.0 9 4 6481 206
533360327 1 34031 R 5.0 14 2 0 207
535521089 1 34169 R 9.0 14 3 0 208
539966441 1 34453 R 8.0 13 3 1533 209
545428554 1 34803 R 12.0 12 4 2887 210
545457345 1 34805 R 7.0 14 2 1128 211
548397988 1 34993 R 3.0 15 1 0 212
550714640 1 35141 R 7.0 15 2 0 213
552960461 1 35285 R 10.0 14 3 1602 214
555834460 1 35469 R 2.0 15 1 0 215
557443283 1 35572 R 9.0 15 3 752 216
557472307 1 35574 R 13.0 10 4 6056 217
557500256 1 35575 R 4.0 15 1 159 218
560006017 1 35736 R 5.0 15 2 757 219
561170756 1 35810 R 10.0 15 3 657 220
565241758 1 36071 R 3.0 16 1 0 221
565855451 1 36110 R 10.0 16 3 0 222
566216596 1 36133 R 13.0 11 4 6054 223
567614724 1 36223 R 9.0 16 3 0 224
573521974 1 36601 R 2.0 16 1 0 225
574068860 1 36636 R 8.0 14 3 2134 226
574096708 1 36638 R 4.0 16 1 262 227
577721610 1 36870 R 5.0 16 2 0 228
582446990 1 37172 R 7.0 16 2 1 229
587247842 1 37479 R 6.0 15 2 2301 230
587525026 1 37497 R 7.0 17 2 1 231
588179265 1 37539 R 3.0 17 1 0 232
589678347 1 37635 R 2.0 17 1 0 233
590274997 1 37673 R 10.0 17 3 1 234
594397311 1 37937 R 13.0 12 4 6906 235
594426060 1 37939 R 8.0 15 3 2975 236
596079182 1 38045 R 5.0 17 2 0 237
599300276 1 38251 R 9.0 17 3 0 238
601903840 1 38417 R 6.0 16 2 1999 239
607991285 1 38807 R 11.0 12 4 6779 240
608019251 1 38809 R 4.0 17 1 383 241
608278183 1 38825 R 6.0 17 2 724 242
610076973 1 38940 R 9.0 18 3 307 243
610105093 1 38942 R 7.0 18 2 106 244
611099691 1 39006 R 5.0 18 2 331 245
611225222 1 39014 R 2.0 18 1 0 246
614881296 1 39248 R 8.0 16 3 2992 247
614909164 1 39250 R 4.0 18 1 241 248
619729180 1 39558 R 10.0 18 3 1 249
622273851 1 39721 R 3.0 18 1 0 250
626592390 1 39997 R 14.0 10 5 11432 251
628995114 1 40151 R 7.0 19 2 1 252
630117491 1 40223 R 3.0 19 1 0 253
630486208 1 40247 R 5.0 19 2 0 254
632647035 1 40385 R 6.0 18 2 1357 255
632674933 1 40387 R 4.0 19 1 266 256
633059879 1 40411 R 8.0 17 3 3033 257
633651023 1 40449 R 10.0 19 3 1 258
638038335 1 40730 R 12.0 14 4 6166 259
640457403 1 40885 R 9.0 19 3 0 260
641757632 1 40968 R 2.0 19 1 0 261
643676073 1 41091 R 9.0 20 3 0 262
644165064 1 41122 R 6.0 19 2 349 263
644192192 1 41124 R 6.0 20 2 37 264
644850826 1 41166 R 12.0 15 4 6438 265
650306394 1 41515 R 8.0 18 3 2280 266
650335375 1 41517 R 8.0 19 3 1552 267
651823955 1 41612 R 5.0 20 2 407 268
651851860 1 41614 R 2.0 20 1 244 269
651927865 1 41619 R 8.0 20 3 413 270
658885739 1 42064 R 7.0 20 2 1 271
659302509 1 42091 R 4.0 20 1 239 272
659331430 1 42093 R 11.0 16 4 5382 273
660369703 1 42159 R 10.0 20 3 1 274
660414467 1 42162 R 3.0 20 1 0 275
665997963 1 42519 R 11.0 17 4 4823 276
668489841 1 42679 R 4.0 21 1 0 277
668814193 1 42700 R 5.0 21 2 0 278
669944740 1 42772 R 12.0 17 4 5433 279
671023170 1 42841 R 2.0 21 1 0 280
673644975 1 43009 R 9.0 21 3 0 281
677791372 1 43274 R 16.0 14 5 8812 282
678883226 1 43344 R 3.0 21 1 0 283
685712036 1 43781 R 11.0 18 4 4902 284
685740067 1 43783 R 7.0 21 2 482 285
688458599 1 43957 R 4.0 22 1 0 286
691908082 1 44178 R 5.0 22 2 0 287
692311621 1 44203 R 10.0 21 3 671 288
693026143 1 44249 R 10.0 22 3 1 289
694992502 1 44375 R 3.0 22 1 0 290
695076150 1 44380 R 6.0 21 2 1509 291
699634531 1 44672 R 14.0 14 5 11195 292
699661693 1 44674 R 2.0 22 1 17 293
700745255 1 44743 R 7.0 22 2 1 294
701185465 1 44771 R 13.0 17 4 6463 295
706383796 1 45104 R 6.0 22 2 1283 296
706411874 1 45106 R 9.0 22 3 293 297
708841613 1 45261 R 13.0 18 4 5581 298
708869533 1 45263 R 6.0 23 2 369 299
709177339 1 45283 R 4.0 23 1 0 300
709345444 1 45294 R 5.0 23 2 0 301
711006920 1 45400 R 8.0 21 3 2304 302
713601270 1 45566 R 2.0 23 1 0 303
717483223 1 45814 R 7.0 23 2 887 304
717511248 1 45816 R 9.0 23 3 862 305
718241137 1 45863 R 8.0 22 3 1911 306
721586362 1 46077 R 3.0 23 1 0 307
722717699 1 46149 R 10.0 23 3 737 308
725929986 1 46355 R 3.0 24 1 0 309
726194539 1 46372 R 13.0 19 4 6545 310
731901218 1 46737 R 7.0 24 2 1 311
732166236 1 46754 R 8.0 23 3 1612 312
732195129 1 46756 R 12.0 20 4 5492 313
732287298 1 46762 R 9.0 24 3 506 314
732315185 1 46764 R 5.0 24 2 297 315
732646146 1 46785 R 4.0 24 1 0 316
732926426 1 46803 R 10.0 24 4 1 317
733007650 1 46808 R 2.0 24 1 0 318
735086528 1 46941 R 6.0 24 2 0 319
739288194 1 47210 R 11.0 20 4 5180 320
742838630 1 47437 R 7.0 25 2 1 321
747213222 1 47717 R 11.0 21 4 4296 322
747242146 1 47719 R 11.0 22 4 4062 323
747461497 1 47733 R 6.0 25 2 0 324
750204836 1 47909 R 5.0 25 2 0 325
750476984 1 47926 R 3.0 25 1 0 326
752316763 1 48044 R 9.0 25 3 1 327
756022528 1 48281 R 8.0 24 3 1593 328
757361743 1 48367 R 10.0 25 4 0 329
759320046 1 48492 R 2.0 25 1 0 330
760864991 1 48591 R 4.0 25 1 0 331
763254254 1 48744 R 9.0 26 3 1 332
763960043 1 48789 R 11.0 23 4 3394 333
765205608 1 48869 R 10.0 26 4 0 334
770603851 1 49214 R 11.0 24 4 2429 335
770631847 1 49216 R 8.0 25 3 965 336
775038767 1 49498 R 2.0 26 1 0 337
775445728 1 49524 R 3.0 26 1 0 338
775833744 1 49549 R 4.0 26 1 0 339
776932488 1 49619 R 7.0 26 2 1 340
780392747 1 49841 R 5.0 26 2 0 341
780883526 1 49872 R 6.0 26 2 0 342
784776191 1 50121 R 7.0 27 2 1 343
784881987 1 50128 R 8.0 26 3 1074 344
788801069 1 50379 R 9.0 27 3 1 345
789164390 1 50402 R 3.0 27 1 0 346
790010366 1 50456 R 11.0 25 4 2721 347
792192983 1 50596 R 4.0 27 1 0 348
795696252 1 50820 R 13.0 23 4 5201 349
795724423 1 50822 R 10.0 27 4 270 350
795752311 1 50824 R 2.0 27 1 113 351
797856327 1 50958 R 6.0 27 2 712 352
802459076 1 51253 R 5.0 27 2 569 353
803680908 1 51331 R 12.0 23 4 6114 354
803709851 1 51333 R 12.0 24 4 5069 355
805726252 1 51462 R 2.0 28 1 0 356
806129638 1 51488 R 9.0 28 3 1 357
809239832 1 51687 R 4.0 28 1 0 358
810741359 1 51783 R 12.0 25 4 3715 359
811073125 1 51804 R 7.0 28 2 1 360
811898839 1 51857 R 3.0 28 1 0 361
812972988 1 51926 R 5.0 28 2 0 362
813971380 1 51990 R 10.0 28 4 0 363
818569316 1 52284 R 8.0 27 3 1926 364
825899810 1 52753 R 6.0 28 2 411 365
825928750 1 52755 R 12.0 26 4 3094 366
832845767 1 53198 R 5.0 29 2 0 367
833541816 1 53242 R 7.0 29 2 1 368
834508364 1 53304 R 6.0 29 2 0 369
840601265 1 53694 R 2.0 29 1 0 370
840742463 1 53703 R 3.0 29 1 0 371
841384762 1 53744 R 14.0 24 5 7528 372
841413493 1 53746 R 8.0 28 3 1637 373
843068108 1 53852 R 4.0 29 1 0 374
847476266 1 54134 R 2.0 30 1 0 375
848038013 1 54170 R 8.0 29 3 1457 376
849318642 1 54252 R 9.0 29 3 396 377
849338617 1 54253 R 3.0 30 1 0 378
849360306 1 54254 R 5.0 30 2 395 379
850045951 1 54298 R 10.0 29 3 442 380
850074171 1 54300 R 10.0 30 3 319 381
852760624 1 54472 R 7.0 30 2 1 382
854290076 1 54570 R 6.0 30 2 378 383
854318929 1 54572 R 15.0 23 5 9453 384
857011784 1 54744 R 4.0 30 1 0 385
857038143 1 54746 R 9.0 30 3 3 386
861897348 1 55057 R 13.0 26 4 5194 387
865098526 1 55262 R 9.0 31 3 1 388
866526400 1 55353 R 10.0 31 3 1 389
867679537 1 55427 R 2.0 31 1 0 390
867699577 1 55428 R 3.0 31 1 0 391
868838170 1 55501 R 13.0 27 4 4241 392
868866108 1 55503 R 8.0 30 3 877 393
870916840 1 55634 R 7.0 31 2 1 394
871424015 1 55667 R 5.0 31 2 0 395
880164624 1 56226 R 6.0 31 2 0 396
880771244 1 56265 R 4.0 31 1 0 397
881913091 1 56338 R 14.0 25 5 7786 398
886320017 1 56620 R 2.0 32 1 0 399
886926779 1 56659 R 4.0 32 1 62 400
886953882 1 56660 R 9.0 32 3 29 401
887508551 1 56696 R 6.0 32 2 116 402
888334919 1 56749 R 11.0 28 4 5381 403
894526203 1 57145 R 7.0 32 2 1 404
896119128 1 57247 R 11.0 29 4 3674 405
896147869 1 57249 R 8.0 31 3 1418 406
899158373 1 57442 R 5.0 32 2 0 407
899226881 1 57446 R 3.0 32 1 0 408
900245115 1 57511 R 10.0 32 3 1 409
905211206 1 57829 R 3.0 33 1 0 410
907178919 1 57955 R 11.0 30 4 3893 411
908195012 1 58020 R 2.0 33 1 0 412
914868340 1 58447 R 6.0 33 2 180 413
914897112 1 58449 R 8.0 32 3 1280 414
914917130 1 58450 R 4.0 33 1 0 415
918979489 1 58710 R 10.0 33 3 1 416
919823124 1 58764 R 7.0 33 2 1 417
920239181 1 58791 R 9.0 33 3 1 418
921799136 1 58891 R 5.0 33 2 0 419
927007141 1 59224 R 13.0 29 4 5622 420
928707891 1 59333 R 9.0 34 3 1 421
931352465 1 59502 R 6.0 34 2 224 422
933052364 1 59611 R 4.0 34 1 0 423
934397527 1 59697 R 16.0 27 5 9432 424
935804409 1 59787 R 2.0 34 1 0 425
935830760 1 59789 R 10.0 34 3 1 426
938557512 1 59963 R 7.0 34 2 1 427
940103514 1 60062 R 12.0 31 4 4755 428
940132254 1 60064 R 8.0 33 3 1113 429
940383138 1 60080 R 3.0 34 1 0 430
941486648 1 60151 R 5.0 34 2 0 431
943601838 1 60286 R 3.0 35 1 0 432
944416989 1 60338 R 10.0 35 3 1 433
947945021 1 60564 R 2.0 35 1 0 434
949319406 1 60652 R 12.0 32 4 3440 435
953479333 1 60918 R 7.0 35 2 1 436
957040093 1 61146 R 6.0 35 2 276 437
957068860 1 61148 R 8.0 34 3 1036 438
960174006 1 61347 R 5.0 35 2 0 439
961926634 1 61459 R 9.0 35 3 1 440
962739992 1 61511 R 4.0 35 1 0 441
963428807 1 61555 R 13.0 30 4 6432 442
964411003 1 61618 R 9.0 36 3 1 443
971350752 1 62062 R 13.0 32 4 5040 444
973570587 1 62204 R 3.0 36 1 0 445
974554393 1 62267 R 2.0 36 1 0 446
975427495 1 62323 R 4.0 36 1 0 447
976854629 1 62414 R 10.0 36 3 1 448
977881745 1 62480 R 12.0 33 4 4369 449
978908376 1 62546 R 5.0 36 2 0 450
981666989 1 62722 R 7.0 36 2 1 451
983992387 1 62871 R 6.0 36 2 64 452
987601277 1 63102 R 2.0 37 1 0 453
988505361 1 63160 R 4.0 37 1 0 454
992276147 1 63401 R 7.0 37 2 1 455
992698239 1 63428 R 10.0 37 3 1 456
993830113 1 63501 R 5.0 37 2 0 457
993852435 1 63502 R 8.0 35 3 2132 458
996690739 1 63684 R 8.0 36 3 1682 459
1000289360 1 63914 R 3.0 37 1 0 460
1002082719 1 64029 R 9.0 37 3 1 461
1003165297 1 64098 R 6.0 37 2 337 462
1003194091 1 64100 R 11.0 33 4 6407 463
1004273855 1 64169 R 6.0 38 2 0 464
1008292031 1 64426 R 10.0 38 3 1 465
1008573094 1 64444 R 7.0 38 2 1 466
1014301483 1 64811 R 9.0 38 3 1 467
1016334897 1 64941 R 8.0 37 3 1354 468
1017442967 1 65012 R 4.0 38 1 0 469
1018689479 1 65092 R 5.0 38 2 0 470
1019364065 1 65135 R 15.0 36 5 3563 471
1020603641 1 65214 R 13.0 35 4 4609 472
1020632610 1 65216 R 13.0 36 4 3467 473
1021570047 1 65276 R 2.0 38 1 0 474
1021758088 1 65288 R 3.0 38 1 0 475
1023288760 1 65386 R 2.0 39 1 0 476
1023367459 1 65391 R 3.0 39 1 0 477
1024289481 1 65450 R 6.0 39 2 0 478
1032627122 1 65984 R 5.0 39 2 0 479
1033270235 1 66025 R 9.0 39 3 1 480
1033309525 1 66027 R 16.0 35 5 5492 481
1033338630 1 66029 R 16.0 36 5 3651 482
1033367742 1 66031 R 12.0 36 4 3962 483
1033387786 1 66032 R 4.0 39 1 0 484
1043748036 1 66695 R 12.0 37 4 3170 485
1044061998 1 66715 R 10.0 39 3 854 486
1044091255 1 66717 R 16.0 37 5 3666 487
1044119396 1 66719 R 7.0 39 2 375 488
1044304960 1 66731 R 3.0 40 1 0 489
1045564618 1 66812 R 5.0 40 2 0 490
1048989028 1 67031 R 9.0 40 3 1 491
1051243279 1 67175 R 12.0 38 4 2877 492
1051272091 1 67177 R 8.0 38 3 1964 493
1052184662 1 67235 R 7.0 40 2 0 494
1053242025 1 67303 R 2.0 40 1 0 495
1057497626 1 67575 R 8.0 39 3 2083 496
1057526647 1 67577 R 13.0 37 4 3802 497
1059632131 1 67712 R 15.0 34 5 8553 498
1063260508 1 67944 R 15.0 37 6 4403 499
1063289723 1 67946 R 15.0 38 6 3591 500
1063318866 1 67948 R 12.0 39 5 1386 501
1063345161 1 67950 R 5.0 41 2 3 502
1063646239 1 67969 R 4.0 40 1 0 503
1065007230 1 68056 R 10.0 40 4 795 504
1065243479 1 68071 R 6.0 40 2 316 505
1065271439 1 68073 R 6.0 41 2 121 506
1066538400 1 68154 R 11.0 37 4 5313 507
1072836666 1 68557 R 3.0 41 1 0 508
1073791989 1 68618 R 7.0 41 2 1 509
1074224301 1 68646 R 10.0 41 4 1 510
1079431978 1 68979 R 11.0 38 4 4772 511
1079460797 1 68981 R 8.0 40 3 1226 512
1080161016 1 69026 R 9.0 41 3 1 513
1080632101 1 69056 R 16.0 38 5 3773 514
1082632658 1 69184 R 2.0 41 1 0 515
1084508512 1 69304 R 3.0 42 1 0 516
1086161816 1 69410 R 4.0 41 1 379 517
1086188883 1 69412 R 4.0 42 1 81 518
1086463386 1 69429 R 14.0 37 5 5876 519
1086492424 1 69431 R 14.0 38 5 4837 520
1086518605 1 69433 R 2.0 42 1 1 521
1087242747 1 69479 R 6.0 42 2 0 522
1088072395 1 69532 R 12.0 40 5 1891 523
1093740370 1 69895 R 8.0 41 3 899 524
1094650268 1 69953 R 17.0 35 7 8937 525
1096561104 1 70075 R 19.0 36 6 7630 526
1100506979 1 70328 R 13.0 38 4 5337 527
1101308279 1 70379 R 7.0 42 2 154 528
1101697238 1 70404 R 15.0 39 6 4523 529
1103890682 1 70544 R 15.0 40 5 3875 530
1104618131 1 70591 R 13.0 39 4 4126 531
1108338131 1 70829 R 8.0 42 3 1274 532
1108367163 1 70831 R 11.0 40 4 2964 533
1108737131 1 70855 R 5.0 42 2 407 534
1108765993 1 70856 R 9.0 42 3 1328 535
1109508728 1 70904 R 3.0 43 1 116 536
1109536996 1 70906 R 10.0 42 3 616 537
1109815993 1 70924 R 11.0 41 4 2253 538
1113599234 1 71166 R 4.0 43 1 0 539
1117400876 1 71409 R 11.0 42 4 2095 540
1117703049 1 71428 R 17.0 38 6 7036 541
1117731177 1 71430 R 7.0 43 2 677 542
1118408381 1 71474 R 5.0 43 2 0 543
1118623902 1 71487 R 10.0 43 3 865 544
1121056350 1 71643 R 12.0 41 5 2749 545
1121805768 1 71691 R 13.0 40 4 4601 546
1121833745 1 71693 R 2.0 43 1 221 547
1122949801 1 71764 R 6.0 43 2 720 548
1123132048 1 71776 R 13.0 41 4 2635 549
1124244756 1 71847 R 15.0 41 5 2909 550
1128586659 1 72125 R 3.0 44 1 0 551
1129475546 1 72182 R 15.0 42 5 2648 552
1129504548 1 72184 R 12.0 42 4 1877 553
1129586126 1 72189 R 6.0 44 2 44 554
1134695162 1 72516 R 2.0 44 1 0 555
1136880509 1 72656 R 4.0 44 1 0 556
1137103511 1 72670 R 13.0 42 4 2446 557
1137159603 1 72674 R 13.0 43 4 2142 558
1140257209 1 72872 R 12.0 43 4 1678 559
1140290035 1 72874 R 10.0 44 3 945 560
1140316364 1 72876 R 5.0 44 2 3 561
1140965451 1 72917 R 9.0 43 3 1386 562
1140993533 1 72919 R 7.0 44 2 591 563
1142163019 1 72994 R 8.0 43 3 1463 564
1142531053 1 73017 R 14.0 40 5 5694 565
1145476311 1 73206 R 2.0 45 1 0 566
1147507075 1 73336 R 11.0 43 4 2207 567
1148425744 1 73395 R 19.0 39 6 7734 568
1148454811 1 73396 R 19.0 40 6 5482 569
1149364862 1 73455 R 4.0 45 1 0 570
1150149198 1 73505 R 9.0 44 3 638 571
1157961976 1 74005 R 9.0 45 3 577 572
1157989983 1 74007 R 5.0 45 2 250 573
1159619462 1 74111 R 11.0 44 4 2186 574
1159648314 1 74113 R 8.0 44 3 1257 575
1160164916 1 74146 R 3.0 45 1 0 576
1160508806 1 74168 R 6.0 45 2 0 577
1161917167 1 74258 R 7.0 45 2 1 578
1166007567 1 74520 R 2.0 46 1 0 579
1168148098 1 74657 R 12.0 44 4 1827 580
1168905512 1 74705 R 10.0 45 3 723 581
1173057154 1 74971 R 11.0 45 4 1213 582
1173086174 1 74973 R 16.0 40 5 8105 583
1175056781 1 75099 R 19.0 41 6 7047 584
1175085813 1 75101 R 15.0 43 5 3917 585
1176906052 1 75217 R 15.0 44 5 3232 586
1178680420 1 75331 R 3.0 46 1 0 587
1180333618 1 75437 R 4.0 46 1 0 588
1183995114 1 75671 R 15.0 45 5 2111 589
1184052364 1 75675 R 4.0 47 1 0 590
1184365518 1 75695 R 5.0 46 2 826 591
1184392617 1 75697 R 5.0 47 2 68 592
1188914830 1 75986 R 3.0 47 1 0 593
1188952263 1 75988 R 9.0 46 3 948 594
1188980423 1 75990 R 7.0 46 2 930 595
1189008314 1 75992 R 7.0 47 2 288 596
1190618154 1 76095 R 10.0 46 3 1594 597
1190645273 1 76097 R 2.0 47 1 23 598
1191621926 1 76159 R 6.0 46 2 788 599
1196004635 1 76440 R 9.0 47 3 0 600
1196312426 1 76459 R 17.0 41 6 7666 601
1203289765 1 76906 R 3.0 48 1 0 602
1203635580 1 76928 R 16.0 41 5 8368 603
1206521140 1 77113 R 4.0 48 1 0 604
1207783519 1 77194 R 5.0 48 2 0 605
1208098404 1 77214 R 9.0 48 3 0 606
1210133681 1 77344 R 8.0 45 3 3120 607
1210161722 1 77346 R 6.0 47 2 684 608
1212242037 1 77479 R 2.0 48 1 0 609
1212885881 1 77520 R 7.0 48 2 1 610
1218796218 1 77898 R 18.0 40 6 10363 611
1222870127 1 78159 R 7.0 49 2 1 612
1223263653 1 78184 R 6.0 48 2 1167 613
1223961673 1 78229 R 3.0 49 1 0 614
1224205250 1 78245 R 5.0 49 2 0 615
1224890540 1 78288 R 10.0 47 3 2168 616
1225942134 1 78356 R 9.0 49 3 0 617
1230649155 1 78657 R 8.0 46 3 4089 618
1230677124 1 78659 R 2.0 49 1 169 619
1232531164 1 78777 R 10.0 48 3 1749 620
1233740000 1 78855 R 4.0 49 1 0 621
1239013658 1 79192 R 12.0 45 4 4964 622
1240155188 1 79265 R 10.0 49 3 613 623
1244726469 1 79558 R 6.0 49 2 820 624
1245804462 1 79627 R 2.0 50 1 0 625
1246326118 1 79660 R 12.0 46 4 4114 626
1246353389 1 79662 R 7.0 50 2 67 627
1246747640 1 79687 R 8.0 47 3 3326 628
1247075316 1 79708 R 17.0 42 6 9530 629
1247103694 1 79710 R 5.0 50 2 2 630
1247554117 1 79739 R 13.0 44 4 7291 631
1249224271 1 79846 R 4.0 50 1 0 632
1252044806 1 80026 R 17.0 43 6 9151 633
1252073944 1 80028 R 12.0 47 4 3498 634
1252941342 1 80084 R 13.0 45 4 6713 635
1253229631 1 80102 R 10.0 50 3 1 636
1258665376 1 80450 R 6.0 50 2 306 637
1258694098 1 80452 R 8.0 48 3 3289 638
1261232411 1 80614 R 12.0 48 4 2715 639
1261261528 1 80616 R 12.0 49 4 1170 640
1261289519 1 80618 R 9.0 50 3 387 641
1261316700 1 80620 R 3.0 50 1 95 642
1264993309 1 80855 R 6.0 51 2 1 643
1268131930 1 81056 R 8.0 49 3 2140 644
1269945165 1 81172 R 2.0 51 1 0 645
1273567985 1 81404 R 4.0 51 1 0 646
1274259993 1 81448 R 8.0 50 3 1895 647
1274289006 1 81450 R 13.0 47 4 5453 648
1275707896 1 81541 R 9.0 51 3 0 649
1275819984 1 81548 R 12.0 50 4 1550 650
1281509918 1 81912 R 14.0 47 5 5918 651
1281537966 1 81914 R 3.0 51 1 291 652
1282288429 1 81962 R 13.0 48 4 4797 653
1282991526 1 82007 R 15.0 47 5 6247 654
1283020227 1 82009 R 5.0 51 2 1145 655
1285445999 1 82164 R 3.0 52 1 0 656
1287394468 1 82289 R 13.0 49 4 3537 657
1287889761 1 82320 R 7.0 51 2 555 658
1287918945 1 82322 R 16.0 47 5 6585 659
1287947917 1 82324 R 16.0 48 5 4732 660
1291182518 1 82531 R 7.0 52 2 1 661
1291820060 1 82572 R 2.0 52 1 0 662
1294694648 1 82756 R 13.0 50 4 2217 663
1297859432 1 82958 R 15.0 48 5 5346 664
1300086990 1 83101 R 6.0 52 2 110 665
1301210036 1 83173 R 8.0 51 3 1265 666
1301661731 1 83202 R 4.0 52 1 0 667
1303049133 1 83291 R 5.0 52 2 0 668
1303433687 1 83315 R 9.0 52 3 296 669
1303460011 1 83317 R 9.0 53 3 3 670
1305547074 1 83450 R 10.0 51 3 1474 671
1306736635 1 83527 R 5.0 53 2 0 672
1307083589 1 83549 R 4.0 53 1 0 673
1308400987 1 83633 R 11.0 49 4 5471 674
1308430052 1 83635 R 13.0 51 4 2134 675
1309929529 1 83731 R 2.0 53 1 0 676
1311415098 1 83826 R 6.0 53 2 1 677
1312701157 1 83908 R 10.0 52 3 1543 678
1312730280 1 83910 R 15.0 49 5 4965 679
1313964005 1 83989 R 7.0 53 2 1 680
1318147567 1 84257 R 8.0 52 3 1172 681
1318197382 1 84260 R 11.0 50 4 4502 682
1319482350 1 84342 R 15.0 50 5 3610 683
1319511528 1 84344 R 12.0 51 4 2982 684
1319539504 1 84346 R 3.0 53 1 174 685
1320307778 1 84395 R 10.0 53 3 1 686
1324476299 1 84662 R 2.0 54 1 0 687
1325416501 1 84722 R 11.0 51 4 3362 688
1325444483 1 84724 R 8.0 53 3 624 689
1327748028 1 84871 R 12.0 52 4 2087 690
1327777580 1 84873 R 12.0 53 4 1562 691
1327805781 1 84875 R 10.0 54 3 156 692
1328442977 1 84916 R 4.0 54 1 0 693
1332451154 1 85172 R 18.0 48 6 7267 694
1332480279 1 85174 R 16.0 51 5 3729 695
1332508259 1 85176 R 7.0 54 2 220 696
1333118337 1 85215 R 6.0 54 2 1 697
1338319574 1 85548 R 13.0 52 4 3357 698
1341602413 1 85758 R 3.0 54 1 0 699
1341705393 1 85765 R 5.0 54 2 0 700
1343733651 1 85894 R 9.0 54 3 895 701
1343762917 1 85896 R 16.0 52 5 3283 702
1343792131 1 85898 R 16.0 53 5 2194 703
1346260367 1 86056 R 17.0 48 6 8964 704
1346289438 1 86058 R 17.0 49 6 6925 705
1347536727 1 86138 R 4.0 55 1 0 706
1347848376 1 86158 R 9.0 55 3 0 707
1349007668 1 86232 R 2.0 55 1 0 708
1349424148 1 86259 R 5.0 55 2 0 709
1355694369 1 86660 R 8.0 54 3 1946 710
1358123037 1 86815 R 14.0 50 6 6245 711
1358152157 1 86817 R 14.0 51 6 4877 712
1358181194 1 86819 R 14.0 52 6 4181 713
1358245164 1 86823 R 7.0 55 2 1 714
1360224080 1 86950 R 10.0 55 4 0 715
1362961778 1 87125 R 3.0 55 1 0 716
1363117889 1 87135 R 3.0 56 1 0 717
1363305224 1 87147 R 6.0 55 2 52 718
1365723371 1 87302 R 9.0 56 3 0 719
1367510740 1 87416 R 7.0 56 2 1 720
1367892754 1 87441 R 5.0 56 2 0 721
1369337177 1 87533 R 11.0 52 4 4775 722
1369366175 1 87535 R 11.0 53 4 3289 723
1369393289 1 87537 R 2.0 56 1 32 724
1372380523 1 87728 R 4.0 56 1 0 725
1376044756 1 87962 R 12.0 54 4 2372 726
1376072713 1 87964 R 6.0 56 2 514 727
1376163109 1 87970 R 8.0 55 3 1107 728
1381596965 1 88318 R 10.0 56 4 0 729
1383663339 1 88450 R 11.0 54 4 3541 730
1383692609 1 88452 R 11.0 55 4 1617 731
1383720700 1 88454 R 8.0 56 3 381 732
1384430809 1 88499 R 6.0 57 2 1 733
1387177348 1 88675 R 4.0 57 1 0 734
1391357412 1 88942 R 13.0 53 4 5439 735
1391968825 1 88981 R 17.0 50 7 9438 736
1395977595 1 89238 R 9.0 57 3 564 737
1396005582 1 89240 R 3.0 57 1 183 738
1397124016 1 89311 R 7.0 57 2 572 739
1397153223 1 89313 R 15.0 51 6 7475 740
1397181468 1 89315 R 10.0 57 4 215 741
1397290172 1 89322 R 13.0 54 4 3533 742
1397319232 1 89324 R 11.0 56 4 1662 743
1398596041 1 89406 R 5.0 57 2 0 744
1401835284 1 89613 R 11.0 57 4 1072 745
1402164336 1 89634 R 2.0 57 1 0 746
1405791151 1 89866 R 12.0 55 5 3179 747
1406744725 1 89927 R 13.0 55 4 3283 748
1406773799 1 89929 R 13.0 56 4 1831 749
1406800113 1 89931 R 6.0 58 2 3 750
1407477293 1 89974 R 3.0 58 1 0 751
1407976736 1 90006 R 2.0 58 1 0 752
1410573239 1 90172 R 7.0 58 2 1 753
1411837869 1 90253 R 12.0 56 5 2922 754
1414939767 1 90452 R 5.0 58 2 0 755
1416522421 1 90553 R 8.0 57 3 1080 756
1418993997 1 90711 R 14.0 54 6 5190 757
1422646154 1 90945 R 4.0 58 1 0 758
1424338413 1 91053 R 8.0 58 3 1017 759
1425156589 1 91105 R 12.0 57 4 1653 760
1425979166 1 91158 R 7.0 59 2 66 761
1426743874 1 91207 R 17.0 52 7 9060 762
1426864849 1 91215 R 4.0 59 1 0 763
1431531325 1 91513 R 14.0 55 5 4359 764
1431930634 1 91539 R 13.0 57 4 1991 765
1431958539 1 91541 R 2.0 59 1 336 766
1438894759 1 91985 R 14.0 56 5 3665 767
1438923855 1 91986 R 10.0 58 3 1361 768
1440043536 1 92058 R 9.0 58 3 1492 769
1440899297 1 92113 R 3.0 59 1 0 770
1443033515 1 92250 R 5.0 59 2 0 771
1443114135 1 92255 R 9.0 59 3 0 772
1443747934 1 92295 R 6.0 59 2 1294 773
1447861646 1 92559 R 5.0 60 2 0 774
1448129624 1 92576 R 9.0 60 3 0 775
1449000200 1 92631 R 10.0 59 3 1348 776
1449852391 1 92686 R 13.0 58 4 2078 777
1451200407 1 92772 R 13.0 59 4 757 778
1453722733 1 92934 R 14.0 57 5 3437 779
1453751793 1 92935 R 14.0 58 5 2788 780
1457664782 1 93186 R 8.0 59 3 1142 781
1457833660 1 93197 R 4.0 60 1 0 782
1458075139 1 93212 R 13.0 60 4 629 783
1458103121 1 93214 R 6.0 60 2 309 784
1458618034 1 93247 R 3.0 60 1 0 785
1459323287 1 93292 R 7.0 60 2 1 786
1460789375 1 93386 R 2.0 60 1 0 787
1461283665 1 93418 R 8.0 60 3 0 788
1463190286 1 93540 R 16.0 58 5 2841 789
1467322108 1 93804 R 15.0 57 5 4492 790
1468118181 1 93855 R 6.0 61 2 0 791
1472017897 1 94105 R 5.0 61 2 0 792
1473010760 1 94168 R 7.0 61 2 1 793
1473223380 1 94182 R 9.0 61 3 0 794
1474086798 1 94237 R 3.0 61 1 0 795
1474657392 1 94274 R 8.0 61 3 47 796
1474794187 1 94282 R 15.0 58 5 4189 797
1475593809 1 94333 R 10.0 60 3 1420 798
1478193126 1 94500 R 4.0 61 1 0 799
1480675234 1 94659 R 16.0 59 5 3488 800
1480704375 1 94660 R 16.0 60 5 1990 801
1480728991 1 94662 R 12.0 58 4 3893 802
1480758198 1 94664 R 12.0 59 4 3678 803
1480929983 1 94675 R 2.0 61 1 0 804
1481292180 1 94698 R 10.0 61 3 1 805
1491559515 1 95355 R 15.0 55 5 9069 806
1491587495 1 95357 R 6.0 62 2 341 807
1491615429 1 95359 R 2.0 62 1 340 808
1496701154 1 95684 R 11.0 58 4 5154 809
1496725620 1 95686 R 15.0 56 5 8469 810
1496747279 1 95687 R 7.0 62 2 719 811
1496776505 1 95689 R 14.0 59 5 3644 812
1498483221 1 95798 R 9.0 62 3 667 813
1499522979 1 95865 R 12.0 60 4 2551 814
1502040068 1 96026 R 8.0 62 3 880 815
1502069030 1 96028 R 11.0 59 4 4727 816
1503286858 1 96106 R 4.0 62 1 0 817
1504028667 1 96153 R 13.0 61 4 1875 818
1504602792 1 96190 R 5.0 62 2 835 819
1504630899 1 96192 R 3.0 62 1 318 820
1506062410 1 96283 R 10.0 62 3 1082 821
1506882230 1 96336 R 17.0 56 6 8256 822
1506909334 1 96338 R 5.0 63 2 10 823
1512574991 1 96700 R 6.0 63 2 417 824
1513385771 1 96752 R 7.0 63 2 1 825
1518130504 1 97056 R 4.0 63 1 0 826
1518660875 1 97090 R 9.0 63 3 0 827
1520179867 1 97187 R 8.0 63 3 864 828
1520208824 1 97189 R 11.0 60 4 3992 829
1520235987 1 97191 R 2.0 63 1 36 830
1521508811 1 97272 R 3.0 63 1 0 831
1523265826 1 97384 R 12.0 61 4 3477 832
1526320491 1 97580 R 2.0 64 1 0 833
1527927242 1 97683 R 4.0 64 1 0 834
1528042158 1 97690 R 17.0 55 6 11522 835
1528071002 1 97692 R 15.0 59 5 6072 836
1532569478 1 97980 R 13.0 62 4 3054 837
1534713868 1 98117 R 7.0 64 2 1 838
1536377270 1 98224 R 5.0 64 2 0 839
1538275827 1 98345 R 12.0 62 4 2308 840
1538304917 1 98347 R 12.0 63 4 1454 841
1539396221 1 98417 R 15.0 60 5 5011 842
1541333038 1 98541 R 9.0 64 3 0 843
1542102404 1 98590 R 3.0 64 1 0 844
1542461936 1 98613 R 6.0 64 2 0 845
1554995717 1 99415 R 2.0 65 1 407 846
1555303778 1 99435 R 8.0 64 3 1829 847
1559607430 1 99710 R 12.0 64 4 1205 848
1559635540 1 99712 R 7.0 65 2 506 849
1559664593 1 99714 R 15.0 61 5 5822 850
1559690959 1 99716 R 5.0 65 2 1 851
1560258673 1 99752 R 3.0 65 1 0 852
1561396115 1 99825 R 4.0 65 1 0 853
1561541418 1 99834 R 10.0 63 3 2709 854
1561664758 1 99842 R 12.0 65 5 1055 855
1568214027 1 100261 R 14.0 61 6 5546 856
1568243834 1 100263 R 17.0 59 7 9215 857
1575475753 1 100726 R 5.0 66 2 399 858
1576056669 1 100763 R 10.0 64 3 3018 859
1576086493 1 100765 R 6.0 65 2 1107 860
1576114429 1 100767 R 2.0 66 1 20 861
1578372616 1 100911 R 6.0 66 2 972 862
1579615683 1 100991 R 4.0 66 1 0 863
1579766255 1 101000 R 16.0 62 5 5279 864
1579794216 1 101002 R 7.0 66 2 16 865
1579916746 1 101010 R 9.0 65 4 1388 866
1579944781 1 101012 R 3.0 66 1 70 867
1580302360 1 101035 R 9.0 66 3 0 868
1580585950 1 101053 R 16.0 61 6 6540 869
1584822374 1 101324 R 10.0 65 3 2476 870
1584853027 1 101326 R 19.0 58 6 11617 871
1587943701 1 101524 R 4.0 67 1 0 872
1589492396 1 101623 R 11.0 61 4 7653 873
1589852563 1 101646 R 2.0 67 1 0 874
1592250302 1 101799 R 10.0 66 3 921 875
1593857074 1 101902 R 7.0 67 2 0 876
1595962800 1 102037 R 6.0 67 2 280 877
1595992351 1 102039 R 8.0 65 3 2247 878
1597458589 1 102133 R 9.0 67 3 0 879
1597618872 1 102143 R 3.0 67 1 0 880
1599269148 1 102249 R 5.0 67 2 319 881
1599298945 1 102250 R 14.0 62 5 6770 882
1603959692 1 102549 R 4.0 68 1 0 883
1604042568 1 102554 R 7.0 68 2 0 884
1604384358 1 102576 R 3.0 68 1 0 885
1607663961 1 102786 R 8.0 66 3 2703 886
1608677198 1 102851 R 9.0 68 3 0 887
1609141518 1 102880 R 14.0 63 5 6493 888
1614089005 1 103197 R 8.0 67 3 1582 889
1614118821 1 103199 R 13.0 63 4 5990 890
1616005285 1 103320 R 12.0 66 4 2856 891
1616925346 1 103379 R 5.0 68 2 119 892
1616955117 1 103380 R 14.0 64 5 5766 893
1617744139 1 103431 R 6.0 68 2 0 894
1617821407 1 103436 R 2.0 68 1 0 895
1623630604 1 103808 R 15.0 63 5 6667 896
1625225755 1 103910 R 8.0 68 3 949 897
1628745863 1 104135 R 7.0 69 2 0 898
1629087457 1 104157 R 3.0 69 1 0 899
1629789167 1 104202 R 13.0 65 4 4450 900
1630282029 1 104233 R 10.0 67 3 2262 901
1631304239 1 104299 R 12.0 67 4 2446 902
1631602576 1 104318 R 2.0 69 1 0 903
1635042135 1 104538 R 13.0 66 4 4378 904
1635071837 1 104540 R 13.0 67 4 2351 905
1636756715 1 104648 R 4.0 69 1 0 906
1637731056 1 104710 R 16.0 65 5 5259 907
1637973560 1 104726 R 10.0 68 3 1674 908
1640290871 1 104874 R 6.0 69 2 0 909
1642505378 1 105016 R 9.0 69 3 0 910
1643023128 1 105049 R 8.0 69 3 1014 911
1644401251 1 105137 R 11.0 65 4 6202 912
1644430108 1 105139 R 5.0 69 2 438 913
1645208546 1 105189 R 12.0 68 4 1541 914
1647969828 1 105365 R 10.0 69 3 1387 915
1649460936 1 105461 R 13.0 68 4 2717 916
1649490843 1 105463 R 13.0 69 4 1220 917
1650989906 1 105559 R 12.0 69 4 1471 918
1652493989 1 105655 R 6.0 70 2 0 919
1652620768 1 105663 R 7.0 70 2 0 920
1652740980 1 105671 R 4.0 70 1 0 921
1654035971 1 105754 R 11.0 66 4 5312 922
1654065737 1 105756 R 11.0 67 4 4471 923
1654477653 1 105782 R 2.0 70 1 0 924
1654683700 1 105795 R 10.0 70 3 1 925
1656614577 1 105919 R 8.0 70 3 0 926
1657352247 1 105966 R 13.0 70 4 1 927
1657471854 1 105974 R 5.0 70 2 0 928
1658364768 1 106031 R 15.0 66 5 5042 929
1659817029 1 106124 R 11.0 68 4 3259 930
1659978134 1 106134 R 3.0 70 1 0 931
1665115507 1 106463 R 9.0 70 3 344 932
1665239063 1 106471 R 11.0 69 4 2591 933
1665912505 1 106514 R 18.0 62 6 10761 934
1666493185 1 106551 R 2.0 71 1 0 935
1668495756 1 106679 R 7.0 71 2 0 936
1668697125 1 106692 R 6.0 71 2 0 937
1670506725 1 106808 R 4.0 71 1 0 938
1671191079 1 106852 R 11.0 70 4 767 939
1676825065 1 107212 R 15.0 67 5 5763 940
1676854915 1 107214 R 12.0 70 4 1143 941
1677381913 1 107248 R 11.0 71 4 566 942
1678831143 1 107341 R 5.0 71 2 0 943
1680321883 1 107436 R 3.0 71 1 0 944
1680605442 1 107454 R 10.0 71 3 1 945
1681699080 1 107524 R 9.0 71 3 229 946
1681728055 1 107526 R 12.0 71 4 823 947
1681991148 1 107543 R 8.0 71 3 579 948
1685647230 1 107777 R 4.0 72 1 0 949
1687134833 1 107872 R 6.0 72 2 1 950
1687996682 1 107927 R 13.0 71 4 435 951
1688026375 1 107929 R 16.0 69 5 3400 952
1689274958 1 108009 R 3.0 72 1 0 953
1694449177 1 108340 R 10.0 72 3 1 954
1694604330 1 108350 R 16.0 68 5 5817 955
1695446412 1 108404 R 2.0 72 1 0 956
1701104199 1 108766 R 15.0 68 5 5892 957
1702320322 1 108844 R 16.0 70 5 3319 958
1703018623 1 108889 R 5.0 72 2 0 959
1705746142 1 109063 R 10.0 73 3 1 960
1708164187 1 109218 R 13.0 72 4 1240 961
1708553482 1 109243 R 4.0 73 1 0 962
1708871201 1 109263 R 7.0 72 2 462 963
1708899852 1 109265 R 7.0 73 2 179 964
1712323689 1 109484 R 8.0 72 3 1385 965
1717092531 1 109789 R 16.0 71 5 3338 966
1717122634 1 109791 R 11.0 72 4 1549 967
1717152436 1 109793 R 15.0 70 5 3961 968
1717289631 1 109802 R 8.0 73 3 603 969
1719322694 1 109932 R 19.0 66 6 9769 970
1719700887 1 109956 R 6.0 73 2 637 971
1720712473 1 110021 R 3.0 73 1 0 972
1723712880 1 110213 R 18.0 69 6 6399 973
1723740936 1 110215 R 2.0 73 1 55 974
1724209733 1 110245 R 4.0 74 1 0 975
1724436273 1 110259 R 15.0 69 5 5254 976
1724856607 1 110286 R 9.0 72 3 1395 977
1724885312 1 110288 R 9.0 73 3 291 978
1725883314 1 110352 R 15.0 71 5 3742 979
1726558287 1 110395 R 7.0 74 2 0 980
1728619171 1 110527 R 6.0 74 2 1 981
1730257883 1 110632 R 18.0 70 6 4917 982
1731369683 1 110703 R 12.0 72 4 2382 983
1732570606 1 110780 R 12.0 73 4 1143 984
1734900614 1 110929 R 8.0 74 3 674 985
1734930459 1 110931 R 16.0 72 5 2405 986
1736165175 1 111010 R 2.0 74 1 0 987
1736728830 1 111046 R 5.0 73 2 1223 988
1736866238 1 111055 R 5.0 74 2 498 989
1737536695 1 111098 R 9.0 74 3 0 990
1738516113 1 111160 R 18.0 68 6 7789 991
1739071872 1 111196 R 3.0 74 1 0 992
1746106821 1 111646 R 17.0 69 6 6628 993
1746136813 1 111648 R 15.0 73 5 1891 994
1750674861 1 111939 R 5.0 75 2 0 995
1751669631 1 112002 R 6.0 75 2 365 996
1753635524 1 112128 R 17.0 70 6 6478 997
1756462474 1 112309 R 3.0 75 1 0 998
1758742807 1 112455 R 8.0 75 3 774 999
1758771795 1 112457 R 2.0 75 1 265 1000
1759585081 1 112509 R 4.0 75 1 0 1001
1759731823 1 112518 R 11.0 73 4 3229 1002
1759761894 1 112520 R 10.0 74 3 2111 1003
1761557415 1 112635 R 12.0 74 4 1816 1004
1765840346 1 112909 R 7.0 75 2 267 1005
1765870398 1 112911 R 14.0 71 5 5841 1006
1767016597 1 112984 R 15.0 72 5 5230 1007
1767608458 1 113022 R 13.0 73 4 2843 1008
1767638777 1 113024 R 13.0 74 4 2730 1009
1768634564 1 113088 R 3.0 76 1 0 1010
1771678703 1 113283 R 4.0 76 1 0 1011
1772013086 1 113304 R 17.0 71 6 6259 1012
1772042955 1 113306 R 9.0 75 3 1819 1013
1773375857 1 113391 R 10.0 75 3 1557 1014
1773541266 1 113402 R 6.0 76 2 1 1015
1776024770 1 113561 R 2.0 76 1 0 1016
1778809941 1 113739 R 13.0 75 4 1527 1017
1778839880 1 113741 R 17.0 74 6 2999 1018
1779143813 1 113761 R 5.0 76 2 0 1019
1782308480 1 113963 R 7.0 76 2 0 1020
1784362563 1 114095 R 5.0 77 2 0 1021
1785324114 1 114156 R 7.0 77 2 0 1022
1786041989 1 114202 R 17.0 72 6 6404 1023
1793076204 1 114652 R 17.0 68 6 11046 1024
1793106294 1 114654 R 10.0 76 3 1571 1025
1796180930 1 114851 R 2.0 77 1 0 1026
1797478829 1 114934 R 6.0 77 2 1 1027
1797788217 1 114954 R 4.0 77 1 0 1028
1797822078 1 114956 R 3.0 77 1 0 1029
1797930052 1 114963 R 17.0 75 6 3494 1030
1802281962 1 115241 R 11.0 74 4 4649 1031
1807231927 1 115558 R 17.0 73 6 5610 1032
1807261898 1 115560 R 15.0 74 5 4428 1033
1808422860 1 115634 R 10.0 77 3 1128 1034
1813450493 1 115956 R 9.0 76 3 2508 1035
1813480364 1 115958 R 9.0 77 3 1722 1036
1813839762 1 115981 R 7.0 78 2 0 1037
1818681446 1 116291 R 3.0 78 1 0 1038
1819663113 1 116354 R 4.0 78 1 0 1039
1819804851 1 116363 R 8.0 76 3 2961 1040
1820072557 1 116380 R 6.0 78 2 1 1041
1820331318 1 116397 R 5.0 78 2 0 1042
1822790392 1 116554 R 2.0 78 1 0 1043
1824810171 1 116683 R 11.0 75 4 5022 1044
1824840162 1 116685 R 19.0 73 6 6822 1045
1825540882 1 116730 R 9.0 78 3 949 1046
1828416252 1 116914 R 6.0 79 2 1 1047
1828652338 1 116929 R 7.0 79 2 0 1048
1832958872 1 117205 R 12.0 77 4 2889 1049
1835422929 1 117362 R 10.0 78 3 1776 1050
1836491345 1 117431 R 4.0 79 1 0 1051
1837050106 1 117467 R 5.0 79 2 0 1052
1838381216 1 117552 R 9.0 79 3 132 1053
1840356855 1 117678 R 15.0 75 5 5987 1054
1840386588 1 117680 R 8.0 77 3 3534 1055
1840427780 1 117683 R 12.0 78 4 2152 1056
1840618950 1 117695 R 3.0 79 1 0 1057
1841556033 1 117755 R 2.0 79 1 0 1058
1842625933 1 117823 R 12.0 75 4 5876 1059
1845038797 1 117978 R 19.0 74 6 7251 1060
1847063465 1 118107 R 12.0 76 4 4803 1061
1848915823 1 118226 R 3.0 80 1 0 1062
1849245541 1 118247 R 16.0 75 5 5556 1063
1851606880 1 118398 R 8.0 78 3 3051 1064
1851636754 1 118400 R 8.0 79 3 1482 1065
1853462165 1 118517 R 2.0 80 1 0 1066
1853650501 1 118529 R 6.0 80 2 1 1067
1854824247 1 118604 R 7.0 80 2 0 1068
1854852887 1 118606 R 4.0 80 1 1 1069
1854922814 1 118610 R 10.0 79 3 2003 1070
1856518850 1 118713 R 5.0 80 2 0 1071
1859302773 1 118891 R 12.0 79 4 1135 1072
1860969635 1 118997 R 11.0 77 4 4391 1073
1865319041 1 119276 R 9.0 80 3 290 1074
1866725584 1 119366 R 4.0 81 1 0 1075
1867558771 1 119419 R 7.0 81 2 185 1076
1867588570 1 119421 R 8.0 80 3 1232 1077
1868235098 1 119462 R 11.0 78 4 3052 1078
1870058050 1 119579 R 18.0 74 6 8265 1079
1875445351 1 119924 R 14.0 74 5 8668 1080
1879607491 1 120190 R 18.0 75 6 7795 1081
1879636672 1 120192 R 6.0 81 2 278 1082
1879666989 1 120194 R 12.0 80 4 1102 1083
1879706362 1 120197 R 5.0 81 2 0 1084
1880262883 1 120232 R 10.0 80 3 1422 1085
1880292914 1 120234 R 11.0 79 4 3478 1086
1882118513 1 120351 R 2.0 81 1 0 1087
1882617402 1 120383 R 13.0 76 4 6797 1088
1882650190 1 120385 R 3.0 81 1 0 1089
1886065690 1 120604 R 5.0 82 2 0 1090
1887889453 1 120720 R 15.0 77 5 5994 1091
1887918502 1 120722 R 9.0 81 3 375 1092
1888303714 1 120747 R 4.0 82 1 0 1093
1890402541 1 120881 R 6.0 82 2 0 1094
1892572073 1 121020 R 3.0 82 1 0 1095
1892646526 1 121025 R 12.0 81 4 1264 1096
1893591155 1 121085 R 13.0 77 4 6055 1097
1893621207 1 121087 R 13.0 78 4 5179 1098
1896152263 1 121249 R 7.0 82 2 0 1099
1897723807 1 121350 R 9.0 82 3 76 1100
1898286635 1 121386 R 15.0 78 5 5785 1101
1902009134 1 121624 R 2.0 82 1 0 1102
1903159438 1 121698 R 5.0 83 2 0 1103
1903204080 1 121700 R 11.0 80 4 3044 1104
1904431442 1 121779 R 3.0 83 1 0 1105
1910382625 1 122160 R 10.0 81 3 2052 1106
1910412580 1 122162 R 11.0 81 4 2208 1107
1912352893 1 122286 R 2.0 83 1 0 1108
1914366333 1 122415 R 4.0 83 1 0 1109
1915030006 1 122457 R 15.0 79 5 5643 1110
1915185736 1 122467 R 10.0 83 3 0 1111
1922991756 1 122967 R 12.0 82 4 2295 1112
1923021663 1 122969 R 11.0 83 4 1178 1113
1926446648 1 123188 R 2.0 84 1 0 1114
1928841476 1 123341 R 6.0 83 2 773 1115
1931632034 1 123520 R 4.0 84 1 0 1116
1934047866 1 123674 R 10.0 82 3 3025 1117
1939030299 1 123993 R 13.0 82 4 3407 1118
1939060622 1 123995 R 13.0 83 4 1334 1119
1939089880 1 123997 R 10.0 84 3 291 1120
1939947065 1 124052 R 3.0 84 1 0 1121
1940882494 1 124112 R 11.0 82 4 3515 1122
1940912207 1 124114 R 7.0 83 2 1490 1123
1941000719 1 124119 R 8.0 81 3 4057 1124
1945772986 1 124425 R 13.0 79 4 6589 1125
1948657259 1 124609 R 13.0 80 4 5545 1126
1950102152 1 124702 R 17.0 79 6 7829 1127
1952868368 1 124879 R 2.0 85 1 0 1128
1954244876 1 124967 R 12.0 83 4 2579 1129
1954365900 1 124975 R 7.0 84 2 852 1130
1954395583 1 124977 R 8.0 82 3 4090 1131
1954424410 1 124979 R 4.0 85 1 150 1132
1955492545 1 125047 R 14.0 80 5 6152 1133
1959248450 1 125287 R 6.0 84 2 1514 1134
1959277380 1 125289 R 6.0 85 2 510 1135
1960432210 1 125363 R 5.0 84 2 1367 1136
1960460344 1 125365 R 3.0 85 1 71 1137
1961053807 1 125403 R 5.0 85 2 741 1138
1961463865 1 125429 R 9.0 83 3 3299 1139
1964907204 1 125649 R 8.0 83 3 2782 1140
1966697062 1 125764 R 3.0 86 1 0 1141
1967438615 1 125811 R 12.0 84 4 1949 1142
1969354631 1 125934 R 15.0 80 5 8047 1143
1971055877 1 126043 R 2.0 86 1 0 1144
1971147980 1 126049 R 8.0 84 3 2942 1145
1971177692 1 126051 R 8.0 85 3 1730 1146
1971556489 1 126075 R 6.0 86 2 216 1147
1973641514 1 126208 R 14.0 81 5 6079 1148
1976801638 1 126411 R 15.0 81 5 7080 1149
1976831402 1 126413 R 9.0 84 3 2314 1150
1977831188 1 126477 R 5.0 86 2 0 1151
1979460086 1 126581 R 4.0 86 1 0 1152
1981313218 1 126699 R 14.0 82 5 5102 1153
1982751383 1 126791 R 7.0 85 2 1535 1154
1985557615 1 126971 R 9.0 85 3 2107 1155
1986882388 1 127056 R 14.0 83 5 5018 1156
1987204172 1 127076 R 10.0 85 3 1569 1157
1988546549 1 127162 R 7.0 86 2 752 1158
1990962140 1 127317 R 2.0 87 1 0 1159
1991660956 1 127362 R 9.0 86 3 1102 1160
1991689834 1 127364 R 9.0 87 3 537 1161
1992103327 1 127390 R 3.0 87 1 0 1162
1994401790 1 127537 R 14.0 84 5 3725 1163
1996918304 1 127698 R 7.0 87 2 0 1164
2000628200 1 127936 R 5.0 87 2 0 1165
2001338864 1 127981 R 18.0 81 6 8262 1166
2001367731 1 127983 R 6.0 87 2 629 1167
2002256925 1 128040 R 4.0 87 1 0 1168
2004025174 1 128153 R 3.0 88 1 0 1169
2006293202 1 128298 R 7.0 88 2 0 1170
2012241185 1 128679 R 4.0 88 1 0 1171
2013186616 1 128739 R 12.0 85 4 3614 1172
2017568402 1 129020 R 18.0 82 6 7814 1173
2018899785 1 129105 R 8.0 86 3 3283 1174
2020467574 1 129205 R 10.0 86 3 2875 1175
2020496619 1 129207 R 6.0 88 2 503 1176
2021337117 1 129261 R 2.0 88 1 0 1177
2028544720 1 129722 R 9.0 88 3 575 1178
2028573572 1 129724 R 3.0 89 1 327 1179
2028613267 1 129727 R 5.0 88 2 381 1180
2028643175 1 129728 R 18.0 83 6 6881 1181
2029711109 1 129797 R 8.0 87 3 1936 1182
2035446950 1 130164 R 5.0 89 2 183 1183
2035476848 1 130166 R 16.0 84 5 6300 1184
2035512017 1 130168 R 7.0 89 2 0 1185
2037508995 1 130296 R 2.0 89 1 0 1186
2037648760 1 130305 R 16.0 82 5 9789 1187
2040954309 1 130516 R 12.0 86 4 4358 1188
2041725689 1 130566 R 4.0 89 1 0 1189
2041822230 1 130572 R 6.0 89 2 179 1190
2043007902 1 130648 R 16.0 83 5 8680 1191
2048832115 1 131021 R 9.0 89 3 662 1192
2048862063 1 131023 R 12.0 87 4 3851 1193
2049996395 1 131095 R 7.0 90 2 0 1194
2050085896 1 131101 R 8.0 88 3 1943 1195
2053541282 1 131322 R 3.0 90 1 0 1196
2054378188 1 131376 R 5.0 90 2 0 1197
2055041137 1 131418 R 6.0 90 2 278 1198
2055898392 1 131473 R 8.0 89 3 1759 1199
2058397721 1 131633 R 4.0 90 1 0 1200
2059900516 1 131729 R 8.0 90 3 606 1201
2061790410 1 131850 R 2.0 90 1 0 1202
2061886023 1 131856 R 12.0 88 4 3060 1203
2067916319 1 132242 R 3.0 91 1 0 1204
2068340238 1 132269 R 7.0 91 2 0 1205
2068456598 1 132277 R 8.0 91 3 0 1206
2068927645 1 132307 R 16.0 81 5 12539 1207
2068957614 1 132309 R 10.0 87 3 4284 1208
2071774755 1 132489 R 2.0 91 1 0 1209
2074572559 1 132668 R 6.0 91 2 1 1210
2075636036 1 132736 R 12.0 89 4 3071 1211
2077600725 1 132862 R 4.0 91 1 0 1212
2080583181 1 133053 R 10.0 88 3 3755 1213
2085057666 1 133339 R 10.0 89 3 3280 1214
2085241725 1 133351 R 5.0 91 2 438 1215
2085602762 1 133374 R 2.0 92 1 0 1216
2089175344 1 133603 R 8.0 92 3 0 1217
2089901505 1 133649 R 16.0 86 5 7642 1218
2091226672 1 133734 R 9.0 90 3 2699 1219
2091563776 1 133755 R 10.0 90 3 2774 1220
2091739283 1 133767 R 11.0 89 4 3236 1221
2091772571 1 133769 R 4.0 92 1 0 1222
2091887185 1 133776 R 7.0 92 2 0 1223
2095010032 1 133976 R 6.0 92 2 1 1224
2095088277 1 133981 R 3.0 92 1 0 1225
2096660725 1 134082 R 13.0 89 4 3765 1226
2098613964 1 134207 R 9.0 91 3 1835 1227
2103730261 1 134534 R 13.0 90 4 3756 1228
2103760363 1 134536 R 11.0 90 4 2724 1229
2104182664 1 134563 R 16.0 87 5 6528 1230
2104211628 1 134565 R 5.0 92 2 518 1231
2109791100 1 134922 R 6.0 93 2 0 1232
2110539435 1 134970 R 11.0 91 4 2810 1233
2113871502 1 135183 R 7.0 93 2 0 1234
2114306890 1 135211 R 3.0 93 1 0 1235
2116054991 1 135323 R 16.0 90 5 4679 1236
2117134145 1 135392 R 2.0 93 1 0 1237
2120881965 1 135632 R 4.0 93 1 0 1238
2121445679 1 135668 R 10.0 91 3 3156 1239
2121636036 1 135680 R 11.0 92 4 1453 1240
2121665919 1 135682 R 16.0 88 5 7298 1241
2123215161 1 135781 R 7.0 94 2 0 1242
2123551263 1 135803 R 8.0 93 3 1122 1243
2125212271 1 135909 R 2.0 94 1 0 1244
2127651818 1 136065 R 10.0 92 3 2684 1245
2127681951 1 136067 R 10.0 93 3 1020 1246
2128667131 1 136130 R 13.0 88 4 7950 1247
2128696970 1 136132 R 5.0 93 2 1530 1248
2128725983 1 136134 R 3.0 94 1 121 1249
2130603600 1 136254 R 6.0 94 2 0 1250
2130898754 1 136273 R 16.0 91 5 4067 1251
2133147575 1 136417 R 4.0 94 1 0 1252
2135174961 1 136547 R 5.0 94 2 0 1253
2136448239 1 136628 R 9.0 92 3 2719 1254
2136477957 1 136630 R 9.0 93 3 1995 1255
2136570315 1 136636 R 9.0 94 3 0 1256
2136789221 1 136650 R 16.0 89 5 6384 1257
2142978736 1 137046 R 10.0 94 3 300 1258
2143648790 1 137089 R 12.0 90 4 5562 1259
2149366242 1 137455 R 4.0 95 1 0 1260
2149527005 1 137465 R 13.0 91 4 4679 1261
2153909468 1 137746 R 5.0 95 2 0 1262
2155202306 1 137828 R 12.0 93 4 3177 1263
2157509984 1 137976 R 18.0 88 6 8894 1264
2157539014 1 137978 R 6.0 95 2 707 1265
2157567085 1 137980 R 2.0 95 1 19 1266
2159119432 1 138079 R 3.0 95 1 0 1267
2160713864 1 138181 R 7.0 95 2 26 1268
2161875584 1 138255 R 12.0 94 4 1257 1269
2167436333 1 138611 R 8.0 94 3 1540 1270
2168871619 1 138703 R 9.0 95 3 835 1271
2168900519 1 138705 R 9.0 96 3 266 1272
2170694460 1 138820 R 4.0 96 1 0 1273
2172949527 1 138964 R 7.0 96 2 0 1274
2175212826 1 139109 R 12.0 91 4 6376 1275
2175241856 1 139111 R 2.0 96 1 102 1276
2178070602 1 139292 R 13.0 92 4 5458 1277
2180831464 1 139469 R 5.0 96 2 0 1278
2181416363 1 139506 R 3.0 96 1 0 1279
2184919464 1 139730 R 10.0 95 3 2381 1280
2184949536 1 139732 R 16.0 92 5 6387 1281
2185018815 1 139737 R 5.0 97 2 0 1282
2185381042 1 139760 R 12.0 95 4 2308 1283
2187280273 1 139881 R 12.0 92 4 6250 1284
2187310351 1 139883 R 6.0 96 2 1151 1285
2189494420 1 140023 R 6.0 97 2 1 1286
2189621538 1 140031 R 7.0 97 2 0 1287
2190428829 1 140083 R 4.0 97 1 0 1288
2191500995 1 140151 R 10.0 96 3 1797 1289
2195103818 1 140382 R 3.0 97 1 0 1290
2195977900 1 140438 R 2.0 97 1 0 1291
2197653492 1 140545 R 15.0 91 5 7365 1292
2197683561 1 140547 R 15.0 92 5 6994 1293
2198320175 1 140588 R 9.0 97 3 0 1294
2205552908 1 141051 R 12.0 96 4 1700 1295
2205664351 1 141058 R 8.0 95 3 3059 1296
2208206311 1 141221 R 5.0 98 2 0 1297
2209272452 1 141289 R 4.0 98 1 0 1298
2212294301 1 141482 R 13.0 93 4 6762 1299
2212324254 1 141484 R 13.0 94 4 4430 1300
2213168313 1 141538 R 7.0 98 2 0 1301
2216400672 1 141745 R 6.0 98 2 1 1302
2217993517 1 141847 R 2.0 98 1 0 1303
2218588193 1 141885 R 3.0 98 1 0 1304
2220985242 1 142038 R 16.0 93 5 6568 1305
2221020099 1 142041 R 16.0 94 5 5121 1306
2221049065 1 142043 R 9.0 98 3 364 1307
2221411718 1 142066 R 12.0 97 4 1300 1308
2222211884 1 142117 R 14.0 88 5 12750 1309
2224850604 1 142286 R 4.0 99 1 0 1310
2226869388 1 142415 R 6.0 99 2 1 1311
2227925091 1 142483 R 5.0 99 2 0 1312
2228700680 1 142532 R 12.0 98 4 1272 1313
2228730647 1 142534 R 15.0 95 5 5115 1314
2230449519 1 142644 R 7.0 99 2 0 1315
2230750923 1 142663 R 13.0 95 4 5136 1316
2236250730 1 143015 R 10.0 97 3 2263 1317
2238852910 1 143182 R 2.0 99 1 0 1318
2239025743 1 143193 R 3.0 99 1 0 1319
2242621996 1 143423 R 8.0 96 3 4639 1320
2242651789 1 143425 R 8.0 97 3 3191 1321
2245916007 1 143634 R 9.0 99 3 558 1322
2248790536 1 143818 R 2.0 100 1 0 1323
2250088236 1 143901 R 6.0 100 2 1 1324
2253668463 1 144130 R 7.0 100 2 391 1325
2253698523 1 144132 R 13.0 96 4 5182 1326
2253854489 1 144142 R 14.0 95 5 6702 1327
2254463358 1 144181 R 3.0 100 1 0 1328
2255929048 1 144275 R 4.0 100 1 0 1329
2257659662 1 144386 R 5.0 100 2 0 1330
2259635581 1 144512 R 12.0 99 4 1623 1331
2266308914 1 144939 R 7.0 101 2 219 1332
2266339005 1 144941 R 10.0 98 3 3146 1333
2266635215 1 144960 R 3.0 101 1 0 1334
2267010740 1 144984 R 9.0 100 3 1026 1335
2272600845 1 145342 R 4.0 101 1 0 1336
2273087492 1 145373 R 2.0 101 1 0 1337
2273825093 1 145420 R 8.0 98 3 3226 1338
2273855128 1 145422 R 11.0 95 4 7443 1339
2274557398 1 145467 R 14.0 96 5 6559 1340
2276503421 1 145592 R 5.0 101 2 0 1341
2279059737 1 145755 R 10.0 99 3 2880 1342
2279089914 1 145757 R 10.0 100 3 1634 1343
2281213662 1 145893 R 14.0 97 5 5351 1344
2282775881 1 145993 R 6.0 101 2 1 1345
2287822740 1 146316 R 3.0 102 1 0 1346
2292147806 1 146593 R 4.0 102 1 0 1347
2293058792 1 146651 R 7.0 102 2 510 1348
2293088865 1 146653 R 9.0 101 3 1207 1349
2295097174 1 146782 R 5.0 102 2 0 1350
2295807418 1 146827 R 14.0 98 5 4756 1351
2296244708 1 146855 R 6.0 102 2 1 1352
2298821879 1 147020 R 2.0 102 1 0 1353
2301653533 1 147201 R 11.0 96 4 7630 1354
2301683305 1 147203 R 8.0 99 3 3832 1355
2302891559 1 147280 R 10.0 101 3 1730 1356
2306463381 1 147509 R 6.0 103 2 1 1357
2308682113 1 147651 R 3.0 103 1 0 1358
2309001100 1 147671 R 10.0 102 3 1468 1359
2310788435 1 147786 R 4.0 103 1 0 1360
2311440917 1 147828 R 5.0 103 2 0 1361
2314152520 1 148001 R 7.0 103 2 215 1362
2314182519 1 148003 R 9.0 102 3 1628 1363
2315469323 1 148085 R 11.0 99 4 4719 1364
2316743737 1 148167 R 2.0 103 1 0 1365
2321245134 1 148455 R 12.0 100 4 3953 1366
2324696769 1 148676 R 2.0 104 1 0 1367
2327419400 1 148850 R 8.0 100 3 5213 1368
2327449395 1 148852 R 8.0 101 3 3557 1369
2328387273 1 148912 R 7.0 104 2 0 1370
2328729397 1 148934 R 9.0 103 3 1608 1371
2332228997 1 149158 R 3.0 104 1 0 1372
2335684865 1 149379 R 8.0 102 3 2266 1373
2335715021 1 149381 R 8.0 103 3 1478 1374
2336073039 1 149404 R 15.0 97 5 9188 1375
2337987792 1 149527 R 5.0 104 2 0 1376
2338897817 1 149585 R 4.0 104 1 0 1377
2341447790 1 149748 R 6.0 104 2 1 1378
2342966504 1 149845 R 10.0 103 3 2476 1379
2343557117 1 149883 R 3.0 105 1 0 1380
2348118753 1 150175 R 2.0 105 1 0 1381
2348440479 1 150196 R 11.0 101 4 4794 1382
2348726378 1 150214 R 13.0 99 4 6847 1383
2348756468 1 150216 R 9.0 104 3 1447 1384
2348784787 1 150218 R 4.0 105 1 90 1385
2353907451 1 150545 R 12.0 101 4 5023 1386
2353941435 1 150548 R 9.0 105 3 569 1387
2353971576 1 150549 R 13.0 100 4 6819 1388
2354731039 1 150598 R 7.0 105 2 0 1389
2356198239 1 150692 R 10.0 105 3 624 1390
2356228377 1 150694 R 12.0 103 4 3005 1391
2357463883 1 150773 R 10.0 104 4 1108 1392
2358956580 1 150869 R 5.0 105 2 0 1393
2359885301 1 150928 R 6.0 105 2 1 1394
2363620000 1 151167 R 12.0 102 4 4720 1395
2364516967 1 151224 R 12.0 104 4 1718 1396
2365101892 1 151262 R 8.0 104 3 1544 1397
2365194573 1 151268 R 4.0 106 1 0 1398
2371825638 1 151692 R 8.0 105 3 1025 1399
2371854773 1 151694 R 8.0 106 3 160 1400
2372433483 1 151731 R 11.0 102 4 5645 1401
2373457864 1 151797 R 14.0 103 5 4124 1402
2374315956 1 151852 R 5.0 106 2 0 1403
2374559147 1 151867 R 7.0 106 2 0 1404
2376666157 1 152002 R 11.0 103 4 4226 1405
2378536824 1 152122 R 9.0 106 3 73 1406
2379525001 1 152185 R 2.0 106 1 0 1407
2379560358 1 152187 R 6.0 106 2 507 1408
2380604095 1 152254 R 3.0 106 1 0 1409
2381047255 1 152282 R 10.0 106 3 947 1410
2385573408 1 152572 R 14.0 104 5 3160 1411
2386088359 1 152605 R 3.0 107 1 0 1412
2387537419 1 152698 R 12.0 105 4 1826 1413
2387900004 1 152721 R 2.0 107 1 0 1414
2388110660 1 152734 R 14.0 102 5 6249 1415
2392864048 1 153039 R 9.0 107 3 6 1416
2393193667 1 153060 R 12.0 106 4 1236 1417
2395095043 1 153181 R 13.0 103 4 5520 1418
2398519214 1 153401 R 8.0 107 3 0 1419
