248467595 1 15797 R 18.0 0 6 0 1
257219250 1 16357 R 16.0 0 5 169 2
260719288 1 16581 R 13.0 0 4 550 3
262719402 1 16710 R 6.0 0 2 0 4
269719118 1 17157 R 4.0 0 1 488 5
270219365 1 17189 R 10.0 0 3 632 6
273469376 1 17397 R 11.0 0 4 658 7
274469154 1 17461 R 9.0 0 3 446 8
280719372 1 17861 R 12.0 0 4 847 9
286469372 1 18229 R 5.0 0 2 417 10
287714203 1 18309 R 3.0 0 1 494 11
290469654 1 18486 R 6.0 1 2 0 12
299972604 1 19094 R 2.0 0 1 1285 13
306720207 1 19525 R 7.0 0 2 1730 14
307220439 1 19557 R 17.0 0 6 2788 15
307719316 1 19589 R 4.0 1 1 291 16
308720175 1 19653 R 5.0 1 2 1178 17
309220216 1 19685 R 8.0 0 3 2373 18
310220193 1 19749 R 7.0 1 2 1264 19
311721327 1 19846 R 3.0 1 1 350 20
314722469 1 20038 R 2.0 1 1 1524 21
317470440 1 20213 R 10.0 1 3 1505 22
317969609 1 20245 R 12.0 1 4 746 23
319469385 1 20341 R 9.0 1 3 337 24
327720428 1 20869 R 11.0 1 4 1557 25
328220428 1 20901 R 15.0 0 5 3892 26
329470426 1 20981 R 16.0 1 5 1470 27
336219309 1 21413 R 6.0 2 2 304 28
337719325 1 21509 R 7.0 2 2 685 29
344219689 1 21926 R 3.0 2 1 0 30
357470410 1 22773 R 16.0 2 5 1056 31
357969371 1 22805 R 4.0 2 1 710 32
358470436 1 22837 R 10.0 2 3 1164 33
360467645 1 22965 R 2.0 2 2 1 34
370717598 1 23621 R 7.0 3 2 0 35
385470214 1 24565 R 9.0 2 4 1995 36
386220439 1 24613 R 14.0 1 5 5853 37
409222690 1 26086 R 17.0 3 6 2295 38
410472466 1 26166 R 2.0 3 1 1416 39
418222141 1 26662 R 3.0 3 1 1892 40
425722374 1 27142 R 12.0 3 4 2903 41
426221251 1 27174 R 3.0 4 1 801 42
432972688 1 27606 R 14.0 3 5 3230 43
438485965 1 27958 R 10.0 3 3 3963 44
440150087 1 28065 R 2.0 4 1 0 45
441737170 1 28167 R 6.0 4 2 727 46
446243107 1 28455 R 2.0 5 1 0 47
446995823 1 28503 R 18.0 4 6 2504 48
452493409 1 28855 R 4.0 3 1 3476 49
452993483 1 28887 R 14.0 2 5 6475 50
453493268 1 28919 R 4.0 4 1 1793 51
455746053 1 29063 R 19.0 3 6 5145 52
457500263 1 29175 R 8.0 2 3 6892 53
463869522 1 29583 R 13.0 2 4 8168 54
465008784 1 29656 R 5.0 4 2 2310 55
468510328 1 29880 R 3.0 5 1 0 56
470273795 1 29993 R 16.0 3 5 5573 57
475768850 1 30345 R 7.0 4 2 2714 58
476518019 1 30393 R 7.0 5 2 495 59
477268491 1 30441 R 11.0 4 5 4502 60
478268974 1 30505 R 9.0 5 3 1922 61
483768137 1 30857 R 6.0 5 2 326 62
485273583 1 30953 R 4.0 5 1 591 63
485774401 1 30985 R 5.0 5 2 2243 64
486524424 1 31033 R 8.0 3 3 5581 65
488019207 1 31129 R 12.0 4 4 3764 66
493774409 1 31497 R 8.0 4 3 4845 67
496019205 1 31641 R 15.0 4 5 4691 68
500519209 1 31929 R 19.0 4 6 4980 69
504024402 1 32153 R 8.0 5 3 3208 70
504524393 1 32185 R 8.0 6 3 1104 71
507269187 1 32361 R 12.0 5 4 1792 72
509273558 1 32489 R 7.0 6 2 421 73
512273567 1 32681 R 5.0 6 2 471 74
514518139 1 32825 R 6.0 6 2 545 75
516268133 1 32937 R 2.0 6 1 441 76
520024627 1 33177 R 13.0 6 4 1925 77
521779529 1 33289 R 4.0 6 1 0 78
524516480 1 33465 R 2.0 7 1 0 79
532519201 1 33977 R 11.0 5 4 3724 80
533019196 1 34009 R 12.0 6 4 1706 81
538768145 1 34377 R 6.0 7 2 804 82
539769520 1 34441 R 7.0 7 2 975 83
546023574 1 34841 R 5.0 7 2 859 84
547775114 1 34953 R 9.0 6 3 1659 85
555024669 1 35417 R 18.0 6 6 4021 86
556019214 1 35481 R 13.0 4 6 9434 87
556519208 1 35513 R 15.0 5 7 6909 88
560519202 1 35769 R 10.0 5 5 6005 89
568524628 1 36281 R 13.0 7 4 2434 90
569266481 1 36329 R 2.0 8 1 0 91
574274401 1 36649 R 8.0 7 3 1855 92
575769213 1 36745 R 14.0 6 5 4786 93
589518841 1 37625 R 3.0 8 1 68 94
591268982 1 37737 R 9.0 7 3 2325 95
591769210 1 37769 R 17.0 5 6 7666 96
594016500 1 37913 R 6.0 8 2 1 97
599523587 1 38265 R 4.0 8 1 357 98
606273578 1 38697 R 7.0 8 2 707 99
606774619 1 38729 R 8.0 8 3 2669 100
608018743 1 38809 R 5.0 8 2 515 101
609268359 1 38889 R 2.0 9 1 201 102
615790117 1 39306 R 18.0 5 6 9345 103
623532587 1 39801 R 10.0 8 4 2450 104
624032592 1 39833 R 10.0 9 3 1188 105
625561461 1 39931 R 5.0 9 2 32 106
626029796 1 39961 R 4.0 9 1 0 107
626534991 1 39994 R 19.0 7 7 5999 108
638034977 1 40730 R 11.0 7 4 4755 109
645280007 1 41193 R 5.0 10 2 0 110
650785023 1 41546 R 12.0 8 4 5299 111
656783943 1 41930 R 6.0 9 2 828 112
658534768 1 42042 R 3.0 9 2 1265 113
659533276 1 42106 R 2.0 10 1 40 114
660532580 1 42169 R 14.0 8 5 5821 115
661032590 1 42201 R 18.0 8 6 5726 116
662031733 1 42265 R 4.0 10 1 103 117
666782399 1 42570 R 6.0 10 2 1 118
672034967 1 42906 R 14.0 7 7 7298 119
675532579 1 43129 R 7.0 10 2 1022 120
680869760 1 43471 R 13.0 9 4 4643 121
681532826 1 43513 R 10.0 10 3 1755 122
682782592 1 43593 R 17.0 9 6 4577 123
684785053 1 43722 R 3.0 10 3 1267 124
692547973 1 44218 R 6.0 11 2 7 125
696297928 1 44458 R 8.0 9 3 4004 126
696868761 1 44495 R 5.0 11 2 800 127
698297965 1 44586 R 9.0 9 3 3550 128
699050808 1 44635 R 19.0 10 6 3172 129
706048163 1 45082 R 14.0 9 5 5125 130
706548404 1 45114 R 10.0 11 3 1249 131
707046442 1 45146 R 4.0 11 1 86 132
709048198 1 45274 R 9.0 10 3 4081 133
710800803 1 45387 R 15.0 10 6 2533 134
715050178 1 45659 R 13.0 10 4 3084 135
718048020 1 45851 R 2.0 11 1 0 136
727800798 1 46475 R 12.0 10 4 3419 137
728300549 1 46507 R 8.0 11 3 1356 138
728800794 1 46539 R 18.0 10 6 4340 139
730798193 1 46666 R 9.0 11 3 1559 140
731297368 1 46698 R 7.0 11 2 675 141
733545509 1 46842 R 4.0 12 1 0 142
739548102 1 47226 R 7.0 12 2 1007 143
744798410 1 47562 R 11.0 11 4 2632 144
745298122 1 47594 R 5.0 12 2 1168 145
753048000 1 48091 R 2.0 12 1 0 146
754048142 1 48154 R 3.0 12 3 1687 147
760298383 1 48554 R 10.0 12 3 1890 148
765050765 1 48859 R 17.0 10 6 6007 149
766049720 1 48923 R 6.0 12 2 209 150
769549739 1 49147 R 8.0 12 3 413 151
771548813 1 49275 R 2.0 13 1 91 152
772050746 1 49307 R 13.0 11 4 3636 153
775795889 1 49546 R 5.0 13 2 0 154
778799655 1 49739 R 6.0 13 2 421 155
789048466 1 50394 R 15.0 12 5 1673 156
791050757 1 50523 R 12.0 11 4 6126 157
791550843 1 50555 R 16.0 12 5 3923 158
795548204 1 50810 R 9.0 13 3 1016 159
798050603 1 50971 R 9.0 12 3 2130 160
804798139 1 51402 R 7.0 13 2 2036 161
805297321 1 51434 R 4.0 13 1 242 162
806047972 1 51482 R 3.0 14 3 2 163
809048173 1 51674 R 8.0 13 3 1158 164
810548442 1 51770 R 11.0 12 4 2950 165
818618769 1 52287 R 7.0 14 2 713 166
821087143 1 52445 R 15.0 13 5 1022 167
823080560 1 52573 R 6.0 14 2 950 168
826085122 1 52765 R 4.0 14 1 42 169
831581536 1 53117 R 3.0 13 3 4086 170
832581395 1 53181 R 5.0 14 2 1744 171
838328920 1 53548 R 2.0 14 1 0 172
842831537 1 53837 R 8.0 14 3 2445 173
847836935 1 54157 R 9.0 14 3 2145 174
854094922 1 54557 R 18.0 14 6 3048 175
854860290 1 54606 R 12.0 12 4 6374 176
857610282 1 54782 R 13.0 12 4 6834 177
860611632 1 54975 R 3.0 15 3 302 178
862112818 1 55071 R 11.0 14 4 2136 179
866110456 1 55326 R 10.0 14 3 2939 180
867849103 1 55438 R 4.0 15 1 0 181
871361636 1 55663 R 6.0 15 2 932 182
872152217 1 55713 R 2.0 15 1 508 183
880359234 1 56238 R 7.0 15 2 808 184
884111645 1 56479 R 5.0 15 2 928 185
886612547 1 56639 R 8.0 15 3 1401 186
890611626 1 56895 R 8.0 16 3 360 187
893360425 1 57070 R 15.0 15 5 1712 188
894110437 1 57118 R 18.0 15 6 2487 189
896617979 1 57279 R 10.0 15 3 1088 190
898617291 1 57407 R 4.0 16 1 1 191
901120272 1 57567 R 13.0 15 4 1598 192
906238132 1 57895 R 3.0 16 1 0 193
911133457 1 58208 R 10.0 16 3 1368 194
913370129 1 58351 R 12.0 14 4 4945 195
916120227 1 58527 R 2.0 16 1 1406 196
918367475 1 58671 R 7.0 16 2 0 197
924153167 1 59041 R 9.0 15 3 4314 198
925667601 1 59138 R 6.0 16 2 161 199
932887729 1 59600 R 15.0 14 5 6315 200
934184301 1 59683 R 17.0 15 7 5725 201
934633619 1 59712 R 14.0 14 5 6247 202
936382757 1 59824 R 4.0 17 1 0 203
940635664 1 60096 R 12.0 15 4 4184 204
946133229 1 60448 R 2.0 17 1 0 205
955135654 1 61024 R 19.0 16 7 2555 206
955885641 1 61072 R 18.0 16 6 2353 207
957134885 1 61152 R 6.0 17 2 493 208
963885669 1 61584 R 13.0 16 4 3837 209
971135500 1 62048 R 13.0 17 4 2514 210
971635529 1 62080 R 19.0 15 9 7695 211
972134399 1 62112 R 4.0 18 1 360 212
974635288 1 62272 R 5.0 17 2 2947 213
980885381 1 62672 R 7.0 17 2 1635 214
982634901 1 62784 R 3.0 18 1 0 215
997135258 1 63712 R 7.0 18 2 1945 216
997635696 1 63744 R 11.0 17 4 2508 217
998633238 1 63808 R 6.0 18 2 0 218
1000635655 1 63936 R 10.0 17 3 4561 219
1006635359 1 64320 R 5.0 18 2 1223 220
1008382734 1 64432 R 4.0 19 1 0 221
1009385598 1 64496 R 15.0 17 5 4642 222
1014385461 1 64816 R 14.0 16 5 6974 223
1021384874 1 65264 R 3.0 19 1 0 224
1022385696 1 65328 R 2.0 18 1 1169 225
1030135423 1 65824 R 9.0 18 3 3333 226
1030885618 1 65872 R 12.0 17 4 5307 227
1032119360 1 65951 R 9.0 19 3 499 228
1035634626 1 66176 R 7.0 19 2 579 229
1038385433 1 66352 R 8.0 18 3 2393 230
1040885971 1 66512 R 12.0 18 4 2961 231
1041884265 1 66576 R 2.0 19 1 155 232
1046385400 1 66864 R 8.0 19 3 2586 233
1046884577 1 66896 R 5.0 19 2 332 234
1048385601 1 66992 R 16.0 17 5 6088 235
1061652215 1 67841 R 2.0 20 1 520 236
1062658800 1 67905 R 10.0 18 3 4870 237
1063158797 1 67937 R 14.0 18 5 5322 238
1067156085 1 68193 R 5.0 20 2 0 239
1069918628 1 68370 R 6.0 19 2 1854 240
1070418786 1 68402 R 11.0 19 4 1880 241
1075408799 1 68721 R 13.0 19 4 4410 242
1077156915 1 68833 R 4.0 20 1 97 243
1077660281 1 68866 R 11.0 20 4 894 244
1080160164 1 69026 R 6.0 20 2 970 245
1080661234 1 69058 R 12.0 19 4 4776 246
1083409769 1 69234 R 3.0 20 1 875 247
1087658814 1 69505 R 16.0 18 6 5896 248
1089411229 1 69618 R 10.0 19 3 3793 249
1092906086 1 69841 R 6.0 21 2 0 250
1095656784 1 70017 R 7.0 20 2 1689 251
1098408377 1 70194 R 2.0 21 1 0 252
1099908591 1 70289 R 8.0 20 3 1753 253
1101906360 1 70417 R 3.0 21 1 1044 254
1105158798 1 70625 R 15.0 20 5 1657 255
1106653639 1 70721 R 10.0 20 3 2572 256
1111158810 1 71009 R 10.0 21 3 1311 257
1111658575 1 71041 R 5.0 21 2 1085 258
1112661002 1 71106 R 9.0 20 3 2783 259
1114406091 1 71217 R 4.0 21 1 0 260
1119157972 1 71521 R 11.0 21 4 655 261
1120910179 1 71634 R 7.0 21 2 788 262
1121409344 1 71666 R 9.0 21 3 94 263
1126422436 1 71986 R 6.0 22 2 80 264
1126922428 1 72018 R 4.0 22 1 69 265
1129174318 1 72162 R 17.0 18 6 8345 266
1136916123 1 72658 R 2.0 22 1 0 267
1137924387 1 72722 R 12.0 20 4 4598 268
1138424324 1 72754 R 18.0 19 6 6870 269
1143667841 1 73090 R 9.0 22 3 578 270
1155415849 1 73842 R 3.0 22 1 0 271
1155924170 1 73874 R 5.0 22 2 1321 272
1162669073 1 74306 R 11.0 22 4 1390 273
1163418018 1 74354 R 7.0 22 2 531 274
1164174343 1 74402 R 17.0 20 7 5632 275
1164674138 1 74434 R 8.0 21 3 3845 276
1167421612 1 74610 R 6.0 23 2 0 277
1173668098 1 75010 R 11.0 23 4 364 278
1175869825 1 75151 R 8.0 22 3 2861 279
1178653617 1 75329 R 15.0 22 6 3066 280
1186424359 1 75826 R 15.0 21 5 5979 281
1187674445 1 75906 R 13.0 22 4 2658 282
1188174357 1 75938 R 13.0 21 4 5607 283
1188672471 1 75970 R 4.0 23 1 34 284
1190916140 1 76114 R 2.0 23 1 0 285
1192050606 1 76187 R 18.0 22 7 3968 286
1194439195 1 76340 R 3.0 23 1 0 287
1195447546 1 76404 R 14.0 21 5 5968 288
1197700024 1 76548 R 15.0 23 6 1412 289
1206950022 1 77140 R 16.0 23 5 1125 290
1207448982 1 77172 R 7.0 23 2 304 291
1208447447 1 77236 R 8.0 23 3 2692 292
1208947535 1 77268 R 19.0 20 7 8509 293
1210696621 1 77380 R 5.0 23 2 986 294
1212199880 1 77476 R 9.0 23 3 1388 295
1218198948 1 77860 R 9.0 24 3 517 296
1222947308 1 78164 R 2.0 24 1 0 297
1226700246 1 78404 R 18.0 20 10 9100 298
1230204654 1 78629 R 3.0 24 1 0 299
1232869653 1 78799 R 4.0 24 1 1117 300
1233463107 1 78837 R 13.0 23 4 3559 301
1235473300 1 78966 R 12.0 23 4 2944 302
1244470778 1 79541 R 10.0 22 3 5222 303
1249720556 1 79877 R 5.0 24 2 1315 304
1251970106 1 80022 R 3.0 25 1 0 305
1257973153 1 80406 R 11.0 24 4 3087 306
1263220692 1 80741 R 6.0 24 2 3097 307
1263970692 1 80789 R 8.0 24 3 3477 308
1272970789 1 81365 R 19.0 22 6 7134 309
1279653473 1 81793 R 16.0 24 5 4297 310
1280223168 1 81830 R 17.0 23 8 6287 311
1281470798 1 81909 R 10.0 23 3 5043 312
1282219707 1 81957 R 6.0 25 2 621 313
1282718870 1 81989 R 4.0 25 1 47 314
1286470781 1 82229 R 10.0 25 3 1188 315
1294472923 1 82742 R 7.0 25 2 1730 316
1294973156 1 82774 R 19.0 24 7 5522 317
1296972093 1 82902 R 2.0 25 1 883 318
1304470782 1 83381 R 17.0 22 8 9591 319
1305470766 1 83445 R 14.0 23 5 7900 320
1305979610 1 83478 R 3.0 26 1 0 321
1311472919 1 83830 R 9.0 25 3 2889 322
1316721778 1 84166 R 8.0 26 3 602 323
1318221857 1 84262 R 5.0 26 2 581 324
1318720550 1 84293 R 4.0 26 1 1555 325
1322970435 1 84566 R 2.0 26 1 0 326
1324470434 1 84662 R 2.0 27 1 0 327
1327470534 1 84853 R 6.0 26 2 1079 328
1327970535 1 84885 R 5.0 25 2 2881 329
1328470763 1 84917 R 18.0 24 6 5526 330
1329968574 1 85013 R 18.0 25 7 5292 331
1333472908 1 85238 R 13.0 25 4 3674 332
1337217388 1 85477 R 6.0 27 2 773 333
1340472922 1 85686 R 15.0 26 5 3462 334
1343970784 1 85909 R 18.0 23 7 9772 335
1345471822 1 86006 R 5.0 27 2 385 336
1347478138 1 86134 R 8.0 25 3 6149 337
1353970553 1 86549 R 9.0 26 3 2496 338
1358971828 1 86870 R 3.0 27 1 322 339
1360472426 1 86966 R 10.0 26 3 2950 340
1362482416 1 87094 R 8.0 27 3 1480 341
1363231895 1 87142 R 13.0 26 4 3515 342
1363986387 1 87190 R 18.0 26 8 4616 343
1364486379 1 87222 R 16.0 26 5 2568 344
1364984472 1 87254 R 4.0 27 1 43 345
1367482639 1 87414 R 19.0 26 6 3790 346
1369236155 1 87526 R 7.0 27 2 2182 347
1376743971 1 88007 R 11.0 27 4 1919 348
1380245453 1 88231 R 3.0 28 1 0 349
1381748261 1 88327 R 11.0 26 6 4821 350
1384516769 1 88505 R 2.0 28 1 0 351
1384759606 1 88520 R 12.0 26 4 5418 352
1385758450 1 88584 R 4.0 28 1 789 353
1386258546 1 88616 R 7.0 28 2 336 354
1389779038 1 88841 R 14.0 26 5 5245 355
1394509381 1 89144 R 9.0 27 3 1971 356
1401044411 1 89562 R 5.0 28 2 1509 357
1401294632 1 89578 R 13.0 27 4 2804 358
1404294379 1 89770 R 8.0 28 3 1124 359
1409548393 1 90106 R 16.0 27 5 3547 360
1410790067 1 90186 R 2.0 29 1 0 361
1412544617 1 90298 R 10.0 28 3 2055 362
1413542699 1 90362 R 3.0 29 1 47 363
1420544622 1 90810 R 14.0 27 5 5216 364
1423547329 1 91002 R 7.0 29 2 576 365
1425048411 1 91098 R 12.0 27 4 4886 366
1425619786 1 91135 R 6.0 28 2 2357 367
1426794626 1 91210 R 15.0 27 5 5840 368
1433294638 1 91626 R 13.0 28 4 2274 369
1433544634 1 91642 R 14.0 28 6 2838 370
1435043816 1 91738 R 12.0 29 4 712 371
1442795606 1 92234 R 6.0 29 2 0 372
1447982526 1 92566 R 18.0 28 8 4923 373
1449294614 1 92650 R 14.0 29 5 1609 374
1450294634 1 92714 R 19.0 27 9 7288 375
1450793502 1 92746 R 5.0 29 2 607 376
1451044425 1 92762 R 9.0 28 4 3186 377
1456540088 1 93114 R 2.0 30 1 0 378
1462798221 1 93514 R 4.0 29 1 1171 379
1468043494 1 93850 R 3.0 30 1 303 380
1469298151 1 93930 R 4.0 30 1 1377 381
1469798425 1 93962 R 17.0 28 7 5825 382
1470547342 1 94010 R 6.0 30 2 413 383
1475294420 1 94314 R 8.0 29 3 2314 384
1476044638 1 94362 R 10.0 29 3 2227 385
1479294619 1 94570 R 19.0 29 6 3285 386
1491047185 1 95322 R 6.0 31 2 411 387
1492794635 1 95434 R 15.0 28 5 6895 388
1497618791 1 95743 R 4.0 31 1 363 389
1498298423 1 95786 R 17.0 29 6 5672 390
1499548422 1 95866 R 16.0 29 5 4817 391
1505294395 1 96234 R 5.0 30 2 1424 392
1505544400 1 96250 R 8.0 30 3 3774 393
1507798129 1 96394 R 7.0 31 2 1170 394
1511410671 1 96626 R 16.0 28 6 7578 395
1511794617 1 96650 R 11.0 29 5 6899 396
1518044400 1 97050 R 8.0 31 3 1731 397
1518792698 1 97098 R 3.0 31 1 21 398
1519541835 1 97146 R 5.0 31 2 0 399
1523852364 1 97422 R 14.0 30 5 4628 400
1528546329 1 97722 R 10.0 30 3 3179 401
1531548407 1 97914 R 15.0 30 5 4039 402
1533232337 1 98022 R 10.0 31 3 2948 403
1539271152 1 98409 R 12.0 31 4 2440 404
1548294641 1 98986 R 16.0 30 7 5095 405
1548793491 1 99018 R 3.0 32 1 389 406
1549793492 1 99082 R 5.0 32 2 541 407
1553798431 1 99338 R 13.0 30 4 4582 408
1556305857 1 99499 R 2.0 32 1 0 409
1559060252 1 99675 R 16.0 31 6 2545 410
1560560239 1 99771 R 13.0 31 4 4213 411
1561060270 1 99803 R 19.0 31 7 2550 412
1562870047 1 99919 R 18.0 31 7 4563 413
1563556234 1 99963 R 18.0 30 7 5124 414
1564556829 1 100027 R 4.0 32 1 1235 415
1570556012 1 100411 R 7.0 32 2 773 416
1576806005 1 100811 R 7.0 33 2 771 417
1577307065 1 100843 R 19.0 30 7 7161 418
1589056684 1 101595 R 2.0 33 1 0 419
1590056569 1 101659 R 9.0 32 3 2933 420
1591056568 1 101723 R 9.0 31 3 6027 421
1591554907 1 101755 R 4.0 33 1 32 422
1603560756 1 102523 R 5.0 33 2 1469 423
1604145999 1 102561 R 18.0 32 6 4106 424
1604809948 1 102603 R 3.0 33 1 816 425
1609311039 1 102891 R 10.0 32 3 3172 426
1611311063 1 103019 R 12.0 32 4 3975 427
1611811049 1 103051 R 17.0 32 6 4846 428
1616563763 1 103355 R 6.0 32 2 3989 429
1620322363 1 103596 R 11.0 32 6 4193 430
1623823981 1 103820 R 2.0 34 1 531 431
1624332189 1 103853 R 5.0 34 2 49 432
1626584222 1 103997 R 13.0 32 4 4030 433
1631087748 1 104285 R 6.0 33 2 1818 434
1634834072 1 104525 R 10.0 33 3 2673 435
1638587647 1 104765 R 4.0 34 1 1862 436
1640136145 1 104864 R 12.0 33 4 3854 437
1646832931 1 105293 R 3.0 34 1 444 438
1649584072 1 105469 R 18.0 34 6 1947 439
1651334079 1 105581 R 14.0 33 5 3864 440
1655332657 1 105837 R 13.0 33 4 4927 441
1660837753 1 106189 R 6.0 34 2 2048 442
1662081254 1 106269 R 4.0 35 1 334 443
1664332361 1 106413 R 7.0 34 2 1629 444
1666579685 1 106557 R 7.0 35 2 0 445
1669579683 1 106749 R 2.0 35 1 0 446
1674583018 1 107069 R 3.0 35 1 321 447
1675084082 1 107101 R 18.0 33 6 5619 448
1677836833 1 107277 R 6.0 35 2 514 449
1680584081 1 107453 R 13.0 34 4 3539 450
1681084091 1 107485 R 15.0 33 5 5570 451
1687083992 1 107869 R 8.0 34 3 2924 452
1693583856 1 108285 R 5.0 35 2 1197 453
1694084000 1 108317 R 9.0 35 3 3049 454
1696082453 1 108445 R 17.0 33 7 6409 455
1697579685 1 108541 R 7.0 36 2 1 456
1701832606 1 108813 R 11.0 35 4 2246 457
1707833848 1 109197 R 5.0 36 2 1045 458
1710079685 1 109341 R 2.0 36 1 0 459
1711585185 1 109437 R 4.0 36 1 0 460
1712332623 1 109485 R 12.0 35 4 3632 461
1720582627 1 110013 R 15.0 35 5 3439 462
1721082243 1 110045 R 9.0 36 3 2096 463
1723082491 1 110173 R 14.0 35 5 3913 464
1723582395 1 110205 R 8.0 36 3 1202 465
1729619773 1 110591 R 6.0 36 2 535 466
1737084232 1 111069 R 10.0 35 3 4301 467
1738834091 1 111181 R 12.0 34 4 7214 468
1739333996 1 111213 R 3.0 36 1 1931 469
1744836794 1 111565 R 6.0 37 2 400 470
1749496395 1 111863 R 3.0 37 1 0 471
1751582668 1 111997 R 12.0 36 4 3758 472
1753333303 1 112109 R 16.0 33 6 10530 473
1753831422 1 112141 R 2.0 37 1 835 474
1758082627 1 112413 R 10.0 36 4 2436 475
1762078752 1 112668 R 4.0 37 2 0 476
1765083015 1 112861 R 5.0 37 2 405 477
1770832247 1 113229 R 9.0 37 3 2727 478
1778336761 1 113709 R 17.0 35 8 7538 479
1785332259 1 114157 R 7.0 37 2 2630 480
1785831419 1 114189 R 7.0 38 2 946 481
1787832504 1 114317 R 10.0 37 3 3628 482
1789834082 1 114445 R 13.0 36 4 5632 483
1793581371 1 114685 R 3.0 38 1 0 484
1794831415 1 114765 R 4.0 38 2 460 485
1795580592 1 114813 R 2.0 38 1 11 486
1802582462 1 115261 R 10.0 38 3 2106 487
1803834087 1 115341 R 13.0 35 4 9097 488
1805833993 1 115469 R 8.0 38 3 1073 489
1806083164 1 115485 R 5.0 38 2 439 490
1807581371 1 115581 R 6.0 39 2 0 491
1812832490 1 115917 R 15.0 36 5 7410 492
1819333023 1 116333 R 5.0 39 2 656 493
1819732218 1 116358 R 3.0 39 1 453 494
1825831656 1 116749 R 10.0 39 3 945 495
1826331426 1 116781 R 2.0 39 1 215 496
1834084219 1 117277 R 11.0 38 4 2882 497
1835081423 1 117341 R 7.0 39 2 996 498
1836579702 1 117437 R 4.0 39 2 0 499
1840832483 1 117709 R 16.0 36 5 8268 500
1842584227 1 117821 R 11.0 39 4 2369 501
1844200229 1 117924 R 18.0 37 6 5090 502
1847582251 1 118141 R 9.0 38 3 3626 503
1849082445 1 118237 R 9.0 39 3 2491 504
1856329690 1 118701 R 2.0 40 1 0 505
1862404184 1 119089 R 15.0 37 5 6619 506
1869334091 1 119533 R 16.0 38 5 5824 507
1869583998 1 119549 R 8.0 39 3 2094 508
1870582488 1 119613 R 12.0 37 4 6845 509
1871886627 1 119696 R 19.0 38 6 5672 510
1875833866 1 119949 R 5.0 40 2 1258 511
1876331383 1 119981 R 3.0 40 1 9 512
1877831654 1 120077 R 10.0 40 3 912 513
1882332494 1 120365 R 12.0 39 4 4696 514
1884084095 1 120477 R 16.0 39 5 4788 515
1887079686 1 120669 R 4.0 40 2 0 516
1889081427 1 120797 R 9.0 40 3 848 517
1895832259 1 121229 R 7.0 40 2 1092 518
1896831645 1 121293 R 10.0 41 3 513 519
1899831426 1 121485 R 4.0 41 2 409 520
1901332504 1 121581 R 13.0 40 4 3240 521
1903904199 1 121745 R 13.0 39 4 4571 522
1908084094 1 122013 R 18.0 38 6 7532 523
1908833997 1 122061 R 8.0 40 3 3444 524
1910832495 1 122189 R 14.0 38 5 7791 525
1913151398 1 122337 R 2.0 41 1 0 526
1915581425 1 122493 R 7.0 41 2 979 527
1921332496 1 122861 R 17.0 39 6 5707 528
1924833029 1 123085 R 6.0 41 2 626 529
1925833023 1 123149 R 3.0 41 1 197 530
1926582484 1 123197 R 18.0 39 6 5213 531
1930081372 1 123421 R 5.0 42 2 0 532
1931832198 1 123533 R 3.0 42 1 74 533
1936329690 1 123821 R 4.0 42 2 0 534
1937834003 1 123917 R 9.0 41 3 1832 535
1939079693 1 123997 R 2.0 42 1 0 536
1944332475 1 124333 R 15.0 40 5 5540 537
1949832240 1 124685 R 6.0 42 3 1012 538
1957832281 1 125197 R 8.0 41 3 2389 539
1961099483 1 125406 R 9.0 42 3 2055 540
1961599723 1 125438 R 11.0 41 4 3750 541
1967097677 1 125790 R 5.0 43 2 21 542
1970096480 1 125981 R 7.0 42 2 1866 543
1971843335 1 126093 R 4.0 43 2 0 544
1973098792 1 126174 R 10.0 43 3 319 545
1976096019 1 126366 R 6.0 43 3 0 546
1982370271 1 126767 R 2.0 43 1 77 547
1984620822 1 126911 R 7.0 43 2 1089 548
1987873052 1 127119 R 14.0 41 5 5795 549
1988622275 1 127167 R 3.0 43 1 726 550
1989373133 1 127215 R 17.0 40 7 7011 551
1999123912 1 127839 R 15.0 41 5 5998 552
2000621790 1 127935 R 14.0 42 5 4693 553
2001373167 1 127983 R 19.0 42 6 3974 554
2004122810 1 128159 R 9.0 43 3 1077 555
2005122606 1 128223 R 12.0 40 4 9712 556
2014621805 1 128831 R 5.0 44 2 547 557
2015371757 1 128879 R 3.0 44 1 148 558
2022622147 1 129343 R 10.0 44 3 346 559
2029622913 1 129791 R 8.0 43 3 3089 560
2037491051 1 130295 R 12.0 42 4 6210 561
2038638312 1 130368 R 7.0 44 2 1730 562
2040146154 1 130465 R 13.0 43 4 3550 563
2045646153 1 130817 R 14.0 43 5 2798 564
2049393525 1 131057 R 10.0 45 3 1 565
2051643293 1 131201 R 7.0 45 2 0 566
2060646158 1 131777 R 19.0 43 6 4687 567
2061395928 1 131825 R 8.0 44 3 1496 568
2062232214 1 131878 R 5.0 45 2 444 569
2068157414 1 132257 R 6.0 44 3 1882 570
2075233361 1 132710 R 12.0 43 4 5755 571
2075983348 1 132758 R 18.0 43 6 5934 572
2076646165 1 132801 R 16.0 43 5 4793 573
2077394947 1 132849 R 3.0 45 1 322 574
2080898978 1 133073 R 4.0 45 1 0 575
2082396838 1 133169 R 16.0 41 6 10992 576
2087645929 1 133505 R 9.0 44 3 3612 577
2088395928 1 133553 R 9.0 45 3 1716 578
2092646904 1 133825 R 13.0 44 4 4105 579
2094893013 1 133969 R 6.0 45 2 892 580
2100646171 1 134337 R 11.0 44 4 3837 581
2102895920 1 134481 R 8.0 45 3 1885 582
2105893301 1 134673 R 7.0 46 2 0 583
2107143301 1 134753 R 5.0 46 2 0 584
2108644125 1 134849 R 3.0 46 1 61 585
2110391452 1 134960 R 4.0 46 1 0 586
2114391451 1 135216 R 6.0 46 2 0 587
2119661664 1 135554 R 14.0 44 5 5763 588
2120410850 1 135602 R 10.0 46 3 801 589
2125411676 1 135922 R 19.0 44 7 7076 590
2133161641 1 136418 R 12.0 45 4 3226 591
2133911455 1 136466 R 8.0 46 3 1955 592
2134406914 1 136497 R 4.0 47 1 0 593
2142909218 1 137042 R 2.0 47 1 0 594
2146159298 1 137250 R 10.0 47 3 0 595
2147659898 1 137346 R 3.0 47 1 63 596
2153160714 1 137698 R 5.0 47 2 163 597
2161410882 1 138226 R 17.0 43 7 10101 598
2164156987 1 138401 R 6.0 47 2 0 599
2166411603 1 138546 R 9.0 46 3 3166 600
2168161813 1 138658 R 14.0 46 5 4100 601
2170661818 1 138818 R 14.0 47 5 2426 602
2179411780 1 139378 R 12.0 47 4 2264 603
2179911641 1 139410 R 16.0 45 5 8240 604
2183161641 1 139618 R 16.0 46 6 5308 605
2189910159 1 140050 R 2.0 48 1 303 606
2190656923 1 140097 R 4.0 48 1 0 607
2196911782 1 140498 R 11.0 47 5 3546 608
2197411563 1 140530 R 7.0 47 2 3965 609
2197911788 1 140562 R 15.0 47 6 4530 610
2200411423 1 140722 R 5.0 48 2 1279 611
2208661639 1 141250 R 12.0 48 4 2292 612
2209161633 1 141282 R 14.0 48 5 1747 613
2209910616 1 141330 R 3.0 48 1 365 614
2211161659 1 141410 R 11.0 46 4 7295 615
2217158586 1 141793 R 4.0 49 1 365 616
2218161559 1 141858 R 7.0 48 2 1181 617
2220411662 1 142002 R 17.0 46 7 7570 618
2222408932 1 142130 R 3.0 49 1 0 619
2223908506 1 142226 R 2.0 49 1 0 620
2225159372 1 142306 R 6.0 49 2 1242 621
2227661643 1 142466 R 12.0 46 5 7281 622
2229161458 1 142562 R 6.0 48 3 2154 623
2229661680 1 142594 R 11.0 48 4 2962 624
2232161652 1 142754 R 13.0 47 4 5080 625
2236661428 1 143042 R 8.0 49 3 1425 626
2239161360 1 143202 R 10.0 48 3 2796 627
2240908965 1 143314 R 7.0 49 2 0 628
2246907019 1 143697 R 18.0 48 6 4148 629
2249232111 1 143846 R 5.0 49 2 495 630
2249911925 1 143890 R 10.0 49 3 1746 631
2253655000 1 144129 R 9.0 50 3 1 632
2256161925 1 144290 R 16.0 48 5 4330 633
2257656950 1 144385 R 6.0 50 2 0 634
2262158928 1 144674 R 3.0 50 1 0 635
2264155893 1 144801 R 16.0 47 6 7370 636
2272406998 1 145329 R 4.0 50 1 0 637
2274659260 1 145474 R 2.0 50 1 0 638
2276911647 1 145618 R 19.0 47 7 7464 639
2277661691 1 145666 R 8.0 50 3 1475 640
2278410968 1 145714 R 10.0 50 3 593 641
2279657664 1 145793 R 12.0 49 4 3047 642
2288160863 1 146338 R 5.0 50 2 658 643
2289661647 1 146434 R 19.0 48 6 5918 644
2294161778 1 146722 R 12.0 50 4 2453 645
2297408931 1 146930 R 3.0 51 1 0 646
2298661654 1 147010 R 17.0 48 6 6191 647
2300411558 1 147122 R 7.0 50 2 1098 648
2304411639 1 147378 R 15.0 49 5 3741 649
2307911781 1 147602 R 11.0 50 4 2715 650
2309909215 1 147730 R 6.0 51 2 1 651
2320656956 1 148417 R 4.0 51 1 0 652
2322161778 1 148514 R 15.0 50 5 2985 653
2323159251 1 148578 R 2.0 51 1 0 654
2323911645 1 148626 R 18.0 49 6 6065 655
2324660816 1 148674 R 10.0 51 3 640 656
2327661684 1 148866 R 19.0 50 6 4870 657
2330410634 1 149042 R 5.0 51 2 871 658
2335911664 1 149394 R 16.0 49 5 6302 659
2338017606 1 149529 R 2.0 52 1 0 660
2341161674 1 149730 R 16.0 50 5 4733 661
2343911554 1 149906 R 8.0 51 3 1859 662
2347409242 1 150130 R 6.0 52 2 0 663
2355411561 1 150642 R 7.0 51 2 2798 664
2356160590 1 150690 R 3.0 52 1 517 665
2356908642 1 150738 R 4.0 52 1 526 666
2362911783 1 151122 R 11.0 51 4 4892 667
2364411450 1 151218 R 5.0 52 2 1244 668
2365411797 1 151282 R 12.0 51 4 3199 669
2371659217 1 151682 R 2.0 53 1 0 670
2383167051 1 152418 R 6.0 53 2 1 671
2388419506 1 152754 R 15.0 51 5 5185 672
2395450533 1 153204 R 11.0 52 4 3703 673
2398708201 1 153413 R 8.0 52 3 3099 674
