246967371 1 15701 R 9.0 0 3 0 1
266967595 1 16981 R 12.0 0 4 1 2
269221043 1 17126 R 6.0 0 2 414 3
269969449 1 17174 R 3.0 0 1 8 4
272969335 1 17365 R 11.0 0 4 622 5
273469111 1 17397 R 7.0 0 2 241 6
274467626 1 17461 R 16.0 0 5 1 7
275971426 1 17558 R 2.0 0 1 392 8
277469140 1 17653 R 5.0 0 2 487 9
283969372 1 18069 R 4.0 0 1 120 10
285220433 1 18149 R 17.0 0 6 1422 11
290467862 1 18485 R 10.0 0 3 0 12
292969064 1 18645 R 19.0 0 6 1582 13
293969614 1 18709 R 18.0 0 6 993 14
298720234 1 19013 R 8.0 0 3 1050 15
304469619 1 19382 R 6.0 1 2 0 16
307720568 1 19589 R 15.0 0 5 1376 17
308469300 1 19637 R 5.0 1 2 257 18
312469988 1 19894 R 2.0 1 1 0 19
313469565 1 19957 R 10.0 1 3 840 20
316461121 1 20149 R 3.0 1 1 0 21
321719562 1 20485 R 16.0 1 5 368 22
322219355 1 20517 R 4.0 1 1 421 23
327219588 1 20837 R 12.0 1 4 703 24
337970428 1 21525 R 13.0 0 4 2916 25
338470433 1 21557 R 11.0 1 4 2485 26
342470428 1 21813 R 14.0 0 5 3587 27
350470447 1 22325 R 14.0 1 5 3114 28
350970441 1 22357 R 13.0 1 4 2984 29
354220188 1 22565 R 9.0 1 3 1613 30
355721259 1 22662 R 3.0 2 1 367 31
362220424 1 23077 R 17.0 1 6 1969 32
362719309 1 23109 R 5.0 2 2 614 33
364219543 1 23205 R 18.0 2 6 582 34
365219656 1 23270 R 6.0 2 2 0 35
370970209 1 23637 R 9.0 2 3 1465 36
372470439 1 23733 R 18.0 1 6 3087 37
372970416 1 23765 R 17.0 2 6 1413 38
377721602 1 24070 R 13.0 2 4 932 39
378972435 1 24150 R 19.0 2 6 1567 40
380970449 1 24277 R 14.0 2 5 1597 41
384472471 1 24502 R 15.0 2 5 1821 42
386967641 1 24661 R 7.0 2 2 0 43
390217636 1 24869 R 4.0 2 1 0 44
393220203 1 25061 R 8.0 2 3 1282 45
398221705 1 25382 R 10.0 2 3 436 46
400470465 1 25525 R 16.0 2 5 1230 47
403219606 1 25702 R 6.0 3 2 1 48
407719308 1 25989 R 7.0 3 2 519 49
412471517 1 26294 R 14.0 3 5 474 50
413969354 1 26389 R 9.0 3 3 785 51
414640794 1 26432 R 12.0 2 4 1382 52
418967626 1 26709 R 5.0 3 2 0 53
419969928 1 26774 R 13.0 3 4 1 54
422719990 1 26950 R 2.0 3 1 0 55
424720425 1 27077 R 11.0 3 4 1326 56
425218552 1 27109 R 4.0 3 1 95 57
426721602 1 27206 R 10.0 3 3 378 58
439719378 1 28037 R 8.0 3 3 378 59
446469605 1 28469 R 19.0 3 6 736 60
447221506 1 28518 R 3.0 3 1 440 61
447971730 1 28566 R 16.0 3 5 881 62
448721764 1 28614 R 17.0 3 6 353 63
453219977 1 28902 R 2.0 4 1 0 64
454719609 1 28997 R 12.0 3 4 975 65
455219612 1 29029 R 15.0 3 5 736 66
458719912 1 29254 R 10.0 4 3 0 67
462469924 1 29494 R 11.0 4 5 2 68
468220432 1 29861 R 18.0 3 6 1422 69
470471356 1 30006 R 3.0 4 1 332 70
471221370 1 30054 R 9.0 4 4 282 71
473719375 1 30213 R 7.0 4 2 560 72
479219751 1 30566 R 6.0 4 2 0 73
480717741 1 30661 R 5.0 4 2 0 74
484217640 1 30885 R 4.0 4 1 0 75
490717646 1 31301 R 8.0 4 3 1 76
505967600 1 32277 R 7.0 5 2 0 77
512972527 1 32726 R 19.0 4 8 3214 78
513467600 1 32757 R 4.0 5 1 0 79
514222537 1 32806 R 13.0 4 4 2064 80
514972526 1 32854 R 16.0 4 5 1609 81
516219701 1 32934 R 3.0 5 1 0 82
517472554 1 33014 R 17.0 4 6 1693 83
518717611 1 33093 R 8.0 5 3 1 84
524720435 1 33477 R 18.0 4 7 3353 85
530969990 1 33878 R 2.0 5 1 0 86
531972240 1 33942 R 6.0 5 2 2165 87
532722251 1 33990 R 9.0 5 4 1964 88
536127194 1 34208 R 14.0 4 6 2799 89
548722739 1 35014 R 11.0 5 5 2644 90
555722518 1 35462 R 5.0 5 2 1440 91
556971352 1 35542 R 3.0 6 1 461 92
557721364 1 35590 R 6.0 6 2 368 93
559467603 1 35701 R 4.0 6 1 0 94
563472748 1 35958 R 13.0 5 5 3853 95
564722745 1 36038 R 17.0 5 8 2715 96
565222726 1 36070 R 10.0 5 4 2015 97
570968287 1 36437 R 7.0 6 2 799 98
579222744 1 36966 R 19.0 5 7 2859 99
580300314 1 37035 R 10.0 6 4 1835 100
581232503 1 37094 R 12.0 5 5 2654 101
584488591 1 37303 R 14.0 5 6 4932 102
587997986 1 37527 R 16.0 5 6 5008 103
590497907 1 37687 R 11.0 6 4 2513 104
593260654 1 37864 R 5.0 6 2 766 105
593761479 1 37896 R 8.0 6 3 1385 106
594760674 1 37960 R 2.0 6 1 279 107
598263493 1 38184 R 14.0 6 5 2518 108
601268829 1 38377 R 3.0 7 1 0 109
603520937 1 38521 R 12.0 6 5 3299 110
605616747 1 38655 R 4.0 7 1 0 111
606266710 1 38697 R 2.0 7 1 0 112
608516706 1 38841 R 5.0 7 2 0 113
610270960 1 38953 R 13.0 6 4 4066 114
614269901 1 39209 R 8.0 7 3 543 115
623269911 1 39785 R 7.0 7 2 994 116
624270726 1 39849 R 9.0 6 3 2588 117
630770960 1 40265 R 17.0 6 6 4368 118
635520961 1 40569 R 19.0 6 6 4909 119
635770127 1 40585 R 10.0 7 3 691 120
638768255 1 40777 R 6.0 7 2 0 121
643770101 1 41097 R 13.0 7 4 208 122
644020942 1 41113 R 14.0 7 6 2697 123
645768088 1 41225 R 3.0 8 1 0 124
650222495 1 41510 R 12.0 7 4 2585 125
654016703 1 41753 R 5.0 8 2 0 126
657768362 1 41993 R 8.0 8 3 487 127
663272140 1 42345 R 4.0 8 1 0 128
663520724 1 42361 R 9.0 7 4 4432 129
664020664 1 42393 R 19.0 7 6 3625 130
671024857 1 42841 R 18.0 6 8 7228 131
671773782 1 42889 R 6.0 8 2 320 132
672518360 1 42937 R 2.0 8 1 152 133
677770954 1 43273 R 15.0 7 5 4357 134
682774857 1 43593 R 10.0 8 3 2072 135
685520945 1 43769 R 18.0 7 7 5484 136
699019898 1 44633 R 7.0 8 2 653 137
699270939 1 44649 R 17.0 8 6 3215 138
699520951 1 44665 R 16.0 8 5 2079 139
701270750 1 44777 R 9.0 8 4 1118 140
704016707 1 44953 R 5.0 9 2 0 141
705016716 1 45017 R 2.0 9 1 0 142
706522153 1 45113 R 6.0 9 2 0 143
709274901 1 45289 R 18.0 8 6 3643 144
715024892 1 45657 R 15.0 8 5 3773 145
717769076 1 45833 R 7.0 9 2 16 146
722274996 1 46121 R 12.0 8 4 3000 147
729520960 1 46585 R 14.0 8 5 2773 148
731024840 1 46681 R 12.0 9 4 1281 149
736019199 1 47001 R 9.0 9 3 1813 150
740277676 1 47273 R 3.0 9 1 429 151
740531437 1 47289 R 4.0 9 1 380 152
740770965 1 47305 R 11.0 8 4 5398 153
741024875 1 47321 R 13.0 9 4 2578 154
744274893 1 47529 R 17.0 9 6 2600 155
745275018 1 47593 R 19.0 9 6 3099 156
753023934 1 48089 R 8.0 9 3 535 157
763021093 1 48729 R 11.0 9 4 2696 158
764520110 1 48825 R 7.0 10 2 271 159
772024997 1 49305 R 10.0 9 3 2934 160
773767170 1 49417 R 19.0 10 7 0 161
774772373 1 49481 R 4.0 10 1 0 162
779274853 1 49769 R 6.0 10 2 1267 163
780775002 1 49865 R 18.0 9 6 4894 164
783268472 1 50025 R 3.0 10 1 0 165
787525011 1 50297 R 16.0 9 5 3804 166
788268595 1 50345 R 5.0 10 2 884 167
788768827 1 50377 R 12.0 10 4 768 168
790518594 1 50489 R 9.0 10 3 822 169
791018611 1 50521 R 2.0 10 1 257 170
796268747 1 50857 R 8.0 10 3 392 171
803269781 1 51305 R 14.0 10 5 1269 172
804519782 1 51385 R 13.0 10 4 1262 173
806022257 1 51481 R 4.0 11 1 0 174
813769785 1 51977 R 10.0 10 3 4217 175
815269413 1 52073 R 8.0 11 3 1182 176
823271316 1 52585 R 16.0 10 5 2488 177
825766943 1 52745 R 2.0 11 1 0 178
833781513 1 53257 R 6.0 11 2 328 179
840282832 1 53673 R 18.0 11 7 1492 180
842032799 1 53785 R 13.0 11 4 2648 181
843282833 1 53865 R 15.0 10 5 3761 182
848531977 1 54201 R 11.0 11 5 978 183
851782806 1 54409 R 14.0 11 5 3043 184
855036834 1 54618 R 18.0 10 6 4178 185
856035775 1 54682 R 3.0 11 1 861 186
856535593 1 54714 R 3.0 12 1 722 187
860031753 1 54937 R 6.0 12 2 365 188
865035066 1 55258 R 5.0 11 2 3275 189
868282964 1 55465 R 19.0 11 7 3877 190
869032972 1 55513 R 17.0 11 6 2444 191
869785336 1 55562 R 12.0 11 4 4285 192
870785098 1 55626 R 9.0 11 3 2646 193
871782576 1 55689 R 9.0 12 3 1051 194
874531757 1 55865 R 8.0 12 3 330 195
879369866 1 56175 R 11.0 12 5 2173 196
880532965 1 56249 R 16.0 11 6 2812 197
883530237 1 56441 R 10.0 12 3 0 198
885780019 1 56585 R 7.0 12 2 0 199
889782564 1 56842 R 2.0 12 1 0 200
892532571 1 57018 R 5.0 12 2 0 201
898870025 1 57423 R 14.0 12 5 2564 202
899781915 1 57481 R 4.0 12 1 391 203
908530017 1 58041 R 4.0 13 1 0 204
916284151 1 58538 R 2.0 13 1 494 205
916785323 1 58570 R 18.0 12 6 2312 206
917285336 1 58602 R 12.0 12 4 3516 207
919282999 1 58729 R 13.0 12 4 3297 208
922285350 1 58922 R 17.0 12 6 3964 209
923034979 1 58970 R 6.0 13 2 1146 210
929785370 1 59402 R 16.0 12 5 4461 211
933281762 1 59625 R 7.0 13 2 337 212
938285361 1 59946 R 15.0 12 6 2944 213
938785247 1 59978 R 18.0 13 6 2309 214
942534083 1 60218 R 3.0 13 1 0 215
944280015 1 60329 R 7.0 14 2 0 216
947285285 1 60522 R 13.0 13 5 2678 217
949032971 1 60633 R 19.0 12 7 5606 218
962535282 1 61498 R 10.0 13 3 2087 219
963035349 1 61530 R 19.0 13 7 1839 220
964282954 1 61609 R 14.0 13 5 4373 221
965031748 1 61657 R 4.0 14 1 119 222
965782600 1 61705 R 8.0 13 3 1780 223
970535311 1 62010 R 17.0 13 7 4739 224
971035313 1 62042 R 16.0 13 5 1795 225
973799873 1 62219 R 9.0 14 4 864 226
976307340 1 62379 R 2.0 14 1 119 227
978322841 1 62508 R 6.0 14 2 556 228
982323947 1 62764 R 10.0 14 3 1226 229
991075686 1 63324 R 3.0 14 1 1029 230
991336123 1 63341 R 8.0 14 3 930 231
991836326 1 63373 R 13.0 14 4 400 232
997580680 1 63741 R 3.0 15 1 0 233
1008087143 1 64413 R 18.0 14 8 2911 234
1016586922 1 64957 R 5.0 14 2 1363 235
1017587139 1 65021 R 19.0 14 7 1617 236
1018085963 1 65053 R 7.0 15 2 792 237
1020833243 1 65229 R 15.0 13 6 5509 238
1024087167 1 65437 R 16.0 14 6 4473 239
1025331777 1 65517 R 15.0 14 7 4936 240
1026081390 1 65565 R 2.0 15 1 1710 241
1032501453 1 65975 R 5.0 15 2 1273 242
1034086830 1 66077 R 9.0 15 3 1200 243
1034586096 1 66109 R 4.0 15 1 272 244
1036587153 1 66237 R 10.0 15 3 1329 245
1044087144 1 66717 R 16.0 15 5 1624 246
1050836940 1 67149 R 8.0 15 3 2156 247
1051337165 1 67181 R 17.0 15 7 3489 248
1054087159 1 67357 R 18.0 15 7 3555 249
1057837154 1 67597 R 19.0 15 6 1670 250
1060336184 1 67757 R 12.0 16 4 808 251
1063330529 1 67949 R 6.0 16 2 1 252
1066086203 1 68125 R 11.0 16 4 752 253
1069831354 1 68365 R 3.0 16 1 53 254
1072335978 1 68525 R 7.0 16 2 977 255
1077087148 1 68829 R 12.0 15 4 2924 256
1089087174 1 69597 R 15.0 15 8 4385 257
1091828912 1 69772 R 2.0 16 1 0 258
1094586932 1 69949 R 8.0 16 3 1803 259
1095336113 1 69997 R 4.0 16 1 831 260
1095837169 1 70029 R 18.0 16 6 2154 261
1099330535 1 70253 R 3.0 17 1 0 262
1102086924 1 70429 R 5.0 16 2 1850 263
1108837162 1 70861 R 13.0 16 4 2438 264
1116586944 1 71357 R 9.0 16 3 4028 265
1117087024 1 71389 R 13.0 15 4 5610 266
1117835974 1 71437 R 5.0 17 2 380 267
1122328916 1 71724 R 6.0 17 2 1 268
1135836826 1 72589 R 9.0 17 3 2485 269
1136337048 1 72621 R 19.0 17 7 2072 270
1141830571 1 72973 R 2.0 17 1 731 271
1144086013 1 73117 R 4.0 17 1 813 272
1147087166 1 73309 R 19.0 16 6 4334 273
1155844930 1 73869 R 10.0 16 3 4284 274
1156860451 1 73934 R 10.0 17 3 1469 275
1162110449 1 74270 R 14.0 16 5 5682 276
1164369260 1 74415 R 2.0 18 1 463 277
1165634951 1 74496 R 6.0 18 2 244 278
1174885658 1 75088 R 17.0 16 7 5970 279
1175385659 1 75120 R 14.0 17 5 4158 280
1176376736 1 75183 R 4.0 18 1 249 281
1178132796 1 75296 R 7.0 18 2 0 282
1184385662 1 75696 R 12.0 17 4 2942 283
1184885281 1 75728 R 5.0 18 2 1141 284
1185384949 1 75760 R 3.0 18 1 0 285
1187135734 1 75872 R 8.0 17 3 4337 286
1191385668 1 76144 R 11.0 17 4 5956 287
1194885949 1 76368 R 15.0 17 6 4881 288
1201885708 1 76816 R 8.0 18 3 1332 289
1209134876 1 77280 R 8.0 19 3 337 290
1211134908 1 77408 R 3.0 19 1 0 291
1215885733 1 77712 R 9.0 18 3 3607 292
1224385477 1 78256 R 15.0 16 6 8623 293
1224884416 1 78288 R 7.0 19 2 208 294
1230385643 1 78640 R 10.0 18 3 3825 295
1237635789 1 79104 R 2.0 19 1 1202 296
1243385383 1 79472 R 5.0 19 2 2136 297
1248135651 1 79776 R 12.0 18 4 4153 298
1249134580 1 79840 R 4.0 19 1 798 299
1255135956 1 80224 R 16.0 18 5 5836 300
1256383752 1 80304 R 19.0 18 9 4289 301
1263636024 1 80768 R 18.0 18 6 5610 302
1264385738 1 80816 R 9.0 19 3 3689 303
1265135977 1 80864 R 17.0 18 7 5380 304
1265635752 1 80896 R 16.0 19 5 3774 305
1270636591 1 81216 R 7.0 20 2 401 306
1272385663 1 81328 R 10.0 19 3 3589 307
1272885659 1 81360 R 18.0 19 6 4299 308
1281135720 1 81888 R 2.0 20 1 1260 309
1281635726 1 81920 R 12.0 19 4 3001 310
1283878538 1 82064 R 3.0 20 1 0 311
1284380883 1 82096 R 4.0 20 1 0 312
1286885958 1 82256 R 15.0 19 6 5750 313
1287635780 1 82304 R 6.0 19 2 3129 314
1294153138 1 82721 R 6.0 20 2 3021 315
1294885706 1 82768 R 8.0 20 3 1332 316
1297134585 1 82912 R 5.0 20 2 922 317
1304885630 1 83408 R 12.0 20 4 3231 318
1305385650 1 83440 R 18.0 20 6 1584 319
1307382735 1 83568 R 4.0 21 1 0 320
1308885676 1 83664 R 15.0 20 7 3126 321
1311386589 1 83824 R 3.0 21 1 422 322
1322134863 1 84512 R 2.0 21 1 334 323
1323635312 1 84608 R 8.0 21 3 1299 324
1324135445 1 84640 R 9.0 20 3 3440 325
1331135669 1 85088 R 10.0 20 3 2645 326
1334383215 1 85296 R 6.0 21 2 0 327
1337635007 1 85504 R 7.0 21 2 0 328
1339635724 1 85632 R 19.0 20 7 3024 329
1340135618 1 85664 R 16.0 21 5 2148 330
1347135650 1 86112 R 13.0 21 4 2059 331
1352885657 1 86480 R 16.0 20 5 5731 332
1354635456 1 86592 R 5.0 21 2 1270 333
1355135479 1 86624 R 17.0 19 7 9539 334
1360152215 1 86945 R 2.0 22 1 486 335
1361383617 1 87024 R 13.0 20 6 6819 336
1362884902 1 87120 R 7.0 22 2 1 337
1366384425 1 87344 R 5.0 22 2 467 338
1367134880 1 87392 R 6.0 22 2 732 339
1369132801 1 87520 R 4.0 22 1 0 340
1372134955 1 87712 R 3.0 22 1 0 341
1375620269 1 87935 R 9.0 21 4 4434 342
1376135645 1 87968 R 10.0 21 3 3726 343
1377385398 1 88048 R 8.0 22 3 1898 344
1380133263 1 88224 R 9.0 22 3 1 345
1385635699 1 88576 R 17.0 21 8 4052 346
1387135978 1 88672 R 10.0 22 3 1010 347
1397636019 1 89344 R 15.0 21 7 3333 348
1398882757 1 89424 R 4.0 23 1 0 349
1406386078 1 89904 R 12.0 22 4 3728 350
1407634952 1 89984 R 7.0 23 2 671 351
1409135622 1 90080 R 19.0 21 7 5081 352
1410383228 1 90160 R 2.0 23 1 0 353
1416979664 1 90582 R 3.0 23 1 0 354
1417385372 1 90608 R 8.0 23 3 1291 355
1422134556 1 90912 R 5.0 23 2 219 356
1424131864 1 91040 R 10.0 23 3 1423 357
1424884927 1 91088 R 6.0 23 2 593 358
1428635990 1 91328 R 14.0 22 7 4602 359
1442633602 1 92224 R 12.0 23 4 2855 360
1443887804 1 92304 R 11.0 23 4 1446 361
1444387716 1 92336 R 19.0 22 7 5777 362
1450887759 1 92752 R 13.0 22 4 4553 363
1457886589 1 93200 R 7.0 24 2 608 364
1459882912 1 93328 R 5.0 24 2 0 365
1466137763 1 93728 R 18.0 22 7 5069 366
1466636888 1 93760 R 10.0 24 3 303 367
1470387815 1 94000 R 18.0 23 7 4335 368
1475882955 1 94352 R 4.0 24 1 0 369
1477384881 1 94448 R 6.0 24 2 442 370
1478134894 1 94496 R 2.0 24 1 156 371
1481380970 1 94704 R 17.0 23 6 4489 372
1481886628 1 94736 R 3.0 24 1 285 373
1487887764 1 95120 R 16.0 23 5 4533 374
1492632967 1 95424 R 8.0 24 3 0 375
1501137778 1 95968 R 14.0 23 6 4034 376
1501887522 1 96016 R 9.0 24 3 1357 377
1506134412 1 96288 R 5.0 25 2 560 378
1510382784 1 96560 R 4.0 25 1 0 379
1511387830 1 96624 R 16.0 24 5 2546 380
1518633230 1 97088 R 6.0 25 2 0 381
1524136591 1 97440 R 3.0 25 1 746 382
1524637726 1 97472 R 13.0 23 5 7138 383
1527887745 1 97680 R 12.0 24 4 2569 384
1535137430 1 98144 R 7.0 25 2 1540 385
1535645167 1 98177 R 10.0 25 3 2044 386
1537134912 1 98272 R 2.0 25 1 430 387
1541885631 1 98576 R 11.0 24 5 4191 388
1542882920 1 98640 R 13.0 25 5 673 389
1545136448 1 98784 R 14.0 24 7 6051 390
1549887771 1 99088 R 15.0 24 6 4653 391
1554883230 1 99408 R 2.0 26 1 0 392
1557635543 1 99584 R 8.0 25 3 1474 393
1558135694 1 99616 R 11.0 25 4 1528 394
1560402232 1 99761 R 6.0 26 2 239 395
1561634515 1 99840 R 5.0 26 2 732 396
1568136589 1 100256 R 16.0 25 6 2997 397
1575638393 1 100736 R 3.0 26 1 1066 398
1578121304 1 100895 R 12.0 25 4 3017 399
1585133415 1 101344 R 18.0 24 6 6212 400
1587383617 1 101488 R 4.0 26 1 0 401
1592136590 1 101792 R 9.0 25 4 3061 402
1594884334 1 101968 R 10.0 26 3 1 403
1597383590 1 102128 R 5.0 27 2 0 404
1602385677 1 102448 R 2.0 27 1 292 405
1603136817 1 102496 R 15.0 26 6 2040 406
1607386591 1 102768 R 9.0 26 3 1148 407
1610404198 1 102961 R 18.0 25 9 4706 408
1612386839 1 103088 R 14.0 26 5 1237 409
1615136307 1 103264 R 8.0 26 3 2641 410
1620383593 1 103600 R 4.0 27 1 0 411
1621636909 1 103680 R 14.0 27 5 1345 412
1627136859 1 104032 R 17.0 26 6 3475 413
1634136467 1 104480 R 12.0 26 4 4915 414
1638383719 1 104752 R 3.0 27 2 0 415
1642153992 1 104993 R 6.0 27 2 1173 416
1642653997 1 105025 R 9.0 27 3 1745 417
1645401742 1 105201 R 19.0 25 7 6787 418
1647911232 1 105362 R 10.0 27 4 783 419
1661159561 1 106210 R 15.0 25 9 8373 420
1661659325 1 106242 R 8.0 27 3 1931 421
1663662057 1 106370 R 15.0 27 5 3384 422
1669912061 1 106770 R 19.0 27 7 4219 423
1673159335 1 106978 R 8.0 28 3 1585 424
1679158797 1 107361 R 12.0 28 4 351 425
1680912064 1 107474 R 13.0 27 4 3537 426
1683156913 1 107617 R 4.0 28 1 0 427
1685409701 1 107762 R 16.0 27 7 5340 428
1692156916 1 108193 R 5.0 28 2 0 429
1705169529 1 109026 R 7.0 28 3 1877 430
1706169539 1 109090 R 9.0 28 3 2431 431
1706668834 1 109122 R 2.0 28 1 975 432
1711419669 1 109426 R 6.0 28 2 1323 433
1714419889 1 109618 R 10.0 28 4 2108 434
1716419753 1 109746 R 11.0 29 4 1345 435
1719916965 1 109970 R 2.0 29 1 0 436
1722424965 1 110131 R 3.0 28 2 1816 437
1728175189 1 110499 R 18.0 27 8 6253 438
1728675220 1 110531 R 18.0 28 8 5071 439
1729674105 1 110594 R 4.0 29 1 367 440
1732419529 1 110770 R 9.0 29 3 2064 441
1737919919 1 111122 R 17.0 28 6 3175 442
1746419910 1 111666 R 16.0 28 5 4895 443
1748419762 1 111794 R 13.0 29 4 1995 444
1754424959 1 112179 R 7.0 29 3 2185 445
1762919889 1 112722 R 15.0 28 5 4865 446
1766425186 1 112947 R 13.0 28 5 5394 447
1767669229 1 113026 R 3.0 29 1 1940 448
1768419254 1 113074 R 8.0 29 3 3583 449
1771169674 1 113250 R 5.0 29 2 3013 450
1771669660 1 113282 R 6.0 29 2 1904 451
1772168631 1 113314 R 2.0 30 1 429 452
1774166747 1 113442 R 10.0 30 3 2 453
1779919757 1 113810 R 19.0 28 7 6862 454
1780418630 1 113842 R 6.0 30 2 699 455
1782916527 1 114002 R 3.0 30 1 0 456
1786919540 1 114258 R 5.0 30 2 1104 457
1788669903 1 114370 R 17.0 29 6 5221 458
1792672506 1 114626 R 4.0 30 1 0 459
1794733111 1 114758 R 7.0 30 2 1120 460
1796435108 1 114867 R 16.0 29 5 6360 461
1797180176 1 114915 R 4.0 31 1 0 462
1801937910 1 115219 R 6.0 31 2 282 463
1802450938 1 115252 R 18.0 29 7 5399 464
1802950983 1 115284 R 17.0 30 6 3470 465
1805733358 1 115462 R 12.0 30 4 1283 466
1806950690 1 115540 R 11.0 30 4 3804 467
1807957997 1 115605 R 8.0 30 3 1163 468
1812458141 1 115893 R 5.0 31 2 1033 469
1821708220 1 116485 R 15.0 30 6 3301 470
1822707075 1 116549 R 7.0 31 2 733 471
1823708220 1 116613 R 10.0 31 3 1324 472
1832208222 1 117157 R 11.0 31 4 1328 473
1839208516 1 117605 R 13.0 30 4 4239 474
1840458367 1 117685 R 13.0 31 4 1933 475
1841957319 1 117781 R 2.0 31 1 772 476
1843958282 1 117909 R 9.0 31 3 1044 477
1845955664 1 118037 R 2.0 32 1 0 478
1846958232 1 118101 R 14.0 30 7 5275 479
1847708234 1 118149 R 19.0 30 8 4463 480
1850705664 1 118341 R 6.0 32 2 1 481
1854458001 1 118581 R 8.0 31 3 1538 482
1855707177 1 118661 R 3.0 31 1 914 483
1859457321 1 118901 R 5.0 32 2 552 484
1863211154 1 119141 R 4.0 32 1 0 485
1866973711 1 119382 R 18.0 30 9 4869 486
1868223718 1 119462 R 14.0 31 5 4156 487
1868973713 1 119510 R 12.0 31 4 2487 488
1876972654 1 120022 R 7.0 32 2 703 489
1878473718 1 120118 R 15.0 31 5 3509 490
1886222658 1 120614 R 8.0 32 3 708 491
1887723719 1 120710 R 12.0 32 4 2371 492
1888971006 1 120790 R 3.0 32 1 0 493
1894223714 1 121126 R 17.0 32 7 1556 494
1904232563 1 121766 R 10.0 32 3 967 495
1906723339 1 121926 R 14.0 32 5 1955 496
1910481652 1 122166 R 9.0 32 3 1101 497
1910980678 1 122198 R 6.0 33 2 128 498
1913483507 1 122358 R 17.0 31 7 6259 499
1918730673 1 122694 R 5.0 33 2 423 500
1924480672 1 123062 R 9.0 33 3 306 501
1926478940 1 123190 R 2.0 33 1 0 502
1928730846 1 123334 R 13.0 33 4 452 503
1937984484 1 123926 R 4.0 33 1 0 504
1938981727 1 123990 R 10.0 33 3 1797 505
1945247139 1 124391 R 7.0 33 2 1701 506
1951748978 1 124807 R 8.0 33 3 3151 507
1952248982 1 124839 R 3.0 33 1 1122 508
1953497361 1 124919 R 18.0 32 6 4493 509
1954497391 1 124983 R 14.0 33 5 1595 510
1955996182 1 125079 R 2.0 34 1 250 511
1959498148 1 125303 R 3.0 34 1 481 512
1962247277 1 125479 R 16.0 32 5 4628 513
1966994699 1 125783 R 13.0 34 4 1 514
1967994569 1 125847 R 5.0 34 2 0 515
1974243758 1 126247 R 4.0 34 1 768 516
1978496320 1 126519 R 9.0 34 3 608 517
1978996472 1 126551 R 10.0 34 3 384 518
1981762937 1 126728 R 12.0 33 4 2412 519
1983769643 1 126857 R 16.0 34 5 721 520
1985269410 1 126953 R 6.0 34 2 641 521
1989770472 1 127241 R 11.0 33 6 2959 522
1995769425 1 127625 R 7.0 34 2 311 523
2008520221 1 128441 R 8.0 34 3 1474 524
2009020443 1 128473 R 14.0 34 5 2447 525
2012019302 1 128665 R 3.0 35 1 0 526
2016520459 1 128953 R 15.0 34 5 1566 527
2017020442 1 128985 R 19.0 34 8 1997 528
2018019375 1 129049 R 2.0 35 1 429 529
2021520451 1 129273 R 15.0 33 5 5337 530
2030021803 1 129817 R 6.0 35 3 1956 531
2031032646 1 129881 R 4.0 35 1 464 532
2036036056 1 130202 R 13.0 35 4 2108 533
2036537692 1 130234 R 10.0 35 3 1064 534
2037044391 1 130266 R 8.0 35 3 176 535
2037793529 1 130314 R 9.0 35 3 2025 536
2039543773 1 130426 R 17.0 34 7 3139 537
2040042698 1 130458 R 5.0 35 2 317 538
2042293773 1 130602 R 16.0 35 5 1571 539
2047793773 1 130954 R 18.0 34 8 3925 540
2056117949 1 131487 R 4.0 36 1 0 541
2056543773 1 131514 R 17.0 35 6 2335 542
2057543528 1 131578 R 7.0 35 2 1229 543
2058541044 1 131642 R 2.0 36 1 0 544
2063654337 1 131969 R 11.0 35 4 2084 545
2065904335 1 132113 R 14.0 35 5 2699 546
2071543986 1 132474 R 18.0 35 6 2618 547
2075542698 1 132730 R 3.0 36 1 0 548
2077543518 1 132858 R 6.0 36 2 1038 549
2084542699 1 133306 R 5.0 36 2 256 550
2085543775 1 133370 R 19.0 35 6 4129 551
2093793775 1 133898 R 10.0 36 3 2340 552
2097542698 1 134138 R 3.0 37 1 0 553
2102293775 1 134442 R 15.0 35 6 5281 554
2110309257 1 134955 R 11.0 36 4 4070 555
2116809118 1 135371 R 7.0 36 2 1653 556
2124059399 1 135835 R 16.0 36 5 3878 557
2126308502 1 135979 R 2.0 37 1 0 558
2131056384 1 136283 R 6.0 37 2 1 559
2132309396 1 136363 R 12.0 36 4 2622 560
2132809113 1 136395 R 10.0 37 3 1860 561
2136404286 1 136625 R 18.0 36 6 4072 562
2137574879 1 136700 R 17.0 37 6 2306 563
2140819798 1 136908 R 4.0 37 1 0 564
2146573806 1 137276 R 5.0 37 2 370 565
2149824090 1 137484 R 12.0 37 4 928 566
2158324597 1 138028 R 7.0 37 2 1282 567
2164824881 1 138444 R 15.0 37 5 1580 568
2177074879 1 139228 R 18.0 37 6 4275 569
2183824548 1 139660 R 8.0 38 3 1606 570
2184323661 1 139692 R 2.0 38 1 915 571
2186815893 1 139852 R 3.0 38 1 0 572
2188074880 1 139932 R 14.0 37 5 5308 573
2190074739 1 140060 R 12.0 38 4 2204 574
2197071326 1 140508 R 4.0 38 1 439 575
2199074882 1 140636 R 14.0 38 5 3242 576
2199653209 1 140673 R 7.0 38 2 480 577
2200323807 1 140716 R 5.0 38 2 752 578
2201072001 1 140764 R 5.0 39 2 0 579
2207324882 1 141164 R 15.0 38 5 2349 580
2208824882 1 141260 R 10.0 38 3 2375 581
2213571311 1 141564 R 4.0 39 1 365 582
2214824739 1 141644 R 13.0 36 4 7865 583
2215574617 1 141692 R 6.0 38 3 1981 584
2226153158 1 142369 R 2.0 39 1 519 585
2226824881 1 142412 R 18.0 38 7 2636 586
2232074739 1 142748 R 10.0 39 3 2068 587
2242324596 1 143404 R 6.0 39 2 1286 588
2242824881 1 143436 R 15.0 39 7 2012 589
2243324882 1 143468 R 19.0 38 6 3439 590
2245075024 1 143580 R 19.0 37 8 7705 591
2249329691 1 143853 R 2.0 40 1 0 592
2252583170 1 144061 R 3.0 39 1 555 593
2252834092 1 144077 R 13.0 37 4 9352 594
2254332639 1 144173 R 13.0 38 4 6030 595
2259836646 1 144525 R 3.0 40 1 370 596
2260835154 1 144589 R 4.0 40 1 0 597
2262584221 1 144701 R 17.0 39 7 1223 598
2263583025 1 144765 R 8.0 40 3 375 599
2264829687 1 144845 R 5.0 40 2 0 600
2265832240 1 144909 R 6.0 40 2 1300 601
2269583394 1 145149 R 13.0 40 4 351 602
2276832250 1 145613 R 8.0 39 3 4035 603
2277832471 1 145677 R 13.0 39 4 3289 604
2285831566 1 146189 R 9.0 40 3 695 605
2286333397 1 146221 R 16.0 40 5 474 606
2294083173 1 146717 R 7.0 40 2 694 607
2294334224 1 146733 R 11.0 40 4 2283 608
2294584085 1 146749 R 16.0 38 5 6610 609
2295332959 1 146797 R 3.0 41 1 0 610
2299329693 1 147053 R 2.0 41 1 0 611
2302834222 1 147277 R 17.0 40 6 1396 612
2311334105 1 147821 R 12.0 39 4 6340 613
2311584232 1 147837 R 19.0 40 6 4121 614
2312334085 1 147885 R 19.0 39 8 5486 615
2319081438 1 148317 R 5.0 41 2 793 616
2319582688 1 148349 R 18.0 40 7 3732 617
2320082272 1 148381 R 8.0 41 3 1269 618
2326834224 1 148813 R 10.0 40 3 2345 619
2327084081 1 148829 R 10.0 41 3 1517 620
2328082626 1 148893 R 15.0 40 5 2931 621
2333333034 1 149229 R 7.0 41 2 599 622
2337832522 1 149517 R 12.0 40 4 5055 623
2340331745 1 149677 R 11.0 41 4 1 624
2345084223 1 149981 R 17.0 41 6 1802 625
2348336947 1 150189 R 4.0 41 1 353 626
2358084240 1 150813 R 14.0 41 5 3169 627
2358333181 1 150829 R 9.0 41 3 911 628
2361579702 1 151037 R 5.0 42 2 0 629
2370835156 1 151629 R 4.0 42 1 0 630
2371083040 1 151645 R 7.0 42 2 732 631
2374582427 1 151869 R 6.0 41 2 3378 632
2379583868 1 152189 R 3.0 42 1 1191 633
2379834240 1 152205 R 19.0 41 7 5026 634
2380834233 1 152269 R 16.0 41 5 4267 635
2390829701 1 152909 R 2.0 42 1 0 636
2396584248 1 153277 R 13.0 42 4 3137 637
