246467595 1 15669 R 14.0 0 5 0 1
249722547 1 15878 R 3.0 0 1 0 2
255219055 1 16229 R 5.0 0 2 337 3
255719069 1 16261 R 4.0 0 1 232 4
258719364 1 16454 R 3.0 1 1 0 5
261971062 1 16662 R 6.0 0 2 536 6
263469406 1 16758 R 6.0 1 2 0 7
265219363 1 16870 R 6.0 2 2 0 8
266969364 1 16982 R 3.0 2 1 0 9
267969308 1 17045 R 4.0 1 1 472 10
268720196 1 17093 R 9.0 0 3 1362 11
269468470 1 17141 R 4.0 2 1 97 12
270472489 1 17206 R 2.0 0 1 1314 13
270971648 1 17238 R 2.0 1 1 778 14
271471643 1 17270 R 2.0 2 1 273 15
273470419 1 17397 R 12.0 0 4 1645 16
274219602 1 17446 R 3.0 3 1 0 17
274516314 1 17465 R 2.0 3 1 0 18
275485936 1 17526 R 11.0 0 4 1383 19
278979327 1 17750 R 6.0 3 2 0 20
281735677 1 17926 R 8.0 1 3 1486 21
282235681 1 17958 R 5.0 1 2 1262 22
283483107 1 18038 R 4.0 3 1 0 23
284729322 1 18118 R 3.0 4 1 0 24
286735698 1 18246 R 7.0 0 2 2384 25
289266312 1 18409 R 2.0 4 1 0 26
291983856 1 18582 R 4.0 4 1 0 27
293229330 1 18662 R 6.0 4 2 0 28
302229324 1 19238 R 6.0 5 2 0 29
304485688 1 19382 R 7.0 1 2 2939 30
304984825 1 19414 R 4.0 5 1 609 31
305485626 1 19446 R 5.0 2 2 2052 32
306731066 1 19526 R 3.0 5 1 226 33
306987212 1 19543 R 2.0 5 1 508 34
307497674 1 19575 R 12.0 1 4 3355 35
308993417 1 19671 R 7.0 2 2 2699 36
313337692 1 19949 R 2.0 6 1 288 37
314247617 1 20007 R 16.0 0 5 3867 38
314496529 1 20023 R 3.0 6 1 139 39
315993279 1 20119 R 7.0 3 2 2302 40
317493108 1 20215 R 2.0 7 1 0 41
318496528 1 20279 R 6.0 6 2 381 42
323993110 1 20631 R 2.0 8 1 0 43
325996528 1 20759 R 3.0 7 1 192 44
327497416 1 20855 R 9.0 1 3 4255 45
331493271 1 21111 R 4.0 6 1 1206 46
335247418 1 21351 R 9.0 2 3 4184 47
335496527 1 21367 R 6.0 7 2 798 48
335746527 1 21383 R 3.0 8 1 263 49
337243263 1 21479 R 4.0 7 1 1321 50
339993115 1 21655 R 2.0 9 1 0 51
343243261 1 21863 R 7.0 4 2 3487 52
344758940 1 21960 R 4.0 8 1 1035 53
345258098 1 21992 R 4.0 9 1 212 54
350012011 1 22296 R 3.0 9 1 392 55
350270507 1 22313 R 6.0 8 2 1517 56
350518922 1 22329 R 3.0 10 1 66 57
352016694 1 22425 R 2.0 10 1 0 58
354774398 1 22601 R 5.0 4 2 4212 59
355869148 1 22671 R 7.0 5 2 3680 60
357273794 1 22761 R 4.0 10 1 298 61
359516706 1 22905 R 2.0 11 1 0 62
360768122 1 22985 R 3.0 11 1 0 63
362785989 1 23114 R 9.0 3 3 5198 64
364782132 1 23241 R 7.0 6 2 3316 65
365282140 1 23273 R 7.0 7 2 2716 66
365781531 1 23305 R 4.0 11 1 231 67
369532140 1 23545 R 7.0 8 2 2451 68
370532130 1 23609 R 7.0 9 2 2298 69
373532169 1 23802 R 2.0 12 1 0 70
376281538 1 23977 R 4.0 12 1 205 71
377782142 1 24073 R 5.0 6 2 4458 72
383285994 1 24426 R 6.0 9 2 2836 73
383785386 1 24458 R 3.0 12 1 686 74
385531305 1 24569 R 4.0 13 1 289 75
388283893 1 24746 R 2.0 13 1 742 76
390032168 1 24858 R 2.0 14 1 0 77
392785396 1 25034 R 3.0 13 1 752 78
393284680 1 25066 R 3.0 14 1 90 79
395783725 1 25226 R 3.0 15 1 0 80
397532372 1 25337 R 7.0 10 2 2793 81
399784736 1 25482 R 6.0 11 2 2615 82
400283914 1 25514 R 2.0 15 1 278 83
411782125 1 26249 R 5.0 7 2 5655 84
412282126 1 26281 R 5.0 8 2 5463 85
413032338 1 26329 R 4.0 14 1 1127 86
413531515 1 26361 R 4.0 15 1 980 87
414043279 1 26394 R 4.0 16 1 157 88
414782344 1 26441 R 7.0 11 2 3724 89
419535382 1 26746 R 3.0 16 1 452 90
419785367 1 26762 R 3.0 17 1 301 91
421781991 1 26889 R 5.0 9 2 5258 92
422282350 1 26921 R 5.0 10 2 4382 93
422781515 1 26953 R 4.0 17 1 134 94
427284725 1 27242 R 6.0 12 2 3799 95
427784725 1 27274 R 6.0 13 2 3148 96
428377448 1 27312 R 6.0 14 2 2263 97
429284734 1 27370 R 2.0 16 1 1306 98
429814712 1 27404 R 2.0 17 1 983 99
430284119 1 27434 R 2.0 18 1 313 100
432784962 1 27594 R 6.0 15 2 2042 101
434034980 1 27674 R 6.0 16 2 1617 102
442284722 1 28202 R 9.0 9 3 6794 103
442784090 1 28234 R 2.0 19 1 377 104
447035596 1 28506 R 3.0 19 1 455 105
447284758 1 28522 R 3.0 20 1 53 106
448032011 1 28569 R 4.0 18 1 982 107
452284954 1 28842 R 6.0 17 2 2393 108
453783288 1 28938 R 2.0 20 1 31 109
456282394 1 29098 R 2.0 21 1 0 110
457784968 1 29194 R 6.0 18 2 2034 111
459532881 1 29305 R 5.0 13 2 5435 112
465034971 1 29658 R 9.0 13 3 5343 113
465534961 1 29690 R 6.0 19 2 1656 114
466532397 1 29754 R 2.0 22 1 0 115
469282853 1 29929 R 5.0 14 2 4997 116
470119627 1 29983 R 4.0 19 1 1986 117
470782854 1 30025 R 4.0 20 1 1222 118
472550517 1 30139 R 6.0 20 2 1460 119
474231369 1 30246 R 3.0 21 1 802 120
474793485 1 30282 R 3.0 22 1 296 121
479048169 1 30554 R 4.0 21 1 1422 122
479547280 1 30586 R 4.0 22 1 821 123
482543401 1 30778 R 3.0 23 1 258 124
485807325 1 30987 R 2.0 23 1 414 125
486308180 1 31019 R 6.0 21 2 1457 126
486563587 1 31035 R 5.0 16 2 5148 127
487070341 1 31068 R 4.0 23 1 408 128
488158353 1 31137 R 7.0 15 2 5467 129
488819534 1 31180 R 4.0 24 1 23 130
490321201 1 31276 R 5.0 17 2 4374 131
491072800 1 31324 R 3.0 24 1 0 132
494572950 1 31548 R 2.0 24 1 467 133
496321201 1 31660 R 5.0 18 2 4425 134
496821192 1 31692 R 5.0 19 2 3454 135
497318709 1 31724 R 4.0 25 1 8 136
498822830 1 31820 R 3.0 25 1 0 137
502321163 1 32044 R 7.0 18 2 4658 138
507572792 1 32380 R 2.0 25 1 505 139
508073626 1 32412 R 6.0 22 2 2540 140
509821167 1 32524 R 7.0 20 2 3602 141
515571168 1 32892 R 7.0 21 2 3379 142
516071174 1 32924 R 5.0 23 2 2184 143
516570343 1 32956 R 4.0 26 1 184 144
518069517 1 33052 R 4.0 27 1 61 145
519823647 1 33164 R 6.0 23 2 2479 146
520571325 1 33212 R 5.0 24 2 2028 147
523324555 1 33388 R 3.0 26 1 764 148
523574595 1 33404 R 3.0 27 1 580 149
524526075 1 33465 R 3.0 28 1 0 150
527319096 1 33644 R 2.0 26 1 926 151
527823630 1 33676 R 9.0 17 3 7210 152
528323630 1 33708 R 6.0 24 2 2348 153
535072808 1 34140 R 2.0 27 1 722 154
535572798 1 34172 R 2.0 28 1 132 155
536071187 1 34204 R 5.0 25 2 2374 156
536571185 1 34236 R 5.0 26 2 1624 157
538571182 1 34364 R 5.0 27 2 1493 158
539320355 1 34412 R 4.0 28 1 430 159
543071183 1 34652 R 7.0 24 2 3427 160
543823806 1 34700 R 6.0 25 2 3192 161
549320356 1 35052 R 4.0 29 1 245 162
549821201 1 35084 R 5.0 28 2 1582 163
550571186 1 35132 R 7.0 25 2 3207 164
554322947 1 35372 R 2.0 29 1 610 165
555823665 1 35468 R 6.0 26 2 3035 166
556322804 1 35500 R 2.0 30 1 660 167
558571186 1 35644 R 9.0 23 3 4810 168
560574548 1 35772 R 3.0 30 1 434 169
563573630 1 35964 R 6.0 27 2 2566 170
570572795 1 36412 R 2.0 31 1 328 171
571323651 1 36460 R 6.0 28 2 2424 172
574574569 1 36668 R 3.0 31 1 704 173
577822800 1 36876 R 2.0 32 1 378 174
578573653 1 36924 R 6.0 29 2 2246 175
580119645 1 37023 R 5.0 29 2 2832 176
581086835 1 37085 R 4.0 30 1 1708 177
582086821 1 37149 R 4.0 31 1 1409 178
587833016 1 37517 R 3.0 32 1 1426 179
588082187 1 37533 R 3.0 33 1 300 180
588332181 1 37549 R 3.0 34 1 261 181
589831402 1 37645 R 6.0 30 2 2866 182
590331405 1 37677 R 6.0 31 2 2282 183
591830568 1 37773 R 2.0 33 1 499 184
592330568 1 37805 R 2.0 34 1 366 185
595581397 1 38013 R 6.0 32 2 1618 186
603174255 1 38499 R 6.0 33 2 1219 187
603830564 1 38541 R 6.0 34 2 724 188
604578908 1 38588 R 2.0 35 1 0 189
606832176 1 38733 R 3.0 35 1 681 190
610836926 1 38989 R 4.0 32 1 2407 191
612900543 1 39121 R 2.0 36 1 0 192
614581386 1 39229 R 6.0 35 2 1065 193
616081394 1 39325 R 9.0 28 3 5444 194
616831399 1 39373 R 9.0 29 3 5140 195
622336824 1 39725 R 4.0 33 1 2654 196
625584110 1 39933 R 2.0 37 1 397 197
629332261 1 40173 R 4.0 34 1 2364 198
629836830 1 40205 R 4.0 35 1 1731 199
630336787 1 40237 R 4.0 36 1 1393 200
630831387 1 40269 R 6.0 36 2 1143 201
632329821 1 40365 R 2.0 38 1 0 202
633082999 1 40413 R 3.0 36 1 1643 203
633575457 1 40444 R 3.0 37 1 1169 204
633981371 1 40470 R 3.0 38 1 267 205
636080528 1 40605 R 3.0 39 1 0 206
637331396 1 40685 R 6.0 37 2 1395 207
643580544 1 41085 R 2.0 39 1 345 208
645580425 1 41213 R 3.0 40 1 0 209
646586785 1 41277 R 7.0 31 2 5303 210
647086785 1 41309 R 7.0 34 2 3957 211
647585951 1 41341 R 4.0 38 1 679 212
648085951 1 41373 R 4.0 39 1 433 213
650086794 1 41501 R 5.0 33 2 4597 214
653584291 1 41725 R 4.0 40 1 0 215
655336813 1 41837 R 5.0 34 2 3947 216
667097660 1 42590 R 3.0 41 1 389 217
668344462 1 42669 R 5.0 35 2 4646 218
669346990 1 42734 R 6.0 38 2 2625 219
670097045 1 42782 R 9.0 31 3 7185 220
670846974 1 42830 R 2.0 40 1 1354 221
671596049 1 42878 R 2.0 41 1 586 222
672346023 1 42926 R 2.0 42 1 276 223
673847006 1 43022 R 6.0 39 2 2501 224
680831559 1 43469 R 6.0 40 2 1996 225
686903039 1 43857 R 9.0 35 3 5442 226
688583014 1 43965 R 3.0 42 1 1182 227
688832181 1 43981 R 3.0 43 1 887 228
694830641 1 44365 R 2.0 43 1 578 229
695579161 1 44412 R 5.0 36 2 5118 230
700081490 1 44701 R 6.0 41 2 2859 231
700580625 1 44733 R 2.0 44 1 600 232
702828942 1 44876 R 2.0 45 1 0 233
705331466 1 45037 R 6.0 42 2 1938 234
710840637 1 45389 R 3.0 44 1 1353 235
716330635 1 45741 R 2.0 46 1 343 236
717081727 1 45789 R 6.0 43 2 2376 237
718083000 1 45853 R 3.0 45 1 1289 238
718332183 1 45869 R 3.0 46 1 297 239
718582174 1 45885 R 3.0 47 1 125 240
722831484 1 46157 R 6.0 44 2 2068 241
728330651 1 46509 R 2.0 47 1 306 242
729081468 1 46557 R 6.0 45 2 1705 243
730079956 1 46621 R 2.0 48 1 0 244
734332175 1 46893 R 3.0 48 1 365 245
736369631 1 47023 R 4.0 42 1 3917 246
741338081 1 47341 R 3.0 49 1 0 247
745903146 1 47633 R 6.0 46 2 2381 248
746580642 1 47677 R 2.0 49 1 394 249
751424268 1 47987 R 6.0 47 2 1828 250
753079696 1 48093 R 2.0 50 1 55 251
754579005 1 48188 R 4.0 43 1 4561 252
758834216 1 48461 R 6.0 48 2 1919 253
761090033 1 48605 R 3.0 50 1 475 254
761352135 1 48622 R 4.0 44 1 4141 255
762094626 1 48669 R 4.0 45 1 3692 256
762844634 1 48717 R 4.0 47 1 2569 257
763619612 1 48767 R 4.0 49 1 1543 258
764343736 1 48813 R 4.0 50 1 948 259
764843732 1 48845 R 4.0 51 1 437 260
766090171 1 48925 R 2.0 51 1 391 261
768092009 1 49053 R 6.0 49 2 1816 262
768348241 1 49070 R 3.0 51 1 596 263
769099652 1 49118 R 4.0 52 1 0 264
773838229 1 49421 R 2.0 52 1 290 265
775344614 1 49517 R 5.0 46 2 3916 266
782113009 1 49951 R 3.0 53 1 470 267
782852120 1 49998 R 2.0 53 1 0 268
784402862 1 50097 R 6.0 51 2 1459 269
785104603 1 50142 R 6.0 52 2 1014 270
789345592 1 50413 R 7.0 46 2 5211 271
789869882 1 50447 R 7.0 48 2 3880 272
790369102 1 50479 R 4.0 53 1 594 273
791119332 1 50527 R 3.0 54 1 0 274
792126629 1 50591 R 5.0 50 2 2605 275
798377000 1 50992 R 2.0 54 1 447 276
799127819 1 51040 R 6.0 53 2 1287 277
800821211 1 51148 R 4.0 54 1 277 278
802126447 1 51232 R 4.0 55 1 0 279
804143005 1 51361 R 7.0 49 2 4271 280
811166239 1 51810 R 5.0 51 2 3231 281
811665977 1 51842 R 2.0 55 1 913 282
812168680 1 51874 R 8.0 46 3 6014 283
813418761 1 51954 R 6.0 54 2 1473 284
813917840 1 51986 R 2.0 56 1 388 285
814916250 1 52050 R 5.0 52 2 3076 286
818168772 1 52258 R 8.0 47 3 6054 287
820416174 1 52402 R 2.0 57 1 0 288
822168346 1 52514 R 3.0 56 1 1100 289
826668681 1 52802 R 6.0 55 2 1474 290
829667557 1 52994 R 3.0 57 1 415 291
830666635 1 53058 R 3.0 58 1 25 292
831916246 1 53138 R 4.0 56 1 1027 293
832666259 1 53186 R 5.0 53 2 3055 294
833165421 1 53218 R 4.0 57 1 853 295
833665425 1 53250 R 4.0 58 1 302 296
834916262 1 53330 R 7.0 51 2 4940 297
838415828 1 53554 R 3.0 59 1 0 298
838917882 1 53586 R 2.0 58 1 500 299
841910856 1 53778 R 6.0 56 2 2194 300
842914326 1 53842 R 2.0 59 1 0 301
848418763 1 54194 R 6.0 57 2 1817 302
852165425 1 54434 R 4.0 59 1 911 303
855665988 1 54658 R 2.0 60 1 399 304
863417846 1 55154 R 2.0 61 1 104 305
864167267 1 55202 R 7.0 52 2 6016 306
864665427 1 55234 R 4.0 60 1 720 307
865165428 1 55266 R 4.0 61 1 432 308
865918763 1 55314 R 6.0 58 2 2286 309
868168774 1 55458 R 6.0 59 2 1943 310
870167878 1 55586 R 6.0 60 2 961 311
871167973 1 55650 R 6.0 61 2 371 312
876167853 1 55970 R 6.0 62 2 485 313
877165424 1 56034 R 4.0 62 1 212 314
877666269 1 56066 R 5.0 55 2 5098 315
878416263 1 56114 R 7.0 57 2 3645 316
879168489 1 56162 R 3.0 61 1 1389 317
883417881 1 56434 R 2.0 62 1 538 318
888917850 1 56786 R 2.0 63 1 419 319
889417840 1 56818 R 2.0 64 1 125 320
893668770 1 57090 R 9.0 57 3 4803 321
894667846 1 57154 R 6.0 63 2 562 322
898918348 1 57426 R 3.0 63 1 1388 323
899417556 1 57458 R 3.0 64 1 824 324
899917557 1 57490 R 3.0 65 1 169 325
900666272 1 57538 R 4.0 63 1 1114 326
901166274 1 57570 R 5.0 56 2 5791 327
901665410 1 57602 R 4.0 64 1 527 328
902164585 1 57634 R 4.0 65 1 16 329
904416255 1 57778 R 5.0 58 2 4513 330
908915821 1 58066 R 3.0 66 1 0 331
913416272 1 58354 R 7.0 59 2 4761 332
913916260 1 58386 R 7.0 60 2 3880 333
914414595 1 58418 R 4.0 66 1 39 334
916415820 1 58546 R 3.0 67 1 0 335
920418761 1 58802 R 2.0 65 1 1339 336
920918772 1 58834 R 9.0 58 3 5778 337
921417888 1 58866 R 2.0 66 1 616 338
922425517 1 58931 R 2.0 67 1 234 339
924681309 1 59075 R 3.0 68 1 0 340
927441835 1 59252 R 6.0 64 2 2103 341
928439605 1 59315 R 5.0 60 2 4732 342
933688778 1 59651 R 4.0 67 1 627 343
934369609 1 59695 R 7.0 63 2 3484 344
936189026 1 59812 R 3.0 69 1 0 345
936686230 1 59843 R 4.0 68 1 0 346
939939613 1 60051 R 5.0 64 2 3101 347
943189602 1 60259 R 7.0 65 2 2552 348
947191014 1 60516 R 2.0 68 1 779 349
947691006 1 60548 R 2.0 69 1 449 350
948269261 1 60585 R 9.0 59 3 6738 351
949439017 1 60660 R 3.0 70 1 0 352
950938777 1 60755 R 4.0 69 1 436 353
951439489 1 60787 R 7.0 66 2 2391 354
952441819 1 60852 R 6.0 66 2 2564 355
954189604 1 60963 R 7.0 67 2 2354 356
955939019 1 61076 R 3.0 71 1 0 357
967191829 1 61796 R 6.0 67 2 2768 358
973190670 1 62180 R 3.0 72 1 343 359
975689024 1 62340 R 3.0 73 1 0 360
978441842 1 62516 R 2.0 70 1 1410 361
978941017 1 62548 R 2.0 71 1 874 362
979441008 1 62580 R 2.0 72 1 667 363
980439593 1 62643 R 4.0 70 1 1442 364
980939609 1 62675 R 5.0 65 2 5195 365
981939593 1 62739 R 4.0 71 1 1383 366
982438764 1 62771 R 4.0 72 1 407 367
982938765 1 62803 R 4.0 73 1 233 368
988689613 1 63171 R 5.0 67 2 4211 369
990691020 1 63300 R 2.0 73 1 507 370
991191857 1 63332 R 6.0 68 2 3937 371
991691851 1 63364 R 6.0 69 2 3168 372
992190892 1 63396 R 2.0 74 1 211 373
993940687 1 63508 R 3.0 74 1 303 374
996439488 1 63667 R 7.0 68 2 4266 375
996938773 1 63699 R 4.0 74 1 360 376
1000939040 1 63956 R 3.0 75 1 0 377
1002941817 1 64084 R 6.0 70 2 2859 378
1003939332 1 64148 R 2.0 75 1 0 379
1004939587 1 64211 R 5.0 68 2 4779 380
1008188992 1 64420 R 3.0 76 1 0 381
1012689347 1 64708 R 2.0 76 1 0 382
1016689001 1 64964 R 3.0 77 1 0 383
1021689584 1 65283 R 7.0 69 2 5086 384
1022189460 1 65315 R 7.0 70 2 4788 385
1022688754 1 65347 R 4.0 75 1 837 386
1024438772 1 65459 R 4.0 76 1 791 387
1024939600 1 65491 R 5.0 70 2 4654 388
1030187112 1 65827 R 4.0 77 1 0 389
1033690662 1 66052 R 3.0 78 1 519 390
1038188762 1 66339 R 4.0 78 1 191 391
1038689473 1 66371 R 7.0 71 2 5093 392
1042936944 1 66643 R 4.0 79 1 0 393
1044439010 1 66740 R 3.0 79 1 0 394
1049189464 1 67043 R 7.0 73 2 4294 395
1056957086 1 67541 R 6.0 73 2 4707 396
1059455126 1 67700 R 7.0 75 2 3676 397
1059955132 1 67732 R 7.0 76 2 2933 398
1060465049 1 67765 R 4.0 80 1 0 399
1065706227 1 68101 R 3.0 80 1 821 400
1066207044 1 68133 R 6.0 74 2 4850 401
1070957458 1 68437 R 6.0 72 2 6294 402
1071707443 1 68485 R 2.0 78 1 2337 403
1072207445 1 68517 R 2.0 79 1 2074 404
1072957438 1 68565 R 2.0 80 1 1390 405
1073456612 1 68597 R 2.0 81 1 835 406
1075705189 1 68740 R 7.0 79 2 2116 407
1076205148 1 68772 R 5.0 75 2 4673 408
1076704293 1 68804 R 4.0 81 1 588 409
1077204288 1 68836 R 4.0 82 1 310 410
1079457094 1 68981 R 3.0 81 1 1296 411
1082698948 1 69188 R 2.0 82 1 337 412
1083205125 1 69220 R 5.0 76 2 4405 413
1085456267 1 69365 R 3.0 82 1 966 414
1085957082 1 69397 R 6.0 75 2 5269 415
1087206341 1 69477 R 3.0 83 1 670 416
1089955135 1 69652 R 5.0 78 2 3614 417
1090455128 1 69684 R 5.0 79 2 3365 418
1090954288 1 69716 R 4.0 83 1 100 419
1091952565 1 69780 R 4.0 84 1 0 420
1094704595 1 69957 R 3.0 84 1 0 421
1095206620 1 69989 R 2.0 83 1 748 422
1096954964 1 70101 R 2.0 84 1 0 423
1099245682 1 70247 R 6.0 79 2 3654 424
1100954969 1 70357 R 2.0 85 1 0 425
1104954566 1 70613 R 3.0 85 1 0 426
1106208920 1 70693 R 7.0 81 2 3235 427
1106712204 1 70725 R 3.0 86 1 0 428
1113470610 1 71157 R 5.0 80 2 3888 429
1113970628 1 71189 R 5.0 81 2 3160 430
1114469793 1 71221 R 4.0 85 1 431 431
1116470604 1 71349 R 7.0 82 2 2832 432
1118212644 1 71461 R 2.0 86 1 0 433
1119713475 1 71557 R 2.0 87 1 54 434
1121617973 1 71679 R 4.0 86 1 48 435
1122968967 1 71765 R 4.0 87 1 60 436
1125720630 1 71941 R 5.0 82 2 3415 437
1126970604 1 72021 R 5.0 84 2 2001 438
1129464715 1 72181 R 6.0 81 2 4242 439
1130214715 1 72229 R 6.0 82 2 3850 440
1131213871 1 72293 R 3.0 87 1 744 441
1131713035 1 72325 R 3.0 88 1 75 442
1133212637 1 72421 R 2.0 88 1 0 443
1137714924 1 72709 R 6.0 83 2 3240 444
1139220645 1 72805 R 5.0 85 2 2341 445
1139720639 1 72837 R 5.0 86 2 1689 446
1144969800 1 73173 R 4.0 88 1 659 447
1145720665 1 73221 R 5.0 87 2 1544 448
1148968049 1 73429 R 4.0 89 1 0 449
1149464302 1 73461 R 2.0 89 1 276 450
1151213488 1 73573 R 2.0 90 1 76 451
1151969291 1 73621 R 7.0 84 2 3560 452
1152970651 1 73685 R 5.0 88 2 1272 453
1158214715 1 74021 R 3.0 89 1 1084 454
1158468580 1 74037 R 6.0 84 2 4066 455
1159214715 1 74085 R 6.0 85 2 3697 456
1160462651 1 74165 R 2.0 91 1 0 457
1165981398 1 74518 R 3.0 90 1 853 458
1166481388 1 74550 R 3.0 91 1 564 459
1167464715 1 74613 R 6.0 87 2 2832 460
1171220667 1 74853 R 5.0 89 2 1770 461
1171720617 1 74885 R 7.0 85 2 4272 462
1172969807 1 74965 R 4.0 90 1 758 463
1173468979 1 74997 R 4.0 91 1 90 464
1173968050 1 75029 R 4.0 92 1 0 465
1175970623 1 75157 R 7.0 86 2 4456 466
1177712642 1 75269 R 2.0 92 1 0 467
1178213874 1 75301 R 3.0 92 1 540 468
1178714715 1 75333 R 6.0 88 2 2898 469
1179214715 1 75365 R 6.0 89 2 2066 470
1179970642 1 75413 R 5.0 90 2 1930 471
1181962643 1 75541 R 2.0 93 1 0 472
1183720649 1 75653 R 7.0 87 2 3751 473
1188213884 1 75941 R 3.0 93 1 715 474
1196482477 1 76470 R 6.0 90 2 2919 475
1196739840 1 76487 R 6.0 91 2 1830 476
1196988914 1 76503 R 3.0 94 1 370 477
1197479867 1 76534 R 3.0 95 1 0 478
1200982460 1 76758 R 8.0 86 3 5290 479
1204743799 1 76999 R 7.0 88 2 4637 480
1205243789 1 77031 R 7.0 89 2 3854 481
1205743802 1 77063 R 4.0 93 1 1237 482
1206242953 1 77095 R 4.0 94 1 576 483
1208519276 1 77241 R 2.0 94 1 1200 484
1214500585 1 77623 R 4.0 95 1 435 485
1216001577 1 77719 R 5.0 92 2 2986 486
1216501577 1 77751 R 5.0 93 2 2263 487
1217999014 1 77847 R 4.0 96 1 0 488
1218619615 1 77887 R 7.0 92 2 3274 489
1220755489 1 78024 R 6.0 92 2 2713 490
1221014987 1 78040 R 6.0 93 2 2658 491
1222001569 1 78103 R 5.0 94 2 1818 492
1227751564 1 78471 R 7.0 93 2 2961 493
1228755454 1 78536 R 3.0 96 1 1323 494
1229254626 1 78568 R 3.0 97 1 336 495
1230753615 1 78664 R 6.0 94 2 2596 496
1234251569 1 78887 R 5.0 95 2 2104 497
1234750750 1 78919 R 4.0 97 1 507 498
1236001570 1 78999 R 7.0 94 2 2805 499
1239232342 1 79206 R 6.0 95 2 2367 500
1240755477 1 79304 R 8.0 89 3 6281 501
1241004778 1 79320 R 3.0 98 1 500 502
1241253809 1 79336 R 3.0 99 1 39 503
1244753914 1 79560 R 2.0 97 1 1570 504
1245001591 1 79575 R 5.0 96 2 1916 505
1245750742 1 79623 R 4.0 98 1 439 506
1246251571 1 79655 R 5.0 97 2 1318 507
1248255476 1 79784 R 6.0 96 2 2372 508
1251750864 1 80007 R 4.0 99 1 311 509
1252251563 1 80039 R 7.0 95 2 3160 510
1253755488 1 80136 R 6.0 97 2 2064 511
1254005461 1 80152 R 6.0 98 2 1101 512
1254754020 1 80200 R 3.0 100 1 22 513
1258365879 1 80431 R 7.0 96 2 2953 514
1259000955 1 80471 R 4.0 100 1 337 515
1259619617 1 80511 R 5.0 98 2 1693 516
1263253898 1 80744 R 2.0 98 1 1997 517
1265001557 1 80855 R 7.0 98 2 2034 518
1266254859 1 80936 R 3.0 101 1 396 519
1268004017 1 81048 R 2.0 99 1 1608 520
1268503284 1 81080 R 2.0 100 1 883 521
1269003291 1 81112 R 2.0 101 1 148 522
1270002459 1 81176 R 2.0 102 1 42 523
1273000951 1 81367 R 4.0 101 1 240 524
1273501558 1 81399 R 5.0 99 2 1610 525
1274512554 1 81464 R 3.0 102 1 326 526
1274749240 1 81479 R 4.0 102 1 0 527
1276505726 1 81592 R 6.0 100 2 1615 528
1281501585 1 81911 R 9.0 93 3 6600 529
1284505464 1 82104 R 8.0 93 3 6286 530
1286005699 1 82200 R 6.0 101 2 1302 531
1286254022 1 82216 R 3.0 103 1 66 532
1288505707 1 82360 R 6.0 102 2 1033 533
1291507040 1 82552 R 2.0 103 1 396 534
1294017178 1 82713 R 2.0 104 1 0 535
1303278186 1 83305 R 3.0 104 1 475 536
1303532871 1 83321 R 5.0 100 2 2975 537
1304026440 1 83353 R 3.0 105 1 0 538
1304282852 1 83369 R 5.0 101 2 2627 539
1304869007 1 83407 R 4.0 103 1 986 540
1305619002 1 83455 R 4.0 104 1 228 541
1307274820 1 83561 R 2.0 105 1 0 542
1310279005 1 83753 R 6.0 103 2 1616 543
1315776474 1 84105 R 2.0 106 1 197 544
1320532850 1 84409 R 4.0 105 1 1056 545
1328532023 1 84921 R 4.0 106 1 814 546
1329032849 1 84953 R 7.0 100 2 5130 547
1330481969 1 85046 R 8.0 95 3 7904 548
1332026487 1 85145 R 2.0 107 1 516 549
1336024830 1 85401 R 2.0 108 1 0 550
1337240572 1 85479 R 8.0 96 3 7817 551
1338279026 1 85545 R 3.0 106 1 1741 552
1338779026 1 85577 R 3.0 107 1 1013 553
1339278189 1 85609 R 3.0 108 1 374 554
1340277366 1 85673 R 3.0 109 1 45 555
1343532857 1 85881 R 7.0 101 2 5011 556
1344032836 1 85913 R 7.0 102 2 4640 557
1344524839 1 85945 R 2.0 109 1 0 558
1349529026 1 86265 R 6.0 105 2 2928 559
1354774976 1 86601 R 2.0 110 1 0 560
1355532853 1 86649 R 4.0 107 1 1442 561
1360779034 1 86985 R 6.0 106 2 2874 562
1361279043 1 87017 R 6.0 107 2 2318 563
1361532882 1 87033 R 4.0 108 1 1538 564
1362282842 1 87081 R 4.0 109 1 1092 565
1362782004 1 87113 R 4.0 110 1 215 566
1368028188 1 87449 R 3.0 110 1 968 567
1368528194 1 87481 R 3.0 111 1 385 568
1369029030 1 87513 R 6.0 108 2 2121 569
1371282848 1 87657 R 7.0 104 2 5111 570
1371869830 1 87695 R 7.0 105 2 4509 571
1372539457 1 87738 R 4.0 111 1 373 572
1377026620 1 88025 R 2.0 111 1 909 573
1377525647 1 88057 R 2.0 112 1 44 574
1380619002 1 88255 R 4.0 112 1 295 575
1381369842 1 88303 R 5.0 104 2 5335 576
1383532837 1 88441 R 5.0 106 2 4524 577
1385282864 1 88553 R 5.0 107 2 4216 578
1387282871 1 88681 R 5.0 110 2 2065 579
1388318322 1 88748 R 3.0 112 1 1019 580
1395032872 1 89177 R 7.0 107 2 4586 581
1396032001 1 89241 R 4.0 113 1 440 582
1399532865 1 89465 R 7.0 108 2 4292 583
1404026477 1 89753 R 2.0 114 1 846 584
1406029018 1 89881 R 6.0 109 2 3987 585
1409026450 1 90073 R 2.0 115 1 0 586
1410774833 1 90185 R 2.0 116 1 0 587
1414279018 1 90409 R 6.0 110 2 3743 588
1415782851 1 90505 R 7.0 109 2 4974 589
1416282011 1 90537 R 4.0 114 1 905 590
1416782002 1 90569 R 4.0 115 1 605 591
1421032852 1 90841 R 5.0 113 2 2331 592
1421279023 1 90857 R 3.0 113 1 2662 593
1421779020 1 90889 R 3.0 114 1 2231 594
1422279020 1 90921 R 3.0 115 1 1250 595
1425274846 1 91113 R 2.0 117 1 0 596
1435532048 1 91769 R 4.0 116 1 886 597
1436032901 1 91801 R 5.0 114 2 2899 598
1436782830 1 91849 R 7.0 112 2 3936 599
1437782019 1 91913 R 4.0 117 1 297 600
1438281997 1 91945 R 4.0 118 1 217 601
1439782876 1 92041 R 5.0 115 2 2244 602
1444279017 1 92329 R 3.0 117 1 1311 603
1444981614 1 92374 R 3.0 118 1 767 604
1446026642 1 92441 R 2.0 118 1 630 605
1446777415 1 92489 R 8.0 105 3 8715 606
1447276489 1 92521 R 2.0 119 1 334 607
1449524840 1 92665 R 2.0 120 1 0 608
1455527413 1 93049 R 6.0 113 2 4343 609
1459782862 1 93321 R 5.0 116 2 2789 610
1460282894 1 93353 R 5.0 117 2 2475 611
1460782028 1 93385 R 4.0 119 1 617 612
1461527435 1 93433 R 6.0 114 2 4470 613
1468279030 1 93865 R 3.0 119 1 1423 614
1469532038 1 93945 R 4.0 120 1 923 615
1470032870 1 93977 R 7.0 114 2 4650 616
1470532857 1 94009 R 7.0 115 2 4303 617
1474027424 1 94233 R 6.0 115 2 4463 618
1475027415 1 94297 R 6.0 116 2 3692 619
1475526511 1 94329 R 2.0 121 1 582 620
1476619024 1 94399 R 4.0 121 1 469 621
1477532840 1 94457 R 5.0 118 2 2690 622
1480282870 1 94633 R 7.0 116 2 4413 623
1480982456 1 94678 R 3.0 120 1 1780 624
1483580611 1 94845 R 2.0 122 1 529 625
1484058466 1 94875 R 6.0 117 2 3969 626
1484566099 1 94908 R 6.0 119 2 2429 627
1486812855 1 95051 R 4.0 122 1 361 628
1493315267 1 95468 R 2.0 123 1 725 629
1496317763 1 95660 R 3.0 121 1 2248 630
1496817764 1 95692 R 3.0 122 1 1392 631
1497316936 1 95724 R 3.0 123 1 893 632
1497816835 1 95756 R 3.0 124 1 255 633
1503315994 1 96108 R 3.0 125 1 16 634
1510653357 1 96577 R 2.0 124 1 1267 635
1511316097 1 96620 R 6.0 120 2 3236 636
1511815257 1 96652 R 2.0 125 1 189 637
1512816239 1 96716 R 6.0 122 2 2628 638
1518579365 1 97084 R 7.0 117 2 6060 639
1519829366 1 97164 R 4.0 123 1 1712 640
1520329461 1 97196 R 4.0 124 1 1220 641
1522328474 1 97324 R 4.0 125 1 725 642
1523327631 1 97388 R 4.0 126 1 14 643
1524837085 1 97485 R 7.0 122 2 3508 644
1530339304 1 97837 R 8.0 118 3 6122 645
1536589294 1 98237 R 6.0 123 2 3426 646
1537089280 1 98269 R 2.0 126 1 1376 647
1537589287 1 98301 R 2.0 127 1 1073 648
1538101810 1 98334 R 4.0 127 1 809 649
1539352498 1 98414 R 5.0 121 2 4818 650
1540367641 1 98479 R 4.0 128 1 0 651
1541377620 1 98544 R 5.0 122 2 4277 652
1542490062 1 98615 R 3.0 127 1 1277 653
1544619547 1 98751 R 2.0 128 1 426 654
1545393663 1 98801 R 6.0 124 2 3324 655
1545891282 1 98832 R 7.0 123 2 4162 656
1547895240 1 98961 R 3.0 128 1 1111 657
1551403565 1 99185 R 6.0 125 2 3143 658
1551902704 1 99217 R 2.0 129 1 454 659
1556398224 1 99505 R 2.0 130 1 0 660
1558653538 1 99649 R 8.0 120 3 6439 661
1560150159 1 99745 R 4.0 129 1 660 662
1560900994 1 99793 R 5.0 123 2 4941 663
1562648495 1 99905 R 4.0 130 1 0 664
1565904367 1 100113 R 6.0 126 2 3037 665
1566904352 1 100177 R 6.0 127 2 2491 666
1569418771 1 100338 R 2.0 131 1 544 667
1572901785 1 100561 R 2.0 132 1 0 668
1573653927 1 100609 R 3.0 130 1 1486 669
1574619889 1 100671 R 4.0 131 1 490 670
1577654359 1 100865 R 6.0 128 2 2615 671
1582153946 1 101153 R 3.0 131 1 1233 672
1585402467 1 101361 R 6.0 129 2 2424 673
1588651820 1 101569 R 7.0 124 2 6115 674
1589159568 1 101602 R 5.0 124 2 6065 675
1591669439 1 101762 R 3.0 132 1 1255 676
1592418509 1 101810 R 3.0 133 1 756 677
1594916579 1 101970 R 4.0 132 1 735 678
1595416509 1 102002 R 4.0 133 1 360 679
1596668995 1 102082 R 2.0 133 1 518 680
1597168968 1 102114 R 2.0 134 1 360 681
1597919853 1 102162 R 6.0 130 2 2438 682
1603668497 1 102530 R 3.0 134 1 395 683
1604919804 1 102610 R 6.0 131 2 2398 684
1605916553 1 102674 R 4.0 134 1 553 685
1606417317 1 102706 R 5.0 128 2 4329 686
1607416849 1 102770 R 3.0 135 1 0 687
1614667308 1 103234 R 7.0 128 2 5295 688
1615370682 1 103279 R 7.0 129 2 4680 689
1615916479 1 103314 R 4.0 135 1 453 690
1618664838 1 103490 R 4.0 136 1 0 691
1620419004 1 103602 R 2.0 135 1 955 692
1621919809 1 103698 R 6.0 132 2 3082 693
1622419810 1 103730 R 6.0 133 2 2076 694
1622918962 1 103762 R 2.0 136 1 264 695
1623418129 1 103794 R 2.0 137 1 19 696
1625918630 1 103954 R 3.0 136 1 767 697
1626916853 1 104018 R 3.0 137 1 0 698
1631166852 1 104290 R 3.0 138 1 0 699
1631916554 1 104338 R 4.0 137 1 317 700
1632417306 1 104370 R 5.0 130 2 4848 701
1636669784 1 104642 R 6.0 134 2 2633 702
1640917335 1 104914 R 7.0 132 2 4421 703
1641417318 1 104946 R 7.0 134 2 2986 704
1643166489 1 105058 R 4.0 138 1 324 705
1643914826 1 105106 R 4.0 139 1 0 706
1648665327 1 105410 R 3.0 139 1 0 707
1651169791 1 105570 R 6.0 135 2 2570 708
1652669786 1 105666 R 2.0 138 1 1027 709
1653168962 1 105698 R 2.0 139 1 529 710
1656666825 1 105922 R 3.0 140 1 0 711
1659416841 1 106098 R 3.0 141 1 0 712
1661417340 1 106226 R 5.0 132 2 5672 713
1661917325 1 106258 R 7.0 135 2 3760 714
1662417299 1 106290 R 7.0 136 2 3088 715
1662916487 1 106322 R 4.0 140 1 317 716
1663917392 1 106386 R 5.0 135 2 4104 717
1668669000 1 106690 R 2.0 140 1 765 718
1669169819 1 106722 R 9.0 129 3 7979 719
1669668983 1 106754 R 2.0 141 1 185 720
1670669812 1 106818 R 6.0 136 2 3256 721
1672417393 1 106930 R 5.0 136 2 3639 722
1672917298 1 106962 R 5.0 137 2 3340 723
1673415675 1 106994 R 4.0 141 1 68 724
1675917328 1 107154 R 5.0 138 2 2629 725
1676666556 1 107202 R 5.0 141 2 584 726
1679669834 1 107394 R 6.0 137 2 3584 727
1680169823 1 107426 R 6.0 138 2 2753 728
1680667239 1 107458 R 2.0 142 1 7 729
1683669795 1 107650 R 6.0 139 2 2285 730
1695168501 1 108386 R 3.0 143 1 744 731
1697417385 1 108530 R 5.0 142 2 1321 732
1698417397 1 108594 R 4.0 142 1 1265 733
1698916573 1 108626 R 4.0 143 1 717 734
1699667405 1 108674 R 7.0 138 2 4465 735
1701668489 1 108802 R 3.0 144 1 422 736
1703421738 1 108914 R 6.0 140 2 3205 737
1705682933 1 109059 R 7.0 139 2 3853 738
1706189796 1 109091 R 4.0 144 1 327 739
1708443026 1 109236 R 6.0 142 2 2162 740
1708942926 1 109268 R 2.0 143 1 1430 741
1709442090 1 109300 R 2.0 144 1 889 742
1711440416 1 109428 R 2.0 145 1 0 743
1714692920 1 109636 R 6.0 143 2 1760 744
1716941768 1 109780 R 3.0 145 1 814 745
1717690850 1 109828 R 3.0 146 1 18 746
1719440413 1 109940 R 2.0 146 1 0 747
1722942893 1 110164 R 8.0 136 3 6870 748
1723956160 1 110229 R 7.0 140 2 4453 749
1724455343 1 110260 R 4.0 145 1 697 750
1731706156 1 110725 R 7.0 141 2 4576 751
1732205339 1 110756 R 4.0 146 1 649 752
1732705331 1 110788 R 4.0 147 1 307 753
1733457264 1 110837 R 3.0 147 1 550 754
1734207251 1 110885 R 3.0 148 1 250 755
1734955606 1 110933 R 4.0 148 1 0 756
1737957613 1 111125 R 2.0 147 1 432 757
1738465364 1 111157 R 2.0 148 1 204 758
1739466223 1 111221 R 8.0 137 3 7537 759
1742221230 1 111398 R 3.0 149 1 0 760
1743463790 1 111477 R 5.0 144 2 3333 761
1745966204 1 111637 R 6.0 144 2 3405 762
1746466204 1 111669 R 6.0 145 2 2825 763
1749963800 1 111893 R 5.0 145 2 2952 764
1754465364 1 112181 R 2.0 149 1 436 765
1754966200 1 112213 R 6.0 146 2 2260 766
1755466199 1 112245 R 6.0 147 2 1973 767
1756963206 1 112341 R 3.0 150 1 0 768
1761713769 1 112645 R 5.0 146 2 3083 769
1762721545 1 112709 R 7.0 142 2 5445 770
1763730848 1 112774 R 2.0 150 1 427 771
1764231732 1 112806 R 6.0 148 2 1466 772
1764731734 1 112838 R 6.0 149 2 1022 773
1768230867 1 113062 R 3.0 151 1 0 774
1768994860 1 113111 R 4.0 149 1 1118 775
1769494013 1 113143 R 4.0 150 1 729 776
1769993997 1 113175 R 4.0 151 1 199 777
1773988655 1 113431 R 2.0 151 1 574 778
1774488647 1 113463 R 2.0 152 1 114 779
1781240075 1 113895 R 3.0 152 1 501 780
1781739382 1 113927 R 6.0 150 2 1504 781
1787739479 1 114311 R 6.0 151 2 1468 782
1788239483 1 114343 R 8.0 144 3 5615 783
1788737822 1 114375 R 2.0 153 1 15 784
1792240068 1 114599 R 3.0 153 1 322 785
1792990172 1 114647 R 3.0 154 1 0 786
1796244954 1 114855 R 4.0 152 1 1337 787
1796744823 1 114887 R 7.0 146 2 4991 788
1797244026 1 114919 R 4.0 153 1 568 789
1797992343 1 114967 R 4.0 154 1 9 790
1799739487 1 115079 R 6.0 152 2 1745 791
1800239490 1 115111 R 6.0 153 2 1136 792
1800989495 1 115159 R 9.0 146 3 5861 793
1801487832 1 115191 R 2.0 154 1 11 794
1803989494 1 115351 R 9.0 147 3 5077 795
1804986561 1 115415 R 3.0 155 1 0 796
1806986902 1 115543 R 2.0 155 1 0 797
1813120682 1 115935 R 5.0 150 2 3834 798
1814744813 1 116039 R 5.0 151 2 3443 799
1815493982 1 116087 R 4.0 155 1 686 800
1816986990 1 116183 R 3.0 156 1 0 801
1817742346 1 116231 R 4.0 156 1 0 802
1819494848 1 116343 R 5.0 152 2 3203 803
1821239474 1 116455 R 9.0 148 3 5443 804
1821739373 1 116487 R 6.0 154 2 1392 805
1822238550 1 116519 R 2.0 156 1 117 806
1825620750 1 116735 R 5.0 153 2 2626 807
1826244829 1 116775 R 5.0 154 2 1859 808
1828236900 1 116903 R 2.0 157 1 0 809
1829494820 1 116983 R 7.0 153 2 2893 810
1831239508 1 117095 R 3.0 157 1 394 811
1832239490 1 117159 R 9.0 149 3 5990 812
1837489476 1 117495 R 6.0 155 2 1965 813
1837989473 1 117527 R 6.0 156 2 1320 814
1839738237 1 117639 R 3.0 158 1 594 815
1840989476 1 117719 R 6.0 157 2 1005 816
1842236901 1 117799 R 2.0 158 1 7 817
1846489481 1 118071 R 8.0 150 3 5640 818
1847236996 1 118119 R 2.0 159 1 7 819
1850744956 1 118343 R 4.0 157 1 1310 820
1851488652 1 118391 R 6.0 158 2 968 821
1853982561 1 118550 R 3.0 159 1 378 822
1854490061 1 118583 R 3.0 160 1 183 823
1857486994 1 118775 R 2.0 160 1 0 824
1865988418 1 119319 R 3.0 161 1 0 825
1866739390 1 119367 R 9.0 153 3 5374 826
1869736997 1 119559 R 2.0 161 1 0 827
1872744843 1 119751 R 7.0 154 2 4914 828
1874488419 1 119863 R 3.0 162 1 0 829
1876239487 1 119975 R 6.0 159 2 1887 830
1878744963 1 120135 R 4.0 158 1 2543 831
1879494954 1 120183 R 4.0 159 1 2207 832
1882488413 1 120375 R 3.0 163 1 0 833
1883489476 1 120439 R 8.0 152 3 6809 834
1885744826 1 120583 R 4.0 160 1 1926 835
1886744820 1 120647 R 4.0 161 1 1300 836
1887243989 1 120679 R 4.0 162 1 626 837
1889988557 1 120855 R 2.0 162 1 741 838
1890488552 1 120887 R 2.0 163 1 431 839
1891244832 1 120935 R 5.0 158 2 3402 840
1896739382 1 121287 R 6.0 160 2 2483 841
1898238418 1 121383 R 3.0 164 1 0 842
1899238417 1 121447 R 3.0 165 1 0 843
1899736997 1 121479 R 2.0 164 1 0 844
1901989478 1 121623 R 6.0 161 2 1919 845
1908489487 1 122039 R 9.0 156 3 5892 846
1910494838 1 122167 R 5.0 159 2 3977 847
1910994837 1 122199 R 4.0 163 1 1137 848
1911619846 1 122239 R 4.0 164 1 655 849
1912243163 1 122279 R 4.0 165 1 65 850
1915239471 1 122471 R 6.0 162 2 2085 851
1915989477 1 122519 R 6.0 163 2 1946 852
1916490036 1 122551 R 3.0 166 1 0 853
1920494834 1 122807 R 5.0 160 2 4467 854
1921994821 1 122903 R 7.0 159 2 4974 855
1922494813 1 122935 R 5.0 161 2 3475 856
1922993970 1 122967 R 4.0 166 1 114 857
1926742314 1 123207 R 4.0 167 1 0 858
1927989463 1 123287 R 2.0 165 1 1086 859
1928488647 1 123319 R 2.0 166 1 703 860
1929239377 1 123367 R 6.0 164 2 2076 861
1930487812 1 123447 R 2.0 167 1 84 862
1931994840 1 123543 R 7.0 160 2 4874 863
1937486993 1 123895 R 2.0 168 1 0 864
1938494850 1 123959 R 7.0 161 2 4409 865
1939494827 1 124023 R 7.0 163 2 3343 866
1939993995 1 124055 R 4.0 168 1 136 867
1941989470 1 124183 R 6.0 165 2 2057 868
1948994846 1 124631 R 7.0 164 2 3474 869
1957739480 1 125191 R 8.0 159 3 6720 870
1958238559 1 125223 R 2.0 169 1 545 871
1959986997 1 125335 R 2.0 170 1 0 872
1965489050 1 125687 R 3.0 168 1 2140 873
1967494123 1 125815 R 4.0 169 1 929 874
1967994818 1 125847 R 5.0 163 2 5185 875
1968494038 1 125879 R 4.0 170 1 752 876
1968993983 1 125911 R 4.0 171 1 201 877
1969744835 1 125959 R 7.0 167 2 2724 878
1971404187 1 126065 R 6.0 167 2 2810 879
1971989385 1 126103 R 6.0 168 2 2291 880
1972489385 1 126135 R 6.0 169 2 1249 881
1973651599 1 126209 R 2.0 171 1 0 882
1975494853 1 126327 R 7.0 168 2 2637 883
1975994855 1 126359 R 7.0 169 2 2036 884
1977994956 1 126487 R 3.0 169 1 2394 885
1978489478 1 126519 R 6.0 170 2 1493 886
1980238651 1 126631 R 6.0 171 2 899 887
1980739476 1 126663 R 9.0 166 3 4201 888
1982744835 1 126791 R 5.0 165 2 4927 889
1991238657 1 127335 R 2.0 172 1 536 890
2004370682 1 128175 R 4.0 172 1 1263 891
2005744774 1 128263 R 4.0 173 1 1296 892
2006244795 1 128295 R 5.0 166 2 5690 893
2010239366 1 128551 R 2.0 173 1 1314 894
2011741035 1 128647 R 3.0 171 1 3095 895
2013493983 1 128759 R 4.0 174 1 973 896
2013994832 1 128791 R 7.0 170 2 3426 897
2014493956 1 128823 R 4.0 175 1 174 898
2016489369 1 128951 R 6.0 172 2 2658 899
2016989365 1 128983 R 2.0 174 1 1221 900
2017738638 1 129031 R 2.0 175 1 346 901
2018403320 1 129073 R 2.0 176 1 227 902
2020244840 1 129191 R 7.0 171 2 3267 903
2022243162 1 129319 R 4.0 176 1 81 904
2025989482 1 129559 R 8.0 165 3 7771 905
2027736889 1 129671 R 2.0 177 1 0 906
2028741041 1 129735 R 3.0 172 1 3490 907
2029241044 1 129767 R 3.0 173 1 3035 908
2029740901 1 129799 R 3.0 174 1 2385 909
2031620751 1 129919 R 7.0 172 2 3341 910
2042991029 1 130647 R 3.0 175 1 2641 911
2043489388 1 130679 R 9.0 167 3 7891 912
2048491040 1 130999 R 3.0 176 1 2449 913
2048991032 1 131031 R 3.0 177 1 1604 914
2049490073 1 131063 R 3.0 178 1 734 915
2049990065 1 131095 R 3.0 179 1 647 916
2050744952 1 131143 R 4.0 177 1 1391 917
2051244851 1 131175 R 5.0 171 2 5422 918
2051743994 1 131207 R 4.0 178 1 657 919
2052239389 1 131239 R 6.0 173 2 4192 920
2052738638 1 131271 R 2.0 178 1 809 921
2053239465 1 131303 R 6.0 174 2 3228 922
2053738646 1 131335 R 2.0 179 1 384 923
2055486562 1 131447 R 3.0 180 1 0 924
2056236993 1 131495 R 2.0 180 1 0 925
2060244121 1 131751 R 4.0 179 1 426 926
2060744119 1 131783 R 4.0 180 1 293 927
2064738412 1 132039 R 3.0 181 1 0 928
2066739379 1 132167 R 6.0 175 2 3763 929
2067989481 1 132247 R 6.0 176 2 3091 930
2068489482 1 132279 R 6.0 177 2 2195 931
2069401613 1 132337 R 2.0 181 1 0 932
2070239473 1 132391 R 6.0 179 2 1321 933
2073744859 1 132615 R 7.0 174 2 4636 934
2074244853 1 132647 R 5.0 174 2 5177 935
2074744023 1 132679 R 4.0 181 1 521 936
2078243686 1 132903 R 3.0 182 1 320 937
2083489466 1 133239 R 6.0 180 2 1309 938
2084989471 1 133335 R 6.0 181 2 1317 939
2085488641 1 133367 R 2.0 182 1 112 940
2088236993 1 133543 R 2.0 183 1 0 941
2089990065 1 133655 R 3.0 183 1 449 942
2090739558 1 133703 R 10.0 176 3 4840 943
2091994012 1 133783 R 4.0 182 1 885 944
2098739492 1 134215 R 8.0 175 3 5742 945
2100987000 1 134359 R 2.0 184 1 0 946
2102739491 1 134471 R 9.0 175 3 6381 947
2104490211 1 134583 R 3.0 184 1 991 948
2105490062 1 134647 R 3.0 185 1 112 949
2106240903 1 134695 R 7.0 176 2 5496 950
2112994861 1 135127 R 4.0 183 1 1580 951
2113494864 1 135159 R 4.0 184 1 1164 952
2113994835 1 135191 R 5.0 179 2 4112 953
2114493997 1 135223 R 4.0 185 1 261 954
2116489484 1 135351 R 6.0 182 2 2139 955
2116989384 1 135383 R 6.0 183 2 1527 956
2118238644 1 135463 R 2.0 185 1 180 957
2122743982 1 135751 R 4.0 186 1 485 958
2123239381 1 135783 R 6.0 184 2 1370 959
2126240065 1 135975 R 3.0 186 1 806 960
2128244846 1 136103 R 7.0 179 2 5353 961
2130238641 1 136231 R 2.0 186 1 429 962
2130738640 1 136263 R 2.0 187 1 139 963
2132740061 1 136391 R 3.0 187 1 480 964
2133988413 1 136471 R 3.0 188 1 0 965
2135239480 1 136551 R 6.0 185 2 1519 966
2141739479 1 136967 R 8.0 180 3 5089 967
2142239471 1 136999 R 6.0 186 2 1473 968
2142737814 1 137031 R 2.0 188 1 80 969
2143494849 1 137079 R 7.0 181 2 4583 970
2149489389 1 137463 R 6.0 187 2 1086 971
2150240070 1 137511 R 3.0 189 1 323 972
2150990070 1 137559 R 3.0 190 1 100 973
2155739476 1 137863 R 8.0 182 3 4888 974
2156238640 1 137895 R 2.0 189 1 163 975
2158239397 1 138023 R 8.0 183 3 4476 976
2160251946 1 138151 R 4.0 187 1 2090 977
2160744850 1 138183 R 4.0 188 1 1497 978
2161244014 1 138215 R 4.0 189 1 568 979
2161743975 1 138247 R 4.0 190 1 192 980
2164236892 1 138407 R 2.0 190 1 0 981
2165989387 1 138519 R 6.0 188 2 1509 982
2169244946 1 138727 R 7.0 183 2 5290 983
2169744836 1 138759 R 7.0 185 2 4044 984
2170251616 1 138791 R 4.0 191 1 169 985
2171739480 1 138887 R 8.0 184 3 4386 986
2175744846 1 139143 R 7.0 186 2 3440 987
2176238246 1 139175 R 3.0 191 1 633 988
2184769655 1 139721 R 2.0 191 1 685 989
2186769617 1 139849 R 2.0 192 1 734 990
2188763482 1 139976 R 3.0 192 1 861 991
2189262727 1 140008 R 3.0 193 1 72 992
2193011903 1 140248 R 3.0 194 1 0 993
2194517981 1 140345 R 2.0 193 1 0 994
2196017379 1 140440 R 4.0 192 1 836 995
2196518182 1 140472 R 5.0 187 2 4555 996
2197017367 1 140504 R 4.0 193 1 650 997
2197516529 1 140536 R 4.0 194 1 10 998
2199768160 1 140680 R 7.0 187 2 4884 999
2203770666 1 140937 R 6.0 190 2 2785 1000
2206019868 1 141081 R 2.0 194 1 115 1001
2209770691 1 141321 R 6.0 191 2 2668 1002
2210768195 1 141385 R 2.0 195 1 5 1003
2211263697 1 141416 R 3.0 195 1 424 1004
2214730996 1 141638 R 3.0 196 1 0 1005
2216020804 1 141721 R 6.0 192 2 2606 1006
2217270699 1 141801 R 6.0 193 2 1450 1007
2219268192 1 141929 R 2.0 196 1 0 1008
2220518390 1 142008 R 7.0 188 2 5469 1009
2224520712 1 142265 R 6.0 194 2 1509 1010
2226770681 1 142409 R 6.0 195 2 1329 1011
2227519836 1 142457 R 2.0 197 1 134 1012
2229621041 1 142591 R 7.0 189 2 5252 1013
2230268418 1 142632 R 7.0 191 2 4135 1014
2231768437 1 142728 R 4.0 195 1 1363 1015
2232620073 1 142783 R 4.0 196 1 565 1016
2233267541 1 142824 R 4.0 197 1 103 1017
2238020720 1 143129 R 6.0 196 2 1262 1018
2239313856 1 143211 R 3.0 197 1 732 1019
2239763697 1 143240 R 3.0 198 1 439 1020
2241012134 1 143320 R 3.0 199 1 0 1021
2243018440 1 143448 R 5.0 192 2 4278 1022
2244518370 1 143544 R 5.0 193 2 3601 1023
2245017541 1 143576 R 4.0 198 1 288 1024
2247518400 1 143736 R 5.0 194 2 3181 1025
2249269862 1 143849 R 2.0 198 1 398 1026
2249770912 1 143881 R 10.0 191 3 5221 1027
2251519853 1 143993 R 2.0 199 1 325 1028
2252762114 1 144072 R 3.0 200 1 0 1029
2254768394 1 144200 R 5.0 195 2 3339 1030
2255268410 1 144232 R 5.0 196 2 2479 1031
2256267435 1 144296 R 7.0 194 2 3509 1032
2257518200 1 144377 R 2.0 200 1 0 1033
2258265921 1 144424 R 4.0 199 1 2 1034
2259765923 1 144520 R 4.0 200 1 0 1035
2263017499 1 144728 R 5.0 198 2 1783 1036
2264269908 1 144809 R 10.0 192 3 5618 1037
2268262124 1 145064 R 3.0 201 1 0 1038
2270518467 1 145208 R 7.0 195 2 3810 1039
2274515897 1 145464 R 4.0 201 1 0 1040
2275517488 1 145528 R 5.0 199 2 2079 1041
2278903601 1 145745 R 2.0 201 1 537 1042
2279520684 1 145785 R 6.0 197 2 2913 1043
2282518182 1 145977 R 2.0 202 1 0 1044
2283013697 1 146008 R 3.0 202 1 317 1045
2284512122 1 146104 R 3.0 203 1 0 1046
2287520690 1 146297 R 6.0 198 2 2944 1047
2291268186 1 146537 R 2.0 203 1 0 1048
2299263697 1 147048 R 3.0 204 1 626 1049
2299518425 1 147064 R 4.0 202 1 1147 1050
2300018426 1 147096 R 7.0 197 2 4758 1051
2300518395 1 147128 R 5.0 200 2 3104 1052
2301517634 1 147192 R 4.0 203 1 235 1053
2302512111 1 147256 R 3.0 205 1 0 1054
2304265897 1 147368 R 4.0 204 1 0 1055
2307018397 1 147544 R 7.0 198 2 4272 1056
2309519860 1 147705 R 2.0 204 1 508 1057
2310020679 1 147737 R 6.0 199 2 3731 1058
2311270697 1 147817 R 6.0 200 2 3021 1059
2312762134 1 147912 R 3.0 206 1 0 1060
2315018390 1 148056 R 7.0 199 2 4290 1061
2321019852 1 148441 R 2.0 205 1 509 1062
2321520679 1 148473 R 6.0 201 2 3067 1063
2322020663 1 148505 R 6.0 202 2 2673 1064
2322519005 1 148537 R 2.0 206 1 13 1065
2323768407 1 148616 R 7.0 200 2 4117 1066
2324267551 1 148648 R 4.0 205 1 482 1067
2324762116 1 148680 R 3.0 207 1 0 1068
2325018389 1 148696 R 5.0 202 2 3058 1069
2330262124 1 149032 R 3.0 208 1 0 1070
2331017565 1 149080 R 4.0 206 1 323 1071
2331518381 1 149112 R 5.0 203 2 3185 1072
2332016713 1 149144 R 4.0 207 1 69 1073
2333512545 1 149240 R 2.0 207 1 0 1074
2336270678 1 149417 R 6.0 203 2 3000 1075
2339763536 1 149640 R 3.0 209 1 0 1076
2341018379 1 149720 R 5.0 204 2 2972 1077
2347823958 1 150156 R 2.0 208 1 495 1078
2349770698 1 150281 R 6.0 204 2 3073 1079
2350520173 1 150329 R 6.0 206 2 1978 1080
2351019027 1 150361 R 2.0 209 1 67 1081
2351770696 1 150409 R 6.0 207 2 1312 1082
2352768397 1 150472 R 5.0 205 2 2979 1083
2353268392 1 150504 R 5.0 206 2 2618 1084
2353767574 1 150536 R 4.0 208 1 504 1085
2354266737 1 150568 R 4.0 209 1 40 1086
2354762126 1 150600 R 3.0 210 1 0 1087
2358270695 1 150825 R 6.0 208 2 1269 1088
2360020686 1 150937 R 8.0 201 3 5796 1089
2360519883 1 150969 R 6.0 209 2 841 1090
2361768418 1 151048 R 7.0 203 2 4766 1091
2363512141 1 151160 R 3.0 211 1 0 1092
2364020714 1 151193 R 9.0 204 3 4408 1093
2365269014 1 151273 R 2.0 210 1 46 1094
2369767586 1 151560 R 4.0 210 1 131 1095
2370268413 1 151592 R 5.0 207 2 3110 1096
2370768207 1 151625 R 2.0 211 1 0 1097
2371273403 1 151657 R 4.0 211 1 0 1098
2374518409 1 151864 R 5.0 208 2 2321 1099
2377513695 1 152056 R 3.0 212 1 361 1100
2380512129 1 152248 R 3.0 213 1 0 1101
2382268217 1 152361 R 2.0 212 1 0 1102
2387020816 1 152665 R 6.0 210 2 1352 1103
2389370965 1 152815 R 5.0 209 2 2711 1104
2390018409 1 152856 R 7.0 207 2 4287 1105
2390517636 1 152888 R 4.0 212 1 155 1106
2392512143 1 153016 R 3.0 214 1 0 1107
2396269885 1 153257 R 2.0 213 1 372 1108
2396770697 1 153289 R 9.0 205 3 6131 1109
2397270700 1 153321 R 6.0 211 2 1743 1110
