248467595 1 15797 R 18.0 0 6 0 1
250222261 1 15910 R 2.0 0 1 0 2
257219058 1 16357 R 5.0 0 2 438 3
262467372 1 16693 R 4.0 0 1 0 4
264471072 1 16822 R 3.0 0 1 935 5
265221136 1 16870 R 6.0 0 2 161 6
270469347 1 17205 R 10.0 0 3 642 7
270969370 1 17237 R 15.0 0 5 927 8
276969434 1 17622 R 3.0 1 1 0 9
278470201 1 17717 R 8.0 0 3 1056 10
287220419 1 18277 R 12.0 0 5 1929 11
290719988 1 18502 R 2.0 1 1 0 12
299219316 1 19045 R 7.0 1 2 394 13
299719335 1 19077 R 4.0 1 1 383 14
300720441 1 19141 R 11.0 0 4 2415 15
301721363 1 19206 R 6.0 1 2 518 16
304720201 1 19397 R 5.0 1 2 1583 17
310219672 1 19750 R 3.0 2 1 0 18
313219309 1 19941 R 7.0 2 2 208 19
314220431 1 20005 R 16.0 0 6 3132 20
316219989 1 20134 R 2.0 2 1 0 21
323470422 1 20597 R 13.0 0 4 3925 22
324470199 1 20661 R 9.0 1 4 3035 23
325219643 1 20710 R 6.0 2 2 0 24
329218285 1 20965 R 4.0 2 1 0 25
333220416 1 21221 R 10.0 2 3 1000 26
337972434 1 21526 R 16.0 1 5 2161 27
340222419 1 21670 R 12.0 2 4 1965 28
348220203 1 22181 R 5.0 2 2 1728 29
348719287 1 22213 R 4.0 3 1 115 30
353219987 1 22502 R 2.0 3 1 0 31
353970403 1 22549 R 11.0 1 4 3896 32
356472386 1 22710 R 18.0 1 6 3906 33
357213713 1 22757 R 9.0 2 3 1677 34
357971289 1 22806 R 3.0 3 1 189 35
359217613 1 22885 R 7.0 3 2 0 36
365970215 1 23317 R 8.0 1 3 3909 37
367619189 1 23423 R 5.0 3 2 1347 38
374470214 1 23861 R 6.0 3 2 2042 39
374970447 1 23893 R 11.0 2 4 3414 40
376717596 1 24005 R 4.0 4 1 0 41
382470433 1 24373 R 18.0 2 6 3835 42
383979178 1 24470 R 3.0 4 1 0 43
384719987 1 24518 R 2.0 4 1 0 44
389470176 1 24821 R 5.0 4 2 1474 45
393222710 1 25062 R 14.0 1 5 6323 46
393722479 1 25094 R 6.0 4 2 1576 47
397722707 1 25350 R 17.0 2 6 4582 48
404985670 1 25814 R 7.0 4 2 1491 49
406119374 1 25887 R 13.0 1 4 7151 50
407743272 1 25991 R 9.0 4 3 2719 51
410261306 1 26152 R 9.0 3 3 3227 52
412017944 1 26265 R 9.0 5 3 778 53
413261466 1 26344 R 16.0 4 5 2938 54
414515595 1 26424 R 4.0 5 1 349 55
415008767 1 26456 R 8.0 3 3 3602 56
420757630 1 26824 R 5.0 5 2 1488 57
422751807 1 26952 R 3.0 5 1 0 58
423351525 1 26990 R 2.0 5 1 0 59
427509002 1 27256 R 12.0 3 4 5420 60
436260324 1 27816 R 3.0 6 1 0 61
442023557 1 28185 R 4.0 6 1 809 62
442524404 1 28217 R 8.0 4 3 3771 63
447772991 1 28553 R 17.0 4 6 3461 64
448268961 1 28585 R 6.0 5 2 1945 65
448769200 1 28617 R 11.0 5 4 2530 66
450273358 1 28713 R 13.0 3 4 5404 67
453016470 1 28889 R 2.0 6 1 0 68
455518132 1 29049 R 6.0 6 2 466 69
457519198 1 29177 R 15.0 4 5 4650 70
459266479 1 29289 R 2.0 7 1 0 71
460767881 1 29385 R 3.0 7 1 0 72
465019198 1 29657 R 13.0 5 4 4305 73
467019195 1 29785 R 16.0 5 5 4135 74
467518139 1 29817 R 6.0 7 2 278 75
470024410 1 29977 R 7.0 6 2 2444 76
470524634 1 30009 R 10.0 4 3 6590 77
471024419 1 30041 R 5.0 6 2 2534 78
471523594 1 30073 R 4.0 7 1 552 79
473524409 1 30201 R 5.0 7 2 1094 80
482024632 1 30745 R 10.0 6 3 3146 81
482524627 1 30777 R 10.0 7 3 1501 82
488018980 1 31129 R 9.0 6 3 2787 83
489531257 1 31225 R 7.0 7 2 692 84
496518158 1 31673 R 2.0 8 1 469 85
501273592 1 31977 R 4.0 8 1 720 86
503519195 1 32121 R 19.0 5 6 6175 87
508979196 1 32470 R 3.0 8 1 0 88
510024393 1 32537 R 7.0 8 2 1382 89
511018979 1 32601 R 9.0 7 3 3029 90
512269194 1 32681 R 17.0 5 6 7028 91
515024617 1 32857 R 14.0 6 5 5288 92
515524610 1 32889 R 10.0 8 3 1658 93
518274644 1 33065 R 12.0 5 4 7199 94
522018147 1 33305 R 6.0 8 2 795 95
526523495 1 33593 R 4.0 9 1 319 96
527274612 1 33641 R 12.0 7 4 3294 97
529768143 1 33801 R 6.0 9 2 873 98
530270040 1 33833 R 14.0 4 5 10200 99
533520719 1 34041 R 3.0 9 1 1128 100
534150346 1 34081 R 2.0 9 1 0 101
540769424 1 34505 R 15.0 6 5 6457 102
547024853 1 34905 R 18.0 5 7 8051 103
550269214 1 35113 R 9.0 8 3 3600 104
554782375 1 35401 R 5.0 8 2 3998 105
556282386 1 35497 R 8.0 7 3 4797 106
557282365 1 35561 R 7.0 9 2 1035 107
557782378 1 35593 R 8.0 8 3 2874 108
558531994 1 35641 R 10.0 10 3 630 109
560784143 1 35786 R 2.0 10 1 367 110
563534078 1 35962 R 3.0 10 1 0 111
564284966 1 36010 R 13.0 7 4 6431 112
566805442 1 36171 R 8.0 9 3 2011 113
567781747 1 36233 R 4.0 10 1 214 114
569280007 1 36329 R 7.0 10 2 0 115
571785349 1 36490 R 9.0 9 3 2456 116
577868917 1 36879 R 5.0 10 2 584 117
578532582 1 36921 R 19.0 6 6 9618 118
579284177 1 36970 R 6.0 10 2 604 119
582029881 1 37145 R 7.0 11 2 0 120
582532394 1 37178 R 2.0 11 1 0 121
584285047 1 37290 R 9.0 10 3 1961 122
586782585 1 37449 R 12.0 8 4 5377 123
589284960 1 37610 R 12.0 9 4 3374 124
589784123 1 37642 R 6.0 11 2 478 125
592034949 1 37786 R 16.0 8 5 5770 126
597031989 1 38105 R 10.0 11 3 715 127
598535235 1 38202 R 11.0 10 4 3240 128
600535740 1 38330 R 3.0 11 1 359 129
604781753 1 38601 R 5.0 11 2 891 130
605531742 1 38649 R 4.0 11 1 141 131
612784991 1 39114 R 15.0 8 5 7499 132
613535278 1 39162 R 11.0 11 4 1169 133
614034972 1 39194 R 14.0 9 5 5925 134
615781764 1 39305 R 4.0 12 1 453 135
619652215 1 39553 R 3.0 12 2 304 136
624795605 1 39882 R 5.0 12 2 0 137
631545472 1 40314 R 9.0 11 3 1971 138
639549666 1 40827 R 2.0 12 1 495 139
640299640 1 40875 R 3.0 13 2 341 140
641548399 1 40954 R 10.0 12 3 1754 141
642048144 1 40986 R 7.0 12 2 1043 142
642548159 1 41018 R 8.0 12 3 1129 143
645888262 1 41232 R 2.0 13 1 0 144
652548196 1 41658 R 9.0 12 3 2337 145
653048924 1 41690 R 18.0 8 6 10535 146
653547183 1 41722 R 4.0 13 1 253 147
657298429 1 41962 R 11.0 12 4 2813 148
664048336 1 42394 R 17.0 10 6 7259 149
664548430 1 42426 R 12.0 12 4 3211 150
672798338 1 42954 R 12.0 11 4 5157 151
673298142 1 42986 R 7.0 13 2 1106 152
674048222 1 43034 R 6.0 12 2 2622 153
679798131 1 43402 R 8.0 13 3 2263 154
684297955 1 43690 R 2.0 14 1 0 155
689798306 1 44042 R 16.0 11 5 6088 156
690298125 1 44074 R 5.0 13 2 1639 157
690796335 1 44106 R 4.0 14 1 39 158
691548340 1 44154 R 14.0 11 5 6126 159
695293485 1 44394 R 3.0 14 1 374 160
698563876 1 44603 R 10.0 13 3 2753 161
699571182 1 44668 R 6.0 14 2 1256 162
700821198 1 44748 R 5.0 14 2 2288 163
701573947 1 44796 R 13.0 11 4 6283 164
702072826 1 44828 R 3.0 15 1 0 165
709821542 1 45324 R 10.0 14 3 1074 166
710320578 1 45356 R 10.0 15 3 290 167
714321143 1 45612 R 2.0 15 1 0 168
715071158 1 45660 R 5.0 15 2 0 169
716070500 1 45724 R 6.0 15 2 356 170
721570498 1 46076 R 4.0 15 1 130 171
729072844 1 46556 R 3.0 16 1 0 172
730574885 1 46652 R 9.0 14 4 4112 173
731086923 1 46685 R 7.0 14 3 2612 174
737337019 1 47085 R 14.0 13 5 5892 175
742580563 1 47421 R 2.0 16 1 646 176
745085378 1 47581 R 4.0 16 1 0 177
746594653 1 47677 R 7.0 15 2 2076 178
747594602 1 47741 R 7.0 16 2 1241 179
750346207 1 47918 R 5.0 16 2 395 180
756344922 1 48301 R 11.0 15 4 3244 181
757360299 1 48366 R 11.0 14 5 5598 182
763112706 1 48735 R 15.0 13 5 6957 183
770385711 1 49200 R 9.0 15 3 3697 184
773135406 1 49376 R 8.0 15 3 3738 185
773893111 1 49424 R 16.0 13 5 8119 186
775382560 1 49520 R 4.0 17 1 597 187
778135708 1 49696 R 9.0 16 3 2527 188
779636014 1 49792 R 15.0 14 5 6678 189
780884883 1 49872 R 5.0 17 2 354 190
783650553 1 50049 R 2.0 17 1 0 191
792135271 1 50592 R 7.0 17 2 1161 192
793135711 1 50656 R 9.0 17 3 1860 193
800640038 1 51136 R 4.0 18 1 831 194
805134865 1 51424 R 2.0 18 1 352 195
806385936 1 51504 R 13.0 15 4 6060 196
806888422 1 51536 R 6.0 18 2 160 197
808489851 1 51639 R 6.0 16 2 3498 198
808885387 1 51664 R 8.0 16 3 4619 199
815640963 1 52096 R 10.0 17 3 2184 200
816635618 1 52160 R 12.0 16 4 5552 201
820951614 1 52436 R 19.0 15 6 6721 202
821635539 1 52480 R 14.0 15 5 7364 203
823387421 1 52592 R 6.0 17 2 4240 204
824137520 1 52640 R 3.0 18 1 1825 205
828134425 1 52896 R 4.0 19 1 380 206
829885922 1 53008 R 10.0 18 3 1970 207
830389653 1 53040 R 11.0 17 4 4288 208
830888711 1 53072 R 10.0 19 3 192 209
834384898 1 53296 R 3.0 19 1 0 210
841884868 1 53776 R 2.0 19 1 455 211
842389367 1 53808 R 12.0 17 4 3780 212
844637018 1 53952 R 16.0 15 5 8461 213
853392650 1 54512 R 8.0 18 3 3694 214
859153136 1 54881 R 8.0 19 3 1098 215
859652214 1 54913 R 2.0 20 1 281 216
861903018 1 55057 R 8.0 20 3 1013 217
864394058 1 55217 R 3.0 20 1 0 218
867398307 1 55409 R 4.0 20 1 0 219
868411106 1 55474 R 15.0 17 5 6524 220
869410898 1 55538 R 6.0 19 2 1891 221
870408413 1 55602 R 5.0 20 2 0 222
876908579 1 56017 R 7.0 19 2 3777 223
879909193 1 56210 R 2.0 21 1 28 224
882410990 1 56370 R 6.0 20 2 1974 225
886158571 1 56609 R 7.0 20 2 1066 226
891411071 1 56946 R 12.0 18 4 6487 227
893158084 1 57058 R 3.0 21 1 0 228
899410028 1 57458 R 8.0 21 3 395 229
900411909 1 57522 R 18.0 15 6 11285 230
903408915 1 57714 R 4.0 21 1 400 231
903906909 1 57745 R 7.0 21 2 63 232
905155941 1 57825 R 4.0 22 1 0 233
906411086 1 57906 R 13.0 18 4 6703 234
906910065 1 57938 R 5.0 21 2 383 235
909909743 1 58130 R 3.0 22 1 391 236
910908924 1 58194 R 9.0 20 3 2825 237
917168772 1 58594 R 6.0 21 2 1404 238
918668924 1 58690 R 11.0 20 4 3481 239
920168923 1 58786 R 12.0 19 4 6528 240
922416954 1 58930 R 2.0 22 1 36 241
924668770 1 59074 R 9.0 21 3 1246 242
925667839 1 59138 R 8.0 22 3 496 243
926918928 1 59218 R 10.0 20 3 3599 244
934174415 1 59682 R 10.0 21 3 3198 245
937168926 1 59874 R 14.0 19 5 6487 246
938402467 1 59953 R 5.0 22 2 381 247
938916967 1 59986 R 2.0 23 1 20 248
939666135 1 60034 R 5.0 23 2 0 249
944668630 1 60354 R 6.0 22 2 1183 250
954919757 1 61010 R 15.0 18 6 10645 251
955418939 1 61042 R 10.0 22 4 1805 252
960418942 1 61362 R 10.0 23 4 1577 253
961166965 1 61410 R 4.0 23 2 96 254
961923742 1 61458 R 7.0 23 3 633 255
968933181 1 61907 R 3.0 23 1 410 256
985431412 1 62963 R 3.0 24 1 0 257
986434283 1 63027 R 6.0 23 2 3058 258
986934267 1 63059 R 8.0 23 3 2888 259
987434254 1 63091 R 9.0 22 3 4148 260
989934400 1 63251 R 13.0 21 4 5602 261
995184254 1 63587 R 5.0 24 2 1635 262
995684396 1 63619 R 9.0 23 4 3509 263
996183465 1 63651 R 2.0 24 1 194 264
998184253 1 63779 R 6.0 24 2 1234 265
1005684253 1 64259 R 8.0 24 3 1730 266
1007681802 1 64387 R 4.0 24 1 1842 267
1008182024 1 64419 R 10.0 24 3 2595 268
1008681915 1 64451 R 12.0 22 4 5651 269
1009683354 1 64515 R 8.0 25 3 537 270
1011183026 1 64611 R 3.0 25 1 351 271
1012434417 1 64691 R 16.0 22 6 5808 272
1014432034 1 64819 R 12.0 23 4 3944 273
1016929220 1 64979 R 4.0 25 1 0 274
1018183373 1 65059 R 5.0 25 2 253 275
1019434435 1 65139 R 16.0 23 6 5186 276
1023430814 1 65395 R 7.0 24 2 2085 277
1027183465 1 65635 R 2.0 25 1 431 278
1027684267 1 65667 R 9.0 24 4 2022 279
1029684591 1 65795 R 11.0 24 4 3883 280
1032933780 1 66003 R 11.0 25 4 808 281
1040182046 1 66467 R 10.0 25 3 1174 282
1040931825 1 66515 R 7.0 25 2 1165 283
1043179839 1 66659 R 7.0 26 2 841 284
1045434427 1 66803 R 13.0 23 4 5850 285
1045684437 1 66819 R 13.0 24 4 3783 286
1045933352 1 66835 R 2.0 26 1 476 287
1048930871 1 67027 R 4.0 26 1 248 288
1050434273 1 67123 R 6.0 25 2 1906 289
1055684255 1 67459 R 9.0 26 3 1788 290
1055933466 1 67475 R 6.0 26 2 479 291
1056433182 1 67507 R 3.0 26 1 948 292
1057931689 1 67603 R 2.0 27 1 0 293
1059684276 1 67715 R 5.0 26 2 1035 294
1064700835 1 68036 R 18.0 21 6 10374 295
1065700022 1 68100 R 16.0 24 5 5577 296
1069198000 1 68324 R 5.0 27 2 0 297
1072712020 1 68549 R 4.0 27 1 502 298
1076469100 1 68789 R 11.0 27 4 565 299
1078221855 1 68902 R 3.0 27 1 565 300
1091992805 1 69783 R 7.0 27 2 873 301
1094730873 1 69958 R 6.0 27 2 2050 302
1095230846 1 69990 R 13.0 25 4 4683 303
1095985257 1 70038 R 7.0 28 2 455 304
1098230869 1 70182 R 8.0 26 3 3224 305
1100980832 1 70358 R 9.0 27 3 1334 306
1106230847 1 70694 R 11.0 26 4 4048 307
1109483545 1 70902 R 4.0 28 1 0 308
1116487157 1 71350 R 19.0 22 6 11853 309
1121980816 1 71702 R 8.0 27 3 2692 310
1122980849 1 71766 R 15.0 24 5 9807 311
1129230197 1 72166 R 4.0 29 1 402 312
1129736426 1 72198 R 13.0 27 4 4651 313
1132480663 1 72374 R 2.0 28 1 1378 314
1132979884 1 72406 R 3.0 29 2 448 315
1133480849 1 72438 R 10.0 27 3 3315 316
1135230669 1 72550 R 9.0 28 3 1647 317
1140230671 1 72870 R 6.0 28 3 2416 318
1146486393 1 73270 R 13.0 28 4 2915 319
1148479756 1 73398 R 2.0 29 1 496 320
1148980672 1 73430 R 5.0 29 2 1841 321
1152736137 1 73670 R 7.0 29 2 1535 322
1160730845 1 74182 R 12.0 27 5 4722 323
1163986168 1 74390 R 8.0 28 3 3355 324
1165479748 1 74486 R 3.0 30 2 388 325
1171480683 1 74870 R 9.0 29 3 2734 326
1171978930 1 74902 R 2.0 30 1 12 327
1172986341 1 74966 R 16.0 25 5 9583 328
1173736187 1 75014 R 8.0 29 3 2873 329
1175484461 1 75126 R 4.0 30 1 81 330
1176235332 1 75174 R 7.0 30 2 886 331
1179236343 1 75366 R 19.0 26 6 9847 332
1182480688 1 75574 R 6.0 29 3 3434 333
1191480845 1 76150 R 18.0 26 6 8806 334
1196482299 1 76470 R 3.0 31 1 1137 335
1197239014 1 76519 R 6.0 31 2 732 336
1200735305 1 76742 R 4.0 31 1 709 337
1201236387 1 76774 R 13.0 29 4 4274 338
1202230654 1 76838 R 6.0 30 3 2738 339
1202729743 1 76870 R 2.0 31 1 304 340
1204980665 1 77014 R 5.0 30 2 2329 341
1208235995 1 77222 R 10.0 30 3 3069 342
1210736353 1 77382 R 15.0 28 5 7988 343
1211235280 1 77414 R 4.0 32 1 281 344
1211869851 1 77455 R 18.0 28 6 6392 345
1218236356 1 77862 R 10.0 29 3 5422 346
1220230682 1 77990 R 5.0 31 2 1725 347
1225736186 1 78342 R 7.0 31 2 1504 348
1226236142 1 78374 R 8.0 30 3 3850 349
1228732635 1 78534 R 10.0 31 3 2830 350
1229980340 1 78614 R 6.0 32 2 1090 351
1230730630 1 78662 R 19.0 28 6 7586 352
1231231473 1 78694 R 3.0 32 1 350 353
1233230668 1 78822 R 5.0 32 2 1209 354
1234730676 1 78918 R 2.0 32 1 1164 355
1236733345 1 79046 R 16.0 27 5 10383 356
1240369005 1 79279 R 7.0 32 2 409 357
1240985282 1 79318 R 4.0 33 1 340 358
1241485290 1 79350 R 7.0 33 2 288 359
1243986362 1 79510 R 11.0 30 4 5434 360
1250498087 1 79927 R 9.0 30 3 5370 361
1250993762 1 79959 R 2.0 33 1 0 362
1252743890 1 80071 R 8.0 32 3 2435 363
1263998273 1 80791 R 10.0 32 3 2783 364
1267493750 1 81015 R 5.0 33 3 1084 365
1269248260 1 81127 R 12.0 29 4 9080 366
1269748088 1 81159 R 3.0 33 1 1059 367
1272991270 1 81367 R 4.0 34 1 0 368
1278246307 1 81703 R 8.0 33 3 2084 369
1279495310 1 81783 R 7.0 34 2 317 370
1283993969 1 82071 R 12.0 32 4 4227 371
1286247215 1 82215 R 3.0 34 1 810 372
1286748016 1 82247 R 9.0 31 3 6112 373
1287249011 1 82279 R 19.0 29 6 10526 374
1291746471 1 82567 R 11.0 32 4 5017 375
1292248091 1 82599 R 6.0 33 2 2837 376
1294248075 1 82727 R 6.0 34 2 1222 377
1294749028 1 82759 R 16.0 29 5 11023 378
1297903138 1 82961 R 9.0 32 3 4948 379
1299495386 1 83063 R 2.0 34 1 322 380
1299996314 1 83095 R 9.0 33 3 2463 381
1305241262 1 83431 R 4.0 35 1 0 382
1308745476 1 83655 R 6.0 35 2 0 383
1310493732 1 83767 R 2.0 35 1 0 384
1318496298 1 84279 R 5.0 34 2 2607 385
1318995401 1 84311 R 5.0 35 2 624 386
1319496311 1 84343 R 9.0 34 3 2225 387
1321995489 1 84503 R 3.0 35 1 0 388
1327243615 1 84839 R 2.0 36 1 0 389
1329993168 1 85015 R 4.0 36 1 0 390
1334246448 1 85287 R 13.0 32 4 7500 391
1334746472 1 85319 R 10.0 33 3 4744 392
1336743312 1 85447 R 6.0 36 2 0 393
1344245506 1 85927 R 3.0 36 1 0 394
1347746472 1 86151 R 10.0 34 3 3784 395
1350493758 1 86327 R 7.0 35 2 2107 396
1351243988 1 86375 R 11.0 34 4 4810 397
1351992917 1 86423 R 7.0 36 2 706 398
1353246472 1 86503 R 16.0 32 5 9366 399
1354493734 1 86583 R 5.0 36 2 0 400
1355993637 1 86679 R 2.0 37 1 0 401
1357743658 1 86791 R 5.0 37 2 0 402
1359496308 1 86903 R 8.0 35 3 2921 403
1361243994 1 87015 R 13.0 34 4 5727 404
1362495465 1 87095 R 3.0 37 1 0 405
1365996315 1 87319 R 8.0 36 3 2199 406
1371743976 1 87687 R 13.0 35 4 4459 407
1373994043 1 87831 R 6.0 37 2 0 408
1379125403 1 88159 R 9.0 36 3 2242 409
1380992925 1 88279 R 4.0 37 1 895 410
1381627462 1 88320 R 7.0 37 2 1279 411
1386743980 1 88647 R 15.0 34 5 6065 412
1393996454 1 89111 R 14.0 33 5 9193 413
1394496451 1 89143 R 17.0 33 6 8519 414
1395993985 1 89239 R 13.0 36 4 4256 415
1401244004 1 89575 R 14.0 34 5 7009 416
1401742763 1 89607 R 7.0 38 2 240 417
1403746310 1 89735 R 8.0 37 3 2358 418
1404991262 1 89815 R 4.0 38 1 0 419
1407243968 1 89959 R 13.0 37 4 1932 420
1408242914 1 90023 R 9.0 38 3 427 421
1410997231 1 90199 R 3.0 38 1 342 422
1413995394 1 90391 R 2.0 38 1 483 423
1414496406 1 90423 R 12.0 35 4 5652 424
1415747260 1 90503 R 6.0 38 2 694 425
1416996441 1 90583 R 12.0 36 4 3959 426
1417996304 1 90647 R 5.0 38 2 1372 427
1422494407 1 90935 R 10.0 37 3 3628 428
1422993148 1 90967 R 13.0 38 4 474 429
1425994417 1 91159 R 3.0 39 1 0 430
1429492929 1 91383 R 7.0 39 2 457 431
1433749081 1 91655 R 2.0 39 1 507 432
1434261894 1 91688 R 8.0 38 3 2643 433
1436775153 1 91849 R 10.0 38 3 2922 434
1437282750 1 91881 R 13.0 39 4 1016 435
1437781716 1 91913 R 4.0 39 1 211 436
1438781856 1 91977 R 9.0 39 3 546 437
1444785724 1 92362 R 6.0 39 2 551 438
1446048325 1 92442 R 14.0 37 5 5232 439
1446792697 1 92490 R 5.0 39 2 1306 440
1447292839 1 92522 R 11.0 37 4 4252 441
1450298389 1 92714 R 14.0 38 5 3483 442
1457046575 1 93146 R 2.0 40 1 396 443
1457541736 1 93178 R 5.0 40 2 305 444
1458042698 1 93210 R 3.0 40 1 0 445
1462548376 1 93498 R 11.0 38 4 3304 446
1463048385 1 93530 R 12.0 38 4 4162 447
1463547312 1 93562 R 4.0 40 1 341 448
1469047339 1 93914 R 7.0 40 2 999 449
1473541842 1 94202 R 6.0 40 2 1 450
1481556062 1 94715 R 10.0 40 3 1633 451
1482055950 1 94747 R 15.0 37 5 7048 452
1483307345 1 94827 R 6.0 41 2 0 453
1485808323 1 94987 R 8.0 40 3 2234 454
1487805868 1 95115 R 9.0 40 3 1020 455
1488559009 1 95163 R 3.0 41 1 239 456
1495305966 1 95595 R 11.0 39 4 5007 457
1495806091 1 95627 R 11.0 40 4 2282 458
1499557224 1 95867 R 5.0 41 2 443 459
1501803225 1 96011 R 4.0 41 1 0 460
1503305946 1 96107 R 16.0 38 5 6938 461
1512055708 1 96667 R 7.0 41 2 1222 462
1514555926 1 96827 R 11.0 41 4 1362 463
1516152368 1 96929 R 2.0 41 1 876 464
1516808323 1 96971 R 12.0 39 4 5447 465
1517306381 1 97003 R 2.0 42 1 16 466
1524305944 1 97451 R 12.0 40 4 4613 467
1525055867 1 97499 R 9.0 41 3 1546 468
1526117177 1 97567 R 4.0 42 1 4 469
1530309970 1 97835 R 6.0 42 2 1103 470
1537308322 1 98283 R 8.0 41 3 2566 471
1538808323 1 98379 R 18.0 38 6 8415 472
1544812311 1 98763 R 13.0 40 4 5327 473
1545307228 1 98795 R 2.0 43 1 262 474
1547559017 1 98939 R 6.0 43 2 509 475
1554682266 1 99395 R 18.0 39 6 7819 476
1555308049 1 99435 R 5.0 42 2 1721 477
1561057385 1 99803 R 3.0 43 1 0 478
1563555958 1 99963 R 15.0 39 5 8420 479
1564806673 1 100043 R 9.0 42 3 2819 480
1565306773 1 100075 R 10.0 42 3 3101 481
1569559020 1 100347 R 8.0 42 3 3219 482
1572212643 1 100517 R 4.0 43 1 529 483
1573305708 1 100587 R 4.0 44 1 196 484
1574306546 1 100651 R 7.0 43 2 1113 485
1576808969 1 100811 R 5.0 43 2 2276 486
1577309111 1 100843 R 13.0 41 4 5770 487
1583058181 1 101211 R 3.0 44 1 0 488
1586309111 1 101419 R 8.0 43 3 2942 489
1588309272 1 101547 R 13.0 43 4 3128 490
1588809112 1 101579 R 11.0 42 4 4181 491
1591559940 1 101755 R 6.0 44 2 534 492
1594304076 1 101931 R 7.0 44 2 0 493
1598058182 1 102171 R 2.0 44 1 310 494
1598557231 1 102203 R 2.0 45 1 56 495
1601310760 1 102379 R 9.0 43 3 3331 496
1601810976 1 102411 R 15.0 41 5 7998 497
1607060760 1 102747 R 9.0 44 3 1232 498
1614119603 1 103199 R 7.0 45 2 514 499
1615309016 1 103275 R 5.0 44 2 1882 500
1616309019 1 103339 R 8.0 44 3 1439 501
1616809113 1 103371 R 18.0 42 6 5910 502
1626809112 1 104011 R 17.0 42 6 7553 503
1629555853 1 104187 R 4.0 45 1 478 504
1630306912 1 104235 R 11.0 43 4 4465 505
1634307468 1 104491 R 10.0 43 3 4591 506
1637811800 1 104715 R 17.0 40 7 12326 507
1638059951 1 104731 R 3.0 45 1 866 508
1638310983 1 104747 R 16.0 42 5 7366 509
1639057016 1 104795 R 10.0 44 3 4080 510
1639558963 1 104827 R 5.0 45 2 1441 511
1646558033 1 105275 R 2.0 46 1 257 512
1649808181 1 105483 R 3.0 46 1 0 513
1651568465 1 105596 R 12.0 42 4 7776 514
1652560763 1 105659 R 9.0 45 3 2992 515
1653308956 1 105707 R 8.0 45 3 2690 516
1659557052 1 106107 R 10.0 45 3 2377 517
1661120575 1 106207 R 7.0 46 2 1137 518
1661805848 1 106251 R 4.0 46 1 463 519
1663869601 1 106383 R 4.0 47 1 151 520
1667559113 1 106619 R 11.0 44 4 5825 521
1668058033 1 106651 R 5.0 46 2 868 522
1673059113 1 106971 R 15.0 43 5 7069 523
1673809920 1 107019 R 3.0 47 1 673 524
1674060762 1 107035 R 9.0 46 3 2710 525
1674310760 1 107051 R 6.0 46 2 2134 526
1679565746 1 107388 R 9.0 47 3 0 527
1693809113 1 108299 R 14.0 43 5 9066 528
1694309112 1 108331 R 16.0 45 5 5599 529
1694808954 1 108363 R 2.0 47 1 1174 530
1696060977 1 108443 R 15.0 44 5 7517 531
1697058989 1 108507 R 6.0 48 2 32 532
1699056624 1 108635 R 10.0 48 3 0 533
1700809129 1 108747 R 18.0 43 7 9559 534
1702370686 1 108847 R 10.0 47 3 2213 535
1705308962 1 109035 R 8.0 46 3 3540 536
1707311019 1 109163 R 12.0 46 4 4921 537
1713309926 1 109547 R 3.0 48 1 126 538
1714309114 1 109611 R 13.0 44 4 8425 539
1715307211 1 109675 R 2.0 48 1 33 540
1717806819 1 109835 R 4.0 48 1 1681 541
1718306692 1 109867 R 5.0 47 2 3319 542
1720561008 1 110011 R 13.0 46 4 5064 543
1727309012 1 110443 R 7.0 48 2 1681 544
1727559123 1 110459 R 5.0 48 2 1891 545
1727808965 1 110475 R 8.0 47 3 3616 546
1728561015 1 110523 R 13.0 47 4 4408 547
1728810765 1 110539 R 9.0 48 3 1592 548
1729309896 1 110571 R 3.0 49 1 254 549
1733559920 1 110843 R 9.0 49 3 654 550
1735056789 1 110939 R 5.0 49 2 0 551
1740054228 1 111259 R 4.0 49 1 0 552
1751311840 1 111979 R 18.0 44 6 10053 553
1752058182 1 112027 R 2.0 49 1 643 554
1752554218 1 112059 R 4.0 50 1 0 555
1761059115 1 112603 R 7.0 49 2 2545 556
1761559003 1 112635 R 8.0 48 3 4431 557
1762058039 1 112667 R 2.0 50 1 583 558
1763559400 1 112763 R 10.0 49 3 1450 559
1766559927 1 112955 R 3.0 50 1 405 560
1778059114 1 113691 R 17.0 47 6 6025 561
1780060779 1 113819 R 6.0 49 2 3029 562
1780310762 1 113835 R 6.0 50 2 2197 563
1783308971 1 114027 R 5.0 50 2 1476 564
1789559121 1 114427 R 8.0 49 3 2828 565
1790058970 1 114459 R 8.0 50 3 2413 566
1791065638 1 114524 R 6.0 51 2 0 567
1793060019 1 114651 R 17.0 45 8 11023 568
1796305726 1 114859 R 4.0 51 1 334 569
1798308511 1 114987 R 2.0 51 1 0 570
1805982221 1 115478 R 3.0 51 1 859 571
1807820921 1 115596 R 11.0 48 4 6577 572
1808324614 1 115628 R 7.0 50 2 2317 573
1808824595 1 115660 R 5.0 51 2 1862 574
1813574616 1 115964 R 8.0 51 3 1197 575
1814824881 1 116044 R 11.0 50 4 4220 576
1815324739 1 116076 R 13.0 49 4 4657 577
1818074881 1 116252 R 13.0 50 4 4205 578
1822087319 1 116509 R 2.0 52 1 0 579
1823567451 1 116604 R 3.0 52 1 503 580
1823817457 1 116620 R 6.0 52 2 538 581
1824074745 1 116636 R 16.0 50 5 4395 582
1825571316 1 116732 R 4.0 52 1 390 583
1827074590 1 116828 R 7.0 51 2 1529 584
1830574598 1 117052 R 8.0 52 3 1142 585
1836573993 1 117436 R 5.0 52 2 322 586
1837333516 1 117485 R 14.0 46 5 12496 587
1840582533 1 117693 R 9.0 50 3 5224 588
1853335136 1 118509 R 4.0 53 1 0 589
1854582777 1 118589 R 12.0 50 4 6043 590
1855904184 1 118673 R 17.0 49 6 7340 591
1856582486 1 118717 R 9.0 51 3 4381 592
1859333313 1 118893 R 14.0 47 5 11956 593
1860581378 1 118973 R 3.0 53 1 0 594
1866339131 1 119341 R 2.0 53 1 432 595
1867832436 1 119437 R 7.0 52 2 3579 596
1868832635 1 119501 R 10.0 50 3 6033 597
1870082420 1 119581 R 9.0 52 3 3906 598
1873835152 1 119821 R 4.0 54 1 0 599
1879333853 1 120173 R 6.0 53 2 2043 600
1879584087 1 120189 R 10.0 52 3 3575 601
1879833027 1 120205 R 3.0 54 1 276 602
1884082407 1 120477 R 9.0 53 3 2338 603
1884582397 1 120509 R 5.0 53 2 1812 604
1885403038 1 120561 R 2.0 54 1 716 605
1889833296 1 120845 R 15.0 49 5 10741 606
1891831417 1 120973 R 5.0 54 2 901 607
1897082254 1 121309 R 8.0 53 3 2439 608
1897832277 1 121357 R 7.0 53 2 2975 609
1904579688 1 121789 R 2.0 55 1 0 610
1909082264 1 122077 R 8.0 54 3 1831 611
1911835553 1 122253 R 10.0 54 3 2050 612
1915082290 1 122461 R 6.0 54 3 2313 613
1917837899 1 122637 R 10.0 55 3 1316 614
1921332499 1 122861 R 13.0 52 4 5721 615
1923332270 1 122989 R 7.0 54 2 2193 616
1925332476 1 123117 R 10.0 53 4 4195 617
1931582260 1 123517 R 5.0 55 2 1162 618
1932082249 1 123549 R 7.0 55 2 1525 619
1932336930 1 123565 R 6.0 55 2 469 620
1934833028 1 123725 R 3.0 55 1 891 621
1940619772 1 124095 R 4.0 55 1 900 622
1942833030 1 124237 R 3.0 56 1 708 623
1948832248 1 124621 R 2.0 56 1 1072 624
1949332385 1 124653 R 8.0 55 3 2660 625
1949832481 1 124685 R 11.0 53 4 6538 626
1954829688 1 125005 R 7.0 56 2 0 627
1957087873 1 125149 R 13.0 53 4 7556 628
1959331417 1 125293 R 9.0 56 3 985 629
1963837765 1 125581 R 4.0 56 1 1673 630
1964337762 1 125613 R 6.0 56 2 2079 631
1968832595 1 125901 R 5.0 56 2 1279 632
1969331418 1 125933 R 7.0 57 2 415 633
1972831421 1 126157 R 9.0 57 3 368 634
1977083034 1 126429 R 3.0 57 1 941 635
1981332509 1 126701 R 11.0 54 4 6339 636
1988082406 1 127133 R 8.0 56 3 3384 637
1988332483 1 127149 R 11.0 55 4 4494 638
1988581424 1 127165 R 2.0 57 1 184 639
1991087639 1 127325 R 9.0 54 3 6243 640
1991587675 1 127357 R 4.0 57 1 1221 641
1992832505 1 127437 R 12.0 56 4 3061 642
2005083209 1 128221 R 17.0 54 7 8028 643
2005653992 1 128257 R 5.0 57 2 1239 644
2006581364 1 128317 R 3.0 58 1 0 645
2010587880 1 128573 R 10.0 56 3 5046 646
2012837749 1 128717 R 6.0 57 2 1890 647
2013581404 1 128765 R 2.0 58 1 435 648
2014082472 1 128797 R 15.0 54 5 8570 649
2014581392 1 128829 R 7.0 58 2 645 650
2016582470 1 128957 R 15.0 55 5 5928 651
2019332950 1 129133 R 3.0 59 1 0 652
2019837865 1 129165 R 10.0 58 3 1659 653
2024082462 1 129437 R 14.0 55 5 6743 654
2025597833 1 129534 R 9.0 58 3 1187 655
2026346937 1 129582 R 7.0 59 2 252 656
2030095600 1 129821 R 6.0 58 2 2155 657
2032345733 1 129965 R 8.0 58 3 2106 658
2033345584 1 130029 R 5.0 58 2 1609 659
2037347803 1 130286 R 8.0 57 3 4714 660
2039595309 1 130430 R 2.0 59 1 0 661
2040598037 1 130494 R 12.0 57 4 3796 662
2041595607 1 130557 R 5.0 59 2 1116 663
2042844767 1 130637 R 8.0 59 3 553 664
2043843941 1 130701 R 4.0 59 1 20 665
2045844766 1 130829 R 6.0 59 2 419 666
2049621312 1 131071 R 16.0 56 5 7270 667
2050371384 1 131119 R 11.0 57 4 4956 668
2053620180 1 131327 R 3.0 60 1 0 669
2055118165 1 131423 R 6.0 60 2 0 670
2071870031 1 132495 R 10.0 60 3 675 671
2077621202 1 132863 R 2.0 60 1 1378 672
2080120875 1 133023 R 16.0 58 5 5776 673
2080620964 1 133055 R 11.0 60 4 1555 674
2086369934 1 133423 R 4.0 60 1 645 675
2087370879 1 133487 R 13.0 59 4 3297 676
2088369814 1 133551 R 4.0 61 1 144 677
2091121921 1 133727 R 3.0 61 1 315 678
2091619825 1 133759 R 6.0 61 2 933 679
2095371373 1 133999 R 10.0 59 3 3649 680
2097870823 1 134159 R 9.0 60 3 3107 681
2100370964 1 134319 R 16.0 57 5 7850 682
2100870822 1 134351 R 5.0 60 2 1830 683
2105370822 1 134639 R 8.0 60 3 1873 684
2107870682 1 134799 R 8.0 61 3 1200 685
2108369827 1 134831 R 5.0 61 2 534 686
2113121242 1 135135 R 13.0 57 4 8959 687
2117119820 1 135391 R 4.0 62 1 412 688
2117620899 1 135423 R 9.0 61 3 1377 689
2118370965 1 135471 R 19.0 58 6 7026 690
2119120215 1 135519 R 3.0 62 1 0 691
2120120965 1 135583 R 19.0 57 6 9520 692
2127870963 1 136079 R 15.0 59 5 6871 693
2128626521 1 136127 R 16.0 61 5 3325 694
2134120966 1 136479 R 10.0 61 3 1901 695
2135119815 1 136543 R 5.0 62 2 475 696
2136870964 1 136655 R 13.0 61 4 3054 697
2138620965 1 136767 R 10.0 62 3 1550 698
2141371149 1 136943 R 2.0 61 1 2468 699
2147621325 1 137343 R 14.0 58 5 9595 700
2148371148 1 137391 R 2.0 62 1 1057 701
2149270157 1 137449 R 7.0 61 2 2840 702
2150370095 1 137519 R 2.0 63 1 254 703
2154620965 1 137791 R 11.0 61 4 3790 704
2155621033 1 137855 R 14.0 61 5 3658 705
2156120682 1 137887 R 6.0 62 2 1992 706
2160121152 1 138143 R 7.0 62 2 2939 707
2167370682 1 138607 R 8.0 62 3 2222 708
2169369825 1 138735 R 4.0 63 1 435 709
2169870994 1 138767 R 13.0 62 4 2621 710
2171620758 1 138879 R 5.0 63 2 1321 711
2173368168 1 138991 R 6.0 64 2 0 712
2177638314 1 139264 R 3.0 63 1 1028 713
2184368088 1 139695 R 4.0 64 1 0 714
2186144089 1 139809 R 14.0 62 5 4554 715
2189410579 1 140018 R 3.0 64 1 324 716
2191174970 1 140131 R 9.0 62 3 4183 717
2191935156 1 140179 R 7.0 63 2 1697 718
2199329320 1 140652 R 10.0 63 3 3307 719
2204200653 1 140964 R 14.0 60 5 9767 720
2205208148 1 141029 R 8.0 63 3 3088 721
2205707317 1 141061 R 2.0 64 1 921 722
2206206487 1 141093 R 2.0 65 1 56 723
2207455895 1 141173 R 5.0 64 2 1040 724
2208458137 1 141237 R 7.0 64 2 1303 725
2210208384 1 141349 R 13.0 64 4 1952 726
2212207319 1 141477 R 7.0 65 2 255 727
2213958153 1 141589 R 8.0 64 3 2002 728
2214705377 1 141637 R 3.0 65 1 0 729
2215713023 1 141701 R 16.0 62 5 5150 730
2226224012 1 142374 R 11.0 63 4 5065 731
2227223769 1 142438 R 8.0 65 3 1810 732
2229474014 1 142582 R 19.0 62 6 7631 733
2235722945 1 142982 R 7.0 66 2 292 734
2241471299 1 143350 R 2.0 66 1 0 735
2245972658 1 143638 R 6.0 66 2 523 736
2247971725 1 143766 R 3.0 66 1 65 737
2248721503 1 143813 R 9.0 64 3 3679 738
2249221464 1 143845 R 4.0 65 1 1985 739
2250720644 1 143941 R 4.0 66 1 839 740
2253973485 1 144150 R 9.0 66 3 1152 741
2255972878 1 144278 R 10.0 66 3 357 742
2262724007 1 144710 R 11.0 64 4 5098 743
2263770338 1 144777 R 10.0 64 3 5657 744
2265222601 1 144870 R 10.0 65 3 2896 745
2265716933 1 144901 R 2.0 67 1 365 746
2266470879 1 144950 R 9.0 67 3 0 747
2276474011 1 145590 R 18.0 62 6 9079 748
2277473774 1 145654 R 5.0 66 2 2809 749
2278968949 1 145749 R 4.0 67 1 0 750
2280724001 1 145862 R 15.0 64 5 5927 751
2281722652 1 145926 R 3.0 67 1 526 752
2283723993 1 146054 R 11.0 65 4 5142 753
2288973775 1 146390 R 8.0 66 3 2816 754
2295473707 1 146806 R 10.0 67 3 1124 755
2298730716 1 147014 R 2.0 68 1 557 756
2301473875 1 147190 R 3.0 68 1 902 757
2301983275 1 147222 R 6.0 67 2 1229 758
2304231739 1 147366 R 15.0 65 5 6666 759
2304731516 1 147398 R 5.0 67 2 1984 760
2306733493 1 147526 R 12.0 67 4 2592 761
2309981750 1 147734 R 11.0 66 4 4867 762
2312231529 1 147878 R 7.0 67 2 2269 763
2315482221 1 148086 R 6.0 68 2 986 764
2318234472 1 148262 R 4.0 68 1 0 765
2320983386 1 148438 R 17.0 65 6 7442 766
2322732540 1 148550 R 13.0 68 4 986 767
2329483493 1 148982 R 10.0 68 3 1331 768
2331984427 1 149142 R 4.0 69 1 0 769
2334983518 1 149334 R 16.0 67 5 3539 770
2341230664 1 149734 R 3.0 69 1 0 771
2346989225 1 150103 R 12.0 66 4 6883 772
2347481524 1 150134 R 7.0 69 2 1443 773
2347980695 1 150166 R 2.0 69 1 842 774
2349478962 1 150262 R 2.0 70 1 0 775
2350731769 1 150342 R 15.0 66 5 7072 776
2355620758 1 150655 R 14.0 65 5 8284 777
2360981487 1 150998 R 17.0 66 6 7600 778
2361481498 1 151030 R 3.0 70 1 46 779
2363869632 1 151183 R 4.0 70 1 867 780
2366228974 1 151334 R 7.0 70 2 0 781
2371233119 1 151654 R 6.0 69 2 1903 782
2373237005 1 151782 R 8.0 69 3 1647 783
2379756308 1 152200 R 9.0 68 3 4832 784
2385384083 1 152560 R 8.0 70 3 1718 785
2393521107 1 153081 R 3.0 71 1 543 786
2394022996 1 153113 R 19.0 65 6 11885 787
2395022046 1 153177 R 19.0 67 6 8179 788
2398271940 1 153385 R 6.0 70 2 2297 789
2399770464 1 153481 R 15.0 67 5 9201 790
