246467595 1 15669 R 14.0 0 5 0 1
255219031 1 16229 R 8.0 0 3 176 2
259722604 1 16518 R 3.0 0 1 0 3
260220330 1 16550 R 2.0 0 1 0 4
260717372 1 16581 R 5.0 0 2 0 5
262719423 1 16710 R 6.0 0 2 0 6
269719143 1 17157 R 4.0 0 1 486 7
270376927 1 17200 R 13.0 0 4 1086 8
277720198 1 17669 R 16.0 0 5 1525 9
285221628 1 18150 R 2.0 1 1 915 10
286969962 1 18262 R 2.0 2 1 0 11
290220210 1 18469 R 7.0 0 2 1956 12
290720434 1 18501 R 18.0 0 6 2666 13
291219305 1 18533 R 4.0 1 1 490 14
291961534 1 18581 R 4.0 2 1 429 15
293470136 1 18677 R 5.0 1 2 1688 16
299220434 1 19045 R 15.0 0 5 3395 17
300720144 1 19141 R 5.0 2 2 1004 18
306220168 1 19493 R 7.0 2 2 1410 19
310219981 1 19750 R 2.0 3 1 0 20
312969313 1 19925 R 4.0 3 1 311 21
313470380 1 19957 R 10.0 1 3 2580 22
318222154 1 20262 R 3.0 2 1 1596 23
319470437 1 20341 R 12.0 1 4 3173 24
327222177 1 20838 R 6.0 2 2 1562 25
328376653 1 20912 R 3.0 3 1 331 26
328980197 1 20950 R 3.0 4 1 23 27
337235402 1 21478 R 10.0 2 3 2915 28
343235511 1 21863 R 2.0 4 1 0 29
345993277 1 22039 R 9.0 1 3 4926 30
346493271 1 22071 R 6.0 3 2 1489 31
346993272 1 22103 R 4.0 4 1 1260 32
348493120 1 22199 R 2.0 5 1 0 33
353494869 1 22519 R 3.0 5 1 0 34
355493269 1 22647 R 5.0 3 2 3047 35
355993272 1 22679 R 6.0 4 2 1031 36
356492446 1 22711 R 4.0 5 1 147 37
358743274 1 22855 R 7.0 3 2 2291 38
366016788 1 23320 R 10.0 3 3 3581 39
366509161 1 23352 R 19.0 0 6 7620 40
368758959 1 23496 R 2.0 6 1 0 41
374008926 1 23832 R 6.0 5 2 1471 42
374508925 1 23864 R 7.0 4 2 2998 43
375007952 1 23896 R 4.0 6 1 233 44
376259013 1 23976 R 16.0 1 5 6822 45
378012011 1 24088 R 3.0 6 1 331 46
386267872 1 24617 R 3.0 7 1 0 47
389774548 1 24841 R 7.0 5 2 1912 48
390820936 1 24908 R 10.0 4 3 3339 49
391516500 1 24953 R 2.0 7 1 0 50
392271926 1 25001 R 4.0 7 1 0 51
394773147 1 25161 R 5.0 4 2 3306 52
396274630 1 25257 R 10.0 5 3 2616 53
403524386 1 25721 R 7.0 6 2 1417 54
404023564 1 25753 R 7.0 7 2 529 55
405274299 1 25833 R 9.0 3 3 5765 56
407266478 1 25961 R 2.0 8 1 0 57
412774410 1 26313 R 9.0 4 3 4700 58
414517870 1 26425 R 3.0 8 1 0 59
430524401 1 27449 R 6.0 7 2 2203 60
431274394 1 27497 R 6.0 8 2 1641 61
431773566 1 27529 R 4.0 8 1 520 62
432273457 1 27561 R 4.0 9 1 120 63
433766481 1 27657 R 2.0 9 1 0 64
436980903 1 27862 R 3.0 9 1 393 65
441018138 1 28121 R 6.0 9 2 434 66
443274394 1 28265 R 5.0 7 2 3604 67
446025837 1 28441 R 3.0 10 1 0 68
448018982 1 28569 R 9.0 7 3 3754 69
451016713 1 28761 R 2.0 10 1 0 70
452024390 1 28825 R 5.0 8 2 2630 71
452524387 1 28857 R 5.0 9 2 1322 72
453023782 1 28889 R 4.0 10 1 140 73
454518968 1 28985 R 9.0 8 3 3094 74
462024303 1 29465 R 9.0 6 3 5711 75
464367189 1 29615 R 8.0 7 3 4132 76
465773806 1 29705 R 5.0 10 2 554 77
466524419 1 29753 R 8.0 8 3 3013 78
467272040 1 29801 R 4.0 11 1 0 79
469518248 1 29945 R 3.0 11 1 0 80
471019207 1 30041 R 12.0 6 4 6595 81
472019187 1 30105 R 6.0 10 2 1308 82
472518369 1 30137 R 2.0 11 1 108 83
475274638 1 30313 R 9.0 10 3 1382 84
478024627 1 30489 R 7.0 10 2 2100 85
482020716 1 30745 R 10.0 8 3 4648 86
492024627 1 31385 R 7.0 11 2 1747 87
493119407 1 31455 R 5.0 11 2 1549 88
495772720 1 31625 R 4.0 12 1 0 89
496770728 1 31689 R 10.0 9 3 4242 90
497270964 1 31721 R 10.0 10 3 2994 91
497770964 1 31753 R 10.0 11 3 1168 92
498769080 1 31817 R 3.0 12 1 49 93
500520519 1 31929 R 8.0 9 3 3618 94
501772122 1 32009 R 7.0 12 2 0 95
507768362 1 32393 R 2.0 12 1 755 96
509267519 1 32489 R 2.0 13 1 33 97
510269885 1 32553 R 5.0 12 2 499 98
510769888 1 32585 R 5.0 13 2 304 99
511271160 1 32617 R 13.0 10 4 3210 100
516769418 1 32969 R 9.0 11 3 3354 101
525769415 1 33545 R 6.0 11 2 2730 102
526269425 1 33577 R 6.0 12 2 2337 103
526767740 1 33609 R 2.0 14 1 19 104
530024852 1 33817 R 4.0 13 1 1541 105
532020962 1 33945 R 14.0 8 5 7640 106
532521175 1 33977 R 10.0 13 3 1817 107
533520125 1 34041 R 3.0 13 1 774 108
534518599 1 34105 R 6.0 13 2 930 109
537518464 1 34297 R 3.0 14 1 0 110
542148751 1 34593 R 7.0 13 2 1253 111
543299443 1 34667 R 6.0 14 2 774 112
547774860 1 34953 R 7.0 14 2 1424 113
548774035 1 35017 R 4.0 14 1 971 114
549273196 1 35049 R 7.0 15 2 16 115
555022375 1 35417 R 4.0 15 1 0 116
556270946 1 35497 R 9.0 12 3 4006 117
557018594 1 35545 R 6.0 15 2 600 118
557768605 1 35593 R 2.0 15 1 381 119
558269661 1 35625 R 13.0 11 4 4693 120
563019654 1 35929 R 13.0 12 4 4459 121
565524009 1 36089 R 5.0 15 2 648 122
570519424 1 36409 R 9.0 14 3 1751 123
572275074 1 36521 R 11.0 12 4 4817 124
572775080 1 36553 R 10.0 15 3 1214 125
573273925 1 36585 R 4.0 16 1 190 126
578524885 1 36921 R 3.0 15 1 1405 127
580019439 1 37017 R 9.0 15 3 1879 128
580773029 1 37065 R 5.0 16 2 413 129
590518596 1 37689 R 2.0 16 1 491 130
592019650 1 37785 R 13.0 13 4 5123 131
592518599 1 37817 R 2.0 17 1 217 132
594869865 1 37967 R 10.0 16 3 1864 133
595524036 1 38009 R 7.0 16 2 919 134
596524034 1 38073 R 4.0 17 1 328 135
598774865 1 38217 R 8.0 14 3 4015 136
601269435 1 38377 R 6.0 16 2 1377 137
602019643 1 38425 R 13.0 14 4 4415 138
607773862 1 38793 R 7.0 17 2 1255 139
611521113 1 39033 R 3.0 16 1 2458 140
617024881 1 39385 R 9.0 16 3 2337 141
617523927 1 39417 R 7.0 18 2 446 142
618022373 1 39449 R 4.0 18 1 9 143
619025098 1 39513 R 10.0 17 3 1905 144
621525013 1 39673 R 8.0 16 3 3533 145
624268597 1 39849 R 2.0 18 1 771 146
624769426 1 39881 R 6.0 17 2 2450 147
625269661 1 39913 R 14.0 13 5 6670 148
627482223 1 40054 R 3.0 18 1 1302 149
629774023 1 40201 R 5.0 18 2 894 150
630519427 1 40249 R 6.0 18 2 1534 151
634516935 1 40505 R 6.0 19 2 1 152
638274035 1 40745 R 5.0 19 2 738 153
638775096 1 40777 R 13.0 15 4 5936 154
639274863 1 40809 R 9.0 17 3 3146 155
639773200 1 40841 R 4.0 19 1 73 156
643024859 1 41049 R 8.0 18 3 2062 157
648770121 1 41417 R 3.0 19 1 610 158
652268571 1 41641 R 2.0 19 1 500 159
655019670 1 41817 R 3.0 20 1 0 160
656022361 1 41881 R 4.0 20 1 0 161
659024837 1 42073 R 8.0 19 3 1603 162
661017890 1 42201 R 2.0 20 1 0 163
674018601 1 43033 R 2.0 21 1 502 164
674518597 1 43065 R 6.0 20 2 876 165
675370015 1 43119 R 11.0 19 4 3112 166
676024854 1 43161 R 5.0 20 2 1780 167
681275090 1 43497 R 10.0 18 3 3919 168
683018461 1 43609 R 3.0 21 1 0 169
683518576 1 43641 R 6.0 21 2 484 170
685268473 1 43753 R 3.0 22 1 0 171
687774027 1 43913 R 4.0 21 1 336 172
688274856 1 43945 R 7.0 20 2 2769 173
690025074 1 44057 R 12.0 17 4 5446 174
695766941 1 44425 R 2.0 22 1 0 175
697843586 1 44557 R 4.0 22 1 103 176
698274864 1 44585 R 8.0 20 3 3026 177
699518590 1 44665 R 6.0 22 2 434 178
706769657 1 45129 R 14.0 15 5 9839 179
707401361 1 45169 R 2.0 23 1 52 180
708775123 1 45257 R 11.0 20 4 3477 181
709269417 1 45289 R 9.0 19 3 4183 182
714268465 1 45609 R 3.0 23 1 0 183
715029380 1 45657 R 9.0 20 3 3471 184
723769421 1 46217 R 6.0 23 2 1010 185
725519560 1 46329 R 7.0 22 3 2582 186
726769405 1 46409 R 5.0 22 3 1695 187
727767755 1 46473 R 2.0 24 1 56 188
729519418 1 46585 R 9.0 21 3 3068 189
730769422 1 46665 R 9.0 22 3 2249 190
734770120 1 46921 R 3.0 24 1 581 191
736016940 1 47001 R 6.0 24 2 1 192
740771187 1 47305 R 10.0 20 3 6042 193
741519428 1 47353 R 4.0 23 2 1203 194
750019434 1 47897 R 7.0 23 3 2660 195
752019413 1 48025 R 9.0 23 3 2693 196
755521188 1 48249 R 12.0 19 4 7966 197
757269414 1 48361 R 5.0 23 3 2963 198
757768587 1 48393 R 2.0 25 1 428 199
758903035 1 48465 R 9.0 24 3 2048 200
759769412 1 48521 R 4.0 24 2 1024 201
762020119 1 48665 R 3.0 25 1 537 202
762270950 1 48681 R 5.0 24 2 2304 203
767524020 1 49017 R 4.0 25 1 967 204
768024853 1 49049 R 7.0 24 2 2179 205
768524024 1 49081 R 7.0 25 2 385 206
769769654 1 49161 R 13.0 21 4 6512 207
775117126 1 49503 R 4.0 26 1 0 208
776516958 1 49593 R 2.0 26 1 0 209
782020123 1 49945 R 3.0 26 1 772 210
782279851 1 49961 R 7.0 26 2 0 211
784269645 1 50089 R 13.0 22 4 5173 212
788521191 1 50361 R 11.0 22 4 6504 213
788770977 1 50377 R 5.0 25 2 1592 214
790769437 1 50505 R 6.0 25 2 2051 215
791771185 1 50569 R 10.0 23 3 4957 216
796270132 1 50857 R 5.0 26 2 980 217
807269410 1 51561 R 6.0 26 2 2327 218
808018579 1 51609 R 2.0 27 1 924 219
808766937 1 51657 R 2.0 28 1 0 220
812024835 1 51865 R 4.0 27 1 1613 221
814022061 1 51993 R 9.0 25 3 3498 222
817774848 1 52233 R 7.0 27 2 1965 223
818367939 1 52271 R 4.0 28 1 30 224
820521317 1 52409 R 13.0 23 4 7259 225
821020958 1 52441 R 6.0 27 2 1139 226
822522366 1 52537 R 7.0 28 2 0 227
826272343 1 52777 R 6.0 28 2 1249 228
828773090 1 52937 R 7.0 29 2 97 229
830020968 1 53017 R 8.0 24 3 6357 230
830270941 1 53033 R 3.0 28 1 1299 231
832271101 1 53161 R 9.0 26 3 3464 232
833520958 1 53241 R 5.0 27 2 2793 233
836268479 1 53417 R 3.0 29 1 0 234
838772382 1 53577 R 4.0 29 1 0 235
843521324 1 53881 R 10.0 24 3 6687 236
844270967 1 53929 R 8.0 25 3 6197 237
846520969 1 54073 R 5.0 28 2 2532 238
848019435 1 54169 R 9.0 27 3 3808 239
848520133 1 54201 R 5.0 29 2 934 240
850025080 1 54297 R 10.0 27 3 4169 241
854519413 1 54585 R 2.0 29 1 1166 242
855021092 1 54617 R 9.0 28 3 1999 243
856771526 1 54729 R 6.0 29 2 885 244
859119848 1 54879 R 10.0 28 3 2366 245
862025081 1 55065 R 10.0 29 3 1877 246
867774034 1 55433 R 4.0 30 1 235 247
870518599 1 55609 R 2.0 30 1 718 248
870771178 1 55625 R 10.0 26 3 6506 249
872770133 1 55753 R 3.0 30 1 605 250
874770840 1 55881 R 5.0 30 2 1575 251
878269655 1 56105 R 12.0 26 4 6140 252
878769658 1 56137 R 13.0 26 4 6135 253
879267760 1 56169 R 2.0 31 1 68 254
883024835 1 56409 R 7.0 30 2 1296 255
883525070 1 56441 R 10.0 30 3 1930 256
884769412 1 56521 R 6.0 30 2 1389 257
886024854 1 56601 R 7.0 31 2 1091 258
888522490 1 56761 R 4.0 31 1 63 259
889021188 1 56793 R 11.0 27 4 5416 260
890020124 1 56857 R 3.0 31 1 428 261
890520951 1 56889 R 8.0 28 3 4845 262
890772285 1 56905 R 4.0 32 1 0 263
892269431 1 57001 R 9.0 29 3 3112 264
894019430 1 57113 R 6.0 31 2 1425 265
895266956 1 57193 R 2.0 32 1 0 266
896018604 1 57241 R 6.0 32 2 239 267
898272381 1 57385 R 7.0 32 2 0 268
903774250 1 57737 R 10.0 32 3 453 269
907270954 1 57961 R 3.0 32 1 1120 270
907770956 1 57993 R 5.0 31 2 1927 271
913522283 1 58361 R 4.0 33 1 0 272
914272370 1 58409 R 7.0 33 2 0 273
916270964 1 58537 R 8.0 29 3 4620 274
917768607 1 58633 R 2.0 33 1 500 275
922774250 1 58953 R 10.0 33 3 320 276
923516950 1 59001 R 6.0 33 2 0 277
924770125 1 59081 R 3.0 33 1 382 278
925270966 1 59113 R 8.0 30 3 4502 279
925770949 1 59145 R 5.0 32 2 1683 280
926774976 1 59209 R 13.0 27 4 7703 281
927525090 1 59257 R 12.0 29 4 5398 282
934773931 1 59721 R 4.0 34 1 158 283
936524047 1 59833 R 7.0 34 2 472 284
937770959 1 59913 R 5.0 33 2 2002 285
938270139 1 59945 R 3.0 34 1 283 286
941020962 1 60121 R 9.0 30 3 5780 287
942520129 1 60217 R 6.0 34 2 496 288
946268601 1 60457 R 2.0 34 1 292 289
947021194 1 60505 R 11.0 31 4 4760 290
951774860 1 60809 R 9.0 31 3 4358 291
957774871 1 61193 R 9.0 32 3 4045 292
959774879 1 61321 R 9.0 33 3 2239 293
960273951 1 61353 R 7.0 35 2 507 294
962400544 1 61489 R 2.0 35 1 0 295
964367122 1 61615 R 4.0 35 1 0 296
967275083 1 61801 R 10.0 35 3 1172 297
972521199 1 62137 R 11.0 32 4 5586 298
973520131 1 62201 R 3.0 35 1 826 299
974020966 1 62233 R 5.0 34 2 2241 300
977769430 1 62473 R 6.0 35 2 1019 301
979769435 1 62601 R 9.0 34 3 2350 302
982869830 1 62799 R 10.0 36 3 1046 303
983524037 1 62841 R 4.0 36 1 319 304
985518600 1 62969 R 2.0 36 1 174 305
988024040 1 63129 R 7.0 36 2 433 306
988770978 1 63177 R 3.0 36 1 1509 307
993524177 1 63481 R 10.0 37 3 369 308
995768614 1 63625 R 2.0 37 1 435 309
996524053 1 63673 R 7.0 37 2 395 310
1004020940 1 64153 R 5.0 35 2 3209 311
1004769420 1 64201 R 9.0 35 3 3559 312
1006522372 1 64313 R 4.0 37 1 0 313
1010519412 1 64569 R 6.0 36 2 2413 314
1011519423 1 64633 R 9.0 36 3 2586 315
1012518583 1 64697 R 6.0 37 2 831 316
1015018579 1 64857 R 6.0 38 2 283 317
1015273933 1 64873 R 7.0 38 2 311 318
1018024986 1 65049 R 13.0 32 4 7543 319
1018732259 1 65094 R 8.0 34 3 5715 320
1024770936 1 65481 R 3.0 37 1 2004 321
1025770118 1 65545 R 3.0 38 1 449 322
1026270952 1 65577 R 5.0 36 2 2733 323
1027268582 1 65641 R 2.0 38 1 476 324
1031524031 1 65913 R 4.0 38 1 422 325
1032770955 1 65993 R 8.0 36 3 3948 326
1037774034 1 66313 R 7.0 39 2 560 327
1038274255 1 66345 R 10.0 39 3 352 328
1040275096 1 66473 R 12.0 32 4 9143 329
1042518594 1 66617 R 6.0 39 2 542 330
1043266930 1 66665 R 2.0 39 1 0 331
1046270949 1 66857 R 5.0 37 2 2919 332
1047270941 1 66921 R 5.0 38 2 1487 333
1048770127 1 67017 R 3.0 39 1 924 334
1049269286 1 67049 R 3.0 40 1 87 335
1056274031 1 67497 R 4.0 39 1 908 336
1056868768 1 67535 R 4.0 40 1 340 337
1063532587 1 67961 R 9.0 37 3 4120 338
1064286567 1 68010 R 5.0 39 2 2191 339
1072284145 1 68522 R 6.0 40 2 970 340
1072784168 1 68554 R 2.0 40 1 945 341
1073284104 1 68586 R 2.0 41 1 357 342
1076044459 1 68762 R 11.0 34 4 9341 343
1076294258 1 68778 R 8.0 37 3 4709 344
1076785724 1 68810 R 3.0 41 1 328 345
1077536564 1 68858 R 5.0 40 2 1311 346
1081781755 1 69129 R 4.0 41 1 690 347
1082282703 1 69161 R 12.0 36 4 7277 348
1083544241 1 69242 R 5.0 41 2 1068 349
1083786573 1 69258 R 8.0 38 3 4552 350
1091286457 1 69738 R 9.0 38 3 4425 351
1091782605 1 69769 R 7.0 40 2 2214 352
1098284187 1 70186 R 6.0 41 2 891 353
1099330394 1 70253 R 3.0 42 1 0 354
1103535218 1 70522 R 12.0 38 4 5902 355
1104034141 1 70554 R 2.0 42 1 736 356
1104786565 1 70602 R 8.0 39 3 4882 357
1107032819 1 70745 R 10.0 40 3 3271 358
1107619755 1 70783 R 7.0 41 2 1891 359
1108782590 1 70857 R 7.0 42 2 1446 360
1109281760 1 70889 R 4.0 42 1 418 361
1110782399 1 70986 R 2.0 43 1 0 362
1112482224 1 71094 R 8.0 40 3 3263 363
1113036794 1 71130 R 13.0 38 4 6645 364
1114285734 1 71210 R 3.0 43 1 260 365
1118032824 1 71449 R 10.0 41 3 2745 366
1118530856 1 71481 R 4.0 43 1 86 367
1122532815 1 71737 R 10.0 42 3 2048 368
1126536587 1 71994 R 5.0 42 2 1434 369
1128782823 1 72137 R 10.0 43 3 1587 370
1129781758 1 72201 R 7.0 43 2 719 371
1133286563 1 72426 R 5.0 43 2 1421 372
1137032396 1 72666 R 2.0 44 1 0 373
1138281757 1 72745 R 7.0 44 2 495 374
1141035737 1 72922 R 3.0 44 1 459 375
1141286580 1 72938 R 6.0 42 2 2550 376
1141536571 1 72954 R 6.0 43 2 2056 377
1148282841 1 73385 R 12.0 39 4 7333 378
1148781779 1 73417 R 4.0 44 1 580 379
1152036562 1 73626 R 8.0 42 3 3865 380
1153784084 1 73738 R 3.0 45 1 0 381
1154782601 1 73801 R 9.0 43 3 2150 382
1158036563 1 74010 R 6.0 44 2 1381 383
1159782405 1 74122 R 2.0 45 1 0 384
1166481400 1 74550 R 6.0 45 2 144 385
1167542461 1 74618 R 3.0 46 1 88 386
1167794451 1 74634 R 11.0 40 4 7647 387
1174284146 1 75050 R 2.0 46 1 290 388
1182794494 1 75594 R 5.0 44 2 2712 389
1184548158 1 75706 R 4.0 45 1 1790 390
1185798154 1 75786 R 9.0 44 3 3383 391
1186297299 1 75818 R 4.0 46 1 551 392
1195048346 1 76378 R 13.0 42 4 5979 393
1196544361 1 76474 R 5.0 45 2 2211 394
1201544353 1 76794 R 5.0 46 2 2126 395
1202293403 1 76842 R 3.0 47 1 732 396
1207055777 1 77147 R 13.0 43 4 6401 397
1208048151 1 77210 R 7.0 46 2 1439 398
1208546445 1 77242 R 4.0 47 1 38 399
1215544331 1 77690 R 8.0 44 3 4437 400
1215794348 1 77706 R 6.0 46 2 1950 401
1216546353 1 77754 R 7.0 48 2 72 402
1220544560 1 78010 R 13.0 44 4 5630 403
1222793331 1 78154 R 3.0 48 1 0 404
1223299662 1 78187 R 2.0 48 1 610 405
1226795604 1 78410 R 4.0 48 1 0 406
1227797979 1 78474 R 2.0 49 1 0 407
1233044334 1 78810 R 6.0 47 2 2316 408
1233294333 1 78826 R 8.0 45 3 5319 409
1233544338 1 78842 R 8.0 46 3 3971 410
1239544344 1 79226 R 6.0 48 2 1796 411
1242545605 1 79418 R 7.0 49 2 0 412
1248294343 1 79786 R 9.0 45 3 5825 413
1249547320 1 79866 R 4.0 49 1 196 414
1250796352 1 79946 R 4.0 50 1 91 415
1257048021 1 80346 R 6.0 49 2 1722 416
1257294326 1 80362 R 3.0 49 1 1035 417
1257543487 1 80378 R 3.0 50 1 443 418
1260794334 1 80586 R 9.0 46 3 5968 419
1262044561 1 80666 R 12.0 45 4 6173 420
1263545606 1 80762 R 7.0 50 2 0 421
1269045558 1 81114 R 2.0 50 1 502 422
1276047174 1 81562 R 7.0 51 2 400 423
1276547188 1 81594 R 4.0 51 1 425 424
1278294340 1 81706 R 5.0 48 2 3992 425
1278543487 1 81722 R 3.0 51 1 269 426
1280047801 1 81818 R 6.0 50 2 1576 427
1285797995 1 82187 R 2.0 51 1 0 428
1286297955 1 82218 R 2.0 52 1 0 429
1286795521 1 82250 R 7.0 52 2 0 430
1288293367 1 82346 R 3.0 52 1 0 431
1293297193 1 82666 R 4.0 52 1 259 432
1300044557 1 83098 R 11.0 45 4 8847 433
1300544483 1 83130 R 6.0 51 2 2076 434
1300794343 1 83146 R 5.0 49 2 3723 435
1307050484 1 83547 R 9.0 48 3 5290 436
1307550495 1 83579 R 9.0 49 3 4779 437
1308050485 1 83611 R 9.0 50 3 3842 438
1310544471 1 83770 R 5.0 50 2 3400 439
1313799716 1 83979 R 6.0 52 2 998 440
1317794472 1 84234 R 5.0 51 2 2072 441
1318294453 1 84266 R 5.0 52 2 1001 442
1318543485 1 84282 R 3.0 53 1 117 443
1322545513 1 84538 R 4.0 53 1 0 444
1330294319 1 85034 R 5.0 53 2 1458 445
1332152217 1 85153 R 2.0 53 1 673 446
1337044547 1 85466 R 10.0 50 3 5177 447
1337544402 1 85498 R 10.0 51 3 4161 448
1338543345 1 85562 R 3.0 54 1 141 449
1340548146 1 85690 R 7.0 53 2 1288 450
1347869613 1 86159 R 7.0 54 2 1188 451
1356294332 1 86698 R 8.0 51 3 4657 452
1358800497 1 86859 R 2.0 54 1 1106 453
1364544329 1 87226 R 5.0 54 2 1815 454
1365232446 1 87270 R 10.0 52 3 4194 455
1366543488 1 87354 R 3.0 55 1 583 456
1369044711 1 87514 R 10.0 53 3 3426 457
1372918509 1 87762 R 9.0 51 3 5775 458
1375294492 1 87914 R 9.0 53 3 4117 459
1377548104 1 88058 R 7.0 55 2 1836 460
1378542699 1 88122 R 4.0 55 1 785 461
1381550532 1 88315 R 4.0 54 2 2980 462
1386043487 1 88602 R 3.0 56 1 639 463
1389544475 1 88826 R 6.0 54 2 2867 464
1393294575 1 89066 R 13.0 51 4 7560 465
1396048112 1 89242 R 4.0 56 1 1061 466
1401546373 1 89594 R 6.0 53 2 5405 467
1402045606 1 89626 R 4.0 57 1 0 468
1406794331 1 89930 R 6.0 55 2 3429 469
1407294322 1 89962 R 6.0 56 2 1699 470
1407808010 1 89995 R 2.0 56 1 1713 471
1408299642 1 90027 R 2.0 57 1 223 472
1412293489 1 90282 R 3.0 57 1 713 473
1415400533 1 90481 R 2.0 58 1 0 474
1419544342 1 90746 R 6.0 57 2 1208 475
1420294579 1 90794 R 10.0 56 3 2391 476
1421479629 1 90870 R 3.0 58 1 0 477
1422797289 1 90954 R 4.0 58 1 612 478
1423298091 1 90986 R 9.0 54 3 5154 479
1424544328 1 91066 R 6.0 58 2 1139 480
1426791751 1 91210 R 3.0 59 1 0 481
1431294351 1 91498 R 5.0 56 2 2980 482
1432549150 1 91578 R 15.0 50 5 11592 483
1438294342 1 91946 R 5.0 57 2 2242 484
1441297990 1 92138 R 2.0 59 1 0 485
1446298142 1 92458 R 7.0 56 2 4086 486
1446798130 1 92490 R 7.0 57 2 2877 487
1447297175 1 92522 R 4.0 59 1 179 488
1451044477 1 92762 R 5.0 58 2 2777 489
1451544560 1 92794 R 13.0 53 4 8044 490
1452043485 1 92826 R 6.0 59 2 727 491
1454547630 1 92986 R 4.0 60 1 0 492
1455075497 1 93020 R 5.0 59 2 1025 493
1456821202 1 93132 R 7.0 58 2 3049 494
1461333099 1 93421 R 10.0 58 3 2427 495
1462325463 1 93484 R 8.0 57 3 3734 496
1464572871 1 93628 R 3.0 60 1 0 497
1466824595 1 93772 R 6.0 60 2 371 498
1474332184 1 94253 R 3.0 61 1 429 499
1475333015 1 94317 R 5.0 60 2 1636 500
1476330594 1 94381 R 2.0 61 1 306 501
1476586837 1 94397 R 7.0 59 2 3082 502
1477086815 1 94429 R 7.0 60 2 1847 503
1482830534 1 94797 R 6.0 61 2 0 504
1487833240 1 95117 R 10.0 59 3 2644 505
1488333244 1 95149 R 10.0 60 3 2639 506
1488833022 1 95181 R 5.0 61 2 1076 507
1490093589 1 95261 R 4.0 61 1 403 508
1490593590 1 95293 R 7.0 61 2 880 509
1491085974 1 95325 R 7.0 62 2 192 510
1496583257 1 95677 R 12.0 55 4 9204 511
1497080121 1 95709 R 2.0 62 1 0 512
1501332201 1 95981 R 6.0 62 2 582 513
1502332308 1 96045 R 10.0 62 3 432 514
1502832917 1 96077 R 8.0 59 3 3861 515
1504081356 1 96157 R 3.0 62 1 95 516
1506334355 1 96301 R 4.0 62 1 0 517
1508580530 1 96445 R 6.0 63 2 0 518
1510584311 1 96573 R 7.0 63 2 0 519
1515848635 1 96910 R 5.0 62 2 1004 520
1523598521 1 97406 R 9.0 60 3 4718 521
1524098548 1 97438 R 9.0 61 3 3555 522
1524846869 1 97486 R 3.0 63 1 52 523
1528096012 1 97694 R 6.0 64 2 0 524
1534593738 1 98109 R 4.0 64 1 311 525
1535098555 1 98142 R 5.0 63 2 1272 526
1545982295 1 98838 R 9.0 62 3 3318 527
1546732427 1 98886 R 12.0 61 4 4761 528
1548386853 1 98992 R 3.0 64 1 382 529
1550137524 1 99104 R 5.0 64 2 1310 530
1552136025 1 99232 R 7.0 64 2 394 531
1558385602 1 99632 R 2.0 64 2 1338 532
1558885615 1 99664 R 10.0 64 3 1654 533
1560132763 1 99744 R 4.0 65 1 0 534
1565135227 1 100064 R 2.0 65 2 884 535
1567136306 1 100192 R 16.0 59 5 8348 536
1567636362 1 100224 R 10.0 65 3 1118 537
1568388305 1 100272 R 6.0 65 2 1312 538
1569887411 1 100368 R 3.0 65 1 719 539
1570388293 1 100400 R 8.0 61 3 5493 540
1570886590 1 100432 R 3.0 66 1 46 541
1571386211 1 100464 R 8.0 64 3 2721 542
1574138358 1 100640 R 9.0 64 3 2904 543
1577385242 1 100848 R 4.0 66 1 311 544
1580884981 1 101072 R 9.0 63 3 3943 545
1583138537 1 101216 R 9.0 65 3 1999 546
1591138751 1 101728 R 15.0 60 5 8447 547
1592634360 1 101824 R 7.0 65 2 2063 548
1594136306 1 101920 R 5.0 65 2 1765 549
1598887415 1 102224 R 6.0 66 2 985 550
1608386090 1 102832 R 7.0 66 2 2180 551
1608886447 1 102864 R 10.0 66 3 2180 552
1609384382 1 102896 R 4.0 67 1 47 553
1612386065 1 103088 R 7.0 67 2 1076 554
1616138299 1 103328 R 3.0 67 1 1672 555
1618636194 1 103488 R 5.0 66 2 2244 556
1624982878 1 103894 R 6.0 67 2 2109 557
1625392126 1 103920 R 2.0 66 1 2621 558
1631388279 1 104304 R 6.0 68 2 1594 559
1632138494 1 104352 R 15.0 61 5 9676 560
1635636601 1 104576 R 2.0 67 1 2042 561
1636386590 1 104624 R 2.0 68 1 1607 562
1639888302 1 104848 R 3.0 68 1 1100 563
1646232179 1 105254 R 3.0 69 1 936 564
1647386086 1 105328 R 4.0 68 1 1624 565
1652636447 1 105664 R 10.0 68 3 2199 566
1653135224 1 105696 R 4.0 69 1 849 567
1653635291 1 105728 R 4.0 70 1 133 568
1654385692 1 105776 R 2.0 69 1 845 569
1657885714 1 106000 R 3.0 70 1 0 570
1660386208 1 106160 R 7.0 68 2 2510 571
1665138287 1 106464 R 8.0 66 3 5925 572
1666886089 1 106576 R 7.0 69 2 2544 573
1668886473 1 106704 R 12.0 63 4 9448 574
1670138348 1 106784 R 5.0 68 2 2931 575
1671386591 1 106864 R 3.0 71 1 15 576
1675135715 1 107104 R 2.0 70 1 981 577
1678138340 1 107296 R 5.0 69 2 3029 578
1681136103 1 107488 R 7.0 70 2 1885 579
1681635314 1 107520 R 7.0 71 2 590 580
1683388332 1 107632 R 5.0 70 2 2206 581
1685982974 1 107798 R 5.0 71 2 1139 582
1688135256 1 107936 R 4.0 71 1 305 583
1690136590 1 108064 R 6.0 69 2 3144 584
1691886072 1 108176 R 9.0 68 3 4182 585
1693388309 1 108272 R 8.0 68 3 5329 586
1696136591 1 108448 R 6.0 70 2 2934 587
1697386591 1 108528 R 6.0 71 2 1618 588
1698136590 1 108576 R 2.0 71 1 1009 589
1699385711 1 108656 R 2.0 72 1 383 590
1703385721 1 108912 R 3.0 72 1 0 591
1705638586 1 109056 R 11.0 66 4 7760 592
1707638360 1 109184 R 8.0 69 3 4169 593
1709870965 1 109327 R 10.0 70 3 3035 594
1711136447 1 109408 R 10.0 71 3 2763 595
1711887686 1 109456 R 4.0 72 1 221 596
1715136117 1 109664 R 9.0 70 3 3509 597
1718387382 1 109872 R 3.0 73 1 521 598
1719138326 1 109920 R 5.0 72 2 1399 599
1719888306 1 109968 R 8.0 71 3 3207 600
1724638022 1 110272 R 10.0 72 3 2200 601
1725388485 1 110320 R 9.0 72 3 1637 602
1726136590 1 110368 R 6.0 72 2 2147 603
1728383581 1 110512 R 4.0 73 1 0 604
1731388301 1 110704 R 5.0 73 2 1321 605
1732138359 1 110752 R 8.0 72 3 2468 606
1732885396 1 110800 R 7.0 73 2 838 607
1733392131 1 110832 R 2.0 73 1 1669 608
1734135710 1 110880 R 6.0 73 2 896 609
1738384441 1 111152 R 4.0 74 1 294 610
1744134068 1 111520 R 6.0 74 2 0 611
1746636463 1 111680 R 10.0 73 3 2257 612
1750883600 1 111952 R 4.0 75 1 0 613
1756135707 1 112288 R 2.0 74 1 655 614
1760333713 1 112557 R 3.0 74 1 1448 615
1760926990 1 112595 R 11.0 71 4 4996 616
1761894956 1 112657 R 3.0 75 1 545 617
1763651541 1 112769 R 7.0 74 2 2225 618
1764159421 1 112802 R 12.0 70 4 7310 619
1764659333 1 112834 R 9.0 73 3 2687 620
1769160890 1 113122 R 6.0 75 2 514 621
1769660869 1 113154 R 2.0 75 1 381 622
1775909220 1 113554 R 6.0 76 2 0 623
1777409422 1 113650 R 13.0 72 4 5657 624
1779657759 1 113793 R 4.0 76 1 71 625
1782909212 1 114002 R 2.0 76 1 0 626
1785909342 1 114194 R 7.0 75 2 1527 627
1787651932 1 114305 R 6.0 77 2 0 628
1789965834 1 114453 R 11.0 72 4 6537 629
1791909564 1 114578 R 10.0 76 3 1521 630
1792408591 1 114609 R 7.0 76 2 957 631
1793368786 1 114671 R 4.0 77 1 51 632
1796908580 1 114897 R 7.0 77 2 394 633
1802411412 1 115250 R 5.0 75 2 2986 634
1804409340 1 115378 R 9.0 75 3 3581 635
1804909341 1 115410 R 9.0 76 3 2113 636
1809659422 1 115714 R 12.0 74 4 4808 637
1812409216 1 115890 R 2.0 78 1 0 638
1816224481 1 116134 R 3.0 77 1 1338 639
1816910579 1 116178 R 3.0 78 1 464 640
1818161629 1 116258 R 10.0 77 3 1935 641
1823159564 1 116578 R 12.0 75 4 4151 642
1825759100 1 116744 R 4.0 78 1 543 643
1829160151 1 116962 R 6.0 78 2 354 644
1836661411 1 117442 R 5.0 77 2 2655 645
1837659217 1 117506 R 6.0 79 2 0 646
1839409339 1 117618 R 9.0 77 3 2057 647
1840055696 1 117659 R 7.0 78 2 940 648
1843159567 1 117858 R 19.0 71 6 9989 649
1847406928 1 118129 R 4.0 79 1 0 650
1849660164 1 118274 R 2.0 79 1 317 651
1850410040 1 118322 R 6.0 80 2 32 652
1854911698 1 118610 R 9.0 79 3 1504 653
1857157317 1 118753 R 2.0 80 1 0 654
1859659339 1 118914 R 7.0 79 2 1722 655
1862911435 1 119122 R 3.0 79 1 1892 656
1865159567 1 119266 R 10.0 78 3 3506 657
1865658585 1 119297 R 7.0 80 2 603 658
1866894727 1 119377 R 13.0 76 4 5879 659
1869367978 1 119535 R 4.0 80 1 0 660
1875661454 1 119938 R 5.0 79 2 2329 661
1876411420 1 119986 R 8.0 77 3 5440 662
1878909562 1 120146 R 10.0 80 3 1037 663
1883408667 1 120433 R 10.0 81 3 899 664
1886161937 1 120610 R 13.0 77 4 6070 665
1892160583 1 120994 R 3.0 81 1 609 666
1894160875 1 121122 R 6.0 81 2 961 667
1894916858 1 121170 R 2.0 81 1 553 668
1901916954 1 121618 R 2.0 82 1 0 669
1903924959 1 121747 R 7.0 81 2 1362 670
1906432537 1 121907 R 8.0 78 3 6388 671
1906932647 1 121939 R 4.0 81 1 1025 672
1907931694 1 122003 R 4.0 82 1 732 673
1910185136 1 122147 R 9.0 80 3 3264 674
1911685184 1 122243 R 9.0 81 3 2599 675
1914433962 1 122419 R 3.0 82 1 998 676
1915183852 1 122467 R 3.0 83 1 242 677
1919685157 1 122755 R 6.0 82 2 1230 678
1920182884 1 122787 R 10.0 82 3 2248 679
1920682659 1 122819 R 7.0 82 2 1882 680
1923432535 1 122995 R 2.0 83 1 0 681
1925685120 1 123139 R 6.0 83 2 1023 682
1934619643 1 123711 R 4.0 83 1 878 683
1935370470 1 123759 R 7.0 83 2 1006 684
1935931818 1 123795 R 4.0 84 1 177 685
1938182876 1 123939 R 10.0 83 3 1074 686
1939932209 1 124051 R 3.0 84 1 0 687
1941184254 1 124131 R 6.0 84 2 340 688
1945932510 1 124435 R 5.0 81 2 4868 689
1946682644 1 124483 R 5.0 82 2 3423 690
1947683374 1 124547 R 2.0 84 1 95 691
1956198176 1 125092 R 5.0 83 2 2280 692
1957198363 1 125156 R 13.0 80 4 6652 693
1963697762 1 125572 R 3.0 85 1 0 694
1965458133 1 125685 R 7.0 84 2 1637 695
1966208144 1 125733 R 7.0 85 2 1096 696
1967462797 1 125813 R 4.0 85 1 508 697
1967971372 1 125845 R 5.0 84 2 1890 698
1968471288 1 125878 R 2.0 85 1 0 699
1969722943 1 125958 R 6.0 85 2 270 700
1975730679 1 126342 R 2.0 86 1 180 701
1976230685 1 126374 R 7.0 86 2 495 702
1981072149 1 126684 R 9.0 82 3 4985 703
1981744863 1 126727 R 8.0 82 3 5441 704
1983994039 1 126871 R 4.0 86 1 329 705
1986744574 1 127047 R 6.0 86 2 0 706
1993986636 1 127511 R 7.0 87 2 0 707
1994767609 1 127561 R 6.0 87 2 0 708
1999005509 1 127832 R 3.0 86 1 755 709
1999505495 1 127864 R 3.0 87 1 448 710
2002524667 1 128057 R 8.0 83 3 4851 711
2006771279 1 128329 R 14.0 78 5 12758 712
2007269372 1 128361 R 2.0 87 1 104 713
2009017727 1 128473 R 2.0 88 1 0 714
2010520432 1 128569 R 13.0 81 4 8064 715
2011270214 1 128617 R 9.0 84 3 4400 716
2012770217 1 128713 R 9.0 85 3 4141 717
2014770108 1 128841 R 9.0 86 3 2637 718
2017517728 1 129017 R 6.0 88 2 0 719
2020519338 1 129209 R 3.0 88 1 0 720
2021274912 1 129257 R 4.0 87 1 876 721
2021783464 1 129289 R 8.0 84 3 5254 722
2022283468 1 129321 R 5.0 85 2 3529 723
2024032653 1 129433 R 4.0 88 1 226 724
2028784999 1 129738 R 7.0 88 2 610 725
2030286015 1 129834 R 10.0 85 3 4657 726
2032283467 1 129961 R 5.0 86 2 2891 727
2039783496 1 130441 R 5.0 87 2 3030 728
2045870478 1 130831 R 5.0 88 2 2061 729
2047120703 1 130911 R 11.0 85 4 6117 730
2048282658 1 130985 R 4.0 89 1 135 731
2051283723 1 131177 R 12.0 83 4 8990 732
2053036626 1 131290 R 3.0 89 1 821 733
2058048958 1 131610 R 8.0 87 3 4147 734
2058587460 1 131645 R 5.0 89 2 1288 735
2061792698 1 131850 R 3.0 90 1 0 736
2066119603 1 132127 R 4.0 90 1 564 737
2066798934 1 132170 R 5.0 90 2 1059 738
2072043514 1 132506 R 7.0 89 2 2591 739
2072543773 1 132538 R 10.0 87 3 5556 740
2073043521 1 132570 R 2.0 89 1 1751 741
2074042701 1 132634 R 2.0 90 1 990 742
2074542556 1 132666 R 2.0 91 1 242 743
2078548977 1 132922 R 6.0 90 2 1694 744
2087017137 1 133464 R 10.0 91 3 456 745
2087806549 1 133515 R 8.0 88 3 4361 746
2093809965 1 133899 R 3.0 91 1 947 747
2100893720 1 134353 R 6.0 91 2 1224 748
2102056758 1 134427 R 10.0 92 3 1092 749
2102554881 1 134459 R 4.0 92 1 90 750
2103806786 1 134539 R 13.0 86 4 7575 751
2105982226 1 134678 R 3.0 92 1 944 752
2107306394 1 134763 R 2.0 92 1 0 753
2110806561 1 134987 R 9.0 88 3 5436 754
2111306564 1 135019 R 9.0 89 3 5049 755
2117056773 1 135387 R 10.0 89 3 5241 756
2121056403 1 135643 R 2.0 93 1 0 757
2122305720 1 135723 R 4.0 93 1 297 758
2124306553 1 135851 R 5.0 91 2 3335 759
2124805715 1 135883 R 3.0 93 2 128 760
2125556552 1 135931 R 6.0 92 2 1375 761
2133305713 1 136427 R 3.0 94 2 112 762
2135056119 1 136539 R 7.0 91 2 3364 763
2139806392 1 136843 R 2.0 94 1 0 764
2146306700 1 137259 R 7.0 92 2 3546 765
2147056540 1 137307 R 7.0 93 2 1316 766
2148055716 1 137371 R 4.0 94 1 258 767
2149805833 1 137483 R 5.0 92 2 3848 768
2156306547 1 137899 R 5.0 93 2 2105 769
2157305723 1 137963 R 5.0 94 2 710 770
2161308061 1 138219 R 2.0 95 1 298 771
2170306780 1 138795 R 10.0 94 3 2644 772
2175651384 1 139137 R 2.0 96 1 0 773
2184556558 1 139707 R 7.0 94 2 2465 774
2193120441 1 140255 R 4.0 95 1 2034 775
2193806397 1 140299 R 2.0 97 1 0 776
2194309941 1 140331 R 3.0 96 1 496 777
2194809919 1 140363 R 3.0 97 1 270 778
2197310760 1 140523 R 6.0 95 2 2027 779
2199306567 1 140651 R 4.0 96 1 1513 780
2200806575 1 140747 R 7.0 95 2 2504 781
2201370501 1 140783 R 6.0 94 2 3471 782
2202305700 1 140843 R 4.0 97 1 290 783
2206310763 1 141099 R 6.0 96 2 1586 784
2213556394 1 141563 R 2.0 98 1 0 785
2214556548 1 141627 R 8.0 93 3 5924 786
2215068239 1 141660 R 6.0 97 2 1275 787
2216560999 1 141755 R 12.0 90 4 9883 788
2220810672 1 142027 R 7.0 96 2 2625 789
2222806561 1 142155 R 8.0 94 3 5675 790
2223806556 1 142219 R 5.0 95 2 3894 791
2224555729 1 142267 R 7.0 98 2 374 792
2226554088 1 142395 R 4.0 98 1 0 793
2233055860 1 142811 R 5.0 96 2 3834 794
2234560759 1 142907 R 6.0 98 2 1360 795
2241809974 1 143371 R 3.0 98 1 993 796
2242309921 1 143403 R 3.0 99 1 540 797
2242810770 1 143435 R 9.0 94 3 6325 798
2244306572 1 143531 R 5.0 97 2 3196 799
2244870583 1 143567 R 5.0 98 2 1274 800
2246305719 1 143659 R 4.0 99 1 703 801
2248306066 1 143787 R 11.0 93 4 8893 802
2251061913 1 143963 R 2.0 99 1 369 803
2254310742 1 144171 R 9.0 95 3 5830 804
2260306558 1 144555 R 8.0 97 3 4307 805
2261400790 1 144625 R 4.0 100 1 327 806
2262056526 1 144667 R 7.0 99 2 1387 807
2266555370 1 144955 R 7.0 100 2 734 808
2268308322 1 145067 R 2.0 100 1 846 809
2269556612 1 145147 R 2.0 101 1 0 810
2282060731 1 145947 R 9.0 96 3 6573 811
2283060759 1 146011 R 6.0 99 2 2732 812
2283560985 1 146043 R 3.0 100 1 1634 813
2284060129 1 146075 R 3.0 101 1 438 814
2291056553 1 146523 R 8.0 98 3 4491 815
2295558466 1 146811 R 3.0 102 1 0 816
2298306690 1 146987 R 5.0 99 2 3371 817
2298806788 1 147019 R 10.0 99 3 3958 818
2299555958 1 147067 R 4.0 101 1 749 819
2300306787 1 147115 R 6.0 100 2 2881 820
2308058374 1 147611 R 2.0 102 1 687 821
2313557003 1 147963 R 10.0 100 3 3575 822
2315810756 1 148107 R 9.0 98 3 6499 823
2316810763 1 148171 R 8.0 99 3 4670 824
2317310998 1 148203 R 5.0 101 2 1974 825
2319805950 1 148363 R 4.0 102 1 887 826
2320306802 1 148395 R 6.0 101 2 3151 827
2321055941 1 148443 R 6.0 102 2 884 828
2322054279 1 148507 R 6.0 103 2 0 829
2324056616 1 148635 R 2.0 103 1 0 830
2325058465 1 148699 R 3.0 103 1 0 831
2327818453 1 148876 R 5.0 102 2 2105 832
2335561029 1 149371 R 8.0 100 3 4370 833
2336061023 1 149403 R 8.0 101 3 4132 834
2336560148 1 149435 R 3.0 104 1 451 835
2339055947 1 149595 R 4.0 103 1 809 836
2339557003 1 149627 R 10.0 101 3 4437 837
2340306785 1 149675 R 7.0 101 2 3389 838
2341305957 1 149739 R 4.0 104 1 345 839
2343811036 1 149899 R 5.0 103 2 1054 840
2345061010 1 149979 R 5.0 104 2 1061 841
2346555961 1 150075 R 6.0 104 2 462 842
2351311241 1 150379 R 10.0 103 3 2361 843
2352809297 1 150475 R 3.0 105 1 22 844
2359806781 1 150923 R 7.0 102 2 3415 845
2360559115 1 150971 R 2.0 104 1 1007 846
2361058324 1 151003 R 2.0 105 1 671 847
2366811013 1 151371 R 9.0 101 3 5376 848
2367306779 1 151403 R 7.0 103 2 3618 849
2368567627 1 151484 R 5.0 105 2 126 850
2374306795 1 151851 R 7.0 104 2 2853 851
2375306797 1 151915 R 4.0 105 1 1026 852
2380653347 1 152257 R 2.0 106 1 528 853
2383811052 1 152459 R 8.0 104 3 3020 854
2384310140 1 152491 R 5.0 106 2 769 855
2385806785 1 152587 R 6.0 105 2 1801 856
2396806791 1 153291 R 7.0 106 2 1227 857
