256217441 1 16295 R 7.0 0 2 0 1
256970468 1 16343 R 9.0 0 4 430 2
260466872 1 16567 R 4.0 0 1 0 3
261218927 1 16615 R 2.0 0 1 0 4
271216749 1 17255 R 8.0 0 3 0 5
280968918 1 17879 R 4.0 1 1 0 6
283721334 1 18055 R 13.0 0 4 1120 7
292967876 1 18647 R 2.0 1 1 0 8
305969501 1 19479 R 8.0 1 3 1421 9
313721499 1 19975 R 6.0 0 2 2577 10
314219871 1 20007 R 3.0 0 2 3671 11
321721434 1 20487 R 5.0 0 2 2829 12
326221299 1 20775 R 4.0 2 1 1198 13
331470999 1 21111 R 6.0 1 2 3208 14
335469311 1 21367 R 3.0 1 1 2074 15
340969155 1 21719 R 5.0 1 2 2629 16
345468807 1 22007 R 4.0 3 1 0 17
351970905 1 22423 R 2.0 2 1 2895 18
365219716 1 23271 R 6.0 2 2 3201 19
372970869 1 23767 R 9.0 1 3 5858 20
375470162 1 23927 R 3.0 2 1 3432 21
377470001 1 24055 R 3.0 3 1 1441 22
391971584 1 24983 R 8.0 2 3 4295 23
395724595 1 25223 R 10.0 0 3 7521 24
418471718 1 26679 R 3.0 4 1 1125 25
420969752 1 26839 R 5.0 3 2 4433 26
421469872 1 26871 R 2.0 3 1 4645 27
427971589 1 27287 R 4.0 4 1 2963 28
431969182 1 27543 R 3.0 5 1 361 29
441970170 1 28183 R 7.0 2 2 7990 30
444216954 1 28327 R 3.0 6 1 709 31
447970159 1 28567 R 4.0 5 1 2490 32
450469039 1 28727 R 4.0 6 1 258 33
451969445 1 28823 R 2.0 4 1 5416 34
456969452 1 29143 R 2.0 5 1 3736 35
458719608 1 29255 R 6.0 3 2 6370 36
463220155 1 29543 R 7.0 3 2 8067 37
472217249 1 30119 R 4.0 7 1 0 38
476219103 1 30375 R 7.0 4 2 5262 39
478719637 1 30535 R 5.0 4 2 6114 40
479970867 1 30615 R 2.0 6 1 1670 41
503719727 1 32135 R 3.0 7 1 1649 42
507719340 1 32391 R 2.0 7 1 2582 43
519218773 1 33127 R 8.0 3 3 11044 44
523969298 1 33431 R 2.0 8 1 1384 45
527971686 1 33687 R 4.0 8 1 1232 46
532219311 1 33959 R 5.0 5 2 7877 47
541217848 1 34535 R 7.0 5 2 7406 48
547219872 1 34919 R 3.0 8 1 2769 49
557469880 1 35575 R 4.0 9 1 2472 50
558970887 1 35671 R 6.0 4 2 11062 51
561970028 1 35863 R 6.0 5 2 9413 52
571968750 1 36503 R 4.0 10 1 0 53
604969553 1 38615 R 4.0 11 1 741 54
614470026 1 39223 R 3.0 9 1 6259 55
619471658 1 39543 R 7.0 7 2 8992 56
621471577 1 39671 R 7.0 6 2 11511 57
625471026 1 39927 R 7.0 8 2 7796 58
636718026 1 40647 R 3.0 10 1 4745 59
643718018 1 41095 R 3.0 11 1 3532 60
644218521 1 41127 R 4.0 12 1 842 61
647720245 1 41351 R 2.0 10 1 4996 62
650721598 1 41543 R 6.0 8 2 9646 63
654720843 1 41799 R 6.0 6 2 13275 64
670971124 1 42839 R 4.0 13 1 1320 65
675220033 1 43111 R 6.0 9 2 9150 66
675471899 1 43127 R 2.0 11 1 4837 67
699469952 1 44663 R 3.0 12 1 5208 68
710221832 1 45351 R 2.0 12 1 5629 69
712220098 1 45479 R 6.0 10 2 9682 70
715721850 1 45703 R 2.0 13 1 4018 71
730721390 1 46663 R 2.0 14 1 2807 72
732720098 1 46791 R 2.0 15 1 1521 73
736220287 1 47015 R 4.0 14 1 3405 74
746720919 1 47687 R 5.0 11 2 10419 75
748471249 1 47799 R 3.0 13 1 7235 76
750719711 1 47943 R 4.0 15 1 2152 77
755469663 1 48247 R 2.0 16 1 1340 78
765972710 1 48919 R 7.0 11 2 11599 79
774969398 1 49495 R 3.0 14 1 5900 80
779970921 1 49815 R 5.0 12 2 10257 81
797718031 1 50951 R 3.0 15 1 6613 82
798220427 1 50983 R 4.0 16 1 4470 83
802220357 1 51239 R 6.0 12 2 11710 84
805221238 1 51431 R 3.0 16 1 4696 85
809222407 1 51687 R 7.0 12 2 11730 86
818220087 1 52263 R 4.0 17 1 1842 87
837219954 1 53479 R 2.0 17 1 4201 88
841219677 1 53735 R 3.0 17 1 4141 89
842970386 1 53847 R 3.0 18 1 2238 90
849720239 1 54279 R 4.0 18 1 3296 91
856971068 1 54743 R 5.0 13 2 13072 92
859222707 1 54887 R 7.0 14 2 11953 93
863719969 1 55175 R 2.0 18 1 4471 94
868469804 1 55479 R 3.0 19 1 1609 95
870469589 1 55607 R 3.0 20 1 1106 96
874971707 1 55895 R 2.0 19 1 3540 97
877718166 1 56071 R 4.0 19 1 2604 98
883471562 1 56439 R 2.0 20 1 1379 99
883967716 1 56471 R 3.0 21 1 0 100
886221452 1 56615 R 4.0 20 1 2145 101
891470830 1 56951 R 2.0 21 1 260 102
900971788 1 57559 R 6.0 17 2 7775 103
908719565 1 58055 R 6.0 18 2 5941 104
919219911 1 58727 R 7.0 17 2 9175 105
921469150 1 58871 R 3.0 22 1 0 106
947222064 1 60519 R 4.0 21 1 3644 107
951720472 1 60807 R 6.0 19 2 7829 108
957722064 1 61191 R 2.0 22 1 2063 109
959717848 1 61319 R 3.0 23 1 1 110
963719767 1 61575 R 6.0 20 2 6256 111
970719548 1 62023 R 6.0 21 2 5310 112
975721626 1 62343 R 2.0 23 1 2629 113
978469902 1 62519 R 4.0 22 1 3418 114
981219637 1 62695 R 2.0 24 1 421 115
992972045 1 63447 R 4.0 23 1 2606 116
996218735 1 63655 R 3.0 24 1 521 117
1004720611 1 64199 R 5.0 20 2 8738 118
1007222788 1 64359 R 7.0 19 2 10899 119
1011468388 1 64631 R 4.0 24 1 1532 120
1014219774 1 64807 R 4.0 25 1 620 121
1016218112 1 64935 R 2.0 25 1 11 122
1019221885 1 65127 R 6.0 22 2 5661 123
1025222894 1 65511 R 7.0 20 2 10117 124
1036969270 1 66263 R 2.0 26 1 1 125
1039967839 1 66455 R 4.0 26 1 0 126
1043726889 1 66695 R 3.0 25 1 2037 127
1057221473 1 67559 R 6.0 23 2 6224 128
1061472799 1 67831 R 7.0 21 2 10342 129
1068471018 1 68279 R 9.0 19 3 14663 130
1071470041 1 68471 R 3.0 26 1 1244 131
1090469905 1 69687 R 2.0 27 1 1300 132
1096971223 1 70103 R 4.0 27 1 1323 133
1101971923 1 70423 R 3.0 27 1 2760 134
1106469354 1 70711 R 4.0 28 1 364 135
1110720865 1 70983 R 7.0 23 2 10488 136
1116721095 1 71367 R 6.0 24 2 9031 137
1123720920 1 71815 R 3.0 28 1 643 138
1143719274 1 73095 R 4.0 29 1 0 139
1150719237 1 73543 R 7.0 24 2 10573 140
1151469911 1 73591 R 6.0 25 2 8382 141
1173972073 1 75031 R 7.0 25 2 9463 142
1176721904 1 75207 R 2.0 28 1 4961 143
1180472896 1 75447 R 10.0 22 3 15930 144
1184219758 1 75687 R 6.0 26 2 8203 145
1184971973 1 75735 R 2.0 29 1 2218 146
1191220477 1 76135 R 4.0 30 1 1534 147
1196968930 1 76503 R 4.0 31 1 666 148
1202969887 1 76887 R 2.0 30 1 2652 149
1206720489 1 77127 R 3.0 29 1 4142 150
1210470473 1 77367 R 7.0 28 2 7241 151
1224721059 1 78279 R 2.0 31 1 1488 152
1226467897 1 78391 R 4.0 32 1 0 153
1230220483 1 78631 R 7.0 29 2 6252 154
1234969362 1 78935 R 2.0 32 1 476 155
1237719643 1 79111 R 3.0 30 1 5112 156
1239471787 1 79223 R 3.0 31 1 3419 157
1249473557 1 79863 R 6.0 28 2 8685 158
1261967063 1 80663 R 4.0 33 1 0 159
1281970165 1 81943 R 3.0 32 1 2889 160
1285220469 1 82151 R 3.0 33 1 2355 161
1285719257 1 82183 R 6.0 29 2 10209 162
1293969645 1 82711 R 3.0 34 1 447 163
1298720862 1 83015 R 5.0 28 2 13002 164
1303472899 1 83319 R 2.0 33 1 3840 165
1305721289 1 83463 R 5.0 29 2 11258 166
1315218240 1 84071 R 2.0 34 1 1649 167
1315470180 1 84087 R 7.0 30 2 9686 168
1327972398 1 84887 R 7.0 31 2 8106 169
1336472049 1 85431 R 4.0 34 1 3787 170
1341970317 1 85783 R 3.0 35 1 1803 171
1349219904 1 86247 R 4.0 35 1 2355 172
1353981944 1 86551 R 4.0 36 1 1583 173
1366719566 1 87367 R 3.0 36 1 1397 174
1368721616 1 87495 R 2.0 35 1 3669 175
1379721469 1 88199 R 6.0 32 2 9025 176
1391972050 1 88983 R 7.0 33 2 8351 177
1394971967 1 89175 R 2.0 36 1 3120 178
1407471876 1 89975 R 2.0 37 1 1625 179
1411222294 1 90215 R 5.0 33 2 10736 180
1411720634 1 90247 R 3.0 37 1 2215 181
1415220468 1 90471 R 3.0 38 1 1259 182
1417972065 1 90647 R 4.0 37 1 2799 183
1422471776 1 90935 R 5.0 34 2 7972 184
1424721060 1 91079 R 2.0 38 1 1109 185
1430468566 1 91447 R 2.0 39 1 0 186
1441221479 1 92135 R 4.0 38 1 3160 187
1444217033 1 92327 R 3.0 39 1 0 188
1447718972 1 92551 R 4.0 39 1 473 189
1463971233 1 93591 R 5.0 35 2 9089 190
1482222455 1 94759 R 7.0 35 2 11581 191
1486970611 1 95063 R 3.0 40 1 1850 192
1495472135 1 95607 R 7.0 36 2 9577 193
1499472083 1 95863 R 2.0 40 1 2290 194
1502970324 1 96087 R 5.0 37 2 8466 195
1510969761 1 96599 R 2.0 41 1 1272 196
1514970337 1 96855 R 4.0 40 1 3875 197
1521970325 1 97303 R 5.0 38 2 7438 198
1528219627 1 97703 R 2.0 42 1 0 199
1534722637 1 98119 R 7.0 37 2 10111 200
1547719074 1 98951 R 2.0 43 1 534 201
1560222073 1 99751 R 4.0 41 1 3911 202
1564473267 1 100023 R 4.0 42 1 3316 203
1572721448 1 100551 R 3.0 41 1 4099 204
1583473180 1 101239 R 4.0 43 1 2002 205
1588722872 1 101575 R 3.0 42 1 4851 206
1596723023 1 102087 R 3.0 43 1 2744 207
1598471740 1 102199 R 3.0 44 1 1880 208
1601721556 1 102407 R 7.0 39 2 11276 209
1617221305 1 103399 R 2.0 44 1 2916 210
1619720554 1 103559 R 3.0 45 1 0 211
1621720724 1 103687 R 4.0 44 1 2897 212
1623971460 1 103831 R 5.0 40 2 9372 213
1624470775 1 103863 R 2.0 45 1 552 214
1629973316 1 104215 R 6.0 41 2 7181 215
1643471437 1 105079 R 3.0 46 1 1044 216
1644226889 1 105127 R 4.0 45 1 1781 217
1655723318 1 105863 R 6.0 42 2 7603 218
1658723275 1 106055 R 6.0 43 2 6829 219
1661971583 1 106263 R 4.0 46 1 1073 220
1666473327 1 106551 R 2.0 46 1 2330 221
1666971755 1 106583 R 5.0 42 2 9682 222
1670721573 1 106823 R 7.0 41 2 11419 223
1680723281 1 107463 R 6.0 44 2 6620 224
1684221867 1 107687 R 4.0 47 1 797 225
1685227821 1 107751 R 2.0 47 1 1482 226
1688972904 1 107991 R 6.0 45 2 3788 227
1692721464 1 108231 R 5.0 43 2 9351 228
1695470680 1 108407 R 4.0 48 1 0 229
1699972433 1 108695 R 5.0 44 2 6924 230
1701970059 1 108823 R 2.0 48 1 959 231
1710221169 1 109351 R 6.0 46 2 3341 232
1721470341 1 110071 R 2.0 49 1 376 233
1734221308 1 110887 R 3.0 47 1 4222 234
1734721311 1 110919 R 5.0 46 2 5551 235
1745971606 1 111639 R 3.0 48 1 2416 236
1749473306 1 111863 R 4.0 49 1 2023 237
1752974113 1 112087 R 7.0 44 2 11582 238
1769222566 1 113127 R 7.0 45 2 10832 239
1778721453 1 113735 R 3.0 49 1 2716 240
1784721182 1 114119 R 5.0 47 2 7507 241
1785471732 1 114167 R 3.0 50 1 2161 242
1789973144 1 114455 R 5.0 48 2 6010 243
1796221457 1 114855 R 2.0 50 1 1516 244
1799221451 1 115047 R 2.0 51 1 1216 245
1801220901 1 115175 R 6.0 47 2 7469 246
1803973161 1 115351 R 7.0 46 2 9661 247
1824723024 1 116679 R 6.0 48 2 8413 248
1829971053 1 117015 R 3.0 51 1 1864 249
1832970082 1 117207 R 3.0 52 1 792 250
1835219399 1 117351 R 2.0 52 1 0 251
1853721746 1 118535 R 4.0 50 1 5575 252
1857222724 1 118759 R 4.0 51 1 3742 253
1869222643 1 119527 R 2.0 53 1 1900 254
1869971738 1 119575 R 5.0 50 2 7387 255
1878471072 1 120119 R 2.0 54 1 212 256
1882722724 1 120391 R 5.0 49 2 8632 257
1891972717 1 120983 R 4.0 52 1 4530 258
1897973155 1 121367 R 5.0 51 2 6797 259
1900721073 1 121543 R 5.0 52 2 4007 260
1901471896 1 121591 R 3.0 53 1 4152 261
1905470917 1 121847 R 3.0 54 1 1290 262
1909469111 1 122103 R 2.0 55 1 0 263
1916221748 1 122535 R 4.0 53 1 4553 264
1919719119 1 122759 R 3.0 55 1 0 265
1926472862 1 123191 R 4.0 54 1 3604 266
1931223569 1 123495 R 8.0 45 3 20174 267
1942720224 1 124231 R 3.0 56 1 0 268
1958971449 1 125271 R 2.0 56 1 1316 269
1970719565 1 126023 R 4.0 55 1 3734 270
1971723231 1 126087 R 4.0 56 1 2298 271
1972473351 1 126135 R 5.0 53 2 6590 272
1989218580 1 127207 R 3.0 57 1 938 273
2000221468 1 127911 R 5.0 54 2 7843 274
2004974092 1 128215 R 6.0 51 2 12217 275
2020471597 1 129207 R 5.0 55 2 7527 276
2021219529 1 129255 R 3.0 58 1 1942 277
2044473047 1 130743 R 4.0 57 1 5367 278
2051471921 1 131191 R 2.0 57 1 5746 279
2063223294 1 131943 R 4.0 58 1 4452 280
2072221599 1 132519 R 5.0 56 2 8723 281
2080472944 1 133047 R 10.0 52 3 15872 282
2084722771 1 133319 R 3.0 59 1 3161 283
2087220597 1 133479 R 3.0 60 1 1325 284
2091222775 1 133735 R 4.0 59 1 4322 285
2095221451 1 133991 R 4.0 60 1 1815 286
2099472386 1 134263 R 4.0 61 1 933 287
2103471469 1 134519 R 6.0 56 2 9515 288
2119970480 1 135575 R 3.0 61 1 655 289
2123721176 1 135815 R 6.0 57 2 9926 290
2130221177 1 136231 R 2.0 58 1 8763 291
2133721049 1 136455 R 4.0 62 1 904 292
2137473159 1 136695 R 6.0 58 2 9185 293
2140719791 1 136903 R 3.0 62 1 1182 294
2141472149 1 136951 R 7.0 57 2 10727 295
2142471037 1 137015 R 2.0 59 1 7034 296
2148221056 1 137383 R 3.0 63 1 316 297
2155722106 1 137863 R 4.0 63 1 925 298
2161972675 1 138263 R 7.0 58 2 9066 299
2166971180 1 138583 R 6.0 59 2 7470 300
2168220570 1 138663 R 4.0 64 1 0 301
2187222027 1 139879 R 7.0 59 2 9232 302
2199973385 1 140695 R 2.0 60 1 9590 303
2202971872 1 140887 R 2.0 61 1 8050 304
2209971749 1 141335 R 6.0 60 2 9797 305
2212971455 1 141527 R 6.0 61 2 6475 306
2223473313 1 142199 R 7.0 60 2 9281 307
2226471462 1 142391 R 4.0 65 1 1259 308
2227971308 1 142487 R 3.0 64 1 2743 309
2235221327 1 142951 R 3.0 65 1 1353 310
2242723302 1 143431 R 7.0 62 2 8394 311
2251473334 1 143991 R 7.0 63 2 6551 312
2256223290 1 144295 R 2.0 62 1 8286 313
2256723515 1 144327 R 2.0 63 1 7460 314
2260721608 1 144583 R 5.0 62 2 9735 315
2266971168 1 144983 R 7.0 64 2 5786 316
2270219521 1 145191 R 5.0 64 2 6007 317
2274971185 1 145495 R 6.0 63 2 7020 318
2286222026 1 146215 R 2.0 64 1 6762 319
2288721174 1 146375 R 3.0 66 1 1907 320
2295473204 1 146807 R 2.0 65 1 5337 321
2297473339 1 146935 R 2.0 66 1 4320 322
2313222018 1 147943 R 4.0 66 1 3259 323
2315223159 1 148071 R 5.0 65 2 7252 324
2321722910 1 148487 R 2.0 67 1 2929 325
2322722190 1 148551 R 2.0 68 1 1254 326
2332971318 1 149207 R 3.0 67 1 3139 327
2336971601 1 149463 R 4.0 67 1 3976 328
2338971049 1 149591 R 3.0 68 1 1622 329
2343973088 1 149911 R 4.0 68 1 2491 330
2347970740 1 150167 R 3.0 69 1 1672 331
2349973467 1 150295 R 5.0 66 2 7752 332
2353469765 1 150519 R 3.0 70 1 165 333
2355469654 1 150647 R 2.0 69 1 2623 334
2357973448 1 150807 R 4.0 69 1 2250 335
2363472571 1 151159 R 8.0 61 3 18081 336
2382473044 1 152375 R 7.0 66 2 8803 337
2386720413 1 152647 R 6.0 65 2 11117 338
2391222038 1 152935 R 2.0 70 1 1084 339
2391970740 1 152983 R 4.0 70 1 1512 340
2395472100 1 153207 R 2.0 71 1 513 341
