248705739 1 15814 R 7.0 0 2 0 1
257205098 1 16358 R 13.0 0 4 0 2
264454868 1 16822 R 6.0 0 2 0 3
278957533 1 17750 R 4.0 0 1 350 4
289457501 1 18422 R 5.0 0 2 1244 5
291708529 1 18566 R 3.0 0 1 1127 6
296957819 1 18902 R 8.0 0 3 1673 7
297205171 1 18918 R 6.0 1 2 0 8
309706357 1 19718 R 4.0 1 1 0 9
312958588 1 19926 R 9.0 0 3 3332 10
316209580 1 20134 R 2.0 0 1 2877 11
321206252 1 20454 R 3.0 1 1 0 12
324454828 1 20662 R 5.0 1 2 853 13
330457032 1 21046 R 7.0 1 2 1640 14
345456668 1 22006 R 4.0 2 1 0 15
352960057 1 22486 R 10.0 0 3 6428 16
366709018 1 23366 R 3.0 2 1 1787 17
372709156 1 23750 R 7.0 2 2 2407 18
375458589 1 23926 R 2.0 1 1 3263 19
378707596 1 24134 R 5.0 2 2 2759 20
386958507 1 24662 R 2.0 2 1 934 21
388709449 1 24774 R 6.0 2 2 2115 22
389707869 1 24838 R 8.0 1 3 4920 23
399208823 1 25446 R 10.0 1 3 5476 24
408207884 1 26022 R 3.0 3 1 132 25
410957039 1 26198 R 4.0 3 1 685 26
416709428 1 26566 R 6.0 3 2 1953 27
423956902 1 27030 R 4.0 4 1 0 28
433705669 1 27654 R 5.0 3 2 2132 29
440457454 1 28086 R 9.0 2 3 5870 30
440959456 1 28118 R 2.0 3 1 2510 31
446957485 1 28502 R 2.0 4 1 2352 32
461207893 1 29414 R 9.0 1 3 9708 33
462209531 1 29478 R 12.0 2 4 8141 34
466956532 1 29782 R 2.0 5 1 0 35
476210451 1 30374 R 12.0 1 5 11481 36
479707751 1 30598 R 4.0 5 1 1206 37
492207884 1 31398 R 3.0 4 1 4321 38
507706951 1 32390 R 8.0 2 3 9556 39
510209145 1 32550 R 4.0 6 1 1683 40
515707172 1 32902 R 7.0 3 2 8761 41
518206910 1 33062 R 2.0 6 1 911 42
520707618 1 33222 R 7.0 4 2 5883 43
525958077 1 33558 R 6.0 4 2 5349 44
528707728 1 33734 R 3.0 5 1 5121 45
531458502 1 33910 R 5.0 4 2 5852 46
532207027 1 33958 R 9.0 3 3 8821 47
537707000 1 34310 R 3.0 6 1 1956 48
548208895 1 34982 R 5.0 5 2 4794 49
557208661 1 35558 R 11.0 2 5 13100 50
562707195 1 35910 R 7.0 5 2 6824 51
569955727 1 36374 R 3.0 7 1 1869 52
571709919 1 36486 R 5.0 6 2 4134 53
579458348 1 36982 R 2.0 7 1 959 54
581457929 1 37110 R 3.0 8 1 424 55
585208851 1 37350 R 13.0 3 4 11157 56
598957761 1 38230 R 5.0 7 2 4372 57
601217206 1 38374 R 4.0 7 1 2778 58
608707893 1 38854 R 6.0 5 2 7960 59
611707878 1 39046 R 4.0 8 1 2295 60
615210010 1 39270 R 8.0 4 3 12631 61
625209346 1 39910 R 2.0 8 1 1883 62
629959341 1 40214 R 6.0 6 2 7426 63
636710085 1 40646 R 10.0 4 3 12706 64
639207907 1 40806 R 4.0 9 1 627 65
648207067 1 41382 R 5.0 8 2 3451 66
656457161 1 41910 R 2.0 9 1 2505 67
674209385 1 43046 R 7.0 6 2 9385 68
674959308 1 43094 R 6.0 7 2 8243 69
684956600 1 43734 R 2.0 10 1 206 70
687709063 1 43910 R 7.0 7 2 8725 71
691958035 1 44182 R 3.0 9 1 2717 72
699457255 1 44662 R 3.0 10 1 2948 73
717455198 1 45814 R 3.0 11 1 0 74
727209412 1 46438 R 4.0 10 1 4709 75
734209368 1 46886 R 7.0 8 2 9752 76
736458050 1 47030 R 5.0 9 2 7192 77
741459681 1 47350 R 2.0 11 1 1125 78
751460779 1 47990 R 4.0 11 1 2234 79
752707869 1 48070 R 7.0 9 2 8400 80
771207134 1 49254 R 3.0 12 1 330 81
789458300 1 50422 R 4.0 12 1 3059 82
796710164 1 50886 R 6.0 9 2 12007 83
797455805 1 50934 R 3.0 13 1 0 84
800958265 1 51158 R 2.0 12 1 3285 85
802959365 1 51286 R 2.0 13 1 2106 86
806959658 1 51542 R 4.0 13 1 1216 87
817209389 1 52198 R 6.0 10 2 8556 88
821707966 1 52486 R 6.0 11 2 7599 89
837708110 1 53510 R 4.0 14 1 1077 90
841709096 1 53766 R 6.0 12 2 4904 91
848458562 1 54198 R 2.0 14 1 860 92
848705202 1 54214 R 4.0 15 1 0 93
854958246 1 54614 R 3.0 14 1 1672 94
859960513 1 54934 R 10.0 7 3 20068 95
864707129 1 55238 R 2.0 15 1 128 96
865457577 1 55286 R 6.0 13 2 5063 97
876458249 1 55990 R 5.0 10 2 12420 98
887958260 1 56726 R 7.0 11 2 9977 99
891958054 1 56982 R 7.0 12 2 9970 100
894957519 1 57174 R 2.0 16 1 243 101
907459050 1 57974 R 6.0 14 2 5421 102
925708236 1 59142 R 6.0 15 2 4579 103
926459919 1 59190 R 7.0 13 2 8692 104
942957758 1 60246 R 4.0 16 1 2047 105
945957943 1 60438 R 7.0 14 2 6826 106
946959905 1 60502 R 4.0 17 1 1172 107
956209816 1 61094 R 7.0 15 2 5443 108
960207524 1 61350 R 2.0 17 1 782 109
971709166 1 62086 R 9.0 12 3 14031 110
985708454 1 62982 R 5.0 12 3 14424 111
996957644 1 63702 R 7.0 16 2 5584 112
1006708041 1 64326 R 3.0 15 2 7162 113
1007709629 1 64390 R 2.0 18 1 1705 114
1020958336 1 65238 R 3.0 17 1 3924 115
1036709755 1 66246 R 3.0 18 1 3496 116
1037710729 1 66310 R 5.0 15 2 10309 117
1045959474 1 66838 R 4.0 18 1 2959 118
1051958210 1 67222 R 3.0 16 2 8511 119
1053709176 1 67334 R 2.0 19 1 1441 120
1056708609 1 67526 R 5.0 16 2 10448 121
1066958328 1 68182 R 4.0 19 1 2186 122
1067959486 1 68246 R 7.0 17 2 8170 123
1071959162 1 68502 R 6.0 16 2 10700 124
1079458929 1 68982 R 2.0 20 1 581 125
1081709150 1 69126 R 8.0 14 3 16884 126
1082959322 1 69206 R 3.0 19 1 4749 127
1090209906 1 69670 R 4.0 20 1 1551 128
1092459895 1 69814 R 9.0 13 3 19073 129
1099459215 1 70262 R 6.0 17 2 9355 130
1106208358 1 70694 R 3.0 20 1 2332 131
1113957513 1 71190 R 4.0 21 1 488 132
1128709336 1 72134 R 5.0 18 2 8975 133
1130457363 1 72246 R 2.0 21 1 622 134
1132957061 1 72406 R 2.0 22 1 162 135
1136955138 1 72662 R 4.0 22 1 0 136
1140957629 1 72918 R 3.0 21 1 2920 137
1148208210 1 73382 R 6.0 18 2 9881 138
1165959482 1 74518 R 6.0 19 2 8367 139
1168459637 1 74678 R 5.0 19 2 9898 140
1176957422 1 75222 R 4.0 23 1 0 141
1186207916 1 75814 R 7.0 19 2 8468 142
1192209840 1 76198 R 3.0 22 1 1528 143
1200958220 1 76758 R 2.0 23 1 2110 144
1201705430 1 76806 R 3.0 23 1 0 145
1213958214 1 77590 R 7.0 20 2 9409 146
1217956713 1 77846 R 4.0 24 1 0 147
1227457372 1 78454 R 2.0 24 1 635 148
1252958775 1 80086 R 3.0 24 1 513 149
1265458876 1 80886 R 7.0 21 2 11007 150
1268957276 1 81110 R 3.0 25 1 829 151
1270708248 1 81222 R 5.0 21 2 9797 152
1286459485 1 82230 R 2.0 25 1 2132 153
1290960715 1 82518 R 6.0 21 2 11046 154
1306459328 1 83510 R 4.0 25 1 1398 155
1313454841 1 83958 R 3.0 26 1 0 156
1319960724 1 84374 R 6.0 22 2 10573 157
1331209635 1 85094 R 4.0 26 1 1417 158
1342458045 1 85814 R 4.0 27 1 1077 159
1358708598 1 86854 R 6.0 23 2 10772 160
1364206977 1 87206 R 3.0 27 1 0 161
1368459892 1 87478 R 2.0 26 1 3223 162
1372958485 1 87766 R 6.0 24 2 8668 163
1380706806 1 88262 R 3.0 28 1 540 164
1388706108 1 88774 R 7.0 25 2 7490 165
1391465424 1 88950 R 2.0 27 1 4025 166
1396458987 1 89270 R 4.0 28 1 585 167
1402708194 1 89670 R 7.0 26 2 7357 168
1419209379 1 90726 R 2.0 28 1 2054 169
1424457136 1 91062 R 4.0 29 1 0 170
1429455857 1 91382 R 3.0 29 1 0 171
1435457946 1 91766 R 7.0 27 2 4914 172
1438958099 1 91990 R 6.0 26 2 8936 173
1444456846 1 92342 R 4.0 30 1 0 174
1451708199 1 92806 R 2.0 29 1 813 175
1478208498 1 94502 R 7.0 28 2 5672 176
1481210324 1 94694 R 5.0 25 2 12573 177
1489459760 1 95222 R 3.0 30 1 1379 178
1492708211 1 95430 R 7.0 29 2 5579 179
1495709070 1 95622 R 5.0 26 2 11608 180
1501208504 1 95974 R 2.0 30 1 2972 181
1504957506 1 96214 R 2.0 31 1 312 182
1511710193 1 96646 R 9.0 25 3 15823 183
1514710870 1 96838 R 6.0 27 2 10829 184
1523459327 1 97398 R 5.0 28 2 8010 185
1529708207 1 97798 R 4.0 31 1 1195 186
1531959039 1 97942 R 5.0 29 2 6564 187
1539959054 1 98454 R 5.0 30 2 3729 188
1541458214 1 98550 R 6.0 28 2 9440 189
1543458800 1 98678 R 4.0 32 1 799 190
1557958620 1 99606 R 6.0 29 2 9014 191
1569210166 1 100326 R 7.0 30 2 7776 192
1587460630 1 101494 R 2.0 32 1 1933 193
1587958303 1 101526 R 4.0 33 1 0 194
1600960662 1 102358 R 6.0 30 2 7959 195
1606959861 1 102742 R 3.0 32 1 2991 196
1610960432 1 102998 R 2.0 33 1 1827 197
1614708579 1 103238 R 3.0 33 1 1977 198
1620709016 1 103622 R 5.0 31 2 7028 199
1632209770 1 104358 R 3.0 34 1 1154 200
1641456108 1 104950 R 4.0 34 1 0 201
1648960587 1 105430 R 6.0 31 2 7849 202
1650709014 1 105542 R 7.0 32 2 6456 203
1670956393 1 106838 R 4.0 35 1 0 204
1681960303 1 107542 R 7.0 33 2 5880 205
1686460304 1 107830 R 3.0 35 1 2273 206
1693709156 1 108294 R 7.0 34 2 4820 207
1710708748 1 109382 R 6.0 32 2 9877 208
1717959425 1 109846 R 5.0 32 2 12292 209
1726209028 1 110374 R 2.0 35 1 3376 210
1729959477 1 110614 R 4.0 36 1 544 211
1734958338 1 110934 R 2.0 36 1 673 212
1738208483 1 111142 R 4.0 37 1 253 213
1745959899 1 111638 R 7.0 35 2 6077 214
1751710073 1 112006 R 10.0 28 3 22191 215
1767709871 1 113030 R 3.0 36 1 4242 216
1777713413 1 113670 R 6.0 33 2 12599 217
1779709938 1 113798 R 10.0 31 3 17061 218
1782459187 1 113974 R 3.0 37 1 962 219
1803457957 1 115318 R 4.0 38 1 0 220
1808709713 1 115654 R 8.0 32 3 17483 221
1815208618 1 116070 R 5.0 35 2 8051 222
1820460181 1 116406 R 6.0 34 2 12314 223
1829460602 1 116982 R 2.0 37 1 4790 224
1831959192 1 117142 R 4.0 39 1 732 225
1834709352 1 117318 R 10.0 32 3 18943 226
1838956942 1 117590 R 3.0 38 1 2146 227
1841958304 1 117782 R 3.0 39 1 2266 228
1848208461 1 118182 R 2.0 38 1 3054 229
1853208902 1 118502 R 7.0 36 2 9276 230
1853958884 1 118550 R 2.0 39 1 2179 231
1861456695 1 119030 R 4.0 40 1 0 232
1862209853 1 119078 R 5.0 36 2 10348 233
1872207023 1 119718 R 7.0 37 2 7179 234
1885459044 1 120566 R 3.0 40 1 381 235
1886959996 1 120662 R 6.0 36 2 10552 236
1893459038 1 121078 R 7.0 38 2 7403 237
1903458355 1 121718 R 2.0 40 1 1482 238
1906207871 1 121894 R 5.0 37 2 10318 239
1909209611 1 122086 R 2.0 41 1 722 240
1914211763 1 122406 R 6.0 38 2 9149 241
1920960314 1 122838 R 7.0 39 2 4888 242
1923710291 1 123014 R 3.0 41 1 1324 243
1926707080 1 123206 R 6.0 39 2 6362 244
1931459449 1 123510 R 4.0 41 1 1938 245
1940460445 1 124086 R 7.0 40 2 5506 246
1941206246 1 124134 R 2.0 42 1 0 247
1944710899 1 124358 R 9.0 37 3 12545 248
1946962053 1 124502 R 5.0 38 2 10295 249
1955708451 1 125062 R 4.0 42 1 1850 250
1967459213 1 125814 R 3.0 42 1 939 251
1968956416 1 125910 R 4.0 43 1 0 252
1989208887 1 127206 R 6.0 40 2 7722 253
1990459902 1 127286 R 5.0 39 2 10962 254
1990959365 1 127318 R 6.0 41 2 3814 255
1996708893 1 127686 R 5.0 40 2 8691 256
2001957782 1 128022 R 2.0 43 1 353 257
2004207884 1 128166 R 9.0 38 3 14069 258
2012708220 1 128710 R 7.0 42 2 4566 259
2017709608 1 129030 R 3.0 43 1 714 260
2037960595 1 130326 R 5.0 41 2 9311 261
2040210442 1 130470 R 3.0 44 1 1264 262
2040708101 1 130502 R 2.0 44 1 0 263
2044460213 1 130742 R 10.0 39 3 14184 264
2047208037 1 130918 R 4.0 44 1 401 265
2050208915 1 131110 R 6.0 42 2 7013 266
2058208241 1 131622 R 4.0 45 1 0 267
2067706982 1 132230 R 5.0 42 2 7333 268
2075209167 1 132710 R 5.0 43 2 6727 269
2082459035 1 133174 R 2.0 45 1 491 270
2092709729 1 133830 R 8.0 39 3 17645 271
2095206683 1 133990 R 4.0 46 1 0 272
2108958273 1 134870 R 7.0 43 2 7793 273
2115960306 1 135318 R 2.0 46 1 1424 274
2124458327 1 135862 R 6.0 43 2 8657 275
2139458740 1 136822 R 6.0 44 2 8476 276
2142207057 1 136998 R 3.0 45 1 3465 277
2144208102 1 137126 R 4.0 47 1 0 278
2146710630 1 137286 R 6.0 45 2 4133 279
2149958793 1 137494 R 3.0 46 1 3151 280
2150958666 1 137558 R 3.0 47 1 393 281
2155458378 1 137846 R 7.0 45 2 6350 282
2162459021 1 138294 R 6.0 46 2 2162 283
2166209772 1 138534 R 2.0 47 1 1024 284
2176960720 1 139222 R 6.0 47 2 3228 285
2179706136 1 139398 R 4.0 48 1 0 286
2180709140 1 139462 R 8.0 42 3 14369 287
2209710199 1 141318 R 2.0 48 1 1188 288
2213209718 1 141542 R 9.0 41 3 18171 289
2217210729 1 141798 R 6.0 48 2 2665 290
2225459778 1 142326 R 6.0 49 2 431 291
2236205888 1 143014 R 2.0 49 1 0 292
2238458486 1 143158 R 5.0 46 2 7547 293
2246960450 1 143702 R 3.0 48 1 2502 294
2248958256 1 143830 R 2.0 50 1 0 295
2253457011 1 144118 R 5.0 47 2 7272 296
2255710023 1 144262 R 3.0 49 1 1668 297
2259960299 1 144534 R 4.0 49 1 1228 298
2261708864 1 144646 R 5.0 48 2 5163 299
2272206541 1 145318 R 4.0 50 1 0 300
2282458724 1 145974 R 3.0 50 1 1603 301
2297709049 1 146950 R 7.0 47 2 10835 302
2300207074 1 147110 R 7.0 48 2 8334 303
2302708018 1 147270 R 2.0 51 1 0 304
2307956824 1 147606 R 4.0 51 1 0 305
2310210143 1 147750 R 8.0 45 3 16258 306
2315458897 1 148086 R 5.0 49 2 6275 307
2327958593 1 148886 R 6.0 50 2 3651 308
2330456399 1 149046 R 3.0 51 1 0 309
2341708776 1 149766 R 5.0 50 2 4480 310
2344459888 1 149942 R 6.0 51 2 3318 311
2346960487 1 150102 R 7.0 49 2 6127 312
2352457958 1 150454 R 4.0 52 1 0 313
2362709921 1 151110 R 2.0 52 1 701 314
2366959037 1 151382 R 5.0 51 2 3567 315
2371958769 1 151702 R 7.0 50 2 7940 316
2377961726 1 152086 R 6.0 52 2 1031 317
2387208262 1 152678 R 4.0 53 1 0 318
