254706578 1 16198 R 6.0 0 2 0 1
264457944 1 16822 R 5.0 0 3 980 2
292956821 1 18646 R 4.0 0 1 782 3
298459078 1 18998 R 7.0 0 2 2679 4
303459075 1 19318 R 2.0 0 1 1118 5
308456333 1 19638 R 4.0 1 1 0 6
312955973 1 19926 R 3.0 1 1 913 7
317709029 1 20230 R 13.0 0 4 4103 8
322957882 1 20566 R 12.0 0 5 2156 9
333457583 1 21238 R 3.0 0 2 2928 10
335956389 1 21398 R 6.0 1 2 0 11
349206813 1 22246 R 4.0 2 1 0 12
352707724 1 22470 R 7.0 1 2 2639 13
359457174 1 22902 R 10.0 0 3 4543 14
363959141 1 23190 R 11.0 0 5 4824 15
373208612 1 23782 R 5.0 2 3 961 16
374956916 1 23894 R 3.0 2 1 1349 17
406957301 1 25942 R 5.0 1 3 4527 18
408957179 1 26070 R 3.0 3 1 196 19
409707677 1 26118 R 11.0 1 4 4390 20
412707867 1 26310 R 2.0 2 1 3264 21
418207247 1 26662 R 12.0 1 4 4358 22
423955986 1 27030 R 10.0 1 3 5246 23
431707724 1 27526 R 7.0 2 2 4046 24
441957041 1 28182 R 2.0 3 1 903 25
451457898 1 28790 R 7.0 3 2 1567 26
461957744 1 29462 R 4.0 3 1 1703 27
464708711 1 29638 R 9.0 0 4 11013 28
467957016 1 29846 R 9.0 2 3 5253 29
478957067 1 30550 R 3.0 4 1 598 30
485953293 1 30998 R 2.0 4 1 0 31
494707195 1 31558 R 4.0 4 1 2434 32
502459137 1 32054 R 11.0 2 4 9416 33
506207824 1 32294 R 13.0 1 5 9957 34
508708737 1 32454 R 6.0 2 2 8179 35
517953208 1 33046 R 2.0 5 1 0 36
518708052 1 33094 R 4.0 5 1 552 37
533459159 1 34038 R 3.0 5 1 1873 38
543459212 1 34678 R 6.0 3 2 8473 39
552707734 1 35270 R 5.0 3 2 8095 40
555709167 1 35462 R 5.0 4 2 5826 41
560705792 1 35782 R 5.0 5 2 3465 42
569707599 1 36358 R 2.0 6 1 1533 43
573459569 1 36598 R 9.0 1 4 17443 44
576208888 1 36774 R 7.0 4 2 5316 45
593705119 1 37894 R 4.0 6 1 0 46
606704479 1 38726 R 4.0 7 1 0 47
615205447 1 39270 R 2.0 7 1 0 48
619708305 1 39558 R 6.0 4 2 10158 49
660955881 1 42198 R 3.0 6 1 4020 50
663957941 1 42390 R 4.0 8 1 605 51
666709985 1 42566 R 8.0 4 3 12236 52
667709002 1 42630 R 3.0 7 1 1854 53
677459441 1 43254 R 7.0 6 2 5604 54
679211651 1 43366 R 3.0 8 1 1811 55
681205813 1 43494 R 6.0 6 2 8071 56
683956921 1 43670 R 5.0 7 2 5276 57
696708726 1 44486 R 6.0 7 2 6473 58
701207896 1 44774 R 2.0 8 1 1197 59
707960291 1 45206 R 9.0 5 3 12799 60
710707833 1 45382 R 8.0 5 3 11090 61
739704833 1 47238 R 2.0 9 1 0 62
749708634 1 47878 R 9.0 3 4 21752 63
752453413 1 48054 R 2.0 10 1 0 64
783958879 1 50070 R 3.0 9 1 2805 65
786207176 1 50214 R 4.0 9 1 4022 66
788960813 1 50390 R 10.0 4 3 19088 67
791457901 1 50550 R 5.0 8 2 5817 68
799209411 1 51046 R 4.0 10 1 3131 69
805459566 1 51446 R 8.0 6 3 14076 70
811959994 1 51862 R 7.0 7 2 11052 71
813965250 1 51990 R 5.0 9 2 6869 72
825958147 1 52758 R 7.0 8 2 10781 73
833957172 1 53270 R 7.0 9 2 6511 74
846456378 1 54070 R 4.0 11 1 417 75
852457785 1 54454 R 6.0 9 2 8554 76
858959399 1 54870 R 3.0 10 1 4374 77
868707980 1 55494 R 6.0 10 2 6167 78
876206079 1 55974 R 2.0 11 1 3111 79
879715614 1 56198 R 7.0 10 2 5659 80
884708017 1 56518 R 10.0 7 3 17845 81
887459595 1 56694 R 7.0 11 2 4073 82
897956560 1 57366 R 2.0 12 1 901 83
899709157 1 57478 R 3.0 11 1 5622 84
910457878 1 58166 R 7.0 12 2 1918 85
911205935 1 58214 R 3.0 12 1 2217 86
921208012 1 58854 R 8.0 9 3 13143 87
926957416 1 59222 R 3.0 13 1 980 88
930708945 1 59462 R 9.0 10 3 10958 89
934207183 1 59686 R 6.0 11 2 7742 90
934957984 1 59734 R 4.0 12 1 4139 91
941208809 1 60134 R 11.0 8 4 17972 92
945960509 1 60438 R 5.0 10 3 10367 93
946209114 1 60454 R 4.0 13 1 1175 94
946958239 1 60502 R 10.0 9 3 15110 95
953458855 1 60918 R 2.0 13 1 912 96
956205636 1 61094 R 4.0 14 1 0 97
971959393 1 62102 R 5.0 11 2 8992 98
976209693 1 62374 R 7.0 13 2 4380 99
981206660 1 62694 R 2.0 14 1 749 100
982709062 1 62790 R 5.0 12 2 6274 101
985963913 1 62998 R 5.0 13 2 4706 102
995958248 1 63638 R 6.0 12 2 7524 103
1002955322 1 64086 R 3.0 14 1 727 104
1005714681 1 64262 R 3.0 15 1 267 105
1019207408 1 65126 R 5.0 14 2 3697 106
1022458471 1 65334 R 4.0 15 1 1178 107
1028459314 1 65718 R 5.0 15 2 1685 108
1036707941 1 66246 R 8.0 13 3 6413 109
1055209762 1 67430 R 6.0 13 2 7784 110
1056210710 1 67494 R 10.0 12 3 11359 111
1065206933 1 68070 R 4.0 16 1 748 112
1066958161 1 68182 R 10.0 13 3 7948 113
1067707758 1 68230 R 2.0 15 1 3079 114
1079459214 1 68982 R 8.0 14 3 6320 115
1082707956 1 69190 R 3.0 16 1 50 116
1094206212 1 69926 R 6.0 14 2 6695 117
1118957787 1 71510 R 2.0 16 1 1270 118
1120957647 1 71638 R 6.0 15 2 7069 119
1124708407 1 71878 R 4.0 17 1 724 120
1133458191 1 72438 R 5.0 16 2 5179 121
1144458478 1 73142 R 3.0 17 1 1472 122
1146209680 1 73254 R 10.0 14 3 11982 123
1149960003 1 73494 R 10.0 15 3 7002 124
1164708089 1 74438 R 8.0 15 3 8053 125
1165464952 1 74486 R 7.0 15 2 8002 126
1174959199 1 75094 R 5.0 17 2 3443 127
1177958046 1 75286 R 6.0 16 2 6425 128
1181459362 1 75510 R 6.0 17 2 4864 129
1189708350 1 76038 R 4.0 18 1 1884 130
1199458074 1 76662 R 5.0 18 2 2356 131
1206709755 1 77126 R 2.0 17 2 4857 132
1217459169 1 77814 R 9.0 15 3 13477 133
1221709193 1 78086 R 2.0 18 2 2750 134
1223209117 1 78182 R 11.0 12 4 21100 135
1228208334 1 78502 R 3.0 18 1 3298 136
1242959350 1 79446 R 7.0 17 2 9186 137
1245206655 1 79590 R 3.0 19 1 243 138
1250707655 1 79942 R 4.0 19 1 373 139
1263458231 1 80758 R 6.0 18 3 6566 140
1265206227 1 80870 R 5.0 19 2 2250 141
1267709629 1 81030 R 6.0 19 2 3825 142
1276958506 1 81622 R 3.0 20 1 935 143
1285209952 1 82150 R 13.0 14 4 18589 144
1287709610 1 82310 R 4.0 20 1 1154 145
1309710726 1 83718 R 9.0 17 3 11296 146
1313711710 1 83974 R 9.0 16 3 16640 147
1315959097 1 84118 R 12.0 17 4 10529 148
1318208043 1 84262 R 5.0 20 2 3453 149
1320210272 1 84390 R 11.0 16 4 15693 150
1320959490 1 84438 R 2.0 19 1 4783 151
1335705279 1 85382 R 4.0 21 1 0 152
1340709338 1 85702 R 7.0 19 2 6679 153
1343957638 1 85910 R 7.0 20 2 4952 154
1344209891 1 85926 R 2.0 20 1 2804 155
1347707619 1 86150 R 2.0 21 1 1923 156
1348457070 1 86198 R 9.0 18 3 10847 157
1352206841 1 86438 R 2.0 22 1 0 158
1361709474 1 87046 R 6.0 20 2 4768 159
1371705297 1 87686 R 4.0 22 1 252 160
1381709034 1 88326 R 7.0 21 2 4409 161
1401210496 1 89574 R 8.0 18 3 13584 162
1408459063 1 90038 R 4.0 23 1 228 163
1414959766 1 90454 R 7.0 22 2 3139 164
1455957274 1 93078 R 10.0 18 3 18294 165
1465459769 1 93686 R 9.0 19 3 16025 166
1469208471 1 93926 R 3.0 22 1 6426 167
1471208060 1 94054 R 7.0 23 2 1567 168
1474707635 1 94278 R 3.0 23 1 4900 169
1476958204 1 94422 R 6.0 21 2 8205 170
1481206187 1 94694 R 4.0 24 1 1191 171
1483209468 1 94822 R 2.0 23 1 3848 172
1486457519 1 95030 R 7.0 24 2 433 173
1496464918 1 95670 R 2.0 24 1 1109 174
1508458589 1 96438 R 9.0 21 3 10336 175
1510707365 1 96582 R 4.0 25 1 516 176
1511208485 1 96614 R 3.0 24 1 3498 177
1516459822 1 96950 R 5.0 22 2 8103 178
1517458640 1 97014 R 3.0 25 1 649 179
1524953709 1 97494 R 7.0 25 2 0 180
1538958358 1 98390 R 6.0 23 2 7935 181
1550210653 1 99110 R 9.0 22 3 10606 182
1561459015 1 99830 R 4.0 26 1 890 183
1583461428 1 101238 R 5.0 23 2 11164 184
1587960470 1 101526 R 2.0 25 1 3012 185
1590207253 1 101670 R 6.0 24 2 8823 186
1594707640 1 101958 R 2.0 26 1 986 187
1598460167 1 102198 R 3.0 26 1 1655 188
1603958442 1 102550 R 6.0 25 2 3811 189
1606957844 1 102742 R 3.0 27 1 0 190
1611960171 1 103062 R 7.0 26 2 1201 191
1616460487 1 103350 R 10.0 23 3 13312 192
1631457670 1 104310 R 4.0 27 1 0 193
1648711013 1 105414 R 8.0 23 3 13438 194
1649454630 1 105462 R 3.0 28 1 0 195
1653458459 1 105718 R 5.0 25 2 8171 196
1660210019 1 106150 R 6.0 26 2 7065 197
1666210289 1 106534 R 4.0 28 1 1004 198
1673459041 1 106998 R 2.0 27 1 2557 199
1674461142 1 107062 R 8.0 24 3 14383 200
1686460050 1 107830 R 2.0 28 1 1843 201
1689466192 1 108022 R 11.0 22 4 20656 202
1692710092 1 108230 R 13.0 21 4 23656 203
1713209306 1 109542 R 7.0 27 2 4646 204
1717706393 1 109830 R 3.0 29 1 0 205
1722963368 1 110166 R 5.0 27 2 6698 206
1724959058 1 110294 R 6.0 27 2 5662 207
1726206544 1 110374 R 4.0 29 1 0 208
1731461440 1 110710 R 9.0 24 3 15744 209
1739459906 1 111222 R 2.0 29 1 534 210
1741209373 1 111334 R 6.0 28 2 3783 211
1756460327 1 112310 R 7.0 28 2 6038 212
1758456021 1 112438 R 3.0 30 1 0 213
1763960312 1 112790 R 8.0 27 3 9104 214
1782209160 1 113958 R 5.0 29 2 3601 215
1791711567 1 114566 R 9.0 27 3 10264 216
1802708089 1 115270 R 4.0 30 1 786 217
1809457960 1 115702 R 3.0 31 1 0 218
1825958322 1 116758 R 5.0 30 2 3088 219
1828710225 1 116934 R 7.0 29 2 7550 220
1835460630 1 117366 R 7.0 30 2 4082 221
1837458200 1 117494 R 4.0 31 1 675 222
1838458630 1 117558 R 6.0 29 2 6269 223
1841710479 1 117766 R 2.0 30 1 3168 224
1845960590 1 118038 R 2.0 31 1 1714 225
1857461557 1 118774 R 9.0 28 3 13274 226
1860457833 1 118966 R 8.0 28 3 12040 227
1862959896 1 119126 R 9.0 29 3 9470 228
1870708606 1 119622 R 7.0 31 2 4647 229
1875460464 1 119926 R 2.0 32 1 1705 230
1883708347 1 120454 R 6.0 30 2 5355 231
1884708106 1 120518 R 3.0 32 1 1 232
1890960741 1 120918 R 5.0 31 2 4122 233
1893206686 1 121062 R 4.0 32 1 0 234
1912710747 1 122310 R 6.0 31 2 4301 235
1914210246 1 122406 R 13.0 28 4 16183 236
1919207385 1 122726 R 4.0 33 1 649 237
1921458890 1 122870 R 5.0 32 2 1960 238
1928710229 1 123334 R 11.0 28 4 17536 239
1930710306 1 123462 R 7.0 32 2 3315 240
1944956539 1 124374 R 3.0 33 1 0 241
1948214034 1 124582 R 2.0 33 1 1673 242
1949709468 1 124678 R 8.0 29 3 13666 243
1953960054 1 124950 R 7.0 33 2 2957 244
1957958320 1 125206 R 6.0 32 2 4782 245
1962207817 1 125478 R 4.0 34 1 0 246
1967210808 1 125798 R 7.0 34 2 514 247
1979704620 1 126598 R 3.0 34 1 0 248
1983959723 1 126870 R 9.0 30 3 14067 249
1991960360 1 127382 R 6.0 33 2 4618 250
1999960660 1 127894 R 2.0 34 1 1522 251
2010706094 1 128582 R 3.0 35 1 0 252
2012711295 1 128710 R 8.0 31 3 12901 253
2035960198 1 130198 R 8.0 32 3 9709 254
2038959450 1 130390 R 5.0 33 2 6808 255
2043210717 1 130662 R 7.0 35 2 2810 256
2052456008 1 131254 R 3.0 36 1 1 257
2066210445 1 132134 R 8.0 33 3 8348 258
2074208905 1 132646 R 4.0 35 1 2275 259
2076708178 1 132806 R 4.0 36 1 289 260
2080210179 1 133030 R 9.0 33 3 9380 261
2084211638 1 133286 R 9.0 31 3 17072 262
2090958547 1 133718 R 12.0 33 4 9210 263
2096208264 1 134054 R 9.0 34 3 7538 264
2106208299 1 134694 R 6.0 35 2 3776 265
2109959908 1 134934 R 2.0 35 1 5106 266
2118210453 1 135462 R 6.0 36 2 4383 267
2119958253 1 135574 R 4.0 37 1 0 268
2134710071 1 136518 R 12.0 30 4 22413 269
2147957842 1 137366 R 8.0 34 3 10581 270
2151460165 1 137590 R 3.0 37 1 1610 271
2169210585 1 138726 R 2.0 36 1 6472 272
2171960658 1 138902 R 4.0 38 1 1260 273
2178707212 1 139334 R 10.0 35 3 9726 274
2182959304 1 139606 R 2.0 37 1 4177 275
2185460304 1 139766 R 2.0 38 1 1313 276
2195959041 1 140438 R 9.0 36 3 8270 277
2205210162 1 141030 R 6.0 37 2 6543 278
2208959181 1 141270 R 7.0 36 2 7908 279
2223720691 1 142215 R 10.0 36 3 9924 280
2226458936 1 142390 R 5.0 36 2 8468 281
2232213137 1 142758 R 2.0 39 1 202 282
2236459594 1 143030 R 5.0 35 3 11430 283
2253210667 1 144102 R 4.0 39 1 1111 284
2258458236 1 144438 R 6.0 38 2 4518 285
2262710736 1 144710 R 5.0 37 2 8870 286
2264210855 1 144806 R 5.0 38 2 4966 287
2273458601 1 145398 R 5.0 39 2 4127 288
2277457061 1 145654 R 3.0 38 1 6481 289
2290709032 1 146502 R 9.0 37 3 9415 290
2294959314 1 146774 R 3.0 39 1 4039 291
2297960160 1 146966 R 2.0 40 1 1051 292
2301710433 1 147206 R 3.0 40 1 2448 293
2330459430 1 149046 R 7.0 37 2 11729 294
2334209161 1 149286 R 3.0 41 1 2107 295
2339459168 1 149622 R 5.0 40 2 4008 296
2343958942 1 149910 R 2.0 41 1 2447 297
2352208895 1 150438 R 4.0 40 1 6590 298
2378709792 1 152134 R 5.0 41 2 2272 299
2379957976 1 152214 R 3.0 42 1 0 300
2383458753 1 152438 R 4.0 41 1 4878 301
