248705739 1 15814 R 7.0 0 2 0 1
254454447 1 16182 R 3.0 0 2 0 2
263208229 1 16742 R 13.0 0 4 498 3
290956735 1 18518 R 4.0 0 1 0 4
293957366 1 18710 R 5.0 0 3 1384 5
296456808 1 18870 R 8.0 0 3 1821 6
302207715 1 19238 R 10.0 0 3 1360 7
304458282 1 19382 R 2.0 0 1 798 8
306956769 1 19542 R 6.0 0 2 0 9
313708220 1 19974 R 6.0 1 2 324 10
317714003 1 20230 R 7.0 1 2 0 11
339958125 1 21654 R 11.0 0 5 3180 12
351959428 1 22422 R 13.0 1 4 1916 13
356708495 1 22726 R 2.0 1 1 849 14
361456999 1 23030 R 9.0 1 3 2869 15
367957819 1 23446 R 12.0 0 4 4305 16
370708116 1 23622 R 10.0 1 3 1435 17
383959054 1 24470 R 7.0 2 2 1129 18
386708316 1 24646 R 2.0 2 1 122 19
387709465 1 24710 R 4.0 1 1 2201 20
391457665 1 24950 R 4.0 2 1 233 21
396709450 1 25286 R 8.0 1 3 3733 22
407963637 1 26006 R 11.0 1 4 2143 23
411207583 1 26214 R 3.0 1 1 4010 24
416959001 1 26582 R 3.0 2 1 1383 25
420712339 1 26822 R 12.0 1 4 4162 26
426457597 1 27190 R 6.0 2 2 2282 27
433708888 1 27654 R 5.0 1 3 3926 28
454706216 1 28998 R 2.0 3 1 999 29
462458820 1 29494 R 10.0 2 3 4672 30
468209327 1 29862 R 7.0 3 2 1826 31
473457605 1 30198 R 8.0 2 3 3537 32
479955406 1 30614 R 4.0 3 1 0 33
481957307 1 30742 R 5.0 2 3 5615 34
486205718 1 31014 R 5.0 3 3 2768 35
494708886 1 31558 R 9.0 2 4 6766 36
499957894 1 31894 R 3.0 3 1 1501 37
511957297 1 32662 R 9.0 3 3 3273 38
516957304 1 32982 R 3.0 4 1 1502 39
522958813 1 33366 R 10.0 3 3 4681 40
529207287 1 33766 R 7.0 4 2 1287 41
533957864 1 34070 R 11.0 3 4 3183 42
542457558 1 34614 R 13.0 3 4 4936 43
546458527 1 34870 R 2.0 4 1 800 44
551709005 1 35206 R 6.0 3 2 4049 45
564959095 1 36054 R 10.0 4 3 2864 46
574708037 1 36678 R 4.0 4 1 3176 47
578709452 1 36934 R 6.0 4 2 5389 48
584957894 1 37334 R 3.0 5 1 1360 49
587207192 1 37478 R 2.0 5 1 186 50
593214821 1 37862 R 4.0 5 1 2204 51
597958178 1 38166 R 8.0 3 3 8529 52
603961984 1 38550 R 13.0 4 4 4761 53
608709317 1 38854 R 5.0 4 2 6076 54
613208257 1 39142 R 12.0 4 4 7226 55
616457078 1 39350 R 5.0 5 2 1968 56
620453190 1 39606 R 2.0 6 1 0 57
625957703 1 39958 R 12.0 3 4 8705 58
641957153 1 40982 R 5.0 6 2 1501 59
645957616 1 41238 R 4.0 6 1 1465 60
648207224 1 41382 R 9.0 4 3 8265 61
650208376 1 41510 R 3.0 6 1 108 62
663959382 1 42390 R 10.0 5 3 4811 63
668209439 1 42662 R 7.0 5 2 4063 64
673456626 1 42998 R 7.0 6 2 478 65
674705943 1 43078 R 6.0 5 2 5390 66
675704549 1 43142 R 3.0 7 1 0 67
678954831 1 43350 R 2.0 7 1 1 68
693957302 1 44310 R 11.0 6 4 4963 69
699955274 1 44694 R 4.0 7 1 0 70
720709296 1 46022 R 8.0 4 3 12357 71
722207870 1 46118 R 6.0 6 2 6449 72
723205982 1 46182 R 5.0 7 2 522 73
734458122 1 46902 R 10.0 6 3 4795 74
747458095 1 47734 R 4.0 8 1 836 75
752958610 1 48086 R 7.0 7 2 3142 76
755209672 1 48230 R 10.0 7 3 4216 77
768709463 1 49094 R 8.0 6 3 9382 78
780458888 1 49846 R 6.0 7 2 5358 79
782957818 1 50006 R 13.0 6 4 7689 80
787959466 1 50326 R 9.0 7 3 4384 81
790209297 1 50470 R 11.0 7 4 4938 82
796208918 1 50854 R 8.0 7 3 6596 83
809209247 1 51686 R 13.0 7 4 7570 84
817457596 1 52214 R 3.0 8 1 2510 85
836707350 1 53446 R 2.0 8 1 4358 86
838457175 1 53558 R 5.0 8 2 3384 87
850957051 1 54358 R 5.0 9 2 2176 88
857206631 1 54758 R 3.0 9 1 714 89
864457306 1 55222 R 7.0 8 2 6439 90
866709423 1 55366 R 11.0 8 4 6039 91
876707306 1 56006 R 2.0 9 1 2328 92
885459014 1 56566 R 8.0 9 3 4880 93
889455590 1 56822 R 2.0 10 1 69 94
893456970 1 57078 R 8.0 8 3 7665 95
906458599 1 57910 R 6.0 8 2 11409 96
911458740 1 58230 R 4.0 9 1 4167 97
918210207 1 58662 R 9.0 8 3 10192 98
923457688 1 58998 R 13.0 9 4 5417 99
933708055 1 59654 R 4.0 10 1 3626 100
936708783 1 59846 R 4.0 11 1 969 101
942460721 1 60214 R 10.0 8 3 10267 102
953458226 1 60918 R 2.0 11 1 770 103
956707406 1 61126 R 7.0 9 2 7226 104
964206078 1 61606 R 3.0 10 2 4628 105
988459772 1 63158 R 7.0 10 2 6620 106
999957813 1 63894 R 3.0 11 1 5852 107
1017459865 1 65014 R 12.0 9 4 11283 108
1019458914 1 65142 R 3.0 12 1 1858 109
1023958614 1 65430 R 7.0 11 2 6528 110
1026209643 1 65574 R 4.0 12 1 2362 111
1032460310 1 65974 R 11.0 9 5 11834 112
1040958001 1 66518 R 10.0 10 3 9671 113
1052959498 1 67286 R 2.0 12 1 4447 114
1058209666 1 67622 R 9.0 9 4 13607 115
1060457790 1 67766 R 6.0 11 2 7065 116
1070458348 1 68406 R 5.0 11 2 6894 117
1074456418 1 68662 R 3.0 13 1 0 118
1080959743 1 69078 R 10.0 11 3 8273 119
1099959768 1 70294 R 4.0 13 1 1794 120
1100710966 1 70342 R 6.0 12 2 8357 121
1106459913 1 70710 R 2.0 13 1 2363 122
1111958716 1 71062 R 11.0 12 4 8612 123
1116709905 1 71366 R 5.0 12 2 6512 124
1119455864 1 71542 R 4.0 14 1 0 125
1122957622 1 71766 R 5.0 13 2 5612 126
1125457268 1 71926 R 11.0 11 4 11298 127
1133209924 1 72422 R 7.0 12 2 8725 128
1147458520 1 73334 R 6.0 13 2 4891 129
1152457459 1 73654 R 7.0 13 2 7261 130
1153457478 1 73718 R 3.0 14 1 2647 131
1159458790 1 74102 R 9.0 12 3 10757 132
1160959405 1 74198 R 12.0 11 4 13813 133
1164208364 1 74406 R 7.0 14 2 4064 134
1167708071 1 74630 R 2.0 14 1 2412 135
1168460984 1 74678 R 10.0 12 3 10503 136
1178205718 1 75302 R 4.0 15 1 0 137
1185710834 1 75782 R 12.0 12 4 13905 138
1195957792 1 76438 R 6.0 14 2 5572 139
1198957784 1 76630 R 7.0 15 2 2963 140
1201457967 1 76790 R 2.0 15 1 2597 141
1214956154 1 77654 R 6.0 15 2 1363 142
1218206851 1 77862 R 7.0 16 2 0 143
1219458063 1 77942 R 9.0 13 3 8958 144
1229208713 1 78566 R 10.0 14 3 7602 145
1245207462 1 79590 R 3.0 15 1 3347 146
1258707499 1 80454 R 2.0 16 1 822 147
1260957638 1 80598 R 5.0 14 2 7751 148
1264960130 1 80854 R 10.0 15 3 7321 149
1268955861 1 81110 R 3.0 16 1 0 150
1274708339 1 81478 R 4.0 16 1 1456 151
1284457204 1 82102 R 2.0 17 1 829 152
1294960726 1 82774 R 8.0 13 4 16741 153
1299206104 1 83046 R 3.0 17 1 1525 154
1309958286 1 83734 R 8.0 14 3 11792 155
1319459069 1 84342 R 4.0 17 1 605 156
1321458474 1 84470 R 5.0 15 2 8015 157
1323707769 1 84614 R 8.0 15 3 9243 158
1337459907 1 85494 R 6.0 17 2 3021 159
1339957627 1 85654 R 5.0 16 2 5535 160
1354207212 1 86566 R 3.0 18 1 701 161
1357210735 1 86758 R 9.0 15 3 12509 162
1359458498 1 86902 R 7.0 17 2 4070 163
1369209779 1 87526 R 6.0 18 2 1334 164
1371957769 1 87702 R 2.0 18 1 243 165
1389210514 1 88806 R 11.0 16 4 10596 166
1392460131 1 89014 R 10.0 17 3 6873 167
1397958547 1 89366 R 4.0 18 1 921 168
1402706199 1 89670 R 5.0 17 2 6998 169
1408958048 1 90070 R 4.0 19 1 1142 170
1415459045 1 90486 R 5.0 18 2 4657 171
1417959212 1 90646 R 8.0 16 3 9347 172
1423705283 1 91014 R 3.0 19 1 500 173
1425207651 1 91110 R 2.0 19 1 487 174
1429456254 1 91382 R 9.0 17 3 9458 175
1441209636 1 92134 R 8.0 18 3 7296 176
1446456469 1 92470 R 2.0 20 1 0 177
1448957405 1 92630 R 5.0 19 2 2371 178
1455458371 1 93046 R 7.0 18 2 4836 179
1469207227 1 93926 R 3.0 20 1 902 180
1476456580 1 94390 R 4.0 20 1 0 181
1478706226 1 94534 R 5.0 20 2 1317 182
1490708055 1 95302 R 6.0 19 2 3219 183
1506958191 1 96342 R 7.0 19 2 5828 184
1515456135 1 96886 R 7.0 20 2 1415 185
1518456177 1 97078 R 9.0 19 3 6575 186
1519957368 1 97174 R 3.0 21 1 229 187
1524205651 1 97446 R 5.0 21 2 96 188
1528708504 1 97734 R 7.0 21 2 393 189
1540459015 1 98486 R 12.0 17 5 15650 190
1553456000 1 99318 R 2.0 21 1 0 191
1557708436 1 99590 R 13.0 19 4 9125 192
1570458198 1 100406 R 4.0 21 1 639 193
1584459108 1 101302 R 10.0 20 3 5174 194
1587707450 1 101510 R 4.0 22 1 945 195
1598960321 1 102230 R 9.0 20 3 8649 196
1604210556 1 102566 R 7.0 22 2 2016 197
1619960731 1 103574 R 6.0 20 2 9026 198
1623710065 1 103814 R 3.0 22 1 3159 199
1630460422 1 104246 R 2.0 22 1 1383 200
1632210066 1 104358 R 12.0 18 4 16593 201
1636209923 1 104614 R 12.0 19 4 13357 202
1661961855 1 106262 R 6.0 21 2 7786 203
1669209155 1 106726 R 6.0 22 2 5231 204
1673457919 1 106998 R 2.0 23 1 695 205
1675957967 1 107158 R 4.0 23 1 0 206
1676707286 1 107206 R 3.0 23 1 2455 207
1686959526 1 107862 R 13.0 21 4 8219 208
1690960388 1 108118 R 10.0 22 3 5702 209
1704459145 1 108982 R 9.0 21 3 11954 210
1716458883 1 109750 R 5.0 22 2 5778 211
1730206398 1 110630 R 4.0 24 1 0 212
1734960272 1 110934 R 8.0 21 3 12900 213
1743707574 1 111494 R 2.0 24 1 0 214
1765710593 1 112902 R 6.0 23 2 7152 215
1769706539 1 113158 R 4.0 25 1 0 216
1773710344 1 113414 R 3.0 24 1 4671 217
1773959187 1 113430 R 7.0 23 2 9499 218
1778958882 1 113750 R 3.0 25 1 1893 219
1783208628 1 114022 R 5.0 24 2 4276 220
1795708274 1 114822 R 9.0 23 3 8880 221
1799706921 1 115078 R 7.0 24 2 4445 222
1804208329 1 115366 R 2.0 25 1 930 223
1811209943 1 115814 R 12.0 22 6 12338 224
1816960121 1 116182 R 10.0 23 3 11062 225
1821209297 1 116454 R 8.0 22 3 14077 226
1839709087 1 117638 R 7.0 25 2 3998 227
1847210464 1 118118 R 6.0 24 2 6615 228
1853457242 1 118518 R 3.0 26 1 654 229
1858208248 1 118822 R 4.0 26 1 0 230
1863709024 1 119174 R 7.0 26 2 1445 231
1867459439 1 119414 R 8.0 23 3 14546 232
1877459211 1 120054 R 3.0 27 1 310 233
1882206679 1 120358 R 4.0 27 1 0 234
1900959047 1 121558 R 5.0 25 2 7057 235
1905208602 1 121830 R 2.0 26 1 3002 236
1912215559 1 122278 R 6.0 25 2 7084 237
1918710499 1 122694 R 6.0 26 2 4857 238
1925459334 1 123126 R 7.0 27 2 312 239
1932458239 1 123574 R 2.0 27 1 740 240
1936207363 1 123814 R 2.0 28 1 18 241
1950710078 1 124742 R 6.0 27 2 5115 242
1969208188 1 125926 R 3.0 28 1 1591 243
1978210230 1 126502 R 12.0 23 4 18907 244
1980959058 1 126678 R 4.0 28 1 540 245
1983459319 1 126838 R 5.0 27 2 6146 246
1984959650 1 126934 R 13.0 23 6 22599 247
2007706376 1 128390 R 4.0 29 1 0 248
2018958788 1 129110 R 9.0 26 3 9956 249
2025959884 1 129558 R 6.0 28 2 5910 250
2032458920 1 129974 R 7.0 28 2 6003 251
2047958899 1 130966 R 3.0 29 1 2533 252
2054465588 1 131382 R 5.0 28 2 4632 253
2058460729 1 131638 R 2.0 29 1 1542 254
2066959408 1 132182 R 9.0 27 3 10286 255
2079210130 1 132966 R 8.0 27 3 11254 256
2086711264 1 133446 R 10.0 26 3 16891 257
2089961403 1 133654 R 8.0 26 3 17011 258
2097956571 1 134166 R 2.0 30 1 0 259
2101706803 1 134406 R 4.0 30 1 0 260
2111711583 1 135046 R 12.0 25 4 19453 261
2115458909 1 135286 R 3.0 30 1 4242 262
2124958481 1 135894 R 4.0 31 1 803 263
2165210003 1 138470 R 7.0 29 2 10916 264
2166459902 1 138550 R 6.0 29 2 10127 265
2175960022 1 139158 R 8.0 28 3 15309 266
2179960993 1 139414 R 9.0 28 3 13294 267
2187709169 1 139910 R 3.0 31 1 1869 268
2192708749 1 140230 R 5.0 29 2 9011 269
2199711433 1 140678 R 8.0 29 3 12281 270
2208461135 1 141238 R 9.0 30 3 10224 271
2219458747 1 141942 R 7.0 30 2 6669 272
2230459322 1 142646 R 6.0 30 2 8621 273
2234709431 1 142918 R 9.0 29 3 13160 274
2235209323 1 142950 R 2.0 31 1 5497 275
2246458199 1 143670 R 2.0 32 1 989 276
2258959175 1 144470 R 4.0 32 1 4716 277
2262960713 1 144726 R 4.0 33 1 1616 278
2267460748 1 145014 R 6.0 31 2 6358 279
2270208917 1 145190 R 3.0 32 1 3236 280
2273959319 1 145430 R 6.0 32 2 2544 281
2277460451 1 145654 R 7.0 31 2 6798 282
2285707001 1 146182 R 3.0 33 1 1561 283
2288208611 1 146342 R 2.0 33 1 1118 284
2297209182 1 146918 R 6.0 33 2 3102 285
2306459279 1 147510 R 5.0 30 2 12832 286
2309459716 1 147702 R 5.0 31 2 11554 287
2316957915 1 148182 R 3.0 34 1 592 288
2320960669 1 148438 R 9.0 32 3 7665 289
2332461589 1 149174 R 9.0 31 3 12990 290
2332960044 1 149206 R 4.0 34 1 872 291
2335459508 1 149366 R 2.0 34 1 328 292
2347707695 1 150150 R 4.0 35 1 0 293
2350961167 1 150358 R 5.0 32 2 11169 294
2352958936 1 150486 R 5.0 33 2 4238 295
2359208753 1 150886 R 6.0 34 2 4720 296
2361960497 1 151062 R 5.0 34 2 4710 297
2377959893 1 152086 R 8.0 30 3 19307 298
2382460683 1 152374 R 7.0 33 2 8329 299
2382957369 1 152406 R 3.0 35 1 417 300
2386459072 1 152630 R 2.0 35 1 1692 301
