251717149 1 16007 R 4.0 0 1 0 1
254718913 1 16199 R 5.0 0 3 0 2
267718809 1 17031 R 2.0 0 1 846 3
274970538 1 17495 R 3.0 0 2 927 4
276716729 1 17607 R 4.0 1 1 0 5
279720079 1 17799 R 7.0 0 2 1597 6
293218872 1 18663 R 4.0 2 1 0 7
298969935 1 19031 R 2.0 1 1 1411 8
303721596 1 19335 R 11.0 0 4 3134 9
305966959 1 19479 R 4.0 3 1 0 10
309971154 1 19735 R 5.0 1 2 1666 11
316969445 1 20183 R 8.0 0 3 3725 12
321967676 1 20503 R 5.0 2 2 1327 13
328218946 1 20903 R 4.0 4 1 0 14
337219721 1 21479 R 3.0 2 1 1937 15
349468706 1 22263 R 4.0 5 1 0 16
353219586 1 22503 R 3.0 1 2 5331 17
353971486 1 22551 R 3.0 3 1 2628 18
361221016 1 23015 R 2.0 2 1 3658 19
363219725 1 23143 R 2.0 3 1 3306 20
369469908 1 23543 R 2.0 4 1 2552 21
380969337 1 24279 R 2.0 5 1 1594 22
394470013 1 25143 R 3.0 4 1 4246 23
398220018 1 25383 R 6.0 1 2 6684 24
403721487 1 25735 R 4.0 6 1 1911 25
405470711 1 25847 R 2.0 6 1 1842 26
412721431 1 26311 R 3.0 5 1 4237 27
417969595 1 26647 R 6.0 2 2 7945 28
420471316 1 26807 R 3.0 6 1 2577 29
429219322 1 27367 R 2.0 7 1 2312 30
434970158 1 27735 R 4.0 7 1 2200 31
445217843 1 28391 R 3.0 7 1 2665 32
453219059 1 28903 R 4.0 8 1 2427 33
457471504 1 29175 R 4.0 9 1 1432 34
457721498 1 29191 R 2.0 8 1 2327 35
488719878 1 31175 R 3.0 8 1 5265 36
493221025 1 31463 R 2.0 9 1 3831 37
493971872 1 31511 R 4.0 10 1 2802 38
498717955 1 31815 R 3.0 9 1 3678 39
499972571 1 31895 R 10.0 0 3 15028 40
501470419 1 31991 R 2.0 10 1 3354 41
509721712 1 32519 R 2.0 11 1 2150 42
511222109 1 32615 R 3.0 10 1 3254 43
522221711 1 33319 R 2.0 12 1 1108 44
525969527 1 33559 R 3.0 11 1 3600 45
533470416 1 34039 R 7.0 5 2 10740 46
535977612 1 34199 R 3.0 12 1 3054 47
540970145 1 34519 R 5.0 5 2 11437 48
546221559 1 34855 R 3.0 13 1 1609 49
548971254 1 35031 R 4.0 11 1 4716 50
553221245 1 35303 R 4.0 12 1 3817 51
559720099 1 35719 R 3.0 14 1 1825 52
562221229 1 35879 R 3.0 15 1 1053 53
566217471 1 36135 R 3.0 16 1 0 54
588971593 1 37591 R 4.0 13 1 4719 55
595719709 1 38023 R 2.0 13 1 4460 56
599970399 1 38295 R 4.0 14 1 4473 57
602969807 1 38487 R 4.0 15 1 3397 58
609220516 1 38887 R 2.0 14 1 4675 59
610218567 1 38951 R 3.0 17 1 956 60
615221239 1 39271 R 4.0 16 1 2070 61
624970866 1 39895 R 3.0 18 1 392 62
636720667 1 40647 R 7.0 10 2 12092 63
638472017 1 40759 R 2.0 15 1 5142 64
643221658 1 41063 R 2.0 16 1 4414 65
651471831 1 41591 R 4.0 17 1 3017 66
657471426 1 41975 R 2.0 17 1 4138 67
659720100 1 42119 R 3.0 19 1 1571 68
661719303 1 42247 R 5.0 13 2 9512 69
676971735 1 43223 R 2.0 18 1 3494 70
679224291 1 43367 R 2.0 19 1 3055 71
684721390 1 43719 R 2.0 20 1 1105 72
712970533 1 45527 R 4.0 18 1 5899 73
718472904 1 45879 R 6.0 14 2 11451 74
725721098 1 46343 R 3.0 20 1 4605 75
729220857 1 46567 R 2.0 21 1 2712 76
742471401 1 47415 R 4.0 19 1 7028 77
746721240 1 47687 R 4.0 20 1 5655 78
748468992 1 47799 R 7.0 13 2 14876 79
778719530 1 49735 R 2.0 22 1 5326 80
794720385 1 50759 R 4.0 21 1 8233 81
805220094 1 51431 R 2.0 23 1 5259 82
808470385 1 51639 R 3.0 21 1 8542 83
818469322 1 52279 R 4.0 22 1 7576 84
826720384 1 52807 R 2.0 24 1 5716 85
842720243 1 53831 R 4.0 23 1 7842 86
847720249 1 54151 R 4.0 24 1 7265 87
854972049 1 54615 R 2.0 25 1 6765 88
862469674 1 55095 R 4.0 25 1 7281 89
866471251 1 55351 R 4.0 28 1 3160 90
868220247 1 55463 R 2.0 26 1 5656 91
882469352 1 56375 R 4.0 29 1 3086 92
892973201 1 57047 R 3.0 24 1 10440 93
897718030 1 57351 R 4.0 30 1 3347 94
901219713 1 57575 R 3.0 25 1 8732 95
905469809 1 57847 R 3.0 27 1 6507 96
910721246 1 58183 R 3.0 30 1 3672 97
913972368 1 58391 R 7.0 24 2 11207 98
916721488 1 58567 R 4.0 31 1 2087 99
934471648 1 59703 R 2.0 27 1 8923 100
936719896 1 59847 R 4.0 32 1 2733 101
940469522 1 60087 R 3.0 31 1 4087 102
943970193 1 60311 R 3.0 32 1 2629 103
947970521 1 60567 R 2.0 28 1 8764 104
956472080 1 61111 R 3.0 33 1 2490 105
964220605 1 61607 R 3.0 34 1 1432 106
970720473 1 62023 R 2.0 29 1 8856 107
976720322 1 62407 R 4.0 33 1 4223 108
981970043 1 62743 R 4.0 34 1 3351 109
989470056 1 63223 R 2.0 31 1 7478 110
998721024 1 63815 R 7.0 26 2 14282 111
1004220316 1 64167 R 3.0 35 1 2988 112
1011469894 1 64631 R 2.0 32 1 6470 113
1014221458 1 64807 R 4.0 35 1 2952 114
1018470318 1 65079 R 4.0 36 1 2249 115
1022221461 1 65319 R 4.0 37 1 1171 116
1028968704 1 65751 R 4.0 38 1 674 117
1033972049 1 66071 R 2.0 33 1 7725 118
1034470603 1 66103 R 3.0 36 1 3846 119
1043717979 1 66695 R 4.0 39 1 0 120
1052218393 1 67239 R 6.0 32 2 9652 121
1058967858 1 67671 R 4.0 40 1 0 122
1065219911 1 68071 R 6.0 34 2 7666 123
1079971225 1 69015 R 4.0 41 1 589 124
1093470195 1 69879 R 2.0 35 1 9098 125
1095471295 1 70007 R 4.0 42 1 505 126
1097970186 1 70167 R 2.0 36 1 7878 127
1101979803 1 70423 R 6.0 35 2 8328 128
1107219582 1 70759 R 4.0 43 1 0 129
1123220333 1 71783 R 3.0 38 1 7380 130
1123720504 1 71815 R 2.0 37 1 8444 131
1139221614 1 72807 R 2.0 38 1 8446 132
1142470444 1 73015 R 6.0 36 2 10084 133
1148970633 1 73431 R 4.0 44 1 647 134
1155970485 1 73879 R 2.0 39 1 7430 135
1160971823 1 74199 R 3.0 39 1 8161 136
1171970474 1 74903 R 3.0 40 1 7845 137
1172473078 1 74935 R 6.0 37 2 10255 138
1180720477 1 75463 R 4.0 45 1 1272 139
1183219098 1 75623 R 6.0 38 2 10351 140
1189469772 1 76023 R 2.0 41 1 7024 141
1197720510 1 76551 R 3.0 43 1 5005 142
1201220632 1 76775 R 2.0 43 1 5063 143
1204472189 1 76983 R 7.0 41 2 7747 144
1209720469 1 77319 R 3.0 44 1 4089 145
1210471819 1 77367 R 4.0 46 1 1528 146
1213469764 1 77559 R 3.0 45 1 4270 147
1219221640 1 77927 R 6.0 40 2 9291 148
1234970179 1 78935 R 4.0 47 1 2083 149
1238972277 1 79191 R 2.0 44 1 6479 150
1242469560 1 79415 R 3.0 46 1 4422 151
1246222257 1 79655 R 4.0 48 1 1419 152
1251971779 1 80023 R 3.0 47 1 3108 153
1253720037 1 80135 R 3.0 48 1 2167 154
1255470045 1 80247 R 2.0 45 1 6042 155
1261472458 1 80631 R 6.0 41 2 10727 156
1270219604 1 81191 R 3.0 49 1 1825 157
1274718252 1 81479 R 3.0 50 1 1694 158
1282970319 1 82007 R 4.0 49 1 2301 159
1286221465 1 82215 R 4.0 50 1 2236 160
1301722474 1 83207 R 5.0 44 2 10603 161
1306220469 1 83495 R 2.0 46 1 8531 162
1306720607 1 83527 R 3.0 51 1 1875 163
1314472034 1 84023 R 4.0 51 1 2140 164
1320220328 1 84391 R 5.0 46 2 8284 165
1320722499 1 84423 R 6.0 43 2 12300 166
1325480177 1 84727 R 2.0 47 1 8840 167
1329220597 1 84967 R 3.0 52 1 2025 168
1335467404 1 85367 R 3.0 53 1 827 169
1342720472 1 85831 R 2.0 48 1 7735 170
1354221823 1 86567 R 2.0 50 1 6309 171
1358971179 1 86871 R 4.0 52 1 4288 172
1372969904 1 87767 R 2.0 51 1 6026 173
1373470310 1 87799 R 2.0 53 1 3268 174
1392968252 1 89047 R 2.0 54 1 3007 175
1395471904 1 89207 R 2.0 55 1 2674 176
1398220339 1 89383 R 4.0 53 1 5016 177
1401971620 1 89623 R 4.0 54 1 3883 178
1408721177 1 90055 R 3.0 54 1 5237 179
1411969893 1 90263 R 2.0 56 1 1884 180
1413720897 1 90375 R 5.0 47 2 13168 181
1415970314 1 90519 R 3.0 55 1 4050 182
1425471634 1 91127 R 3.0 56 1 3267 183
1426720464 1 91207 R 3.0 57 1 2557 184
1440970351 1 92119 R 5.0 51 2 9536 185
1447969892 1 92567 R 3.0 58 1 1204 186
1452722043 1 92871 R 2.0 57 1 3736 187
1455970464 1 93079 R 3.0 59 1 1460 188
1461721775 1 93447 R 6.0 52 2 9861 189
1473969898 1 94231 R 3.0 60 1 1328 190
1477721029 1 94471 R 5.0 52 2 11184 191
1483471689 1 94839 R 4.0 56 1 7026 192
1484720320 1 94919 R 4.0 57 1 5452 193
1490720207 1 95303 R 4.0 58 1 4378 194
1496469916 1 95671 R 2.0 58 1 4382 195
1513970476 1 96791 R 3.0 61 1 2500 196
1519220471 1 97127 R 2.0 59 1 4851 197
1523469407 1 97399 R 3.0 62 1 1561 198
1527971512 1 97687 R 4.0 59 1 5776 199
1528718633 1 97735 R 3.0 63 1 548 200
1533724537 1 98055 R 4.0 60 1 5509 201
1544222038 1 98727 R 4.0 62 1 3458 202
1546970325 1 98903 R 4.0 63 1 2268 203
1549465969 1 99062 R 3.0 64 1 0 204
1552220336 1 99239 R 5.0 59 2 6712 205
1569973295 1 100375 R 2.0 60 1 7456 206
1571972860 1 100503 R 4.0 64 1 2195 207
1578223157 1 100903 R 2.0 61 1 6298 208
1587223012 1 101479 R 3.0 65 1 1535 209
1590721056 1 101703 R 3.0 66 1 925 210
1592974101 1 101847 R 2.0 62 1 6371 211
1593717913 1 101895 R 3.0 67 1 61 212
1600971183 1 102359 R 5.0 60 2 8848 213
1609220225 1 102887 R 3.0 68 1 0 214
1612721593 1 103111 R 4.0 65 1 3492 215
1615223331 1 103271 R 2.0 63 1 5764 216
1638721619 1 104775 R 4.0 66 1 3981 217
1644220640 1 105127 R 3.0 69 1 1 218
1645973337 1 105239 R 2.0 64 1 7226 219
1649221730 1 105447 R 4.0 67 1 2707 220
1671221748 1 106855 R 2.0 65 1 7018 221
1672972855 1 106967 R 4.0 68 1 3599 222
1675471743 1 107127 R 2.0 66 1 5967 223
1679218700 1 107367 R 3.0 70 1 965 224
1679973202 1 107415 R 4.0 69 1 2537 225
1683218644 1 107623 R 3.0 71 1 817 226
1692972017 1 108247 R 4.0 70 1 2110 227
1693471308 1 108279 R 2.0 67 1 6611 228
1695721577 1 108423 R 2.0 68 1 5601 229
1717221643 1 109799 R 2.0 70 1 4096 230
1728971473 1 110551 R 4.0 71 1 3838 231
1734471432 1 110903 R 5.0 65 2 11381 232
1734723364 1 110919 R 2.0 71 1 3596 233
1740220362 1 111271 R 5.0 66 2 10397 234
1748221738 1 111783 R 3.0 72 1 3262 235
1748473109 1 111799 R 2.0 72 1 3569 236
1752722988 1 112071 R 2.0 73 1 2732 237
1754971548 1 112215 R 2.0 74 1 494 238
1759475391 1 112503 R 2.0 75 1 481 239
1769722852 1 113159 R 4.0 72 1 4061 240
1772223176 1 113319 R 3.0 73 1 3241 241
1777972862 1 113687 R 4.0 73 1 3606 242
1788473441 1 114359 R 4.0 74 1 3311 243
1795971746 1 114839 R 4.0 75 1 1590 244
1799719506 1 115079 R 4.0 76 1 1989 245
1800471175 1 115127 R 2.0 76 1 1535 246
1803722726 1 115335 R 3.0 74 1 4984 247
1808221734 1 115623 R 4.0 77 1 1237 248
1820972381 1 116439 R 2.0 77 1 894 249
1822971890 1 116567 R 7.0 70 2 9831 250
1825220631 1 116711 R 4.0 78 1 753 251
1833722374 1 117255 R 4.0 79 1 165 252
1839723091 1 117639 R 2.0 78 1 1930 253
1843469395 1 117879 R 2.0 79 1 0 254
1850222020 1 118311 R 5.0 68 2 15005 255
1853471741 1 118519 R 3.0 75 1 5692 256
1857721747 1 118791 R 3.0 76 1 5350 257
1860472674 1 118967 R 3.0 77 1 4028 258
1868721585 1 119495 R 7.0 72 2 11135 259
1871721599 1 119687 R 3.0 78 1 3764 260
1879470603 1 120183 R 3.0 79 1 2330 261
1880473037 1 120247 R 4.0 80 1 1630 262
1885721445 1 120583 R 2.0 80 1 2094 263
1888220615 1 120743 R 2.0 81 1 402 264
1895971306 1 121239 R 4.0 81 1 1001 265
1899222579 1 121447 R 5.0 73 2 10991 266
1914723019 1 122439 R 7.0 75 2 9882 267
1924470866 1 123063 R 2.0 82 1 1282 268
1926220373 1 123175 R 2.0 83 1 0 269
1928721730 1 123335 R 3.0 81 1 2623 270
1930221455 1 123431 R 3.0 82 1 2529 271
1933721743 1 123655 R 7.0 76 2 8474 272
1936470739 1 123831 R 4.0 82 1 2097 273
1953721732 1 124935 R 2.0 84 1 1130 274
1957472032 1 125175 R 2.0 85 1 215 275
1967471879 1 125815 R 4.0 83 1 2786 276
1970472762 1 126007 R 3.0 83 1 3338 277
1971970391 1 126103 R 2.0 86 1 0 278
1983969644 1 126871 R 3.0 84 1 3401 279
1990470743 1 127287 R 3.0 85 1 2705 280
1993975103 1 127511 R 4.0 84 1 3350 281
1999969516 1 127895 R 3.0 86 1 2082 282
2003969494 1 128151 R 4.0 85 1 2871 283
2011719642 1 128647 R 3.0 87 1 1133 284
2014472966 1 128823 R 5.0 80 2 9709 285
2020971883 1 129239 R 4.0 86 1 3139 286
2028722830 1 129735 R 2.0 87 1 1318 287
2045973524 1 130839 R 7.0 78 2 14087 288
2047970727 1 130967 R 4.0 87 1 2643 289
2053223140 1 131303 R 4.0 88 1 2110 290
2054469568 1 131383 R 2.0 88 1 1846 291
2061221577 1 131815 R 2.0 89 1 954 292
2073471579 1 132599 R 5.0 81 2 12355 293
2078472693 1 132919 R 3.0 88 1 3365 294
2082222769 1 133159 R 4.0 89 1 2610 295
2088473624 1 133559 R 7.0 82 2 11398 296
2093221450 1 133863 R 2.0 90 1 1839 297
2107721587 1 134791 R 3.0 89 1 4018 298
2109472852 1 134903 R 3.0 90 1 4044 299
2110471040 1 134967 R 2.0 91 1 1345 300
2118221319 1 135463 R 3.0 91 1 2314 301
2122471593 1 135735 R 3.0 92 1 2037 302
2125222284 1 135911 R 6.0 84 2 11298 303
2129721606 1 136199 R 4.0 90 1 4759 304
2135473156 1 136567 R 2.0 92 1 2738 305
2140221894 1 136871 R 3.0 93 1 175 306
2142721964 1 137031 R 3.0 94 1 302 307
2147730118 1 137351 R 4.0 91 1 4768 308
2150223664 1 137511 R 6.0 85 2 11586 309
2159972890 1 138135 R 4.0 92 1 3509 310
2168221591 1 138663 R 3.0 95 1 1377 311
2170723858 1 138823 R 6.0 87 2 10077 312
2173472918 1 138999 R 4.0 93 1 2569 313
2176973547 1 139223 R 5.0 87 2 10826 314
2177719583 1 139271 R 4.0 94 1 2206 315
2186222677 1 139815 R 4.0 95 1 1764 316
2191722017 1 140167 R 3.0 96 1 1052 317
2197473236 1 140535 R 6.0 88 2 11605 318
2208473289 1 141239 R 4.0 96 1 1018 319
2220471906 1 142007 R 4.0 97 1 585 320
2222722303 1 142151 R 5.0 89 2 11218 321
2226971015 1 142423 R 3.0 97 1 2003 322
2246971311 1 143703 R 4.0 98 1 1751 323
2251971162 1 144023 R 3.0 98 1 2715 324
2253721608 1 144135 R 4.0 99 1 1307 325
2255971177 1 144279 R 7.0 92 2 9263 326
2262972541 1 144727 R 2.0 94 1 7749 327
2265222583 1 144871 R 5.0 90 2 12799 328
2268721123 1 145095 R 4.0 100 1 643 329
2270221468 1 145191 R 2.0 95 1 6539 330
2273473300 1 145399 R 2.0 96 1 5865 331
2275223571 1 145511 R 6.0 90 2 13086 332
2277471094 1 145655 R 4.0 101 1 0 333
2278223354 1 145703 R 2.0 97 1 4698 334
2279723570 1 145799 R 2.0 98 1 4098 335
2293219476 1 146663 R 4.0 102 1 0 336
2306722915 1 147527 R 3.0 99 1 4016 337
2312973991 1 147927 R 7.0 94 2 10899 338
2325973391 1 148759 R 2.0 101 1 2495 339
2330721608 1 149063 R 7.0 96 2 9370 340
2333221819 1 149223 R 4.0 103 1 1150 341
2334472147 1 149303 R 2.0 102 1 1889 342
2335471662 1 149367 R 3.0 100 1 5203 343
2340973778 1 149719 R 2.0 103 1 1375 344
2357971527 1 150807 R 2.0 104 1 1611 345
2366221997 1 151335 R 3.0 101 1 5891 346
2371473371 1 151671 R 7.0 98 2 9407 347
2373473419 1 151799 R 7.0 100 2 6928 348
2375722982 1 151943 R 3.0 102 1 4668 349
2381469782 1 152311 R 2.0 105 1 1874 350
2386220969 1 152615 R 3.0 103 1 4161 351
2388973287 1 152791 R 3.0 104 1 3191 352
2393222931 1 153063 R 3.0 105 1 1879 353
