246770549 1 15690 R 8.0 0 3 1 1
261363569 1 16624 R 10.0 0 3 0 2
261865115 1 16656 R 12.0 0 4 609 3
262602250 1 16703 R 5.0 0 2 0 4
264004502 1 16793 R 7.0 0 2 1 5
264520401 1 16826 R 3.0 0 1 0 6
265754354 1 16905 R 4.0 0 1 0 7
267754930 1 17033 R 2.0 0 1 0 8
275491354 1 17528 R 11.0 0 4 398 9
277730446 1 17671 R 9.0 0 3 264 10
280238517 1 17832 R 6.0 0 2 0 11
281500696 1 17913 R 13.0 0 4 0 12
287032651 1 18267 R 9.0 1 3 0 13
289053497 1 18396 R 3.0 1 1 0 14
295587303 1 18814 R 11.0 1 4 0 15
302835990 1 19278 R 6.0 1 2 0 16
303853046 1 19343 R 2.0 1 1 0 17
306098088 1 19487 R 13.0 1 4 1 18
307522906 1 19578 R 5.0 1 2 29 19
310782660 1 19787 R 7.0 1 2 0 20
312762630 1 19913 R 12.0 1 4 446 21
313282443 1 19947 R 4.0 1 1 0 22
314021708 1 19994 R 10.0 1 3 0 23
319741045 1 20360 R 8.0 1 3 653 24
325706376 1 20742 R 5.0 2 2 0 25
329956113 1 21014 R 4.0 2 1 0 26
331205951 1 21094 R 9.0 2 3 2 27
339477693 1 21623 R 7.0 2 2 0 28
342282539 1 21803 R 6.0 2 2 1 29
343479466 1 21879 R 8.0 2 3 18 30
346249708 1 22057 R 11.0 2 4 0 31
349738681 1 22280 R 13.0 2 4 1 32
350751879 1 22345 R 12.0 2 4 403 33
351239676 1 22376 R 3.0 2 1 94 34
352211976 1 22438 R 2.0 2 1 0 35
358956356 1 22870 R 10.0 2 3 1 36
368206892 1 23462 R 12.0 3 4 1 37
370445753 1 23605 R 3.0 3 1 0 38
371695497 1 23685 R 6.0 3 2 0 39
373728028 1 23815 R 10.0 3 3 0 40
374228423 1 23847 R 7.0 3 2 83 41
376005196 1 23961 R 2.0 3 1 0 42
376503221 1 23993 R 5.0 3 2 398 43
384226490 1 24487 R 13.0 3 4 1 44
385715961 1 24582 R 4.0 3 1 13 45
390226112 1 24871 R 11.0 3 4 0 46
399488973 1 25464 R 8.0 3 3 0 47
406227755 1 25895 R 6.0 4 2 0 48
407977444 1 26007 R 9.0 3 3 398 49
408477073 1 26039 R 4.0 4 1 193 50
412205886 1 26278 R 10.0 4 3 1 51
415727977 1 26503 R 12.0 4 4 0 52
417159699 1 26595 R 11.0 4 4 300 53
417632562 1 26625 R 5.0 4 2 61 54
419372490 1 26736 R 13.0 4 4 252 55
419864120 1 26768 R 2.0 4 1 0 56
421119345 1 26848 R 8.0 4 3 0 57
422109589 1 26912 R 7.0 4 2 0 58
423891891 1 27026 R 9.0 4 3 0 59
425412856 1 27123 R 3.0 4 1 0 60
444413595 1 28339 R 4.0 5 1 0 61
446657457 1 28483 R 2.0 5 1 0 62
451651865 1 28802 R 12.0 5 4 0 63
453152440 1 28898 R 9.0 5 3 1 64
454891599 1 29010 R 13.0 5 4 1 65
459162445 1 29283 R 3.0 5 1 0 66
461380444 1 29425 R 11.0 5 4 0 67
465401356 1 29682 R 8.0 5 3 0 68
466173858 1 29732 R 5.0 5 2 0 69
469195790 1 29925 R 6.0 5 2 63 70
473706621 1 30214 R 10.0 5 3 0 71
474207073 1 30246 R 7.0 5 2 60 72
484945348 1 30933 R 10.0 6 3 0 73
488712084 1 31174 R 8.0 6 3 1 74
490147112 1 31266 R 6.0 6 2 0 75
500647222 1 31938 R 12.0 6 4 0 76
501413076 1 31987 R 5.0 6 2 0 77
504599808 1 32191 R 9.0 6 3 0 78
506165005 1 32291 R 7.0 6 2 1 79
509929128 1 32532 R 2.0 6 1 0 80
511175925 1 32612 R 13.0 6 4 0 81
520692091 1 33221 R 3.0 6 1 0 82
521925776 1 33300 R 11.0 6 4 1 83
523132573 1 33377 R 4.0 6 1 0 84
524127112 1 33441 R 3.0 7 1 0 85
526866459 1 33616 R 12.0 7 4 1 86
527882741 1 33681 R 9.0 7 3 0 87
528928955 1 33748 R 2.0 7 1 0 88
532676061 1 33988 R 5.0 7 2 0 89
536126995 1 34209 R 6.0 7 2 0 90
537894110 1 34322 R 10.0 7 3 1 91
546409514 1 34867 R 8.0 7 3 0 92
548176695 1 34980 R 11.0 7 4 0 93
550361516 1 35120 R 7.0 7 2 0 94
551883413 1 35217 R 13.0 7 4 0 95
558893893 1 35666 R 4.0 7 1 0 96
567393699 1 36210 R 10.0 8 3 0 97
571143325 1 36450 R 7.0 8 2 0 98
573159227 1 36579 R 3.0 8 1 0 99
574537975 1 36667 R 2.0 8 1 0 100
577540433 1 36859 R 12.0 8 4 1 101
585550794 1 37372 R 6.0 8 2 0 102
586785108 1 37451 R 9.0 8 3 1 103
592035247 1 37787 R 13.0 8 4 1 104
596883131 1 38097 R 11.0 8 4 1 105
602398922 1 38450 R 8.0 8 3 0 106
603785486 1 38539 R 5.0 8 2 1 107
604286946 1 38571 R 4.0 8 1 106 108
608268395 1 38826 R 8.0 9 3 1 109
611035147 1 39003 R 10.0 9 3 0 110
612698397 1 39109 R 13.0 9 4 0 111
613991718 1 39192 R 7.0 9 2 0 112
617759277 1 39433 R 6.0 9 2 378 113
622557070 1 39740 R 4.0 9 1 0 114
627067593 1 40029 R 5.0 9 2 0 115
629083620 1 40158 R 12.0 9 4 0 116
638143805 1 40738 R 11.0 9 4 1 117
638634450 1 40769 R 9.0 9 3 259 118
640614224 1 40896 R 2.0 9 1 0 119
643347376 1 41071 R 3.0 9 1 0 120
644371695 1 41136 R 4.0 10 1 0 121
645132468 1 41185 R 9.0 10 3 0 122
646804575 1 41292 R 12.0 10 4 0 123
661815059 1 42253 R 3.0 10 1 0 124
666350225 1 42543 R 10.0 10 3 0 125
671112666 1 42848 R 11.0 10 4 257 126
672058900 1 42908 R 5.0 10 2 170 127
677797935 1 43276 R 7.0 10 2 0 128
679314935 1 43373 R 6.0 10 2 1 129
680381057 1 43441 R 8.0 10 3 18 130
682354100 1 43567 R 13.0 10 4 514 131
685134551 1 43745 R 9.0 11 3 0 132
685907971 1 43795 R 2.0 10 1 0 133
693395466 1 44274 R 10.0 11 3 0 134
700238943 1 44712 R 8.0 11 3 0 135
700729659 1 44743 R 6.0 11 2 103 136
704940211 1 45013 R 2.0 11 1 0 137
707173903 1 45156 R 3.0 11 1 0 138
707917005 1 45203 R 4.0 11 1 0 139
708504065 1 45241 R 5.0 11 2 0 140
710863316 1 45392 R 11.0 11 4 0 141
716665065 1 45763 R 12.0 11 4 306 142
718180012 1 45860 R 7.0 11 2 404 143
720178467 1 45988 R 13.0 11 4 0 144
726776423 1 46410 R 11.0 12 4 0 145
728565075 1 46525 R 8.0 12 3 0 146
734032884 1 46875 R 6.0 12 2 0 147
735088457 1 46942 R 12.0 12 4 17 148
736297615 1 47020 R 7.0 12 2 0 149
746319091 1 47661 R 9.0 12 3 0 150
748299030 1 47788 R 2.0 12 1 0 151
751286881 1 47979 R 5.0 12 2 0 152
753330266 1 48110 R 4.0 12 1 0 153
757826498 1 48398 R 3.0 12 1 0 154
762102210 1 48671 R 10.0 12 3 1 155
767417025 1 49011 R 9.0 13 3 1 156
768428046 1 49076 R 11.0 13 4 1 157
769222277 1 49127 R 10.0 13 3 56 158
772996751 1 49368 R 13.0 12 4 517 159
773496034 1 49400 R 13.0 13 4 399 160
779745128 1 49800 R 2.0 13 1 0 161
782000876 1 49945 R 6.0 13 2 0 162
783132390 1 50017 R 8.0 13 3 19 163
785135704 1 50145 R 7.0 13 2 1 164
787631500 1 50305 R 3.0 13 1 0 165
799131604 1 51041 R 12.0 13 4 0 166
800396433 1 51122 R 5.0 13 2 0 167
801755987 1 51209 R 4.0 13 1 36 168
803490117 1 51320 R 6.0 14 2 0 169
804750950 1 51401 R 8.0 14 3 0 170
807352954 1 51567 R 10.0 14 3 2 171
808332254 1 51630 R 2.0 14 1 0 172
811570874 1 51837 R 11.0 14 4 1 173
814081493 1 51998 R 13.0 14 4 1 174
815102933 1 52063 R 7.0 14 2 0 175
819523035 1 52346 R 12.0 14 4 0 176
825580412 1 52734 R 4.0 14 1 0 177
839069536 1 53597 R 5.0 14 2 0 178
840816217 1 53709 R 3.0 14 1 0 179
843569321 1 53885 R 9.0 14 3 0 180
847807922 1 54156 R 7.0 15 2 0 181
849598656 1 54271 R 3.0 15 1 0 182
852837787 1 54478 R 6.0 15 2 1 183
856079546 1 54686 R 9.0 15 3 1 184
860818402 1 54989 R 4.0 15 1 0 185
863821416 1 55181 R 2.0 15 1 0 186
866068296 1 55325 R 5.0 15 2 0 187
867362031 1 55408 R 13.0 15 4 2 188
871211624 1 55654 R 10.0 15 3 0 189
880196949 1 56229 R 12.0 15 4 1 190
882331200 1 56366 R 11.0 15 4 0 191
883599355 1 56447 R 8.0 15 3 0 192
886614434 1 56640 R 11.0 16 4 82 193
892352693 1 57007 R 13.0 16 4 1 194
893610063 1 57088 R 8.0 16 3 0 195
898885561 1 57425 R 10.0 16 3 0 196
907631751 1 57985 R 6.0 16 2 1 197
910897235 1 58194 R 2.0 16 1 0 198
916895813 1 58578 R 4.0 16 1 0 199
919298246 1 58732 R 7.0 16 2 0 200
922352386 1 58927 R 9.0 16 3 0 201
922853050 1 58959 R 5.0 16 2 51 202
924338793 1 59054 R 3.0 16 1 0 203
925362680 1 59120 R 7.0 17 2 0 204
931134231 1 59489 R 12.0 16 4 306 205
931612595 1 59520 R 5.0 17 2 0 206
932383640 1 59569 R 8.0 17 3 400 207
932883778 1 59601 R 12.0 17 4 389 208
934131773 1 59681 R 3.0 17 1 0 209
937634231 1 59905 R 9.0 17 3 0 210
939338589 1 60014 R 6.0 17 2 1 211
940134840 1 60065 R 4.0 17 1 0 212
945900023 1 60434 R 13.0 17 4 351 213
956898116 1 61138 R 11.0 17 4 0 214
961658626 1 61443 R 10.0 17 3 0 215
962647239 1 61506 R 2.0 17 1 0 216
968898614 1 61906 R 4.0 18 1 0 217
970392801 1 62002 R 3.0 18 1 0 218
975378232 1 62321 R 10.0 18 3 1 219
978883793 1 62545 R 12.0 18 4 464 220
985595844 1 62975 R 13.0 18 4 0 221
989099670 1 63199 R 8.0 18 3 0 222
996860443 1 63696 R 6.0 18 2 0 223
998378049 1 63793 R 9.0 18 3 1 224
999345583 1 63855 R 5.0 18 2 19 225
1000344562 1 63919 R 7.0 18 2 1 226
1001354170 1 63983 R 2.0 18 1 0 227
1003116240 1 64096 R 11.0 18 4 1 228
1004104068 1 64159 R 2.0 19 1 0 229
1006610165 1 64320 R 6.0 19 2 0 230
1008383522 1 64433 R 8.0 19 3 113 231
1009289888 1 64491 R 4.0 19 1 0 232
1011534250 1 64635 R 3.0 19 1 0 233
1023778803 1 65418 R 7.0 19 2 0 234
1025539851 1 65531 R 11.0 19 4 1 235
1027126432 1 65633 R 5.0 19 2 0 236
1031115272 1 65888 R 9.0 19 3 0 237
1034126311 1 66081 R 10.0 19 3 0 238
1037143431 1 66274 R 12.0 19 4 0 239
1039551908 1 66428 R 13.0 19 4 497 240
1044143047 1 66722 R 6.0 20 2 0 241
1045267137 1 66794 R 2.0 20 1 0 242
1052507145 1 67257 R 11.0 20 4 1 243
1059876677 1 67729 R 13.0 20 4 0 244
1063115273 1 67936 R 4.0 20 1 0 245
1066611272 1 68160 R 12.0 20 4 0 246
1069057293 1 68316 R 3.0 20 1 0 247
1072550303 1 68540 R 5.0 20 2 0 248
1078105012 1 68895 R 10.0 20 3 0 249
1080409255 1 69043 R 7.0 20 2 0 250
1082430977 1 69172 R 9.0 20 3 0 251
1083915772 1 69267 R 8.0 20 3 0 252
1085941094 1 69397 R 2.0 21 1 0 253
1092176435 1 69796 R 12.0 21 4 2 254
1101694662 1 70405 R 13.0 21 4 1 255
1102683340 1 70468 R 7.0 21 2 1 256
1106944456 1 70741 R 11.0 21 4 0 257
1109454811 1 70902 R 9.0 21 3 0 258
1115226883 1 71271 R 10.0 21 3 0 259
1115979789 1 71319 R 3.0 21 1 0 260
1117729647 1 71431 R 8.0 21 3 0 261
1119335621 1 71534 R 4.0 21 1 0 262
1119825280 1 71565 R 5.0 21 2 53 263
1122066676 1 71709 R 6.0 21 2 0 264
1132303180 1 72364 R 11.0 22 4 0 265
1134813897 1 72525 R 13.0 22 4 1 266
1136651035 1 72642 R 5.0 22 2 0 267
1139142633 1 72802 R 8.0 22 3 0 268
1142889567 1 73042 R 9.0 22 3 0 269
1143631682 1 73089 R 3.0 22 1 0 270
1145637330 1 73217 R 6.0 22 2 394 271
1147126639 1 73313 R 2.0 22 1 0 272
1147868923 1 73360 R 12.0 22 4 532 273
1149085668 1 73438 R 4.0 22 1 0 274
1152085808 1 73630 R 10.0 22 3 0 275
1154151935 1 73762 R 7.0 22 2 64 276
1164400290 1 74418 R 7.0 23 2 0 277
1165161285 1 74467 R 10.0 23 3 0 278
1168204687 1 74662 R 4.0 23 1 0 279
1173691799 1 75013 R 2.0 23 1 0 280
1176432294 1 75188 R 3.0 23 1 0 281
1177454615 1 75254 R 9.0 23 3 0 282
1181192563 1 75493 R 8.0 23 3 1 283
1181954601 1 75542 R 11.0 23 4 1 284
1183692538 1 75653 R 12.0 23 4 0 285
1187583758 1 75902 R 6.0 23 2 1 286
1191836271 1 76174 R 5.0 23 2 601 287
1195823905 1 76429 R 13.0 23 4 2 288
1203584251 1 76926 R 7.0 24 2 1 289
1205845035 1 77071 R 9.0 24 3 1 290
1206318236 1 77101 R 4.0 24 1 32 291
1210806573 1 77388 R 11.0 24 4 0 292
1218317119 1 77869 R 5.0 24 2 1 293
1219822921 1 77965 R 8.0 24 3 0 294
1220823679 1 78029 R 6.0 24 2 17 295
1222072920 1 78109 R 2.0 24 1 0 296
1225833327 1 78350 R 3.0 24 1 0 297
1231333307 1 78702 R 12.0 24 4 1 298
1233600045 1 78847 R 10.0 24 3 1 299
1240099890 1 79263 R 13.0 24 4 1 300
1243854676 1 79503 R 6.0 25 2 0 301
1244349603 1 79535 R 10.0 25 3 0 302
1247865538 1 79760 R 3.0 25 1 0 303
1251862368 1 80016 R 2.0 25 1 0 304
1258349271 1 80431 R 9.0 25 3 0 305
1267604575 1 81023 R 8.0 25 3 0 306
1272056399 1 81308 R 4.0 25 1 0 307
1272806233 1 81356 R 7.0 25 2 0 308
1281840364 1 81934 R 13.0 25 4 497 309
1282350260 1 81967 R 11.0 25 4 95 310
1284164389 1 82083 R 5.0 25 2 0 311
1284931063 1 82132 R 12.0 25 4 0 312
1286458792 1 82230 R 13.0 26 4 33 313
1288197820 1 82341 R 11.0 26 4 64 314
1293712800 1 82694 R 8.0 26 3 0 315
1295797887 1 82828 R 2.0 26 1 0 316
1297549929 1 82940 R 3.0 26 1 0 317
1303533674 1 83323 R 9.0 26 3 0 318
1309267794 1 83690 R 6.0 26 2 0 319
1316817963 1 84173 R 4.0 26 1 0 320
1317612269 1 84224 R 7.0 26 2 12 321
1319579702 1 84350 R 10.0 26 3 1 322
1321931396 1 84500 R 12.0 26 4 1 323
1322959919 1 84566 R 5.0 26 2 0 324
1325970609 1 84759 R 13.0 27 4 0 325
1327220434 1 84839 R 10.0 27 3 1 326
1330441648 1 85045 R 3.0 27 1 0 327
1335930798 1 85396 R 6.0 27 2 0 328
1336923605 1 85460 R 9.0 27 3 0 329
1340939369 1 85717 R 2.0 27 1 0 330
1342930859 1 85844 R 12.0 27 4 0 331
1343456178 1 85878 R 4.0 27 1 0 332
1345195348 1 85989 R 7.0 27 2 0 333
1345945376 1 86037 R 11.0 27 4 0 334
1350236683 1 86312 R 8.0 27 3 1 335
1359760428 1 86921 R 5.0 27 2 0 336
1365508568 1 87289 R 12.0 28 4 0 337
1367020560 1 87386 R 6.0 28 2 118 338
1372499227 1 87737 R 7.0 28 2 0 339
1376243885 1 87976 R 13.0 28 4 2 340
1378026204 1 88090 R 9.0 28 3 0 341
1380040914 1 88219 R 8.0 28 3 1 342
1381790754 1 88331 R 3.0 28 1 0 343
1383788737 1 88459 R 10.0 28 3 196 344
1385297646 1 88556 R 4.0 28 1 0 345
1389537369 1 88827 R 2.0 28 1 0 346
1401036595 1 89563 R 5.0 28 2 0 347
1404258175 1 89769 R 8.0 29 3 0 348
1408309870 1 90028 R 11.0 28 4 338 349
1408820369 1 90061 R 9.0 29 3 176 350
1412307773 1 90284 R 4.0 29 1 0 351
1416569777 1 90557 R 2.0 29 1 0 352
1419307773 1 90732 R 7.0 29 2 0 353
1419801642 1 90764 R 3.0 29 1 0 354
1431074966 1 91485 R 6.0 29 2 343 355
1432353276 1 91567 R 13.0 29 4 382 356
1433823480 1 91661 R 12.0 29 4 1 357
1435569199 1 91773 R 11.0 29 4 0 358
1436324983 1 91821 R 5.0 29 2 47 359
1442813300 1 92237 R 10.0 29 3 0 360
1445799180 1 92428 R 2.0 30 1 0 361
1447192876 1 92517 R 3.0 30 1 0 362
1449940306 1 92693 R 11.0 30 4 1 363
1450431146 1 92724 R 13.0 30 4 245 364
1452419684 1 92851 R 5.0 30 2 333 365
1453658866 1 92931 R 10.0 30 3 331 366
1456379702 1 93105 R 6.0 30 2 312 367
1458445055 1 93237 R 8.0 30 3 324 368
1460195144 1 93349 R 12.0 30 4 893 369
1466939368 1 93781 R 9.0 30 3 2 370
1472428377 1 94132 R 4.0 30 1 0 371
1483178359 1 94820 R 7.0 30 2 1 372
1486928248 1 95060 R 11.0 31 4 1 373
1489445003 1 95221 R 12.0 31 4 352 374
1492179293 1 95396 R 9.0 31 3 241 375
1492668257 1 95427 R 5.0 31 2 254 376
1497916671 1 95763 R 4.0 31 1 0 377
1506617507 1 96320 R 6.0 31 2 0 378
1510188353 1 96549 R 13.0 31 4 0 379
1514929366 1 96852 R 2.0 31 1 0 380
1515994334 1 96920 R 10.0 31 3 376 381
1521019919 1 97242 R 8.0 31 3 0 382
1522003002 1 97305 R 7.0 31 2 0 383
1525024988 1 97498 R 11.0 32 4 1 384
1531281373 1 97899 R 3.0 31 1 0 385
1532043731 1 97947 R 3.0 32 1 390 386
1532565590 1 97981 R 6.0 32 2 195 387
1534308884 1 98092 R 7.0 32 2 297 388
1534819629 1 98125 R 9.0 32 3 281 389
1535309110 1 98156 R 13.0 32 4 153 390
1535808047 1 98188 R 4.0 32 1 79 391
1540802951 1 98508 R 8.0 32 3 0 392
1549260563 1 99049 R 12.0 32 4 2 393
1554038195 1 99355 R 2.0 32 1 0 394
1555546048 1 99452 R 10.0 32 3 0 395
1558784742 1 99659 R 5.0 32 2 1 396
1568557234 1 100284 R 5.0 33 2 0 397
1570461296 1 100406 R 3.0 33 1 0 398
1572461490 1 100534 R 12.0 33 4 1 399
1576024720 1 100762 R 4.0 33 1 0 400
1577774768 1 100874 R 13.0 33 4 0 401
1582037269 1 101147 R 8.0 33 3 0 402
1584785086 1 101323 R 7.0 33 2 0 403
1589549619 1 101628 R 2.0 33 1 0 404
1597535048 1 102139 R 11.0 33 4 1 405
1600026757 1 102298 R 10.0 33 3 357 406
1602254942 1 102441 R 6.0 33 2 0 407
1604537140 1 102587 R 9.0 33 3 387 408
1610540964 1 102971 R 9.0 34 3 0 409
1611288537 1 103019 R 2.0 34 1 0 410
1613537543 1 103163 R 8.0 34 3 0 411
1622301975 1 103724 R 10.0 34 3 1 412
1625048343 1 103900 R 3.0 34 1 0 413
1627040942 1 104027 R 11.0 34 4 1 414
1628790612 1 104139 R 7.0 34 2 1 415
1632290374 1 104363 R 5.0 34 2 0 416
1633050977 1 104412 R 4.0 34 1 0 417
1633570073 1 104445 R 6.0 34 2 0 418
1642082538 1 104990 R 12.0 34 4 458 419
1645072920 1 105181 R 13.0 34 4 0 420
1648061426 1 105373 R 9.0 35 3 0 421
1649569848 1 105469 R 12.0 35 4 1 422
1653069500 1 105693 R 8.0 35 3 0 423
1656104981 1 105887 R 7.0 35 2 0 424
1660356577 1 106159 R 5.0 35 2 403 425
1674096958 1 107039 R 10.0 35 3 0 426
1678080464 1 107294 R 3.0 35 1 0 427
1680096812 1 107423 R 13.0 35 4 1 428
1681864736 1 107536 R 2.0 35 1 0 429
1683363060 1 107632 R 6.0 35 2 0 430
1688846448 1 107983 R 4.0 35 1 0 431
1690087407 1 108062 R 11.0 35 4 564 432
1690544279 1 108091 R 13.0 36 4 223 433
1691043160 1 108123 R 9.0 36 3 63 434
1692809180 1 108236 R 12.0 36 4 1 435
1693330608 1 108270 R 3.0 36 1 0 436
1698086905 1 108574 R 4.0 36 1 353 437
1703824476 1 108941 R 10.0 36 3 0 438
1705071685 1 109021 R 2.0 36 1 0 439
1707319767 1 109165 R 6.0 36 2 0 440
1708575064 1 109245 R 7.0 36 2 80 441
1715836762 1 109710 R 5.0 36 2 112 442
1717511178 1 109817 R 11.0 36 4 518 443
1720537700 1 110011 R 8.0 36 3 0 444
1728368205 1 110512 R 13.0 37 4 1 445
1736635788 1 111041 R 12.0 37 4 0 446
1739158672 1 111203 R 2.0 37 1 0 447
1739901937 1 111250 R 10.0 37 3 1 448
1742653680 1 111426 R 11.0 37 4 160 449
1743646367 1 111490 R 3.0 37 1 0 450
1747146228 1 111714 R 6.0 37 2 0 451
1750417888 1 111923 R 8.0 37 3 0 452
1758433992 1 112436 R 5.0 37 2 0 453
1760184660 1 112548 R 4.0 37 1 67 454
1762432565 1 112692 R 7.0 37 2 0 455
1764465093 1 112822 R 9.0 37 3 1 456
1772715101 1 113350 R 10.0 38 3 0 457
1776353109 1 113583 R 8.0 38 3 1 458
1779345573 1 113775 R 9.0 38 3 1 459
1780570632 1 113853 R 6.0 38 2 0 460
1781332963 1 113902 R 2.0 38 1 0 461
1784088546 1 114078 R 3.0 38 1 0 462
1787349423 1 114287 R 12.0 38 4 1 463
1788880004 1 114385 R 13.0 38 4 420 464
1791075856 1 114525 R 5.0 38 2 247 465
1793573836 1 114685 R 7.0 38 2 0 466
1795073919 1 114781 R 11.0 38 4 0 467
1800073721 1 115101 R 4.0 38 1 0 468
1806087790 1 115486 R 3.0 39 1 0 469
1808073812 1 115613 R 10.0 39 3 0 470
1825837658 1 116750 R 8.0 39 3 0 471
1828652377 1 116930 R 4.0 39 1 0 472
1832163966 1 117155 R 12.0 39 4 1 473
1833402378 1 117234 R 7.0 39 2 1 474
1840662562 1 117699 R 6.0 39 2 1 475
1842680749 1 117828 R 2.0 39 1 0 476
1843675584 1 117892 R 5.0 39 2 508 477
1844164388 1 117923 R 9.0 39 3 979 478
1849904657 1 118290 R 13.0 39 4 1265 479
1856913389 1 118739 R 11.0 39 4 903 480
1858434918 1 118836 R 11.0 40 4 395 481
1865183155 1 119268 R 13.0 40 4 485 482
1866995876 1 119384 R 2.0 40 1 0 483
1867742022 1 119432 R 12.0 40 4 0 484
1872758935 1 119753 R 7.0 40 2 454 485
1874817810 1 119885 R 6.0 40 2 0 486
1880106748 1 120223 R 4.0 40 1 879 487
1880867508 1 120272 R 5.0 40 2 570 488
1881700384 1 120325 R 8.0 40 3 199 489
1882231729 1 120359 R 3.0 40 1 40 490
1888004213 1 120729 R 9.0 40 3 931 491
1893276130 1 121066 R 10.0 40 3 814 492
1897352164 1 121327 R 10.0 41 3 657 493
1899167028 1 121443 R 6.0 41 2 244 494
1900069442 1 121501 R 8.0 41 3 142 495
1901289384 1 121579 R 2.0 41 1 0 496
1903539887 1 121723 R 7.0 41 2 0 497
1905350342 1 121839 R 3.0 41 1 0 498
1909600429 1 122111 R 13.0 41 4 1 499
1915616339 1 122496 R 9.0 41 3 1111 500
1917886389 1 122641 R 11.0 41 4 991 501
1918918544 1 122707 R 5.0 41 2 587 502
1921148622 1 122850 R 4.0 41 1 0 503
1926648198 1 123202 R 2.0 42 1 0 504
1930900429 1 123474 R 12.0 41 4 855 505
1931649862 1 123522 R 6.0 42 2 339 506
1934867364 1 123728 R 9.0 42 3 436 507
1935356796 1 123759 R 12.0 42 4 112 508
1938604932 1 123967 R 4.0 42 1 0 509
1941362786 1 124144 R 5.0 42 2 0 510
1944137094 1 124321 R 7.0 42 2 0 511
1947887160 1 124561 R 11.0 42 4 0 512
1949131416 1 124641 R 10.0 42 3 103 513
1950395319 1 124722 R 3.0 42 1 0 514
1956379636 1 125105 R 13.0 42 4 0 515
1958651079 1 125250 R 8.0 42 3 0 516
1968150749 1 125858 R 8.0 43 3 0 517
1974427638 1 126260 R 5.0 43 2 1 518
1979944239 1 126613 R 6.0 43 2 1 519
1983705013 1 126854 R 4.0 43 1 0 520
1986693849 1 127045 R 9.0 43 3 1 521
1987847175 1 127119 R 7.0 43 2 15 522
1990564436 1 127293 R 12.0 43 4 2 523
1992300716 1 127404 R 2.0 43 1 0 524
1995042941 1 127579 R 13.0 43 4 0 525
1995881579 1 127633 R 10.0 43 3 132 526
1996862792 1 127696 R 3.0 43 1 0 527
2002097637 1 128031 R 11.0 43 4 0 528
2009870805 1 128528 R 10.0 44 3 260 529
2011108678 1 128608 R 9.0 44 3 48 530
2015351789 1 128879 R 3.0 44 1 0 531
2016355074 1 128943 R 2.0 44 1 0 532
2018368711 1 129072 R 4.0 44 1 0 533
2020368718 1 129200 R 13.0 44 4 0 534
2021650963 1 129282 R 6.0 44 2 0 535
2026471448 1 129591 R 5.0 44 2 0 536
2027727291 1 129671 R 11.0 44 4 290 537
2028216020 1 129702 R 7.0 44 2 287 538
2038714537 1 130374 R 12.0 44 4 0 539
2043727576 1 130695 R 8.0 44 3 1 540
2049178317 1 131044 R 3.0 45 1 0 541
2051187573 1 131173 R 5.0 45 2 0 542
2052163643 1 131235 R 4.0 45 1 345 543
2052652677 1 131266 R 6.0 45 2 142 544
2053707314 1 131334 R 10.0 45 3 509 545
2055477390 1 131447 R 11.0 45 4 1 546
2056727136 1 131527 R 7.0 45 2 0 547
2063727058 1 131975 R 8.0 45 3 0 548
2065823183 1 132109 R 2.0 45 1 0 549
2076065343 1 132765 R 9.0 45 3 1 550
2079587303 1 132990 R 12.0 45 4 1 551
2084347798 1 133295 R 13.0 45 4 1 552
2085636183 1 133377 R 2.0 46 1 0 553
2086879909 1 133457 R 7.0 46 2 0 554
2089412549 1 133619 R 6.0 46 2 0 555
2098401809 1 134194 R 4.0 46 1 0 556
2101162506 1 134371 R 10.0 46 3 0 557
2104901260 1 134610 R 9.0 46 3 0 558
2108097374 1 134815 R 11.0 46 4 2 559
2110361926 1 134960 R 3.0 46 1 0 560
2118100971 1 135455 R 5.0 46 2 0 561
2124886182 1 135889 R 2.0 47 1 0 562
2129646477 1 136194 R 12.0 46 4 534 563
2130146107 1 136226 R 8.0 46 3 450 564
2132861651 1 136400 R 5.0 47 2 1 565
2134894538 1 136530 R 12.0 47 4 0 566
2138633342 1 136769 R 3.0 47 1 0 567
2141915778 1 136979 R 9.0 47 3 0 568
2142700875 1 137029 R 4.0 47 1 826 569
2143212834 1 137062 R 13.0 46 4 1320 570
2150211114 1 137510 R 13.0 47 4 365 571
2152354179 1 137647 R 10.0 47 3 1106 572
2152842216 1 137678 R 8.0 47 3 1376 573
2155092093 1 137822 R 6.0 47 2 1307 574
2156091942 1 137886 R 7.0 47 2 409 575
2158600565 1 138047 R 11.0 47 4 0 576
2168893753 1 138706 R 6.0 48 2 0 577
2174850643 1 139087 R 9.0 48 3 1 578
2177323825 1 139245 R 2.0 48 1 0 579
2183840158 1 139662 R 10.0 48 3 0 580
2186089842 1 139806 R 13.0 48 4 1 581
2188589479 1 139966 R 3.0 48 1 0 582
2194111257 1 140320 R 8.0 48 3 0 583
2196383791 1 140465 R 4.0 48 1 0 584
2200003278 1 140697 R 7.0 48 2 1 585
2201002756 1 140761 R 5.0 48 2 1 586
2204068315 1 140957 R 12.0 48 4 0 587
2207319823 1 141165 R 11.0 48 4 811 588
2212818410 1 141517 R 4.0 49 1 0 589
2222568383 1 142141 R 7.0 49 2 0 590
2224065233 1 142237 R 2.0 49 1 0 591
2224590243 1 142270 R 10.0 49 3 1 592
2225586766 1 142334 R 6.0 49 2 1 593
2229535485 1 142587 R 13.0 49 4 0 594
2237057307 1 143068 R 11.0 49 4 1 595
2237858456 1 143120 R 5.0 49 2 1 596
2239087554 1 143198 R 12.0 49 4 1 597
2240306724 1 143276 R 3.0 49 1 46 598
2245773298 1 143626 R 8.0 49 3 220 599
2246273158 1 143658 R 9.0 49 3 111 600
2252238346 1 144040 R 2.0 50 1 0 601
2256053941 1 144284 R 9.0 50 3 0 602
2259319164 1 144493 R 12.0 50 4 0 603
2260831127 1 144590 R 5.0 50 2 0 604
2265538199 1 144891 R 13.0 50 4 0 605
2266808058 1 144972 R 7.0 50 2 0 606
2269331429 1 145134 R 8.0 50 3 0 607
2273318747 1 145389 R 10.0 50 3 1 608
2274597447 1 145471 R 6.0 50 2 0 609
2279114334 1 145760 R 11.0 50 4 1 610
2280636326 1 145857 R 3.0 50 1 0 611
2282666340 1 145987 R 4.0 50 1 0 612
2284416098 1 146099 R 4.0 51 1 0 613
2284907728 1 146131 R 11.0 51 4 1 614
2286676767 1 146244 R 7.0 51 2 0 615
2294646512 1 146754 R 8.0 51 3 0 616
2295661849 1 146819 R 3.0 51 1 0 617
2297554146 1 146940 R 2.0 51 1 0 618
2300303711 1 147116 R 12.0 51 4 0 619
2309066066 1 147677 R 13.0 51 4 496 620
2312833924 1 147918 R 9.0 51 3 640 621
2313309026 1 147948 R 5.0 51 2 223 622
2320036033 1 148379 R 10.0 51 3 1 623
2322804146 1 148556 R 6.0 51 2 0 624
2324817840 1 148685 R 5.0 52 2 0 625
2330337831 1 149038 R 13.0 52 4 0 626
2334870559 1 149328 R 3.0 52 1 0 627
2336402603 1 149426 R 9.0 52 3 0 628
2338144472 1 149538 R 4.0 52 1 0 629
2339883629 1 149649 R 7.0 52 2 0 630
2342152095 1 149794 R 6.0 52 2 1 631
2348424672 1 150196 R 12.0 52 4 0 632
2349413513 1 150259 R 8.0 52 3 0 633
2354174620 1 150564 R 11.0 52 4 0 634
2363054451 1 151132 R 2.0 52 1 0 635
2364308427 1 151212 R 10.0 52 3 1 636
2365565900 1 151293 R 12.0 53 4 0 637
2366840407 1 151374 R 10.0 53 3 0 638
2374880898 1 151889 R 3.0 53 1 0 639
2380630756 1 152257 R 9.0 53 3 0 640
2384011339 1 152473 R 2.0 53 1 0 641
2388275288 1 152746 R 7.0 53 2 0 642
2391558072 1 152956 R 4.0 53 1 0 643
2392566074 1 153021 R 5.0 53 2 0 644
2396304632 1 153260 R 6.0 53 2 0 645
