254265796 1 16170 R 7.0 0 2 0 1
257142734 1 16354 R 10.0 0 3 0 2
257912316 1 16403 R 8.0 0 3 1 3
263429252 1 16756 R 2.0 0 1 0 4
265675505 1 16900 R 4.0 0 1 0 5
273393515 1 17394 R 5.0 0 2 0 6
274662097 1 17475 R 3.0 0 1 0 7
278558715 1 17724 R 11.0 0 4 695 8
280053617 1 17820 R 6.0 0 2 0 9
282925957 1 18004 R 13.0 0 4 1 10
291774035 1 18570 R 12.0 0 4 0 11
294285191 1 18731 R 9.0 0 3 79 12
298792632 1 19019 R 6.0 1 2 0 13
300610492 1 19136 R 13.0 1 4 1 14
302875585 1 19281 R 2.0 1 1 0 15
303632664 1 19329 R 4.0 1 1 73 16
306869307 1 19536 R 8.0 1 3 0 17
308120706 1 19616 R 9.0 1 3 1 18
314131724 1 20001 R 10.0 1 3 1 19
323914105 1 20627 R 12.0 1 4 0 20
331674776 1 21124 R 11.0 1 4 0 21
333694779 1 21253 R 3.0 1 1 0 22
338446352 1 21557 R 7.0 1 2 0 23
339784049 1 21643 R 5.0 1 2 47 24
353009951 1 22489 R 6.0 2 2 1 25
356507516 1 22713 R 13.0 2 4 1 26
358494999 1 22840 R 2.0 2 1 0 27
363073948 1 23133 R 4.0 2 1 453 28
363584743 1 23166 R 10.0 2 3 372 29
364814186 1 23245 R 8.0 2 3 1 30
365304864 1 23276 R 3.0 2 1 233 31
366519653 1 23354 R 12.0 2 4 692 32
368845890 1 23503 R 11.0 2 4 800 33
369319600 1 23533 R 9.0 2 3 676 34
388556845 1 24764 R 5.0 2 2 0 35
392298709 1 25004 R 7.0 2 2 0 36
400520655 1 25530 R 8.0 3 3 0 37
413440175 1 26357 R 12.0 3 4 0 38
413930802 1 26388 R 9.0 3 3 291 39
418912002 1 26707 R 3.0 3 1 0 40
420417946 1 26803 R 4.0 3 1 0 41
421430285 1 26868 R 2.0 3 1 0 42
423178977 1 26980 R 10.0 3 3 1 43
429603114 1 27391 R 5.0 3 2 0 44
437379631 1 27889 R 6.0 3 2 1 45
439659589 1 28035 R 11.0 3 4 0 46
441931093 1 28180 R 7.0 3 2 0 47
446822943 1 28493 R 13.0 3 4 0 48
449564618 1 28669 R 6.0 4 2 0 49
455833509 1 29070 R 10.0 4 3 1 50
457336268 1 29166 R 3.0 4 1 0 51
463083145 1 29534 R 9.0 4 3 1 52
464615928 1 29632 R 7.0 4 2 1 53
465626266 1 29697 R 2.0 4 1 0 54
483365735 1 30832 R 5.0 4 2 0 55
485127316 1 30945 R 13.0 4 4 17 56
487368677 1 31088 R 8.0 4 3 1 57
488632004 1 31169 R 4.0 4 1 0 58
491644329 1 31362 R 12.0 4 4 161 59
494381849 1 31537 R 11.0 4 4 0 60
495651072 1 31618 R 3.0 5 1 0 61
499914276 1 31891 R 10.0 5 3 0 62
505783745 1 32267 R 13.0 5 4 2 63
506800409 1 32332 R 2.0 5 1 0 64
512031810 1 32667 R 6.0 5 2 0 65
517412284 1 33011 R 8.0 5 3 0 66
526631584 1 33601 R 4.0 5 1 0 67
527881447 1 33681 R 5.0 5 2 0 68
535663803 1 34179 R 9.0 5 3 1 69
540663641 1 34499 R 7.0 5 2 0 70
546665985 1 34883 R 11.0 5 4 720 71
552447428 1 35253 R 8.0 6 3 1 72
556196257 1 35493 R 7.0 6 2 0 73
560213716 1 35750 R 2.0 6 1 0 74
562230817 1 35879 R 12.0 5 4 827 75
568741984 1 36296 R 11.0 6 4 1367 76
569481595 1 36343 R 13.0 6 4 1266 77
570725146 1 36423 R 6.0 6 2 938 78
572724906 1 36551 R 9.0 6 3 748 79
579494963 1 36984 R 3.0 6 1 0 80
583272310 1 37226 R 5.0 6 2 0 81
584532948 1 37307 R 4.0 6 1 0 82
589022064 1 37594 R 10.0 6 3 0 83
590788702 1 37707 R 12.0 6 4 1 84
607005706 1 38745 R 8.0 7 3 0 85
608760589 1 38857 R 7.0 7 2 0 86
611507333 1 39033 R 13.0 7 4 259 87
614040009 1 39195 R 2.0 7 1 0 88
616288236 1 39339 R 11.0 7 4 2 89
622050462 1 39708 R 12.0 7 4 511 90
623071237 1 39773 R 6.0 7 2 43 91
628532361 1 40123 R 4.0 7 1 0 92
630266579 1 40234 R 9.0 7 3 1 93
630756268 1 40265 R 3.0 7 1 47 94
633228745 1 40423 R 5.0 7 2 0 95
642489322 1 41016 R 10.0 7 3 1 96
648304112 1 41388 R 7.0 8 2 0 97
652320489 1 41645 R 8.0 8 3 0 98
654821073 1 41805 R 9.0 8 3 80 99
656833361 1 41934 R 2.0 8 1 0 100
657581279 1 41982 R 12.0 8 4 1 101
661102931 1 42207 R 13.0 8 4 1 102
665072383 1 42461 R 11.0 8 4 435 103
666036823 1 42523 R 6.0 8 2 1 104
667543509 1 42619 R 10.0 8 3 0 105
684797644 1 43724 R 3.0 8 1 0 106
692282198 1 44203 R 5.0 8 2 0 107
692781975 1 44235 R 4.0 8 1 8 108
700754064 1 44745 R 9.0 9 3 1 109
702241419 1 44840 R 10.0 9 3 1 110
703773615 1 44938 R 5.0 9 2 0 111
705036208 1 45019 R 6.0 9 2 0 112
708798358 1 45260 R 7.0 9 2 0 113
710744614 1 45384 R 4.0 9 1 0 114
716504004 1 45753 R 12.0 9 4 0 115
723018965 1 46170 R 2.0 9 1 0 116
724266362 1 46250 R 11.0 9 4 546 117
724809596 1 46284 R 8.0 9 3 401 118
730057694 1 46620 R 3.0 9 1 0 119
734833071 1 46926 R 13.0 9 4 961 120
745766396 1 47626 R 5.0 10 2 0 121
748745353 1 47816 R 12.0 10 4 0 122
750506131 1 47929 R 11.0 10 4 1 123
758516792 1 48442 R 13.0 10 4 1 124
759008132 1 48473 R 2.0 10 1 0 125
761003855 1 48601 R 3.0 10 1 0 126
762495270 1 48696 R 4.0 10 1 0 127
764006146 1 48793 R 6.0 10 2 0 128
766516778 1 48954 R 8.0 10 3 2 129
774266557 1 49450 R 7.0 10 2 0 130
790269473 1 50474 R 10.0 10 3 1 131
794258164 1 50729 R 9.0 10 3 1 132
795007989 1 50777 R 7.0 11 2 0 133
801051579 1 51164 R 12.0 11 4 1 134
809551149 1 51708 R 4.0 11 1 0 135
820801009 1 52428 R 8.0 11 3 1 136
824573073 1 52669 R 13.0 11 4 1 137
825475786 1 52727 R 2.0 11 1 0 138
828975066 1 52951 R 9.0 11 3 1 139
833276044 1 53226 R 3.0 11 1 0 140
835051307 1 53340 R 5.0 11 2 1 141
844258439 1 53929 R 10.0 11 3 1 142
850759650 1 54345 R 6.0 11 2 994 143
856010339 1 54681 R 11.0 11 4 1586 144
860998076 1 55000 R 11.0 12 4 241 145
861236975 1 55016 R 12.0 12 4 371 146
861711431 1 55046 R 13.0 12 4 159 147
865198397 1 55269 R 4.0 12 1 0 148
866459227 1 55350 R 6.0 12 2 0 149
866725504 1 55367 R 2.0 12 1 0 150
876459042 1 55990 R 9.0 12 3 0 151
876966906 1 56022 R 5.0 12 2 1000 152
877466202 1 56054 R 10.0 12 3 577 153
881991634 1 56344 R 8.0 12 3 1 154
888275495 1 56746 R 3.0 12 1 0 155
891774168 1 56970 R 7.0 12 2 0 156
893801053 1 57100 R 5.0 13 2 0 157
900318964 1 57517 R 8.0 13 3 388 158
903948269 1 57749 R 13.0 13 4 0 159
913775633 1 58378 R 6.0 13 2 665 160
915025211 1 58458 R 9.0 13 3 563 161
915470047 1 58487 R 7.0 13 2 31 162
917688735 1 58629 R 3.0 13 1 0 163
917960667 1 58646 R 12.0 13 4 433 164
925458840 1 59126 R 11.0 13 4 1 165
926540239 1 59195 R 2.0 13 1 0 166
933790250 1 59659 R 10.0 13 3 1 167
939308159 1 60012 R 4.0 13 1 384 168
943797251 1 60300 R 3.0 14 1 0 169
950545396 1 60732 R 7.0 14 2 0 170
952567231 1 60861 R 12.0 14 4 0 171
954588690 1 60990 R 8.0 14 3 0 172
956581001 1 61118 R 2.0 14 1 0 173
960349398 1 61359 R 6.0 14 2 0 174
986284547 1 63019 R 9.0 14 3 0 175
987784408 1 63115 R 4.0 14 1 0 176
988070396 1 63133 R 5.0 14 2 0 177
992784629 1 63435 R 13.0 14 4 0 178
996302765 1 63660 R 10.0 14 3 370 179
997286141 1 63723 R 11.0 14 4 507 180
997759345 1 63753 R 4.0 15 1 87 181
1005997299 1 64280 R 7.0 15 2 0 182
1009260560 1 64489 R 10.0 15 3 1 183
1010507989 1 64569 R 6.0 15 2 0 184
1017019693 1 64986 R 11.0 15 4 2 185
1018510360 1 65081 R 2.0 15 1 0 186
1024008511 1 65433 R 8.0 15 3 1 187
1026781738 1 65611 R 5.0 15 2 0 188
1032308054 1 65964 R 3.0 15 1 0 189
1033801917 1 66060 R 9.0 15 3 0 190
1038073773 1 66333 R 13.0 15 4 0 191
1039334591 1 66414 R 12.0 15 4 0 192
1052596641 1 67263 R 5.0 16 2 0 193
1054618483 1 67392 R 2.0 16 1 0 194
1057868230 1 67600 R 6.0 16 2 0 195
1064068775 1 67997 R 3.0 16 1 0 196
1065555007 1 68092 R 11.0 16 4 381 197
1068542147 1 68283 R 9.0 16 3 0 198
1073337884 1 68590 R 13.0 16 4 460 199
1077618484 1 68864 R 4.0 16 1 0 200
1080118596 1 69024 R 10.0 16 3 0 201
1083803518 1 69260 R 8.0 16 3 2 202
1087292654 1 69483 R 12.0 16 4 0 203
1090803260 1 69708 R 7.0 16 2 0 204
1102068403 1 70429 R 3.0 17 1 0 205
1103314043 1 70509 R 6.0 17 2 0 206
1105553211 1 70652 R 2.0 17 1 0 207
1107053313 1 70748 R 11.0 17 4 0 208
1110303050 1 70956 R 5.0 17 2 0 209
1113553208 1 71164 R 13.0 17 4 1 210
1115803027 1 71308 R 12.0 17 4 1 211
1117563657 1 71421 R 7.0 17 2 0 212
1118088579 1 71454 R 4.0 17 1 14 213
1122076641 1 71710 R 8.0 17 3 0 214
1127814101 1 72077 R 10.0 17 3 0 215
1134305244 1 72492 R 9.0 17 3 1 216
1146270441 1 73258 R 5.0 18 2 0 217
1154064282 1 73757 R 10.0 18 3 0 218
1154879866 1 73809 R 2.0 18 1 21 219
1156611863 1 73920 R 3.0 18 1 0 220
1159348517 1 74095 R 4.0 18 1 0 221
1162100255 1 74271 R 13.0 18 4 310 222
1163557140 1 74364 R 12.0 18 4 258 223
1169754421 1 74761 R 6.0 18 2 351 224
1170228636 1 74791 R 8.0 18 3 313 225
1172465807 1 74934 R 9.0 18 3 0 226
1183226615 1 75623 R 7.0 18 2 0 227
1192009339 1 76185 R 11.0 18 4 0 228
1202791811 1 76875 R 13.0 19 4 1 229
1208543260 1 77243 R 9.0 19 3 302 230
1210036022 1 77339 R 3.0 19 1 0 231
1210791643 1 77387 R 8.0 19 3 112 232
1219519147 1 77946 R 11.0 19 4 0 233
1224290575 1 78251 R 6.0 19 2 1 234
1228520902 1 78522 R 10.0 19 3 0 235
1229597607 1 78591 R 5.0 19 2 36 236
1231084258 1 78686 R 12.0 19 4 1 237
1236585826 1 79038 R 2.0 19 1 0 238
1238583901 1 79166 R 4.0 19 1 0 239
1239833763 1 79246 R 7.0 19 2 0 240
1251583713 1 79998 R 12.0 20 4 0 241
1254844304 1 80207 R 8.0 20 3 0 242
1258104929 1 80415 R 7.0 20 2 0 243
1259604857 1 80511 R 9.0 20 3 0 244
1262612092 1 80704 R 3.0 20 1 0 245
1263346551 1 80751 R 10.0 20 3 0 246
1268115794 1 81056 R 4.0 20 1 0 247
1279846188 1 81807 R 5.0 20 2 1 248
1284053024 1 82076 R 2.0 20 1 0 249
1284801128 1 82124 R 11.0 20 4 1 250
1289050732 1 82396 R 6.0 20 2 0 251
1291583537 1 82558 R 13.0 20 4 0 252
1296572164 1 82877 R 9.0 21 3 1 253
1302099716 1 83231 R 11.0 21 4 1 254
1304110303 1 83360 R 4.0 21 1 0 255
1305846403 1 83471 R 10.0 21 3 0 256
1307838776 1 83598 R 6.0 21 2 0 257
1311599735 1 83839 R 12.0 21 4 1 258
1314096044 1 83999 R 5.0 21 2 0 259
1319588839 1 84350 R 13.0 21 4 0 260
1324088544 1 84638 R 8.0 21 3 2 261
1325095895 1 84703 R 2.0 21 1 0 262
1329838568 1 85006 R 7.0 21 2 1 263
1336101157 1 85407 R 3.0 21 1 0 264
1346845621 1 86095 R 5.0 22 2 0 265
1350088685 1 86302 R 11.0 22 4 0 266
1354845836 1 86607 R 10.0 22 3 0 267
1361839947 1 87054 R 3.0 22 1 0 268
1364132989 1 87201 R 4.0 22 1 808 269
1364622181 1 87232 R 13.0 22 4 828 270
1367617263 1 87424 R 2.0 22 1 0 271
1376620131 1 88000 R 7.0 22 2 0 272
1378372584 1 88112 R 6.0 22 2 1009 273
1380882427 1 88273 R 9.0 22 3 143 274
1385870683 1 88592 R 8.0 22 3 49 275
1389882384 1 88849 R 12.0 22 4 393 276
1394899810 1 89170 R 11.0 23 4 0 277
1396663187 1 89283 R 12.0 23 4 0 278
1399361533 1 89456 R 3.0 23 1 0 279
1404845635 1 89807 R 9.0 23 3 1 280
1406619946 1 89920 R 13.0 23 4 0 281
1407878169 1 90001 R 6.0 23 2 1 282
1413400469 1 90354 R 10.0 23 3 1 283
1419900084 1 90770 R 5.0 23 2 0 284
1429445913 1 91381 R 8.0 23 3 0 285
1432978414 1 91607 R 7.0 23 2 0 286
1437478272 1 91895 R 4.0 23 1 0 287
1439726058 1 92039 R 2.0 23 1 0 288
1448225826 1 92583 R 6.0 24 2 0 289
1455739036 1 93064 R 13.0 24 4 1 290
1457758658 1 93193 R 10.0 24 3 1 291
1458519855 1 93242 R 8.0 24 3 195 292
1463161242 1 93539 R 12.0 24 4 0 293
1475900183 1 94354 R 11.0 24 4 0 294
1477943600 1 94485 R 7.0 24 2 0 295
1481454402 1 94710 R 5.0 24 2 0 296
1483411323 1 94835 R 4.0 24 1 0 297
1485911309 1 94995 R 2.0 24 1 0 298
1487650506 1 95106 R 9.0 24 3 0 299
1490209572 1 95270 R 3.0 24 1 0 300
1496204608 1 95654 R 4.0 25 1 0 301
1498443659 1 95797 R 9.0 25 3 1 302
1504204777 1 96166 R 12.0 25 4 0 303
1504470401 1 96183 R 3.0 25 1 0 304
1505618796 1 96256 R 7.0 25 2 16 305
1509595947 1 96511 R 6.0 25 2 0 306
1513335086 1 96750 R 2.0 25 1 0 307
1526085869 1 97566 R 13.0 25 4 0 308
1527445114 1 97653 R 8.0 25 3 16 309
1528455077 1 97718 R 10.0 25 3 0 310
1529476478 1 97783 R 5.0 25 2 0 311
1536487474 1 98232 R 11.0 25 4 1 312
1551476211 1 99191 R 6.0 26 2 1 313
1553476081 1 99319 R 5.0 26 2 1 314
1554785563 1 99403 R 3.0 26 1 0 315
1555335699 1 99438 R 8.0 26 3 1 316
1557595857 1 99583 R 11.0 26 4 1 317
1559085551 1 99678 R 4.0 26 1 0 318
1564990419 1 100056 R 12.0 26 4 533 319
1570228670 1 100391 R 9.0 26 3 462 320
1572229523 1 100519 R 13.0 26 4 825 321
1574597159 1 100671 R 7.0 26 2 0 322
1580096592 1 101023 R 2.0 26 1 0 323
1593835974 1 101902 R 10.0 26 3 0 324
1597173998 1 102116 R 4.0 27 1 0 325
1599914823 1 102291 R 12.0 27 4 314 326
1602217660 1 102439 R 2.0 27 1 349 327
1602714370 1 102470 R 5.0 27 2 290 328
1604195490 1 102565 R 7.0 27 2 0 329
1605723649 1 102663 R 11.0 27 4 0 330
1611993438 1 103064 R 3.0 27 1 0 331
1622727934 1 103751 R 8.0 27 3 0 332
1630962240 1 104278 R 10.0 27 3 1 333
1637978824 1 104727 R 13.0 27 4 27 334
1639700998 1 104837 R 9.0 27 3 1 335
1641191694 1 104933 R 6.0 27 2 320 336
1647456381 1 105334 R 3.0 28 1 0 337
1648195358 1 105381 R 4.0 28 1 0 338
1653445198 1 105717 R 7.0 28 2 0 339
1661944872 1 106261 R 8.0 28 3 1 340
1664189830 1 106405 R 2.0 28 1 0 341
1668928626 1 106708 R 6.0 28 2 0 342
1672928454 1 106964 R 5.0 28 2 1 343
1680428318 1 107444 R 9.0 28 3 2 344
1688195021 1 107941 R 13.0 28 4 3 345
1688935648 1 107988 R 12.0 28 4 127 346
1691439391 1 108149 R 10.0 28 3 0 347
1691928960 1 108180 R 11.0 28 4 99 348
1696162422 1 108451 R 8.0 29 3 0 349
1702447029 1 108853 R 3.0 29 1 286 350
1704451406 1 108981 R 10.0 29 3 357 351
1708993310 1 109272 R 11.0 29 4 0 352
1710510420 1 109369 R 4.0 29 1 0 353
1711503696 1 109433 R 2.0 29 1 0 354
1712751015 1 109513 R 7.0 29 2 548 355
1718544644 1 109883 R 12.0 29 4 886 356
1719055435 1 109916 R 13.0 29 4 469 357
1729786507 1 110603 R 6.0 29 2 0 358
1734808199 1 110924 R 9.0 29 3 0 359
1741058198 1 111324 R 5.0 29 2 1 360
1752303168 1 112044 R 7.0 30 2 0 361
1754568556 1 112189 R 6.0 30 2 1 362
1758590220 1 112446 R 2.0 30 1 0 363
1761090315 1 112606 R 11.0 30 4 1 364
1763102528 1 112735 R 9.0 30 3 567 365
1770361784 1 113200 R 5.0 30 2 0 366
1772129543 1 113313 R 4.0 30 1 0 367
1781380329 1 113905 R 3.0 30 1 0 368
1784133797 1 114081 R 10.0 30 3 1 369
1786629399 1 114241 R 8.0 30 3 1 370
1792955901 1 114646 R 12.0 30 4 0 371
1794195859 1 114725 R 13.0 30 4 34 372
1794959471 1 114774 R 6.0 31 2 0 373
1796705434 1 114886 R 8.0 31 3 0 374
1798709443 1 115014 R 5.0 31 2 0 375
1806977377 1 115543 R 12.0 31 4 0 376
1807993538 1 115608 R 7.0 31 2 0 377
1818178828 1 116260 R 13.0 31 4 1 378
1824728307 1 116679 R 3.0 31 1 0 379
1827959421 1 116886 R 9.0 31 3 1 380
1838709668 1 117574 R 10.0 31 3 0 381
1839720432 1 117639 R 2.0 31 1 0 382
1842961406 1 117846 R 4.0 31 1 0 383
1844709659 1 117958 R 11.0 31 4 0 384
1847971733 1 118167 R 7.0 32 2 0 385
1852991781 1 118488 R 6.0 32 2 0 386
1860759523 1 118985 R 9.0 32 3 1 387
1867689886 1 119429 R 12.0 32 4 0 388
1870292657 1 119595 R 10.0 32 3 0 389
1870803727 1 119628 R 2.0 32 1 11 390
1878552988 1 120124 R 11.0 32 4 1 391
1881364014 1 120304 R 13.0 32 4 1 392
1883130590 1 120417 R 3.0 32 1 0 393
1883846303 1 120463 R 5.0 32 2 0 394
1889081544 1 120798 R 8.0 32 3 0 395
1892331393 1 121006 R 4.0 32 1 0 396
1903835425 1 121742 R 11.0 33 4 1 397
1907830992 1 121998 R 8.0 33 3 0 398
1908580846 1 122046 R 7.0 33 2 0 399
1909596102 1 122111 R 9.0 33 3 0 400
1919080700 1 122718 R 4.0 33 1 0 401
1923802987 1 123020 R 10.0 33 3 0 402
1924802604 1 123084 R 5.0 33 2 0 403
1925303434 1 123116 R 2.0 33 1 14 404
1928788612 1 123339 R 13.0 33 4 1 405
1930565907 1 123453 R 3.0 33 1 0 406
1931549481 1 123516 R 12.0 33 4 1 407
1939302746 1 124012 R 6.0 33 2 1 408
1945541669 1 124411 R 9.0 34 3 0 409
1953011389 1 124889 R 11.0 34 4 399 410
1954543319 1 124987 R 5.0 34 2 71 411
1958045887 1 125212 R 13.0 34 4 1 412
1960058483 1 125340 R 6.0 34 2 0 413
1969806722 1 125964 R 12.0 34 4 1 414
1970819235 1 126029 R 2.0 34 1 0 415
1974317068 1 126253 R 7.0 34 2 0 416
1977816907 1 126477 R 4.0 34 1 0 417
1986458477 1 127030 R 8.0 34 3 0 418
1988721970 1 127175 R 10.0 34 3 0 419
1989990171 1 127256 R 3.0 34 1 0 420
1997990834 1 127768 R 4.0 35 1 0 421
1998556950 1 127804 R 7.0 35 2 16 422
2005295097 1 128235 R 13.0 35 4 1 423
2011537198 1 128635 R 10.0 35 3 1 424
2015102388 1 128863 R 5.0 35 2 0 425
2016871001 1 128976 R 8.0 35 3 1 426
2020613055 1 129216 R 2.0 35 1 0 427
2025599005 1 129535 R 3.0 35 1 0 428
2027817285 1 129677 R 12.0 35 4 1 429
2029331092 1 129774 R 9.0 35 3 2 430
2036494462 1 130232 R 6.0 35 2 0 431
2043494625 1 130680 R 11.0 35 4 0 432
2050093447 1 131103 R 5.0 36 2 384 433
2053339531 1 131310 R 12.0 36 4 1 434
2054102735 1 131359 R 2.0 36 1 0 435
2056102909 1 131487 R 10.0 36 3 1 436
2057588743 1 131582 R 7.0 36 2 0 437
2058352818 1 131631 R 11.0 36 4 1 438
2059620700 1 131712 R 3.0 36 1 0 439
2065392953 1 132082 R 4.0 36 1 0 440
2071135047 1 132449 R 6.0 36 2 0 441
2081914670 1 133139 R 8.0 36 3 1 442
2089928459 1 133652 R 9.0 36 3 0 443
2094175383 1 133924 R 13.0 36 4 2 444
2098581046 1 134206 R 11.0 37 4 0 445
2104696684 1 134597 R 3.0 37 1 0 446
2106262275 1 134697 R 12.0 37 4 1 447
2113513476 1 135161 R 8.0 37 3 500 448
2116254977 1 135337 R 6.0 37 2 0 449
2116522677 1 135354 R 4.0 37 1 0 450
2121776807 1 135690 R 5.0 37 2 1 451
2122941016 1 135765 R 2.0 37 1 35 452
2128175071 1 136100 R 13.0 37 4 0 453
2138190279 1 136741 R 10.0 37 3 0 454
2140457382 1 136886 R 7.0 37 2 0 455
2141494394 1 136952 R 9.0 37 3 0 456
2146739759 1 137288 R 7.0 38 2 0 457
2149739887 1 137480 R 12.0 38 4 0 458
2152081100 1 137630 R 6.0 38 2 0 459
2153772081 1 137738 R 4.0 38 1 0 460
2155070489 1 137821 R 11.0 38 4 1 461
2157331332 1 137966 R 10.0 38 3 0 462
2162174670 1 138276 R 13.0 38 4 1 463
2168189948 1 138661 R 9.0 38 3 1 464
2169207399 1 138726 R 3.0 38 1 0 465
2172070632 1 138909 R 5.0 38 2 0 466
2190679339 1 140100 R 2.0 38 1 0 467
2191424438 1 140148 R 8.0 38 3 1 468
2195946339 1 140437 R 12.0 39 4 1 469
2197587362 1 140542 R 8.0 39 3 1 470
2198587212 1 140606 R 7.0 39 2 0 471
2200831694 1 140750 R 2.0 39 1 0 472
2201321999 1 140781 R 11.0 39 4 59 473
2202033643 1 140827 R 3.0 39 1 0 474
2206570887 1 141117 R 5.0 39 2 0 475
2207076130 1 141149 R 4.0 39 1 0 476
2226603600 1 142399 R 9.0 39 3 0 477
2232886224 1 142801 R 6.0 39 2 1 478
2237630639 1 143105 R 13.0 39 4 2 479
2240366200 1 143280 R 10.0 39 3 0 480
2243901805 1 143506 R 4.0 40 1 0 481
2249162658 1 143843 R 12.0 40 4 1 482
2255681072 1 144260 R 2.0 40 1 0 483
2260678768 1 144580 R 7.0 40 2 1 484
2262191894 1 144677 R 9.0 40 3 0 485
2266629114 1 144961 R 11.0 40 4 208 486
2268137513 1 145057 R 13.0 40 4 417 487
2269885417 1 145169 R 8.0 40 3 1 488
2275909796 1 145555 R 10.0 40 3 0 489
2289115681 1 146400 R 5.0 40 2 0 490
2290377532 1 146481 R 6.0 40 2 16 491
2292370841 1 146608 R 3.0 40 1 0 492
2296898223 1 146898 R 5.0 41 2 0 493
2298646085 1 147010 R 8.0 41 3 0 494
2303917940 1 147347 R 12.0 41 4 0 495
2305572919 1 147453 R 11.0 41 4 1 496
2310157268 1 147747 R 7.0 41 2 0 497
2318396087 1 148274 R 3.0 41 1 0 498
2320148756 1 148386 R 9.0 41 3 1 499
2334364165 1 149296 R 13.0 41 4 0 500
2336876864 1 149457 R 6.0 41 2 0 501
2338366058 1 149552 R 10.0 41 3 0 502
2339659237 1 149635 R 2.0 41 1 0 503
2341896526 1 149778 R 4.0 41 1 0 504
2352146252 1 150434 R 8.0 42 3 1 505
2356159111 1 150691 R 9.0 42 3 2 506
2357646088 1 150786 R 3.0 42 1 0 507
2362160830 1 151075 R 11.0 42 4 415 508
2364648224 1 151234 R 10.0 42 3 0 509
2367941396 1 151445 R 6.0 42 2 0 510
2385211764 1 152550 R 7.0 42 2 0 511
2389603485 1 152831 R 13.0 42 4 1 512
2390626684 1 152897 R 2.0 42 1 0 513
2391615631 1 152960 R 5.0 42 2 0 514
2393613863 1 153088 R 4.0 42 1 1 515
2394853142 1 153167 R 12.0 42 4 2 516
2398104933 1 153375 R 9.0 43 3 1 517
2399678843 1 153476 R 4.0 43 1 0 518
