244265746 1 15530 R 7.0 0 2 0 1
245896262 1 15634 R 4.0 0 1 0 2
246890486 1 15698 R 8.0 0 3 1 3
250353634 1 15919 R 11.0 0 4 1 4
254605210 1 16191 R 12.0 0 4 208 5
260097203 1 16543 R 6.0 0 2 0 6
262213236 1 16678 R 9.0 0 3 637 7
262702290 1 16710 R 10.0 0 3 352 8
263445146 1 16757 R 3.0 0 1 0 9
263984231 1 16792 R 2.0 0 1 0 10
264505665 1 16825 R 2.0 1 1 0 11
268254885 1 17065 R 7.0 1 2 0 12
270205957 1 17190 R 8.0 1 3 0 14
271227641 1 17255 R 6.0 1 2 2 15
273008454 1 17369 R 5.0 0 2 463 16
275727918 1 17543 R 4.0 1 1 144 17
276216886 1 17574 R 11.0 1 4 704 18
279716668 1 17799 R 3.0 1 1 0 19
282208229 1 17958 R 13.0 1 4 1030 20
285766908 1 18186 R 2.0 2 1 0 21
287511835 1 18297 R 12.0 1 4 808 22
288032980 1 18331 R 9.0 1 3 724 23
288521721 1 18362 R 3.0 2 1 132 24
290562804 1 18493 R 7.0 2 2 0 25
292251829 1 18601 R 9.0 2 3 0 26
294558654 1 18748 R 13.0 2 4 255 27
295558656 1 18812 R 12.0 2 4 296 28
298806171 1 19020 R 8.0 2 3 0 29
299808837 1 19084 R 10.0 1 3 1724 30
302042079 1 19227 R 5.0 1 2 1297 31
309766891 1 19722 R 2.0 3 1 0 32
311259800 1 19817 R 5.0 2 2 1465 33
311746817 1 19848 R 3.0 3 1 80 34
318484982 1 20280 R 5.0 3 2 0 35
321541360 1 20475 R 4.0 2 1 1975 36
321975263 1 20503 R 4.0 3 1 677 37
328725557 1 20935 R 8.0 3 3 997 38
329736477 1 21000 R 11.0 3 4 987 39
333758694 1 21257 R 6.0 2 2 1783 40
334258435 1 21289 R 7.0 3 2 1376 41
334734886 1 21320 R 2.0 4 1 0 42
336791398 1 21451 R 10.0 2 3 2580 43
338538971 1 21563 R 3.0 4 1 0 44
342538747 1 21819 R 5.0 4 2 0 45
343399355 1 21874 R 8.0 4 3 130 46
344637672 1 21953 R 11.0 4 4 80 47
347658451 1 22147 R 11.0 5 4 0 48
351213023 1 22374 R 3.0 5 1 0 49
352484854 1 22456 R 2.0 5 1 0 50
356497932 1 22712 R 13.0 4 4 1373 51
357735467 1 22792 R 4.0 4 1 0 52
358209909 1 22822 R 7.0 4 2 1739 53
358698118 1 22853 R 4.0 5 1 683 54
361214682 1 23014 R 5.0 5 2 563 55
361965404 1 23062 R 9.0 3 3 2250 56
365465644 1 23286 R 12.0 3 4 2485 57
367552416 1 23420 R 12.0 4 4 2201 58
370307575 1 23596 R 7.0 5 2 1275 59
374213429 1 23846 R 2.0 6 1 0 60
375465525 1 23926 R 9.0 4 3 2073 61
375963963 1 23958 R 3.0 6 1 566 62
377697962 1 24069 R 7.0 6 2 273 63
378186926 1 24101 R 4.0 6 1 283 64
381176709 1 24292 R 11.0 2 4 5815 65
388972922 1 24791 R 3.0 7 1 0 66
392752723 1 25033 R 13.0 3 4 5031 67
393241310 1 25064 R 6.0 3 2 4969 68
393730296 1 25095 R 6.0 4 2 4267 69
397711153 1 25350 R 10.0 3 3 4452 70
398206478 1 25382 R 2.0 7 1 499 71
398695514 1 25413 R 7.0 7 2 836 72
399699988 1 25477 R 10.0 4 3 4392 73
400221619 1 25511 R 10.0 5 3 3157 74
401960227 1 25622 R 5.0 6 2 1566 75
402977690 1 25687 R 4.0 7 1 0 76
406467675 1 25911 R 9.0 5 3 3580 77
407216528 1 25959 R 4.0 8 1 0 78
408739484 1 26056 R 12.0 5 4 3364 79
410231930 1 26151 R 5.0 7 2 1643 80
413523262 1 26362 R 9.0 6 3 2072 81
416980124 1 26583 R 6.0 5 2 3432 82
417729201 1 26631 R 5.0 8 2 0 83
419762844 1 26761 R 9.0 7 3 1470 84
420272720 1 26794 R 7.0 8 2 669 85
420762648 1 26825 R 10.0 6 3 2494 86
422004952 1 26905 R 11.0 6 4 2884 87
423022755 1 26970 R 3.0 8 1 0 88
424270814 1 27050 R 2.0 8 1 827 89
427761579 1 27273 R 3.0 9 1 0 90
430023894 1 27418 R 11.0 7 4 2523 91
435000516 1 27737 R 5.0 9 2 1 92
438784241 1 27979 R 6.0 6 2 4756 93
439587577 1 28030 R 7.0 9 2 924 94
440076333 1 28062 R 4.0 9 1 379 95
441312666 1 28141 R 2.0 9 1 0 96
443319654 1 28269 R 13.0 6 5 4362 97
450818904 1 28749 R 13.0 5 4 5668 98
452927568 1 28884 R 10.0 7 3 3812 99
453678409 1 28932 R 8.0 5 3 5806 100
456024124 1 29082 R 7.0 10 2 0 101
464595388 1 29631 R 2.0 10 1 0 102
467086491 1 29790 R 3.0 10 1 505 103
467586162 1 29822 R 5.0 10 2 845 104
472591221 1 30142 R 9.0 8 3 3968 105
475867015 1 30352 R 5.0 11 2 0 106
477379848 1 30449 R 6.0 7 2 5337 107
480471830 1 30647 R 12.0 6 4 6216 108
480946980 1 30677 R 4.0 10 1 1456 109
482206490 1 30758 R 4.0 11 1 197 110
484194940 1 30885 R 6.0 8 2 4270 111
484694651 1 30917 R 6.0 9 2 3222 112
485168436 1 30947 R 3.0 11 1 330 113
486660572 1 31043 R 2.0 11 1 0 114
487151770 1 31074 R 9.0 9 3 3814 115
488387279 1 31153 R 6.0 10 2 1948 116
489191627 1 31205 R 6.0 11 2 1389 117
490954700 1 31318 R 4.0 12 1 0 118
492697561 1 31429 R 8.0 6 3 7956 119
493730010 1 31495 R 8.0 7 3 6342 120
495218975 1 31591 R 8.0 8 3 5414 121
497643354 1 31746 R 8.0 9 3 3880 122
498386087 1 31793 R 8.0 10 3 3000 123
500134227 1 31905 R 5.0 12 2 48 124
501353975 1 31983 R 3.0 12 1 31 125
501816018 1 32013 R 6.0 12 2 61 126
505051782 1 32220 R 2.0 12 1 0 127
505543242 1 32251 R 9.0 10 3 3269 128
506027250 1 32282 R 2.0 13 1 12 129
509528762 1 32506 R 10.0 8 3 5471 130
509774546 1 32522 R 8.0 11 3 1941 131
512567849 1 32701 R 12.0 7 4 7647 132
515083888 1 32862 R 12.0 8 4 6677 133
515558705 1 32892 R 10.0 9 3 4622 134
516362086 1 32944 R 6.0 13 2 0 135
518537948 1 33083 R 8.0 12 3 937 136
519803287 1 33164 R 8.0 13 3 830 137
520516576 1 33210 R 5.0 13 2 0 138
522930939 1 33364 R 7.0 11 2 2734 139
524789917 1 33483 R 3.0 13 1 213 140
526255757 1 33577 R 3.0 14 1 0 141
528747820 1 33736 R 13.0 8 4 6995 142
534269978 1 34090 R 13.0 9 4 6342 143
534758303 1 34121 R 6.0 14 2 482 144
536721908 1 34247 R 4.0 13 1 1065 145
537209824 1 34278 R 4.0 14 1 708 146
540214033 1 34470 R 7.0 12 2 2794 147
540675481 1 34500 R 2.0 14 1 6 148
543406930 1 34675 R 5.0 14 2 0 149
545221899 1 34791 R 3.0 15 1 0 150
547713472 1 34950 R 13.0 7 4 9423 151
550006630 1 35097 R 11.0 9 4 6570 152
551072105 1 35165 R 11.0 10 4 6385 153
553278653 1 35306 R 9.0 11 3 5346 154
554777629 1 35402 R 5.0 15 2 408 155
558267243 1 35626 R 9.0 12 3 4404 156
564716515 1 36038 R 4.0 15 1 1338 157
566963474 1 36182 R 12.0 9 4 8329 158
568027636 1 36250 R 6.0 15 2 552 159
570528472 1 36410 R 9.0 13 3 4246 160
571278471 1 36458 R 9.0 15 3 1494 161
579070682 1 36957 R 5.0 16 2 965 162
581582211 1 37118 R 8.0 14 3 3017 163
582055289 1 37148 R 3.0 16 1 74 164
587020762 1 37466 R 13.0 11 4 6522 165
588770501 1 37578 R 13.0 12 4 5915 166
589325001 1 37613 R 13.0 13 4 4827 167
592593686 1 37823 R 3.0 17 1 0 168
595594684 1 38015 R 4.0 16 1 0 169
596085259 1 38046 R 4.0 17 1 510 170
597325347 1 38125 R 6.0 16 2 1212 171
600355072 1 38319 R 6.0 17 2 0 172
602601883 1 38463 R 2.0 14 1 3919 173
603145300 1 38498 R 7.0 13 2 5505 174
603667014 1 38531 R 7.0 14 2 4320 175
604131080 1 38561 R 2.0 15 1 3144 176
609609067 1 38912 R 2.0 16 1 2005 177
610338424 1 38958 R 2.0 17 1 1495 178
612371741 1 39088 R 11.0 8 4 12049 179
612846967 1 39119 R 10.0 10 3 9610 180
614583636 1 39230 R 3.0 18 1 0 181
615833459 1 39310 R 6.0 18 2 1 182
618585846 1 39486 R 7.0 15 2 4571 183
620651231 1 39618 R 7.0 16 2 3450 184
622072873 1 39709 R 4.0 18 1 0 185
623085052 1 39774 R 2.0 18 1 0 186
624087400 1 39838 R 5.0 17 2 2107 187
626616070 1 40000 R 6.0 19 2 1 188
629412781 1 40179 R 13.0 10 4 11218 189
630662440 1 40259 R 7.0 17 2 2596 190
632404138 1 40370 R 5.0 18 2 1663 191
632901944 1 40402 R 10.0 11 3 10610 192
633387005 1 40433 R 2.0 19 1 494 193
636884235 1 40657 R 5.0 19 2 721 194
639918668 1 40851 R 12.0 10 4 11223 195
642431011 1 41012 R 3.0 19 1 0 196
644164863 1 41123 R 5.0 20 2 0 197
644925346 1 41172 R 2.0 20 1 0 198
648420083 1 41396 R 3.0 20 1 0 199
649431566 1 41460 R 4.0 19 1 0 200
650238389 1 41512 R 7.0 18 2 2723 201
650713392 1 41542 R 7.0 19 2 1399 202
652193961 1 41637 R 8.0 15 3 6459 203
655449623 1 41845 R 4.0 20 1 0 204
659212044 1 42086 R 7.0 20 2 582 205
661976599 1 42263 R 9.0 16 3 5338 206
662476419 1 42295 R 8.0 16 3 5554 207
664725434 1 42439 R 6.0 20 2 815 208
665225991 1 42471 R 8.0 17 3 3914 209
669041651 1 42715 R 10.0 12 3 10366 210
670121379 1 42784 R 5.0 21 2 203 211
670618319 1 42816 R 13.0 14 4 8831 212
671581645 1 42878 R 7.0 21 2 222 213
673715134 1 43014 R 6.0 21 2 576 214
676009064 1 43161 R 8.0 18 3 4332 215
676474173 1 43191 R 11.0 11 4 11951 216
677691777 1 43269 R 2.0 21 1 0 217
679428088 1 43380 R 4.0 21 1 0 218
680930392 1 43476 R 9.0 17 3 4813 219
682180512 1 43556 R 10.0 14 3 9021 220
683189294 1 43621 R 3.0 21 1 83 221
684183381 1 43684 R 8.0 20 3 2192 222
686930210 1 43860 R 9.0 18 3 5078 223
687427203 1 43892 R 6.0 22 2 0 224
693429724 1 44276 R 13.0 15 4 8913 225
695701307 1 44421 R 13.0 16 4 8026 226
698962532 1 44630 R 9.0 19 3 3971 227
699451267 1 44661 R 9.0 20 3 2794 228
700944515 1 44757 R 11.0 12 4 12425 229
701433585 1 44788 R 10.0 13 3 12261 230
701931594 1 44820 R 2.0 22 1 659 231
702429723 1 44852 R 4.0 22 1 0 232
703429520 1 44916 R 5.0 22 2 0 233
705448438 1 45045 R 3.0 22 1 0 234
706886467 1 45137 R 4.0 23 1 0 235
708725994 1 45255 R 7.0 22 2 1150 236
710975984 1 45399 R 10.0 17 3 7256 237
713809956 1 45580 R 13.0 17 4 7348 238
714429259 1 45620 R 8.0 21 3 2460 239
716198539 1 45733 R 6.0 23 2 0 240
716947624 1 45781 R 3.0 23 1 31 241
717734313 1 45832 R 2.0 23 1 45 242
718496381 1 45880 R 5.0 23 2 437 243
719240825 1 45928 R 10.0 18 3 6583 244
720447885 1 46005 R 10.0 19 3 5095 245
726981186 1 46423 R 12.0 13 4 12953 246
730425192 1 46644 R 7.0 23 2 917 247
730916086 1 46675 R 12.0 14 4 12494 248
731402217 1 46706 R 7.0 24 2 93 249
734145287 1 46882 R 8.0 22 3 2193 250
734634436 1 46913 R 8.0 23 3 1176 251
735097552 1 46943 R 3.0 24 1 353 252
739832778 1 47246 R 2.0 24 1 842 253
742307420 1 47404 R 12.0 15 4 11980 254
742794288 1 47435 R 4.0 24 1 123 255
747288058 1 47723 R 5.0 24 2 1 256
750055513 1 47900 R 13.0 18 4 8639 257
752316182 1 48045 R 13.0 19 4 6876 258
754307633 1 48172 R 9.0 22 3 3218 259
755834111 1 48270 R 10.0 23 3 2806 260
756823231 1 48333 R 10.0 24 3 1692 261
757557338 1 48380 R 9.0 23 3 2924 262
760793650 1 48587 R 4.0 25 1 0 263
764307253 1 48812 R 10.0 22 3 4496 264
765082364 1 48862 R 5.0 25 2 664 265
765534646 1 48891 R 2.0 25 1 417 266
766023919 1 48922 R 7.0 25 2 396 267
768576498 1 49085 R 3.0 25 1 1119 268
770065574 1 49181 R 13.0 20 4 6527 269
773340249 1 49390 R 12.0 20 4 6511 270
773828153 1 49422 R 2.0 26 1 451 271
774445978 1 49461 R 6.0 24 2 2355 272
776207175 1 49574 R 7.0 26 2 0 273
777731830 1 49671 R 12.0 22 4 4731 274
778839928 1 49742 R 12.0 23 4 3619 275
780337801 1 49838 R 4.0 26 1 0 276
782700318 1 49989 R 11.0 16 4 13182 277
787426680 1 50292 R 9.0 24 3 2892 278
788665835 1 50371 R 5.0 26 2 1256 279
788948411 1 50389 R 3.0 26 1 495 280
790340130 1 50478 R 3.0 27 1 263 281
790873190 1 50512 R 6.0 25 2 1893 282
793370073 1 50672 R 2.0 27 1 0 283
794383289 1 50737 R 7.0 27 2 438 284
794883133 1 50769 R 4.0 27 1 189 285
798623024 1 51008 R 10.0 25 3 2243 286
803119945 1 51296 R 5.0 27 2 0 287
804618296 1 51392 R 9.0 25 3 3232 288
806650815 1 51522 R 6.0 26 2 2106 289
807139689 1 51554 R 6.0 27 2 1257 290
808136369 1 51617 R 11.0 22 4 6226 291
809372598 1 51696 R 12.0 24 4 4625 292
812153839 1 51874 R 10.0 26 3 2721 293
813403720 1 51954 R 10.0 27 3 1501 294
814397872 1 52018 R 3.0 28 1 0 295
815653703 1 52098 R 12.0 25 4 4438 296
818148011 1 52258 R 11.0 17 4 13804 297
818572188 1 52285 R 11.0 18 4 13087 298
820335596 1 52398 R 4.0 28 1 1 299
821343753 1 52463 R 10.0 28 3 111 300
821589034 1 52478 R 7.0 28 2 160 301
822572024 1 52541 R 6.0 28 2 1 302
827418266 1 52851 R 2.0 28 1 434 303
828179272 1 52900 R 2.0 29 1 180 304
829191548 1 52965 R 6.0 29 2 1 305
829930514 1 53012 R 3.0 29 1 0 306
836176652 1 53412 R 9.0 26 3 2765 307
836665753 1 53443 R 9.0 27 3 3328 308
837154698 1 53474 R 11.0 24 4 6275 309
837904761 1 53523 R 4.0 29 1 254 310
845150803 1 53986 R 9.0 28 3 1445 311
845965132 1 54038 R 7.0 29 2 647 312
847392076 1 54130 R 4.0 30 1 0 313
852151949 1 54434 R 13.0 21 4 11367 314
858910632 1 54867 R 3.0 30 1 310 315
859385401 1 54897 R 8.0 24 3 7289 316
864341410 1 55214 R 6.0 30 2 207 317
864831224 1 55246 R 5.0 28 2 3037 318
867850363 1 55439 R 3.0 31 1 0 319
875669096 1 55939 R 2.0 30 1 1407 320
876189648 1 55973 R 2.0 31 1 390 321
886926925 1 56660 R 2.0 32 1 0 322
889674448 1 56836 R 4.0 31 1 0 323
890169097 1 56867 R 9.0 30 3 2801 324
893668076 1 57091 R 6.0 31 2 1345 325
894472309 1 57143 R 9.0 29 3 4374 326
894961114 1 57174 R 8.0 28 3 4599 327
898731508 1 57415 R 8.0 26 3 7277 328
899318035 1 57453 R 8.0 27 3 6494 329
900307260 1 57516 R 8.0 25 3 9808 330
902578728 1 57662 R 3.0 32 1 0 331
903317841 1 57709 R 5.0 29 2 4336 332
903793077 1 57739 R 5.0 30 2 2743 333
904281124 1 57771 R 4.0 32 1 174 334
906277275 1 57898 R 9.0 31 3 2298 335
906774267 1 57930 R 10.0 29 3 5035 336
907755912 1 57993 R 6.0 32 2 1316 337
912258367 1 58281 R 5.0 31 2 2669 338
916831839 1 58574 R 4.0 33 1 0 339
919325903 1 58733 R 5.0 32 2 1226 340
921061238 1 58844 R 11.0 23 5 12846 341
921558207 1 58876 R 8.0 29 3 5904 342
922043128 1 58907 R 2.0 33 1 751 343
925788064 1 59147 R 7.0 30 2 4615 344
929095501 1 59359 R 2.0 34 1 0 345
931829877 1 59534 R 4.0 34 1 30 346
932320490 1 59565 R 7.0 31 2 4215 347
937578096 1 59902 R 3.0 33 1 0 348
938069621 1 59933 R 8.0 30 3 5208 349
938544314 1 59963 R 8.0 31 3 3730 350
943810747 1 60300 R 13.0 22 4 16124 351
944320489 1 60333 R 5.0 33 2 1962 352
946386679 1 60465 R 11.0 25 4 11289 353
949915915 1 60691 R 3.0 34 1 0 354
950395438 1 60722 R 5.0 34 2 646 355
950885431 1 60753 R 7.0 32 2 3513 356
952366526 1 60848 R 3.0 35 1 15 357
952841358 1 60878 R 8.0 32 3 3740 358
954113074 1 60960 R 6.0 33 2 1916 359
954613015 1 60992 R 6.0 34 2 1750 360
955600681 1 61055 R 4.0 35 1 0 361
957854128 1 61199 R 12.0 26 4 11477 362
960667163 1 61379 R 5.0 35 2 582 363
964254920 1 61609 R 8.0 33 3 3794 364
965223817 1 61671 R 12.0 27 4 11058 365
966253385 1 61737 R 6.0 35 2 619 366
972987235 1 62168 R 2.0 35 1 0 367
973477945 1 62199 R 2.0 36 1 447 368
983458365 1 62838 R 6.0 36 2 1 369
983991826 1 62872 R 3.0 36 1 16 370
987316691 1 63085 R 5.0 36 2 1283 371
987816742 1 63117 R 10.0 30 3 8139 372
991050916 1 63324 R 10.0 33 3 4314 373
991539888 1 63355 R 10.0 34 3 3403 374
995756993 1 63625 R 7.0 33 2 5692 375
998778707 1 63818 R 7.0 34 2 4191 376
999028644 1 63834 R 7.0 35 2 3256 377
999519648 1 63866 R 2.0 37 1 0 378
1001023474 1 63962 R 4.0 36 1 1388 379
1001522365 1 63994 R 4.0 37 1 401 380
1002015693 1 64026 R 3.0 37 1 0 381
1005024263 1 64218 R 11.0 26 4 14577 382
1008041658 1 64411 R 2.0 38 1 0 383
1010801245 1 64588 R 10.0 35 3 4047 384
1012322889 1 64685 R 7.0 36 2 2644 385
1013354617 1 64751 R 7.0 37 2 961 386
1014092787 1 64799 R 3.0 38 1 38 387
1015322282 1 64877 R 7.0 38 2 394 388
1017318214 1 65005 R 10.0 31 3 9368 389
1017807300 1 65036 R 10.0 32 3 8083 390
1018295043 1 65067 R 4.0 38 1 133 391
1019290912 1 65131 R 10.0 36 3 2708 392
1021317561 1 65261 R 5.0 37 2 2285 393
1023881984 1 65425 R 5.0 38 2 720 394
1025366649 1 65520 R 6.0 37 2 1667 395
1025725562 1 65543 R 6.0 38 2 1220 396
1026201419 1 65573 R 12.0 28 4 12931 397
1027690781 1 65669 R 2.0 39 1 0 398
1035939242 1 66197 R 7.0 39 2 715 399
1037677044 1 66308 R 12.0 30 4 11952 400
1039960205 1 66454 R 3.0 39 1 20 401
1044212647 1 66726 R 2.0 40 1 0 402
1045698690 1 66821 R 12.0 32 4 10004 403
1046185627 1 66852 R 5.0 39 2 563 404
1046924983 1 66900 R 4.0 39 1 439 405
1049649687 1 67074 R 10.0 37 3 3213 406
1054896817 1 67410 R 8.0 34 3 8066 407
1057505766 1 67577 R 6.0 39 2 2023 408
1062523368 1 67898 R 10.0 38 3 2645 409
1063012362 1 67929 R 10.0 39 3 1841 410
1064749332 1 68041 R 4.0 40 1 43 411
1066083217 1 68126 R 12.0 29 4 14820 412
1066581423 1 68158 R 6.0 40 2 503 413
1069320490 1 68333 R 7.0 40 2 502 414
1069831468 1 68366 R 3.0 40 1 520 415
1070321279 1 68397 R 8.0 35 3 6900 416
1072632458 1 68545 R 9.0 32 3 10755 417
1073132887 1 68577 R 7.0 41 2 1 418
1074276935 1 68650 R 8.0 36 3 5472 419
1075080397 1 68702 R 6.0 41 2 687 420
1077571546 1 68861 R 2.0 41 1 0 421
1084643807 1 69314 R 3.0 41 1 0 422
1085136487 1 69345 R 12.0 33 4 11265 423
1085414099 1 69363 R 9.0 33 3 9902 424
1085919958 1 69395 R 12.0 34 4 9988 425
1086919730 1 69459 R 8.0 37 3 5770 426
1090223716 1 69671 R 2.0 42 1 0 427
1091213278 1 69734 R 8.0 38 3 4725 428
1093243307 1 69864 R 3.0 42 1 0 429
1094799980 1 69964 R 8.0 39 3 3928 430
1102256804 1 70441 R 9.0 35 3 9322 431
1102778638 1 70474 R 8.0 40 3 2508 432
1103523757 1 70522 R 9.0 34 3 10293 433
1103848944 1 70543 R 4.0 41 1 1297 434
1104324161 1 70573 R 5.0 40 2 2905 435
1104812321 1 70605 R 4.0 42 1 658 436
1106050024 1 70684 R 2.0 43 1 0 437
1109039240 1 70875 R 4.0 43 1 0 438
1114036770 1 71195 R 3.0 43 1 0 439
1114789098 1 71243 R 9.0 36 3 8805 440
1120299945 1 71596 R 9.0 37 3 8479 441
1121291673 1 71659 R 5.0 41 2 2641 442
1123574144 1 71805 R 5.0 42 2 2495 443
1124355759 1 71855 R 5.0 43 2 395 444
1126604347 1 71999 R 4.0 44 1 0 445
1131993942 1 72344 R 7.0 42 2 1998 446
1132470241 1 72375 R 12.0 35 4 11720 447
1133482843 1 72439 R 7.0 43 2 1572 448
1142225201 1 72999 R 5.0 44 2 366 449
1142975308 1 73047 R 2.0 44 1 272 450
1147460811 1 73334 R 8.0 41 3 4909 451
1147960523 1 73366 R 8.0 42 3 3660 452
1148459552 1 73398 R 3.0 44 1 560 453
1149583327 1 73470 R 4.0 45 1 0 454
1152099508 1 73631 R 3.0 45 1 0 455
1159145432 1 74082 R 7.0 44 2 1801 456
1159913649 1 74131 R 9.0 41 3 4829 457
1161935360 1 74260 R 9.0 42 3 3724 458
1165679439 1 74500 R 2.0 45 1 551 459
1166179293 1 74532 R 5.0 45 2 684 460
1166643631 1 74562 R 9.0 43 3 3849 461
1168409404 1 74675 R 4.0 46 1 0 462
1170903617 1 74834 R 7.0 45 2 1173 463
1171480747 1 74871 R 9.0 44 3 2756 464
1175207733 1 75110 R 10.0 40 3 7420 465
1178195776 1 75301 R 7.0 46 2 682 466
1179739880 1 75400 R 2.0 46 1 0 467
1181003274 1 75481 R 9.0 45 3 2024 468
1183601151 1 75647 R 5.0 46 2 1115 469
1185066302 1 75741 R 6.0 42 2 5243 470
1185555215 1 75772 R 6.0 43 2 4807 471
1186293684 1 75819 R 3.0 46 1 265 472
1196069231 1 76445 R 10.0 41 3 7885 473
1196569113 1 76477 R 10.0 42 3 6963 474
1197808999 1 76556 R 11.0 36 4 13866 475
1198544456 1 76603 R 6.0 44 2 3783 476
1199794415 1 76683 R 2.0 47 1 0 477
1201316141 1 76781 R 6.0 45 2 2740 478
1201924954 1 76820 R 7.0 47 2 1073 479
1204431058 1 76980 R 4.0 47 1 0 480
1206927371 1 77140 R 8.0 43 3 5439 481
1209944177 1 77333 R 3.0 47 1 0 482
1210446562 1 77365 R 6.0 46 2 2323 483
1210910745 1 77395 R 6.0 47 2 1412 484
1213176966 1 77540 R 5.0 47 2 577 485
1214940667 1 77653 R 6.0 48 2 0 486
1216713521 1 77766 R 4.0 48 1 0 487
1218714308 1 77894 R 13.0 34 4 17689 488
1220743437 1 78024 R 12.0 37 4 14269 489
1221207368 1 78054 R 7.0 48 2 1117 490
1222188650 1 78117 R 8.0 44 3 5425 491
1222710381 1 78150 R 8.0 45 3 4075 492
1223769930 1 78218 R 3.0 48 1 0 493
1225469658 1 78327 R 2.0 48 1 0 494
1226491365 1 78392 R 12.0 38 4 13383 495
1227521211 1 78458 R 3.0 49 1 19 496
1231238244 1 78696 R 6.0 49 2 0 497
1233763935 1 78857 R 12.0 39 4 12429 498
1237004508 1 79065 R 8.0 46 3 3125 499
1240055940 1 79260 R 9.0 46 3 4276 500
1240519988 1 79290 R 9.0 47 3 3346 501
1242309017 1 79404 R 5.0 48 2 1198 502
1242795011 1 79435 R 10.0 43 3 7563 503
1243290922 1 79467 R 2.0 49 1 318 504
1251262280 1 79977 R 7.0 49 2 1141 505
1252792043 1 80075 R 4.0 49 1 1276 506
1253294801 1 80107 R 9.0 48 3 2484 507
1253794698 1 80139 R 9.0 49 3 1766 508
1262043542 1 80667 R 7.0 50 2 347 509
1263074640 1 80733 R 2.0 50 1 1140 510
1263560399 1 80764 R 5.0 49 2 1998 511
1265304295 1 80876 R 6.0 50 2 310 512
1265804145 1 80908 R 3.0 50 1 499 513
1267020633 1 80986 R 12.0 46 4 5826 514
1267586765 1 81022 R 13.0 42 4 11703 515
1268335746 1 81070 R 13.0 43 4 9700 516
1269358288 1 81135 R 12.0 41 4 12181 517
1270857199 1 81231 R 8.0 49 3 2385 518
1276632848 1 81601 R 8.0 47 3 4799 519
1281274405 1 81898 R 8.0 48 3 4453 520
1281738541 1 81928 R 10.0 44 3 9458 521
1282226306 1 81959 R 2.0 51 1 222 522
1284217052 1 82086 R 12.0 42 4 12301 523
1284975579 1 82135 R 3.0 51 1 172 524
1285792578 1 82187 R 5.0 50 2 2161 525
1287477408 1 82295 R 5.0 51 2 1140 526
1288696677 1 82373 R 3.0 52 1 0 527
1289661448 1 82435 R 4.0 50 1 1196 528
1290395988 1 82482 R 6.0 51 2 817 529
1292410250 1 82611 R 2.0 52 1 0 530
1294150703 1 82722 R 4.0 51 1 1220 531
1294635914 1 82753 R 8.0 50 3 1922 532
1295855525 1 82831 R 4.0 52 1 82 533
1296135036 1 82849 R 6.0 52 2 221 534
1301107107 1 83167 R 5.0 52 2 77 535
1302342520 1 83246 R 9.0 50 3 2813 536
1302831522 1 83278 R 8.0 51 3 1748 537
1305127882 1 83425 R 2.0 53 1 0 538
1308366941 1 83632 R 5.0 53 2 0 539
1313135763 1 83937 R 7.0 51 2 2608 540
1313625656 1 83969 R 13.0 44 4 11761 541
1314135634 1 84001 R 13.0 46 4 8840 542
1320607819 1 84415 R 11.0 42 4 14346 543
1321853238 1 84495 R 4.0 53 1 343 544
1322358437 1 84528 R 7.0 52 2 2252 545
1322595766 1 84543 R 3.0 53 1 69 546
1323835800 1 84622 R 8.0 52 3 2383 547
1327351268 1 84847 R 4.0 54 1 0 548
1328106758 1 84895 R 7.0 53 2 313 549
1330854557 1 85071 R 11.0 43 4 13400 550
1331810303 1 85132 R 9.0 51 3 3701 551
1332701863 1 85189 R 9.0 52 3 1942 552
1334462730 1 85302 R 9.0 53 3 1264 553
1338245105 1 85544 R 6.0 53 2 1657 554
1343068401 1 85853 R 7.0 54 2 0 555
1345082845 1 85982 R 11.0 47 4 10072 556
1345557126 1 86012 R 3.0 54 1 101 557
1350618989 1 86336 R 2.0 54 1 470 558
1351118860 1 86368 R 5.0 54 2 659 559
1352585973 1 86462 R 13.0 47 4 9628 560
1353151053 1 86498 R 6.0 54 2 1189 561
1358970906 1 86871 R 4.0 55 1 0 562
1362216488 1 87078 R 10.0 47 3 9205 563
1362738187 1 87112 R 10.0 48 3 9292 564
1368956636 1 87510 R 2.0 55 1 1382 565
1370238331 1 87592 R 5.0 55 2 520 566
1372470666 1 87735 R 4.0 56 1 0 567
1373714450 1 87814 R 11.0 48 4 9209 568
1374203178 1 87846 R 3.0 55 1 1135 569
1374714029 1 87878 R 7.0 55 2 1691 570
1375177251 1 87908 R 3.0 56 1 133 571
1376975714 1 88023 R 2.0 56 1 0 572
1378972327 1 88151 R 10.0 49 3 9899 573
1380236530 1 88232 R 5.0 56 2 0 574
1381146396 1 88290 R 6.0 55 2 1780 575
1381864242 1 88336 R 10.0 50 3 7341 576
1384113033 1 88480 R 6.0 56 2 270 577
1384603212 1 88511 R 11.0 50 4 8084 578
1388115755 1 88736 R 9.0 54 3 3038 579
1389888946 1 88849 R 12.0 48 4 10476 580
1395636394 1 89217 R 6.0 57 2 446 581
1397207053 1 89318 R 11.0 51 4 7377 582
1397444935 1 89333 R 3.0 57 1 383 583
1398166673 1 89379 R 4.0 57 1 0 584
1399182592 1 89444 R 2.0 57 1 0 585
1399934168 1 89492 R 5.0 57 2 220 586
1401685997 1 89604 R 12.0 47 4 12719 587
1402434970 1 89652 R 7.0 56 2 1690 588
1403291672 1 89707 R 7.0 57 2 0 589
1406787006 1 89931 R 5.0 58 2 0 590
1409297909 1 90092 R 2.0 58 1 4 591
1410848203 1 90191 R 10.0 51 3 7908 592
1411829802 1 90254 R 4.0 58 1 0 593
1414348756 1 90415 R 10.0 54 3 5004 594
1415121326 1 90464 R 13.0 48 4 12389 595
1416358409 1 90544 R 6.0 58 2 456 596
1419098118 1 90719 R 9.0 55 3 4542 597
1419616705 1 90752 R 9.0 56 3 2990 598
1420605774 1 90815 R 9.0 57 3 1045 599
1422637608 1 90945 R 7.0 58 2 443 600
1430387292 1 91441 R 3.0 58 1 401 601
1430930655 1 91476 R 7.0 59 2 159 602
1431746662 1 91528 R 8.0 53 3 7867 603
1433507255 1 91641 R 8.0 54 3 6593 604
1438007144 1 91929 R 8.0 55 3 5167 605
1438481520 1 91959 R 6.0 59 2 239 606
1438981456 1 91991 R 3.0 59 1 173 607
1446471904 1 92471 R 2.0 59 1 0 608
1448210992 1 92582 R 5.0 59 2 1 609
1451243553 1 92776 R 5.0 60 2 0 610
1453004279 1 92889 R 2.0 60 1 0 611
1453995703 1 92952 R 4.0 59 1 1023 612
1456493299 1 93112 R 10.0 56 3 4694 613
1457003895 1 93145 R 4.0 60 1 0 614
1458253682 1 93225 R 8.0 56 3 4736 615
1459240475 1 93288 R 8.0 57 3 3907 616
1459714301 1 93318 R 3.0 60 1 12 617
1460464581 1 93366 R 6.0 60 2 969 618
1463756419 1 93577 R 7.0 60 2 0 619
1464943982 1 93653 R 8.0 58 3 3282 620
1467191366 1 93797 R 3.0 61 1 0 621
1469461149 1 93942 R 2.0 61 1 0 622
1470463507 1 94006 R 7.0 61 2 0 623
1474509240 1 94265 R 8.0 59 3 2512 624
1476242946 1 94376 R 4.0 61 1 0 625
1478791863 1 94539 R 8.0 60 3 1222 626
1481657657 1 94723 R 5.0 61 2 0 627
1487467075 1 95094 R 13.0 52 4 11995 628
1488465982 1 95158 R 9.0 58 3 3915 629
1490465166 1 95286 R 6.0 61 2 398 630
1492010124 1 95385 R 11.0 52 4 11916 631
1493788229 1 95499 R 2.0 62 1 0 632
1494788133 1 95563 R 5.0 62 2 0 633
1500290728 1 95915 R 3.0 62 1 126 634
1500779658 1 95946 R 6.0 62 2 513 635
1501270454 1 95978 R 11.0 53 4 12031 636
1503242703 1 96104 R 4.0 62 1 0 637
1505288727 1 96235 R 7.0 62 2 0 638
1507057777 1 96348 R 4.0 63 1 0 639
1508322715 1 96429 R 7.0 63 2 173 640
1509812496 1 96525 R 9.0 59 3 4885 641
1515583812 1 96894 R 9.0 60 3 4317 642
1519331563 1 97134 R 2.0 63 1 0 643
1523570499 1 97405 R 5.0 63 2 0 644
1524082924 1 97438 R 3.0 63 1 807 645
1525058870 1 97500 R 9.0 61 3 2821 646
1527613420 1 97664 R 6.0 63 2 1248 647
1534352940 1 98095 R 5.0 64 2 1 648
1535645006 1 98178 R 3.0 64 1 586 649
1536004501 1 98201 R 8.0 61 3 4149 650
1536480270 1 98231 R 12.0 49 5 19656 651
1541461762 1 98550 R 2.0 64 1 0 652
1543684730 1 98692 R 9.0 62 3 3039 653
1544207292 1 98726 R 11.0 54 4 12491 654
1545504916 1 98809 R 2.0 65 1 0 655
1547243034 1 98920 R 4.0 64 1 0 656
1550903552 1 99154 R 11.0 55 4 11918 657
1551401538 1 99186 R 3.0 65 1 152 658
1551865612 1 99216 R 7.0 64 2 1307 659
1552580992 1 99262 R 5.0 65 2 0 660
1555119960 1 99424 R 10.0 57 3 10213 661
1555900855 1 99474 R 9.0 63 3 2822 662
1559184431 1 99684 R 12.0 50 5 19750 663
1568462647 1 100278 R 2.0 66 1 0 664
1572967068 1 100566 R 8.0 62 3 4705 665
1573477828 1 100599 R 7.0 65 2 1267 666
1574445489 1 100661 R 8.0 63 3 2931 667
1576714034 1 100806 R 4.0 65 1 1208 668
1577213133 1 100838 R 4.0 66 1 404 669
1583651956 1 101250 R 8.0 64 3 3060 670
1584141847 1 101282 R 13.0 56 4 13109 671
1585150842 1 101346 R 3.0 66 1 388 672
1587139397 1 101473 R 10.0 58 3 9778 673
1587640103 1 101505 R 10.0 59 3 10005 674
1588138078 1 101537 R 10.0 60 3 8437 675
1589619488 1 101632 R 7.0 66 2 1226 676
1590358330 1 101679 R 8.0 65 3 1848 677
1597599041 1 102143 R 13.0 60 4 9522 678
1598153046 1 102178 R 6.0 64 2 3524 679
1599389573 1 102258 R 3.0 67 1 0 680
1600396518 1 102322 R 4.0 67 1 0 681
1601153046 1 102370 R 9.0 64 3 4083 682
1604240752 1 102568 R 12.0 57 4 12577 683
1605228143 1 102631 R 2.0 67 1 157 684
1607099178 1 102751 R 13.0 61 4 8613 685
1609846117 1 102927 R 2.0 68 1 0 686
1611338193 1 103022 R 6.0 65 2 3750 687
1612153223 1 103074 R 6.0 66 2 1988 688
1613185825 1 103140 R 6.0 67 2 1362 689
1616677033 1 103364 R 5.0 66 2 2591 690
1617948771 1 103445 R 5.0 67 2 1637 691
1618472068 1 103479 R 6.0 68 2 729 692
1621396940 1 103666 R 8.0 66 3 2468 693
1622167828 1 103715 R 3.0 68 1 165 694
1623142285 1 103778 R 5.0 68 2 7 695
1628127683 1 104097 R 4.0 68 1 1135 696
1629387637 1 104177 R 12.0 58 4 13712 697
1629875459 1 104209 R 7.0 67 2 1834 698
1630386339 1 104241 R 7.0 68 2 1626 699
1633131572 1 104417 R 5.0 69 2 1 700
1634392494 1 104498 R 2.0 69 1 0 701
1636648282 1 104642 R 4.0 69 1 432 702
1641383691 1 104945 R 3.0 69 1 0 703
1644396494 1 105138 R 4.0 70 1 0 704
1646451485 1 105269 R 9.0 65 3 6026 705
1649451513 1 105461 R 9.0 66 3 4666 706
1649962192 1 105494 R 9.0 67 3 4090 707
1650925001 1 105556 R 5.0 70 2 0 708
1654666440 1 105795 R 6.0 69 2 290 709
1655948007 1 105877 R 3.0 70 1 62 710
1656413766 1 105907 R 10.0 61 3 11008 711
1657630781 1 105985 R 8.0 67 3 3748 712
1661120029 1 106208 R 7.0 69 2 1134 713
1661619799 1 106240 R 8.0 68 3 3265 714
1667834855 1 106638 R 3.0 71 1 0 715
1673840135 1 107022 R 2.0 70 1 848 716
1674339853 1 107054 R 2.0 71 1 277 717
1676076314 1 107165 R 7.0 70 2 1054 718
1676577211 1 107197 R 13.0 62 4 11045 719
1680842685 1 107471 R 4.0 71 1 0 720
1685348874 1 107759 R 10.0 62 3 12679 721
1685872541 1 107792 R 5.0 71 2 353 722
1687597970 1 107903 R 13.0 64 4 9105 723
1694071429 1 108317 R 4.0 72 1 0 724
1696826324 1 108493 R 7.0 71 2 1256 725
1697587815 1 108542 R 8.0 69 3 3884 726
1698050849 1 108572 R 3.0 72 1 14 727
1699538636 1 108667 R 7.0 72 2 810 728
1702583003 1 108862 R 8.0 70 3 2835 729
1703551252 1 108924 R 13.0 65 4 9904 730
1708779677 1 109258 R 6.0 70 2 3241 731
1709289586 1 109291 R 7.0 73 2 272 732
1709754291 1 109321 R 6.0 71 2 2932 733
1711232931 1 109415 R 8.0 71 3 2339 734
1716264584 1 109737 R 5.0 72 2 1842 735
1716764455 1 109769 R 2.0 72 1 1613 736
1717262187 1 109801 R 9.0 68 3 6573 737
1717747974 1 109832 R 2.0 73 1 526 738
1718998755 1 109912 R 9.0 69 3 3813 739
1720517473 1 110010 R 8.0 72 3 2174 740
1720756461 1 110025 R 6.0 72 2 2248 741
1722248609 1 110120 R 9.0 70 3 4886 742
1724496003 1 110264 R 5.0 73 2 961 743
1727475273 1 110455 R 12.0 64 4 12535 744
1727973379 1 110487 R 8.0 73 3 691 745
1728941181 1 110549 R 3.0 73 1 156 746
1732181887 1 110756 R 4.0 73 1 978 747
1732680684 1 110788 R 4.0 74 1 98 748
1735407507 1 110963 R 2.0 74 1 0 749
1735898945 1 110994 R 9.0 71 3 4149 750
1736362939 1 111024 R 5.0 74 2 350 751
1738103091 1 111135 R 3.0 74 1 0 752
1748842503 1 111822 R 9.0 72 3 2863 753
1756637742 1 112321 R 7.0 74 2 1075 754
1759114971 1 112480 R 4.0 75 1 0 755
1760615037 1 112576 R 12.0 65 4 12705 756
1761102960 1 112607 R 9.0 73 3 2621 757
1764102711 1 112799 R 8.0 74 3 1410 758
1765083008 1 112862 R 6.0 73 2 2509 759
1765558752 1 112892 R 8.0 75 3 1150 760
1766044850 1 112923 R 3.0 75 1 171 761
1778543003 1 113723 R 3.0 76 1 0 762
1779067341 1 113757 R 7.0 75 2 1450 763
1782298993 1 113964 R 2.0 75 1 1006 764
1782809030 1 113996 R 2.0 76 1 991 765
1783542314 1 114043 R 4.0 76 1 0 766
1784814783 1 114125 R 6.0 74 2 2478 767
1785053764 1 114140 R 6.0 75 2 1983 768
1786292904 1 114219 R 6.0 76 2 1343 769
1788325432 1 114349 R 12.0 70 4 8000 770
1789814443 1 114445 R 12.0 71 4 7103 771
1790585094 1 114494 R 7.0 76 2 728 772
1793302798 1 114668 R 7.0 77 2 581 773
1795355522 1 114799 R 2.0 77 1 0 774
1804120192 1 115360 R 6.0 77 2 178 775
1804620025 1 115392 R 4.0 77 1 109 776
1806355693 1 115503 R 3.0 77 1 0 777
1807119168 1 115552 R 12.0 72 4 7452 778
1807582375 1 115582 R 7.0 78 2 47 779
1811307300 1 115820 R 4.0 78 1 0 780
1812309814 1 115884 R 10.0 71 3 9042 781
1814560102 1 116028 R 10.0 72 3 7173 782
1817792918 1 116235 R 5.0 75 2 4510 783
1818293857 1 116267 R 11.0 66 4 15559 784
1818781615 1 116299 R 9.0 74 3 5043 785
1819277517 1 116330 R 2.0 78 1 46 786
1821527623 1 116474 R 6.0 78 2 1083 787
1827840835 1 116878 R 5.0 76 2 2903 788
1828317035 1 116909 R 5.0 77 2 1992 789
1829552514 1 116988 R 11.0 69 4 12238 790
1830051471 1 117020 R 3.0 78 1 1197 791
1830521264 1 117050 R 2.0 79 1 0 792
1833516494 1 117242 R 10.0 74 3 5680 793
1834037032 1 117275 R 4.0 79 1 111 794
1834525226 1 117306 R 6.0 79 2 96 795
1835334034 1 117358 R 8.0 76 3 4113 796
1837856127 1 117519 R 12.0 73 4 7637 797
1838594878 1 117567 R 8.0 77 3 2591 798
1840592967 1 117694 R 11.0 67 4 14877 799
1845176664 1 117988 R 5.0 78 2 1218 800
1847418099 1 118131 R 9.0 75 3 6218 801
1848940202 1 118229 R 3.0 79 1 0 802
1849429723 1 118260 R 13.0 67 4 16542 803
1849915553 1 118291 R 5.0 79 2 1017 804
1851192544 1 118373 R 7.0 79 2 1315 805
1852067000 1 118429 R 5.0 80 2 122 806
1853051418 1 118492 R 8.0 78 3 2264 807
1854787660 1 118603 R 10.0 75 3 6277 808
1857168216 1 118755 R 9.0 76 3 5325 809
1858048898 1 118812 R 3.0 80 1 0 810
1859535908 1 118907 R 4.0 80 1 44 811
1859805323 1 118924 R 2.0 80 1 0 812
1860548892 1 118972 R 7.0 80 2 0 813
1863567476 1 119165 R 12.0 74 4 8254 814
1865871739 1 119312 R 12.0 76 4 5161 815
1869392432 1 119538 R 2.0 81 1 0 816
1870636180 1 119617 R 3.0 81 1 0 817
1871662411 1 119683 R 4.0 81 1 0 818
1872708224 1 119750 R 8.0 79 3 2559 819
1873909359 1 119827 R 6.0 80 2 675 820
1875679383 1 119940 R 7.0 81 2 0 821
1878436598 1 120117 R 5.0 81 2 48 822
1881931664 1 120340 R 9.0 77 3 4079 823
1882419737 1 120371 R 6.0 81 2 610 824
1882917349 1 120403 R 8.0 80 3 1874 825
1884156237 1 120483 R 10.0 76 3 6509 826
1885319478 1 120557 R 10.0 78 3 4537 827
1887333572 1 120686 R 7.0 82 2 0 828
1889302382 1 120812 R 3.0 82 1 14 829
1890555449 1 120892 R 2.0 82 1 0 830
1892306670 1 121004 R 4.0 82 1 41 831
1894057367 1 121116 R 6.0 82 2 481 832
1895089853 1 121182 R 8.0 81 3 556 833
1897786815 1 121355 R 10.0 79 3 3935 834
1898558207 1 121404 R 9.0 78 3 5313 835
1899794468 1 121483 R 5.0 82 2 0 836
1905315910 1 121837 R 5.0 83 2 1 837
1908340697 1 122030 R 9.0 80 3 3062 838
1911394200 1 122226 R 4.0 83 1 156 839
1912877603 1 122321 R 7.0 83 2 0 840
1916384362 1 122545 R 9.0 81 3 2539 841
1918128381 1 122657 R 3.0 83 1 44 842
1919123067 1 122720 R 9.0 82 3 1294 843
1922373215 1 122928 R 10.0 80 3 3807 844
1922871174 1 122960 R 10.0 81 3 2577 845
1923356915 1 122991 R 2.0 83 1 147 846
1924114058 1 123040 R 6.0 83 2 1 847
1925886078 1 123153 R 2.0 84 1 0 848
1926899262 1 123218 R 7.0 84 2 0 849
1927898923 1 123282 R 8.0 82 3 1576 850
1933920640 1 123667 R 12.0 77 4 9091 851
1934724875 1 123719 R 12.0 78 4 7268 852
1937729823 1 123911 R 4.0 84 1 0 853
1939986395 1 124056 R 3.0 84 1 0 854
1940973823 1 124119 R 6.0 84 2 630 855
1943648927 1 124290 R 9.0 83 3 2497 856
1944718721 1 124359 R 4.0 85 1 0 857
1946747022 1 124488 R 10.0 82 3 2428 858
1947234960 1 124520 R 2.0 85 1 164 859
1947746691 1 124552 R 8.0 83 3 1609 860
1954474012 1 124983 R 12.0 79 4 6923 861
1955973974 1 125079 R 8.0 84 3 1015 862
1956431143 1 125108 R 12.0 80 4 6359 863
1959397726 1 125298 R 8.0 85 3 119 864
1961148756 1 125410 R 13.0 79 4 7744 865
1963486856 1 125560 R 3.0 85 1 0 866
1966987384 1 125784 R 7.0 85 2 1 867
1968756639 1 125897 R 6.0 85 2 634 868
1971007401 1 126041 R 12.0 81 4 5624 869
1977463322 1 126454 R 6.0 86 2 552 870
1977927906 1 126484 R 5.0 84 2 2809 871
1978416262 1 126515 R 2.0 86 1 144 872
1986979996 1 127063 R 3.0 86 1 651 873
1987469015 1 127095 R 7.0 86 2 429 874
1988227962 1 127143 R 3.0 87 1 0 875
1991162105 1 127331 R 13.0 76 4 13300 876
1991660968 1 127363 R 5.0 85 2 2874 877
1992390844 1 127410 R 5.0 86 2 576 878
1993383639 1 127473 R 2.0 87 1 90 879
1994402506 1 127538 R 4.0 86 1 698 880
1996923959 1 127700 R 7.0 87 2 0 881
2001962478 1 128022 R 13.0 75 4 15212 882
2002741620 1 128072 R 13.0 77 4 13706 883
2004759664 1 128201 R 4.0 87 1 0 884
2005632433 1 128257 R 9.0 84 3 4967 885
2006107333 1 128287 R 6.0 87 2 694 886
2008851278 1 128463 R 12.0 82 4 7829 887
2011368456 1 128624 R 4.0 88 1 0 888
2014035995 1 128795 R 12.0 83 4 6042 889
2014318220 1 128813 R 8.0 86 3 2895 890
2014793579 1 128843 R 8.0 87 3 1181 891
2015267598 1 128874 R 3.0 88 1 91 892
2022988825 1 129368 R 5.0 87 2 2255 893
2023793383 1 129419 R 10.0 83 3 6457 894
2024279133 1 129450 R 2.0 88 1 823 895
2025279359 1 129514 R 7.0 88 2 458 896
2027280061 1 129642 R 8.0 88 3 1168 897
2028021591 1 129690 R 10.0 84 3 6113 898
2032291099 1 129963 R 12.0 84 4 5266 899
2033776815 1 130058 R 4.0 89 1 0 900
2034029229 1 130074 R 9.0 85 3 3967 901
2034770394 1 130122 R 6.0 88 2 1518 902
2035496040 1 130168 R 9.0 86 3 3195 903
2039464246 1 130422 R 3.0 89 1 132 904
2039954246 1 130454 R 12.0 85 4 5261 905
2044228336 1 130727 R 5.0 88 2 2087 906
2044693334 1 130757 R 10.0 85 3 5875 907
2045181456 1 130788 R 2.0 89 1 188 908
2048901220 1 131026 R 13.0 81 4 11508 909
2049759066 1 131081 R 13.0 84 4 7388 910
2052734872 1 131272 R 6.0 89 2 1273 911
2056989965 1 131544 R 2.0 90 1 0 912
2059243015 1 131688 R 10.0 86 3 4737 913
2061309994 1 131820 R 4.0 90 1 520 914
2063571688 1 131965 R 3.0 90 1 0 915
2065313062 1 132077 R 7.0 89 2 1528 916
2066821452 1 132173 R 9.0 87 3 4127 917
2069069197 1 132317 R 10.0 87 3 4461 918
2071341055 1 132462 R 10.0 88 3 3249 919
2071829822 1 132494 R 5.0 89 2 2274 920
2072832326 1 132558 R 9.0 88 3 3292 921
2075364047 1 132720 R 6.0 90 2 876 922
2077854114 1 132879 R 9.0 89 3 2625 923
2078606744 1 132927 R 8.0 89 3 2278 924
2080872503 1 133072 R 2.0 91 1 475 925
2081367507 1 133104 R 7.0 90 2 1910 926
2081832739 1 133134 R 13.0 85 4 7927 927
2082808201 1 133196 R 4.0 91 1 0 928
2086819083 1 133453 R 3.0 91 1 0 929
2088885247 1 133585 R 7.0 91 2 81 930
2097352390 1 134127 R 13.0 86 4 8235 931
2097788207 1 134155 R 11.0 84 4 10105 932
2098264076 1 134185 R 8.0 90 3 2105 933
2098762185 1 134217 R 3.0 92 1 15 934
2104008447 1 134553 R 2.0 92 1 0 935
2104337064 1 134574 R 5.0 90 2 2769 936
2104801892 1 134604 R 5.0 91 2 1919 937
2107789240 1 134795 R 9.0 90 3 3501 938
2114535628 1 135227 R 8.0 91 3 2934 939
2117051877 1 135388 R 5.0 92 2 1554 940
2118600778 1 135487 R 7.0 92 2 1376 941
2119076655 1 135517 R 8.0 92 3 1830 942
2119571795 1 135549 R 2.0 93 1 79 943
2121579714 1 135678 R 3.0 93 1 156 944
2122604533 1 135743 R 6.0 91 2 2930 945
2123093249 1 135775 R 6.0 92 2 2115 946
2123590692 1 135806 R 4.0 92 1 1227 947
2124078714 1 135838 R 4.0 93 1 691 948
2126083332 1 135966 R 5.0 93 2 493 949
2126603781 1 135999 R 7.0 93 2 795 950
2129633936 1 136193 R 9.0 91 3 2738 951
2130833376 1 136270 R 12.0 86 4 9334 952
2134570789 1 136509 R 2.0 94 1 0 953
2134854953 1 136527 R 5.0 94 2 193 954
2141589853 1 136958 R 4.0 94 1 981 955
2142341126 1 137006 R 9.0 92 3 3104 956
2142841065 1 137038 R 10.0 89 3 6288 957
2144344809 1 137135 R 12.0 87 4 10176 958
2145605430 1 137215 R 11.0 81 4 17445 959
2146105276 1 137247 R 11.0 83 4 14521 960
2147349089 1 137327 R 4.0 95 1 0 961
2149104546 1 137439 R 8.0 93 3 2099 962
2149592678 1 137471 R 3.0 94 1 373 963
2150581709 1 137534 R 7.0 94 2 705 964
2152351638 1 137647 R 2.0 95 1 0 965
2156897459 1 137938 R 13.0 87 4 9777 966
2157420111 1 137971 R 8.0 94 3 1808 967
2168551758 1 138684 R 10.0 90 3 6694 968
2169108234 1 138719 R 10.0 91 3 5610 969
2169604156 1 138751 R 2.0 96 1 30 970
2172066665 1 138909 R 4.0 96 1 0 971
2172811540 1 138956 R 13.0 90 4 7298 972
2175072161 1 139101 R 7.0 95 2 1337 973
2175604036 1 139135 R 3.0 95 1 584 974
2176090777 1 139166 R 13.0 91 4 5947 975
2182901836 1 139602 R 13.0 92 4 6202 976
2185677921 1 139780 R 6.0 93 2 4133 977
2186671877 1 139844 R 13.0 89 4 10065 978
2187716874 1 139910 R 8.0 95 3 1672 979
2188217071 1 139942 R 10.0 92 3 6549 980
2189964368 1 140054 R 9.0 93 3 5141 981
2190964305 1 140118 R 9.0 94 3 3030 982
2192746822 1 140232 R 5.0 95 2 1847 983
2193302652 1 140268 R 5.0 96 2 892 984
2196732426 1 140487 R 6.0 94 2 4348 985
2200259723 1 140713 R 3.0 96 1 647 986
2203249323 1 140905 R 7.0 96 2 1237 987
2203759285 1 140937 R 3.0 97 1 505 988
2204725477 1 140999 R 2.0 97 1 0 989
2213223395 1 141543 R 7.0 97 2 919 990
2214027684 1 141594 R 7.0 98 2 588 991
2214767711 1 141642 R 10.0 93 3 5936 992
2216289382 1 141739 R 5.0 97 2 1136 993
2217286703 1 141803 R 3.0 98 1 0 994
2220294707 1 141995 R 4.0 97 1 942 995
2220806339 1 142028 R 6.0 95 2 4131 996
2221295226 1 142059 R 6.0 96 2 2985 997
2222290172 1 142123 R 11.0 87 4 14332 998
2223604599 1 142207 R 10.0 95 3 4373 999
2227311211 1 142444 R 9.0 95 3 3906 1000
2227808375 1 142476 R 2.0 98 1 997 1001
2229291271 1 142571 R 12.0 90 4 10790 1002
2231920988 1 142739 R 8.0 97 3 2286 1003
2232421825 1 142771 R 12.0 91 4 10332 1004
2233161964 1 142819 R 3.0 99 1 115 1005
2233638196 1 142849 R 10.0 96 3 3313 1006
2237121591 1 143072 R 4.0 98 1 1607 1007
2238605040 1 143167 R 8.0 98 3 471 1008
2239463646 1 143222 R 8.0 99 3 244 1009
2240447552 1 143285 R 6.0 97 2 3271 1010
2240946398 1 143317 R 4.0 99 1 775 1011
2243179750 1 143460 R 7.0 99 2 0 1012
2245725663 1 143623 R 10.0 97 3 3343 1013
2250725378 1 143943 R 10.0 98 3 1694 1014
2253493380 1 144120 R 2.0 99 1 786 1015
2254758036 1 144201 R 10.0 99 3 1521 1016
2255266373 1 144234 R 7.0 100 2 273 1017
2257512508 1 144377 R 6.0 98 2 2742 1018
2261285108 1 144619 R 2.0 100 1 0 1019
2265273016 1 144874 R 6.0 99 2 2039 1020
2265753711 1 144905 R 3.0 100 1 0 1021
2266322228 1 144941 R 12.0 93 4 10017 1022
2267310315 1 145004 R 12.0 94 4 8025 1023
2268837712 1 145102 R 6.0 100 2 722 1024
2269337557 1 145134 R 4.0 100 1 628 1025
2269826358 1 145165 R 6.0 101 2 101 1026
2270564461 1 145213 R 4.0 101 1 14 1027
2275550159 1 145532 R 13.0 93 5 10541 1028
2278353899 1 145711 R 8.0 100 3 1658 1029
2278819201 1 145741 R 9.0 96 4 6115 1030
2281034972 1 145883 R 2.0 101 1 0 1031
2288522773 1 146362 R 9.0 99 3 3371 1032
2290776991 1 146506 R 3.0 101 1 309 1033
2291265969 1 146538 R 3.0 102 1 177 1034
2292006510 1 146585 R 7.0 101 2 927 1035
2295018495 1 146778 R 9.0 100 3 2152 1036
2296778985 1 146890 R 9.0 101 3 945 1037
2298041271 1 146971 R 4.0 102 1 410 1038
2301275196 1 147178 R 10.0 100 3 2947 1039
2302742950 1 147272 R 10.0 101 3 1754 1040
2304509964 1 147385 R 7.0 102 2 1284 1041
2304976156 1 147415 R 6.0 102 2 747 1042
2307474033 1 147575 R 7.0 103 2 1 1043
2308225972 1 147623 R 9.0 102 3 588 1044
2314245294 1 148008 R 11.0 89 4 16850 1045
2314743543 1 148040 R 2.0 102 1 822 1046
2315243237 1 148072 R 2.0 103 1 239 1047
2319791658 1 148363 R 12.0 99 4 4863 1048
2320291704 1 148395 R 12.0 100 4 4299 1049
2320779559 1 148426 R 4.0 103 1 243 1050
2322017665 1 148506 R 3.0 103 1 0 1051
2326008821 1 148761 R 9.0 97 4 8804 1052
2329074205 1 148957 R 9.0 98 4 7899 1053
2329556416 1 148988 R 8.0 96 3 9906 1054
2330340099 1 149038 R 12.0 88 4 20298 1055
2332621593 1 149184 R 5.0 98 2 7788 1056
2333108461 1 149215 R 5.0 99 2 6791 1057
2334354225 1 149295 R 4.0 104 1 0 1058
2335020711 1 149338 R 13.0 95 4 11675 1059
2341008576 1 149721 R 2.0 104 1 0 1060
2343263028 1 149865 R 13.0 96 4 9593 1061
2344046016 1 149915 R 9.0 103 3 2238 1062
2347271990 1 150122 R 8.0 101 3 5072 1063
2350106271 1 150303 R 2.0 105 1 0 1064
2351350286 1 150383 R 6.0 103 2 2079 1065
2351915540 1 150419 R 6.0 104 2 1706 1066
2357412903 1 150771 R 4.0 105 1 0 1067
2359445777 1 150901 R 5.0 100 2 7190 1068
2360217519 1 150950 R 5.0 103 2 2733 1069
2363717535 1 151174 R 5.0 104 2 1502 1070
2366709755 1 151366 R 13.0 97 4 10248 1071
2368434918 1 151476 R 3.0 104 1 1447 1072
2370418661 1 151603 R 7.0 104 2 2725 1073
2370908407 1 151635 R 13.0 94 4 15098 1074
2371648769 1 151682 R 3.0 105 1 346 1075
2372871330 1 151760 R 6.0 105 2 864 1076
2375107908 1 151903 R 5.0 105 2 746 1077
2375606213 1 151935 R 8.0 102 3 4788 1078
2377092317 1 152030 R 8.0 103 3 3775 1079
2379102755 1 152159 R 8.0 104 3 2403 1080
2379567167 1 152189 R 5.0 106 2 158 1081
2384049796 1 152476 R 3.0 106 1 0 1082
2388052551 1 152732 R 10.0 103 3 4780 1083
2389308288 1 152812 R 13.0 98 4 10593 1084
2389806348 1 152844 R 4.0 106 1 918 1085
2390296067 1 152875 R 13.0 99 4 9868 1086
2391317366 1 152941 R 2.0 106 1 814 1087
2391807360 1 152972 R 10.0 102 3 5607 1088
2392363282 1 153008 R 2.0 107 1 182 1089
2397154024 1 153314 R 6.0 106 2 462 1090
