248016036 1 15770 R 10.0 0 3 0 1
249759744 1 15881 R 6.0 0 2 0 2
252616351 1 16064 R 13.0 0 4 1 3
254367702 1 16176 R 9.0 0 3 174 4
257879490 1 16401 R 8.0 0 3 0 5
258898624 1 16466 R 4.0 0 1 0 6
262899014 1 16722 R 2.0 0 1 0 7
264648637 1 16834 R 12.0 0 4 2 8
265148989 1 16866 R 7.0 0 2 66 9
268649177 1 17090 R 5.0 0 2 309 10
271334201 1 17262 R 11.0 0 4 919 11
275564762 1 17533 R 3.0 0 1 0 12
279549987 1 17788 R 4.0 1 1 0 13
281049848 1 17884 R 5.0 1 2 0 14
281553568 1 17916 R 3.0 1 1 0 15
289549700 1 18428 R 9.0 1 3 0 16
291321428 1 18541 R 7.0 1 2 0 17
293135276 1 18657 R 2.0 1 1 0 18
301647852 1 19202 R 10.0 1 3 0 19
302653134 1 19266 R 8.0 1 3 397 20
303432036 1 19316 R 11.0 1 4 476 21
304098839 1 19359 R 6.0 1 2 272 22
306346891 1 19503 R 3.0 2 1 0 23
307332425 1 19566 R 7.0 2 2 1 24
311357015 1 19823 R 12.0 1 4 1123 25
312617831 1 19904 R 13.0 1 4 1107 26
319625920 1 20353 R 10.0 2 3 0 27
321863518 1 20496 R 2.0 2 1 0 28
323854382 1 20623 R 4.0 2 1 0 29
324868672 1 20688 R 8.0 2 3 0 30
331464683 1 21110 R 5.0 2 2 358 31
332979546 1 21207 R 12.0 2 4 465 32
334258391 1 21289 R 9.0 2 3 546 33
338425219 1 21556 R 6.0 2 2 644 34
338913406 1 21587 R 12.0 3 4 81 35
340646066 1 21698 R 2.0 3 1 0 36
342693238 1 21829 R 11.0 2 4 820 37
343941186 1 21909 R 5.0 3 2 0 38
345692371 1 22021 R 3.0 3 1 0 39
346166035 1 22051 R 8.0 3 3 274 40
347626254 1 22145 R 7.0 3 2 1 41
353715964 1 22534 R 13.0 2 4 1472 42
355464680 1 22646 R 9.0 3 3 824 43
355714904 1 22662 R 11.0 3 4 255 44
357714903 1 22790 R 13.0 3 4 322 45
362457751 1 23094 R 6.0 3 2 0 46
366224853 1 23335 R 4.0 3 1 373 47
366746889 1 23368 R 10.0 3 3 370 48
368736293 1 23496 R 11.0 4 4 1 49
371211349 1 23654 R 2.0 4 1 0 50
372283654 1 23723 R 3.0 4 1 0 51
373771762 1 23818 R 8.0 4 3 201 52
374270753 1 23850 R 6.0 4 2 49 53
375489681 1 23928 R 7.0 4 2 0 54
382250614 1 24361 R 13.0 4 4 0 55
384176063 1 24484 R 9.0 4 3 141 56
387641939 1 24706 R 4.0 4 1 0 57
389130993 1 24801 R 5.0 4 2 0 58
394400882 1 25138 R 12.0 4 4 1 59
395393728 1 25202 R 10.0 4 3 368 60
397640256 1 25346 R 6.0 5 2 0 61
398150956 1 25378 R 3.0 5 1 5 62
398901626 1 25426 R 8.0 5 3 90 63
405391595 1 25842 R 7.0 5 2 0 64
405882315 1 25873 R 13.0 5 4 306 65
413121300 1 26336 R 10.0 5 3 701 66
413630175 1 26369 R 4.0 5 1 1 67
414630029 1 26433 R 5.0 5 2 0 68
418630010 1 26689 R 9.0 5 3 1 69
419146311 1 26722 R 2.0 5 1 0 70
421401002 1 26866 R 12.0 5 4 1 71
423662962 1 27011 R 11.0 5 4 3 72
426439627 1 27189 R 2.0 6 1 0 73
427423383 1 27252 R 10.0 6 3 1 74
435172527 1 27748 R 12.0 6 4 1 75
437194975 1 27877 R 4.0 6 1 0 76
439500643 1 28025 R 6.0 6 2 0 77
441523981 1 28154 R 3.0 6 1 103 78
442738424 1 28232 R 13.0 6 4 1 79
450761156 1 28745 R 8.0 6 3 0 80
453273233 1 28906 R 5.0 6 2 0 81
458283654 1 29227 R 5.0 7 2 0 82
459220559 1 29287 R 7.0 6 2 539 83
459981075 1 29335 R 7.0 7 2 292 84
465750112 1 29705 R 3.0 7 1 0 85
466252745 1 29737 R 9.0 6 3 546 86
467240841 1 29800 R 12.0 7 4 143 87
471738834 1 30088 R 8.0 7 3 0 88
475250872 1 30313 R 6.0 7 2 0 89
477267761 1 30442 R 2.0 7 1 809 90
481503561 1 30713 R 11.0 6 4 1168 91
481991324 1 30744 R 4.0 7 1 669 92
482481375 1 30775 R 11.0 7 4 1158 93
484979481 1 30935 R 3.0 8 1 0 94
487257727 1 31081 R 10.0 7 3 1353 95
491751171 1 31369 R 6.0 8 2 0 96
495605737 1 31615 R 13.0 7 4 1389 97
496090961 1 31646 R 9.0 7 3 1351 98
496586537 1 31678 R 2.0 8 1 491 99
506057574 1 32284 R 12.0 8 4 446 100
507286197 1 32363 R 4.0 8 1 0 101
510710524 1 32582 R 7.0 8 2 0 102
512992507 1 32728 R 8.0 8 3 145 103
513493312 1 32760 R 11.0 8 4 1427 104
521557295 1 33276 R 5.0 8 2 1625 105
521927121 1 33300 R 9.0 8 3 1494 106
522400409 1 33330 R 12.0 9 4 62 107
526367827 1 33584 R 8.0 9 3 42 108
527366792 1 33648 R 3.0 9 1 3 109
530615568 1 33856 R 10.0 8 3 1563 110
532257092 1 33961 R 13.0 8 4 1427 111
538754061 1 34377 R 4.0 9 1 0 112
542042077 1 34587 R 2.0 9 1 0 113
543553631 1 34684 R 6.0 9 2 396 114
544799250 1 34764 R 5.0 9 2 385 115
546886201 1 34897 R 9.0 9 3 744 116
551102280 1 35167 R 5.0 10 2 0 117
554130760 1 35361 R 13.0 9 4 1052 118
556402467 1 35506 R 11.0 9 4 1049 119
557386312 1 35569 R 7.0 9 2 815 120
558690577 1 35653 R 7.0 10 2 737 121
561414713 1 35827 R 11.0 10 4 639 122
566346631 1 36143 R 2.0 10 1 0 123
567830269 1 36238 R 4.0 10 1 0 124
569328687 1 36334 R 10.0 9 3 1613 125
569838473 1 36366 R 6.0 10 2 469 126
570576664 1 36414 R 3.0 10 1 85 127
573050933 1 36572 R 13.0 10 4 1428 128
579430937 1 36980 R 9.0 10 3 1249 129
579920073 1 37011 R 10.0 10 3 1145 130
584667147 1 37315 R 4.0 11 1 0 131
585186391 1 37348 R 8.0 10 3 1348 132
585946701 1 37397 R 12.0 10 4 945 133
588957082 1 37590 R 8.0 11 3 701 134
589446138 1 37621 R 6.0 11 2 382 135
594504289 1 37945 R 7.0 11 2 0 136
595272303 1 37994 R 11.0 11 4 385 137
597294171 1 38123 R 13.0 11 4 337 138
597790420 1 38155 R 10.0 11 3 927 139
598760897 1 38217 R 3.0 11 1 0 140
599540333 1 38267 R 12.0 11 4 486 141
604048879 1 38556 R 2.0 11 1 0 142
608430007 1 38836 R 5.0 11 2 522 143
616103275 1 39327 R 13.0 12 4 1 144
617462972 1 39414 R 9.0 11 3 830 145
617962658 1 39446 R 7.0 12 2 312 146
618451384 1 39477 R 9.0 12 3 265 147
619695963 1 39557 R 3.0 12 1 0 148
622440088 1 39733 R 4.0 12 1 0 149
623659420 1 39811 R 10.0 12 3 511 150
625179902 1 39908 R 2.0 12 1 34 151
625788134 1 39947 R 12.0 12 4 0 152
628441909 1 40117 R 5.0 12 3 677 153
629929459 1 40212 R 6.0 12 2 0 154
632179495 1 40356 R 11.0 12 4 0 155
633745683 1 40456 R 8.0 12 3 17 156
635006014 1 40537 R 6.0 13 2 31 157
640214165 1 40870 R 5.0 13 3 0 158
640715569 1 40902 R 9.0 13 4 196 159
642236006 1 41000 R 11.0 13 4 2 160
644724901 1 41159 R 13.0 13 4 1 161
645974638 1 41239 R 2.0 13 1 0 162
647224862 1 41319 R 12.0 13 4 1 163
654007089 1 41753 R 8.0 13 3 0 164
655926093 1 41876 R 3.0 13 1 981 165
659657850 1 42115 R 4.0 13 1 0 166
661139498 1 42210 R 10.0 13 3 605 167
663125564 1 42337 R 7.0 13 2 0 168
666381732 1 42545 R 13.0 14 4 0 169
667897013 1 42642 R 4.0 14 1 0 170
670141921 1 42786 R 3.0 14 1 0 171
673480898 1 42999 R 2.0 14 1 429 172
674941099 1 43093 R 11.0 14 4 463 173
678430242 1 43316 R 12.0 14 4 330 174
681190383 1 43493 R 7.0 14 2 0 175
682712575 1 43590 R 5.0 14 3 239 176
683212416 1 43622 R 8.0 14 3 207 177
691778001 1 44170 R 10.0 14 3 575 178
692277629 1 44202 R 9.0 14 4 211 179
692773063 1 44234 R 6.0 14 2 239 180
697487031 1 44536 R 11.0 15 4 0 181
706510374 1 45113 R 5.0 15 3 466 182
708793256 1 45259 R 8.0 15 3 359 183
709289246 1 45291 R 12.0 15 4 420 184
710755186 1 45385 R 6.0 15 2 0 185
712276928 1 45482 R 10.0 15 3 1 186
713776662 1 45578 R 2.0 15 1 0 187
715520522 1 45690 R 7.0 15 2 1 188
716451303 1 45750 R 9.0 15 4 0 189
717666670 1 45827 R 3.0 15 1 0 190
718162190 1 45859 R 4.0 15 1 0 191
724412001 1 46259 R 4.0 16 1 0 192
731214006 1 46694 R 13.0 15 4 930 193
732268009 1 46762 R 10.0 16 3 367 194
734255179 1 46889 R 6.0 16 2 0 195
735528765 1 46970 R 12.0 16 4 432 196
737072017 1 47069 R 9.0 16 4 466 197
738320242 1 47149 R 5.0 16 3 0 198
740580704 1 47294 R 8.0 16 3 0 199
741807913 1 47372 R 3.0 16 1 0 200
744836257 1 47566 R 7.0 16 2 0 201
754672997 1 48196 R 4.0 17 1 0 202
756907326 1 48339 R 13.0 16 4 0 203
757408772 1 48371 R 2.0 16 1 401 204
757897968 1 48402 R 11.0 16 4 390 205
765134119 1 48865 R 3.0 17 1 0 206
769368923 1 49136 R 7.0 17 2 0 207
770432103 1 49204 R 5.0 17 3 946 208
771214562 1 49254 R 6.0 17 2 824 209
773801540 1 49420 R 8.0 17 3 626 210
776038888 1 49563 R 2.0 17 1 0 211
777782589 1 49675 R 13.0 17 4 0 212
780423821 1 49844 R 12.0 17 4 0 213
784408683 1 50099 R 9.0 17 4 0 214
785181322 1 50148 R 2.0 18 1 14 215
786632347 1 50241 R 11.0 17 4 335 216
791371633 1 50544 R 10.0 17 5 964 217
798617507 1 51008 R 6.0 18 2 0 218
800164382 1 51107 R 11.0 18 4 581 219
802914239 1 51283 R 12.0 18 4 482 220
803412962 1 51315 R 5.0 18 3 97 221
805144754 1 51426 R 3.0 18 1 0 222
810880026 1 51793 R 10.0 18 5 1 223
811923292 1 51860 R 7.0 18 2 0 224
813392951 1 51954 R 4.0 18 1 62 225
815193653 1 52069 R 2.0 19 1 0 226
816196182 1 52133 R 4.0 19 1 0 227
819000557 1 52313 R 7.0 19 2 0 228
825693621 1 52741 R 6.0 19 2 0 229
827188382 1 52837 R 3.0 19 1 0 230
837741954 1 53512 R 9.0 18 4 1654 231
839144319 1 53602 R 8.0 18 3 1794 232
843119589 1 53856 R 5.0 19 3 718 233
849370283 1 54256 R 9.0 19 4 1270 234
851109495 1 54368 R 13.0 18 5 2372 235
852291670 1 54443 R 2.0 20 1 0 236
862785334 1 55115 R 7.0 20 2 0 237
865103691 1 55263 R 13.0 19 4 2917 238
865591382 1 55294 R 13.0 20 4 794 239
867362804 1 55408 R 3.0 20 1 0 240
867848618 1 55439 R 11.0 19 4 3017 241
869831793 1 55566 R 10.0 20 4 1173 242
876569821 1 55997 R 4.0 20 1 549 243
878451237 1 56117 R 9.0 20 3 1799 244
881457531 1 56310 R 10.0 19 5 2879 245
882261601 1 56361 R 6.0 20 2 1560 246
882747816 1 56392 R 12.0 19 6 3887 247
883243011 1 56424 R 2.0 21 1 69 248
884209687 1 56486 R 11.0 21 4 2 249
885214334 1 56550 R 5.0 20 2 1454 250
886027501 1 56602 R 5.0 21 2 21 251
889527284 1 56826 R 8.0 20 3 1962 252
891048052 1 56924 R 3.0 21 1 0 253
894289382 1 57131 R 8.0 19 3 4692 254
899668614 1 57475 R 11.0 20 4 2290 255
900167402 1 57507 R 9.0 21 3 413 256
901723581 1 57607 R 6.0 21 2 771 257
903535385 1 57723 R 4.0 21 1 0 258
904036899 1 57755 R 7.0 21 2 339 259
908275972 1 58026 R 8.0 21 3 495 260
908775977 1 58058 R 12.0 21 5 911 261
909263717 1 58090 R 4.0 22 1 12 262
910754532 1 58185 R 6.0 22 2 0 263
912298289 1 58284 R 5.0 22 2 0 264
912788839 1 58315 R 2.0 22 1 214 265
924007587 1 59033 R 9.0 22 3 1157 266
929757618 1 59401 R 11.0 22 4 1191 267
930256792 1 59433 R 12.0 22 5 477 268
933743559 1 59656 R 3.0 22 1 0 269
936037062 1 59803 R 7.0 22 2 1988 270
936341553 1 59822 R 8.0 22 3 1862 271
936841572 1 59854 R 12.0 20 4 4321 272
939353946 1 60015 R 13.0 22 4 1195 273
940878300 1 60113 R 2.0 23 1 0 274
941732547 1 60168 R 3.0 23 1 0 275
943993406 1 60312 R 9.0 23 4 0 276
945756614 1 60425 R 13.0 21 4 4139 277
953491366 1 60920 R 4.0 23 1 0 278
955746622 1 61064 R 10.0 21 3 3803 279
956995563 1 61144 R 6.0 23 2 128 280
959409698 1 61299 R 10.0 22 3 2143 281
959897380 1 61330 R 7.0 23 2 976 282
972648005 1 62146 R 8.0 23 3 1618 283
972930796 1 62164 R 13.0 23 5 1116 284
977413857 1 62451 R 10.0 23 3 1066 285
981185465 1 62692 R 5.0 23 2 1224 286
983680796 1 62852 R 11.0 23 4 1335 287
987738755 1 63112 R 2.0 24 1 201 288
988228972 1 63143 R 10.0 24 3 1230 289
988690540 1 63173 R 8.0 24 3 1524 290
989173963 1 63204 R 9.0 24 3 895 291
989945510 1 63253 R 5.0 24 2 436 292
991255872 1 63337 R 12.0 23 5 1526 293
991754688 1 63369 R 3.0 24 1 102 294
994230216 1 63527 R 4.0 24 1 0 295
997265047 1 63722 R 6.0 24 2 943 296
998509034 1 63801 R 2.0 25 1 0 297
1001011686 1 63961 R 13.0 24 4 1595 298
1005869589 1 64272 R 7.0 24 2 981 299
1010620308 1 64576 R 11.0 24 4 1977 300
1011119045 1 64608 R 5.0 25 2 226 301
1011581926 1 64638 R 6.0 25 3 450 302
1012567127 1 64701 R 4.0 25 1 0 303
1019070399 1 65117 R 10.0 25 3 1077 304
1020839306 1 65230 R 8.0 25 3 257 305
1021808560 1 65292 R 13.0 25 5 636 306
1022318081 1 65325 R 3.0 25 1 13 307
1025536631 1 65531 R 9.0 25 5 706 308
1029040173 1 65755 R 11.0 25 4 1022 309
1029538797 1 65787 R 7.0 25 2 143 310
1030003510 1 65817 R 12.0 24 6 2876 311
1030991716 1 65880 R 4.0 26 1 0 312
1032492223 1 65976 R 9.0 26 5 1 313
1033385254 1 66033 R 8.0 26 3 241 314
1035861834 1 66192 R 5.0 26 2 0 315
1040633808 1 66497 R 7.0 26 2 0 316
1040896227 1 66514 R 12.0 26 5 520 317
1041972109 1 66583 R 3.0 26 1 175 318
1042472335 1 66615 R 10.0 26 3 199 319
1043753422 1 66697 R 2.0 26 1 0 320
1044711510 1 66758 R 13.0 26 5 525 321
1051197918 1 67173 R 6.0 26 2 1 322
1054210425 1 67366 R 7.0 27 2 0 323
1055969885 1 67479 R 11.0 26 4 1 324
1057993011 1 67608 R 5.0 27 2 1 325
1064740166 1 68040 R 6.0 27 2 0 326
1065505321 1 68089 R 2.0 27 1 0 327
1066752281 1 68169 R 4.0 27 1 0 328
1069240352 1 68328 R 10.0 27 3 0 329
1072240212 1 68520 R 11.0 27 4 1 330
1073989768 1 68632 R 3.0 27 1 0 331
1078489930 1 68920 R 13.0 27 5 2 332
1079772370 1 69002 R 8.0 27 3 0 333
1085288008 1 69355 R 7.0 28 2 0 334
1088980898 1 69591 R 9.0 27 5 447 335
1089481124 1 69623 R 12.0 27 5 431 336
1090223040 1 69671 R 5.0 28 2 0 337
1091241302 1 69736 R 10.0 28 3 329 338
1095774087 1 70026 R 4.0 28 1 0 339
1097772045 1 70154 R 3.0 28 1 0 340
1102530129 1 70459 R 12.0 28 5 1 341
1105016671 1 70618 R 2.0 28 1 0 342
1106019036 1 70682 R 11.0 28 4 0 343
1113292329 1 71147 R 6.0 28 2 267 344
1114403275 1 71218 R 8.0 28 3 336 345
1116527807 1 71354 R 7.0 29 2 0 346
1118512376 1 71481 R 13.0 28 5 401 347
1121028273 1 71642 R 2.0 29 1 0 348
1122521324 1 71738 R 10.0 29 3 1 349
1124783692 1 71883 R 9.0 28 5 873 350
1131317735 1 72301 R 3.0 29 1 396 351
1131792027 1 72331 R 13.0 29 5 931 352
1133506953 1 72441 R 5.0 29 2 0 353
1139784698 1 72843 R 4.0 29 1 0 354
1142590976 1 73022 R 8.0 29 3 1530 355
1143525764 1 73082 R 9.0 29 4 1002 356
1144994027 1 73176 R 11.0 29 6 1077 357
1150275490 1 73514 R 6.0 29 2 761 358
1155050454 1 73820 R 2.0 30 1 0 359
1163285913 1 74347 R 6.0 30 2 384 360
1164737840 1 74440 R 10.0 30 3 235 361
1167474657 1 74615 R 7.0 30 2 0 362
1173474520 1 74999 R 5.0 30 2 1 363
1174784568 1 75083 R 4.0 30 1 0 364
1178833191 1 75342 R 7.0 31 2 1 365
1180293881 1 75435 R 3.0 30 1 108 366
1181054723 1 75484 R 8.0 30 3 971 367
1181518319 1 75514 R 10.0 31 3 292 368
1184755567 1 75721 R 13.0 31 4 0 369
1187268072 1 75882 R 2.0 31 1 0 370
1188257432 1 75945 R 11.0 31 4 0 371
1193773655 1 76298 R 4.0 31 1 0 372
1195271185 1 76394 R 5.0 31 2 469 373
1197755464 1 76553 R 12.0 31 4 0 374
1198822269 1 76621 R 8.0 31 3 245 375
1199809531 1 76684 R 3.0 31 1 0 376
1201650290 1 76802 R 9.0 31 3 1 377
1204898220 1 77010 R 6.0 31 2 161 378
1214657396 1 77635 R 10.0 32 3 0 379
1218831553 1 77902 R 12.0 32 4 0 380
1220617848 1 78016 R 2.0 32 1 0 381
1221867733 1 78096 R 7.0 32 2 0 382
1222635948 1 78145 R 8.0 32 3 0 383
1223882412 1 78225 R 4.0 32 1 0 384
1225384185 1 78321 R 6.0 32 2 0 385
1226367684 1 78384 R 9.0 32 3 1 386
1231134109 1 78689 R 3.0 32 1 0 387
1232369241 1 78768 R 5.0 32 2 396 388
1234954893 1 78934 R 11.0 32 4 1 389
1237472828 1 79095 R 13.0 32 4 303 390
1239743428 1 79240 R 6.0 33 2 52 391
1240233261 1 79272 R 13.0 33 4 210 392
1243222136 1 79463 R 8.0 33 3 386 393
1246742073 1 79688 R 4.0 33 1 0 394
1250486986 1 79928 R 5.0 33 2 0 395
1253008840 1 80089 R 9.0 33 3 0 396
1254019493 1 80154 R 2.0 33 1 0 397
1255253041 1 80233 R 3.0 33 1 0 398
1257737500 1 80392 R 11.0 33 4 0 399
1260568497 1 80573 R 10.0 33 3 0 400
1262081073 1 80670 R 12.0 33 4 158 401
1262813834 1 80717 R 7.0 33 2 0 402
1267578966 1 81022 R 4.0 34 1 0 403
1271313606 1 81261 R 5.0 34 2 1 404
1273317985 1 81389 R 8.0 34 3 0 405
1275568067 1 81533 R 12.0 34 4 0 406
1277242081 1 81640 R 6.0 34 2 0 407
1278559133 1 81724 R 13.0 34 4 478 408
1279302495 1 81772 R 2.0 34 1 0 409
1288052343 1 82332 R 7.0 34 2 0 410
1288568109 1 82365 R 3.0 34 1 0 411
1290068046 1 82461 R 10.0 34 3 0 412
1291585227 1 82558 R 11.0 34 4 1 413
1295097408 1 82783 R 9.0 34 3 242 414
1297334621 1 82926 R 9.0 35 3 0 415
1303330409 1 83310 R 12.0 35 4 304 416
1306721805 1 83527 R 13.0 35 4 463 417
1311259149 1 83817 R 5.0 35 2 0 418
1313100625 1 83935 R 10.0 35 3 1 419
1314596134 1 84031 R 11.0 35 4 0 420
1315861236 1 84112 R 3.0 35 1 0 421
1318361379 1 84272 R 4.0 35 1 0 422
1319595802 1 84351 R 2.0 35 1 0 423
1320861097 1 84432 R 8.0 35 3 0 424
1322628421 1 84545 R 7.0 35 2 1 425
1323698255 1 84613 R 6.0 35 2 0 426
1326448092 1 84789 R 8.0 36 3 0 427
1331470043 1 85111 R 12.0 36 4 0 428
1333536464 1 85243 R 6.0 36 2 105 429
1334759147 1 85321 R 9.0 36 3 0 430
1339096051 1 85599 R 7.0 36 2 0 431
1342361139 1 85808 R 3.0 36 1 0 432
1343350843 1 85871 R 5.0 36 2 0 433
1345072563 1 85981 R 11.0 36 4 0 434
1348931402 1 86228 R 2.0 36 1 0 435
1351926661 1 86420 R 4.0 36 1 0 436
1353428369 1 86516 R 10.0 36 3 431 437
1353928178 1 86548 R 13.0 36 4 420 438
1355899133 1 86674 R 9.0 37 3 0 439
1359600811 1 86911 R 4.0 37 1 0 440
1360600630 1 86975 R 3.0 37 1 0 441
1362850746 1 87119 R 10.0 37 3 0 442
1367611533 1 87424 R 12.0 37 4 0 443
1372133131 1 87713 R 8.0 37 3 0 444
1375388027 1 87921 R 5.0 37 2 0 445
1376876999 1 88017 R 2.0 37 1 0 446
1378122102 1 88096 R 6.0 37 2 0 447
1379898615 1 88210 R 7.0 37 2 0 448
1383100642 1 88415 R 11.0 37 4 1 449
1386828793 1 88654 R 6.0 38 2 0 450
1388113403 1 88736 R 13.0 37 4 426 451
1389600166 1 88831 R 5.0 38 2 1 452
1390863122 1 88912 R 13.0 38 4 335 453
1396393650 1 89266 R 8.0 38 3 1 454
1400632848 1 89537 R 9.0 38 3 0 455
1401134642 1 89569 R 11.0 38 4 132 456
1402350910 1 89647 R 3.0 38 1 0 457
1406821139 1 89933 R 10.0 38 3 369 458
1407817711 1 89997 R 2.0 38 1 0 459
1410071070 1 90141 R 12.0 38 4 764 460
1410817706 1 90189 R 7.0 38 2 0 461
1413089734 1 90334 R 4.0 38 1 0 462
1416362752 1 90544 R 13.0 39 4 0 463
1416851643 1 90575 R 3.0 39 1 1 464
1426351599 1 91183 R 6.0 39 2 0 465
1427861100 1 91280 R 5.0 39 2 1 466
1428383132 1 91313 R 4.0 39 1 0 467
1431632990 1 91521 R 11.0 39 4 2 468
1432132646 1 91553 R 2.0 39 1 0 469
1435384232 1 91761 R 12.0 39 4 0 470
1439916864 1 92051 R 10.0 39 3 0 471
1441689098 1 92165 R 8.0 39 3 47 472
1442665728 1 92227 R 9.0 39 3 1 473
1444197925 1 92325 R 7.0 39 2 0 474
1449188251 1 92645 R 13.0 40 4 0 475
1449677071 1 92676 R 3.0 40 1 0 476
1450427753 1 92724 R 6.0 40 2 53 477
1454698906 1 92997 R 10.0 40 3 0 478
1456220276 1 93095 R 4.0 40 1 0 479
1456697918 1 93125 R 5.0 40 2 0 480
1458068378 1 93213 R 7.0 40 2 90 481
1459090005 1 93278 R 9.0 40 3 83 482
1464338927 1 93614 R 2.0 40 1 0 483
1467851321 1 93839 R 12.0 40 4 0 484
1471869794 1 94096 R 8.0 40 3 0 485
1474360615 1 94256 R 2.0 41 1 0 486
1479358700 1 94576 R 12.0 41 4 1 487
1482621606 1 94784 R 13.0 41 4 356 488
1483612414 1 94848 R 11.0 40 4 475 489
1484100882 1 94879 R 5.0 41 2 194 490
1485371387 1 94960 R 3.0 41 1 142 491
1486618410 1 95040 R 11.0 41 4 0 492
1488380064 1 95153 R 6.0 41 2 0 493
1490611983 1 95296 R 9.0 41 3 1 494
1494597768 1 95551 R 8.0 41 3 0 495
1496829042 1 95694 R 4.0 41 1 0 496
1499065893 1 95837 R 10.0 41 3 1 497
1501808198 1 96012 R 7.0 41 2 0 498
1510098036 1 96543 R 3.0 42 1 0 499
1510837274 1 96590 R 6.0 42 2 0 500
1513828711 1 96782 R 4.0 42 1 0 501
1517069108 1 96989 R 11.0 42 4 1 502
1519331688 1 97134 R 5.0 42 2 103 503
1519787604 1 97163 R 9.0 42 3 31 504
1522772526 1 97354 R 10.0 42 3 0 505
1523274165 1 97386 R 13.0 42 4 299 506
1525587506 1 97534 R 8.0 42 3 0 507
1527576721 1 97662 R 12.0 42 4 0 508
1529069599 1 97757 R 2.0 42 1 0 509
1531069373 1 97885 R 7.0 42 2 0 510
1533837128 1 98062 R 6.0 43 2 0 511
1540347984 1 98479 R 13.0 43 4 1 512
1543319974 1 98669 R 11.0 43 4 0 513
1544602397 1 98751 R 2.0 43 1 0 514
1545847649 1 98831 R 3.0 43 1 0 515
1547587132 1 98942 R 12.0 43 4 0 516
1549586749 1 99070 R 8.0 43 3 1 517
1550589356 1 99134 R 4.0 43 1 0 518
1552104459 1 99231 R 9.0 43 3 0 519
1554359608 1 99376 R 5.0 43 2 0 520
1556358651 1 99504 R 7.0 43 2 0 521
1562347572 1 99887 R 10.0 43 3 0 522
1571104134 1 100447 R 3.0 44 1 0 523
1574370557 1 100656 R 5.0 44 2 0 524
1575116223 1 100704 R 2.0 44 1 19 525
1578354930 1 100911 R 8.0 44 3 1 526
1584350853 1 101295 R 4.0 44 1 0 527
1586105184 1 101407 R 12.0 44 4 0 528
1591855157 1 101775 R 10.0 44 3 0 529
1596637368 1 102081 R 9.0 44 3 0 530
1597138939 1 102113 R 11.0 44 4 209 531
1597636102 1 102145 R 7.0 44 2 145 532
1598606043 1 102207 R 6.0 44 2 406 533
1599409907 1 102259 R 13.0 44 4 81 534
1601182464 1 102372 R 6.0 45 2 0 535
1606209637 1 102694 R 13.0 45 4 0 536
1606896702 1 102738 R 5.0 45 2 637 537
1607916534 1 102803 R 4.0 45 1 0 538
1611105157 1 103007 R 11.0 45 4 0 539
1617392475 1 103410 R 3.0 45 1 0 540
1617883132 1 103441 R 8.0 45 3 493 541
1618347452 1 103471 R 12.0 45 4 659 542
1620584646 1 103614 R 10.0 45 3 0 543
1621593677 1 103679 R 2.0 45 1 0 544
1621833337 1 103694 R 7.0 45 2 32 545
1623365153 1 103792 R 9.0 45 3 0 546
1624378051 1 103857 R 10.0 46 3 1 547
1629399751 1 104178 R 12.0 46 4 0 548
1631180330 1 104292 R 5.0 46 2 0 549
1633449241 1 104437 R 13.0 46 4 2 550
1636691035 1 104645 R 7.0 46 2 0 551
1643467040 1 105078 R 11.0 46 4 337 552
1644715882 1 105158 R 2.0 46 1 40 553
1645710123 1 105222 R 4.0 46 1 0 554
1646959847 1 105302 R 3.0 46 1 0 555
1647461471 1 105334 R 8.0 46 3 461 556
1653433105 1 105716 R 9.0 46 3 0 557
1656450532 1 105909 R 6.0 46 2 274 558
1658193639 1 106021 R 11.0 47 4 0 559
1659193364 1 106085 R 7.0 47 2 0 560
1660214909 1 106150 R 2.0 47 1 0 561
1661602740 1 106239 R 13.0 47 4 384 562
1662066657 1 106269 R 3.0 47 1 241 563
1663036072 1 106331 R 4.0 47 1 0 564
1664541326 1 106427 R 5.0 47 2 0 565
1672542832 1 106939 R 8.0 47 4 725 566
1674042776 1 107035 R 6.0 47 3 368 567
1677075854 1 107229 R 10.0 47 4 482 568
1680074048 1 107421 R 12.0 47 5 2 569
1684824792 1 107725 R 9.0 47 3 258 570
1687255190 1 107881 R 12.0 48 5 0 571
1690535788 1 108091 R 4.0 48 1 0 572
1692276807 1 108202 R 6.0 48 3 0 573
1698790916 1 108619 R 3.0 48 1 0 574
1700276808 1 108714 R 7.0 48 2 0 575
1702526808 1 108858 R 9.0 48 3 1 576
1703787259 1 108939 R 5.0 48 2 0 577
1706331460 1 109102 R 2.0 48 1 33 578
1708069837 1 109213 R 13.0 48 5 3 579
1720092029 1 109982 R 10.0 49 3 181 580
1720832514 1 110030 R 8.0 48 4 810 581
1721321888 1 110061 R 10.0 48 4 603 582
1721784953 1 110091 R 2.0 49 1 80 583
1724025291 1 110234 R 13.0 49 4 0 584
1727801596 1 110476 R 3.0 49 1 0 585
1728799258 1 110540 R 11.0 48 4 1020 586
1732787248 1 110795 R 12.0 49 5 846 587
1733276147 1 110826 R 5.0 49 2 218 588
1735992973 1 111000 R 4.0 49 1 0 589
1738737798 1 111176 R 7.0 49 2 0 590
1740525338 1 111290 R 6.0 49 2 0 591
1744308201 1 111532 R 8.0 49 3 1 592
1747301481 1 111724 R 3.0 50 1 0 593
1748039421 1 111771 R 10.0 50 3 0 594
1749648124 1 111874 R 13.0 50 4 1 595
1751397864 1 111986 R 4.0 50 1 0 596
1752895041 1 112082 R 11.0 49 4 480 597
1753645260 1 112130 R 9.0 49 3 877 598
1754155368 1 112163 R 5.0 50 2 0 599
1756941449 1 112341 R 11.0 50 4 1 600
1758474092 1 112439 R 12.0 50 4 2 601
1760242506 1 112552 R 2.0 50 1 0 602
1761742364 1 112648 R 9.0 50 3 0 603
1762745596 1 112712 R 6.0 50 2 0 604
1768995701 1 113112 R 8.0 50 3 0 605
1772503122 1 113337 R 7.0 50 2 0 606
1776495783 1 113592 R 13.0 51 4 0 607
1777986633 1 113688 R 3.0 51 1 0 608
1786963157 1 114262 R 11.0 51 4 0 609
1787948968 1 114325 R 5.0 51 2 0 610
1789503266 1 114425 R 7.0 51 2 0 611
1792020587 1 114586 R 6.0 51 2 273 612
1796177619 1 114852 R 9.0 51 3 0 613
1797165917 1 114915 R 4.0 51 1 0 614
1797699747 1 114949 R 10.0 51 3 17 615
1800503619 1 115129 R 12.0 51 4 52 616
1803492985 1 115320 R 2.0 51 1 0 617
1805493300 1 115448 R 8.0 51 3 287 618
1809284817 1 115691 R 8.0 52 3 0 619
1818024265 1 116250 R 10.0 52 3 0 620
1819753553 1 116361 R 2.0 52 1 0 621
1821058202 1 116444 R 5.0 52 2 0 622
1823306779 1 116588 R 13.0 52 4 0 623
1824558050 1 116668 R 11.0 52 4 190 624
1825544979 1 116732 R 6.0 52 2 0 625
1826798011 1 116812 R 9.0 52 3 1 626
1828089295 1 116894 R 4.0 52 1 94 627
1829580600 1 116990 R 7.0 52 2 0 628
1831098064 1 117087 R 3.0 52 1 0 629
1831707756 1 117126 R 12.0 52 4 0 630
1837971884 1 117527 R 7.0 53 2 0 631
1838772815 1 117578 R 6.0 53 2 0 632
1842352392 1 117807 R 2.0 53 1 0 633
1850602232 1 118335 R 9.0 53 3 0 634
1852369799 1 118448 R 3.0 53 1 0 635
1853397258 1 118514 R 5.0 53 2 156 636
1862390275 1 119090 R 4.0 53 1 1099 637
1862887648 1 119121 R 10.0 53 3 1488 638
1870615951 1 119616 R 13.0 53 5 1473 639
1871496655 1 119672 R 8.0 53 4 1213 640
1873029616 1 119770 R 12.0 53 5 1542 641
1876526905 1 119994 R 12.0 54 5 2 642
1877039098 1 120027 R 11.0 53 5 998 643
1877533942 1 120059 R 2.0 54 1 0 644
1878526690 1 120122 R 4.0 54 1 0 645
1881783979 1 120331 R 5.0 54 2 0 646
1883743324 1 120456 R 9.0 54 5 1031 647
1887706679 1 120710 R 3.0 54 1 0 648
1890449876 1 120885 R 11.0 54 6 944 649
1893175403 1 121060 R 10.0 54 4 480 650
1895199108 1 121189 R 7.0 54 2 1 651
1896189672 1 121253 R 4.0 55 1 0 652
1905924574 1 121876 R 3.0 55 1 0 653
1908168957 1 122019 R 8.0 54 3 1096 654
1908644085 1 122050 R 5.0 55 2 512 655
1915122800 1 122464 R 7.0 55 2 484 656
1916120135 1 122528 R 13.0 54 5 1630 657
1918273370 1 122666 R 2.0 55 1 0 658
1922272238 1 122922 R 6.0 54 3 2000 659
1924827027 1 123085 R 13.0 55 5 1308 660
1925326680 1 123117 R 8.0 55 3 1229 661
1928075753 1 123293 R 6.0 55 2 976 662
1929817758 1 123405 R 11.0 55 4 1543 663
1930293754 1 123435 R 10.0 55 3 1451 664
1931773202 1 123530 R 7.0 56 2 0 665
1932600307 1 123583 R 2.0 56 1 31 666
1937590944 1 123902 R 12.0 55 4 1527 667
1940327423 1 124078 R 10.0 56 3 0 668
1940898073 1 124114 R 5.0 56 2 0 669
1942847595 1 124239 R 8.0 56 3 0 670
1943347584 1 124271 R 3.0 56 1 0 671
1944353243 1 124335 R 4.0 56 1 0 672
1946912693 1 124499 R 6.0 56 2 0 673
1953369795 1 124912 R 12.0 56 5 0 674
1954598864 1 124991 R 7.0 57 2 0 675
1955668260 1 125059 R 4.0 57 1 0 676
1963925884 1 125588 R 13.0 56 6 316 677
1964990713 1 125656 R 8.0 57 3 252 678
1966533853 1 125755 R 2.0 57 1 0 679
1969771649 1 125962 R 3.0 57 1 0 680
1971556175 1 126076 R 11.0 57 4 226 681
1974065021 1 126237 R 6.0 57 2 0 682
1976588555 1 126398 R 10.0 57 3 0 683
1979403520 1 126578 R 9.0 57 5 106 684
1980173937 1 126628 R 13.0 57 4 1 685
1984850926 1 126927 R 12.0 57 4 503 686
1985371521 1 126960 R 5.0 57 2 160 687
1986132284 1 127009 R 7.0 58 2 77 688
1989119617 1 127200 R 3.0 58 1 0 689
1993358739 1 127472 R 5.0 58 2 0 690
1994349277 1 127535 R 9.0 58 5 431 691
1995816793 1 127629 R 2.0 58 1 0 692
2001554879 1 127996 R 8.0 58 3 0 693
2005526808 1 128250 R 4.0 58 1 0 694
2010034906 1 128539 R 10.0 58 3 0 695
2013062643 1 128733 R 13.0 58 4 1 696
2014129403 1 128801 R 11.0 58 4 117 697
2015676628 1 128900 R 12.0 58 4 1 698
2018192937 1 129061 R 6.0 58 2 0 699
2025149727 1 129506 R 9.0 59 5 1 700
2026009257 1 129561 R 8.0 59 3 33 701
2031744485 1 129928 R 4.0 59 1 0 702
2033991812 1 130072 R 10.0 59 3 0 703
2037042964 1 130267 R 11.0 59 4 643 704
2043776370 1 130698 R 7.0 59 2 593 705
2044276119 1 130730 R 2.0 59 1 396 706
2044740088 1 130760 R 12.0 59 4 948 707
2047977389 1 130967 R 12.0 60 4 2 708
2049494463 1 131064 R 4.0 60 1 0 709
2051053986 1 131164 R 7.0 60 2 154 710
2052196019 1 131237 R 13.0 59 4 1490 711
2052694737 1 131269 R 3.0 59 1 838 712
2055925927 1 131476 R 6.0 59 3 938 713
2056948265 1 131541 R 5.0 59 2 1777 714
2057412192 1 131571 R 6.0 60 3 318 715
2062901412 1 131922 R 5.0 60 2 892 716
2065010381 1 132057 R 13.0 60 4 216 717
2071476205 1 132471 R 9.0 60 5 2 718
2071977975 1 132503 R 10.0 60 3 205 719
2072441985 1 132533 R 2.0 60 1 179 720
2074182197 1 132644 R 3.0 60 1 0 721
2081440069 1 133109 R 9.0 61 5 0 722
2083680975 1 133252 R 8.0 60 3 875 723
2084529075 1 133306 R 11.0 60 4 851 724
2087518917 1 133498 R 3.0 61 1 0 725
2092016654 1 133786 R 6.0 61 3 0 726
2092257492 1 133801 R 10.0 61 3 211 727
2098462107 1 134198 R 4.0 61 1 0 728
2099714099 1 134278 R 13.0 61 4 96 729
2100214729 1 134310 R 12.0 61 4 431 730
2100714374 1 134342 R 8.0 61 3 158 731
2101463534 1 134390 R 2.0 61 1 80 732
2101898614 1 134418 R 5.0 61 2 28 733
2105367223 1 134640 R 7.0 61 2 409 734
2106882743 1 134737 R 11.0 61 4 405 735
2107345901 1 134767 R 7.0 62 2 66 736
2110584368 1 134974 R 12.0 62 4 1 737
2112847219 1 135119 R 8.0 62 3 1 738
2113799160 1 135180 R 4.0 62 1 0 739
2116024812 1 135322 R 5.0 62 2 0 740
2121291156 1 135659 R 3.0 62 1 0 741
2126850848 1 136015 R 2.0 62 1 0 742
2127352672 1 136047 R 13.0 62 4 852 743
2127816694 1 136077 R 9.0 62 5 181 744
2131554043 1 136316 R 6.0 62 3 0 745
2138814807 1 136781 R 7.0 63 2 0 746
2140263244 1 136873 R 10.0 62 3 503 747
2141021363 1 136922 R 2.0 63 1 0 748
2142771363 1 137034 R 6.0 63 3 1 749
2146006166 1 137241 R 4.0 63 1 0 750
2150262525 1 137513 R 11.0 62 4 955 751
2152748999 1 137672 R 11.0 63 4 1088 752
2153987219 1 137752 R 3.0 63 1 0 753
2155791609 1 137867 R 10.0 63 3 651 754
2157291576 1 137963 R 9.0 63 5 718 755
2159574308 1 138109 R 13.0 63 4 422 756
2160867507 1 138192 R 8.0 63 3 259 757
2162333549 1 138286 R 12.0 63 4 534 758
2163571140 1 138365 R 5.0 63 2 0 759
2165353274 1 138479 R 2.0 64 1 0 760
2166853416 1 138575 R 12.0 64 4 0 761
2171718532 1 138887 R 4.0 64 1 0 762
2175471596 1 139127 R 8.0 64 3 0 763
2185212981 1 139750 R 5.0 64 2 390 764
2187280754 1 139883 R 3.0 64 1 0 765
2194529412 1 140346 R 9.0 64 5 1009 766
2195026735 1 140378 R 11.0 64 4 868 767
2197740125 1 140552 R 4.0 65 1 0 768
2198785564 1 140619 R 10.0 64 3 935 769
2199738928 1 140680 R 6.0 64 3 832 770
2201021416 1 140762 R 7.0 64 2 508 771
2208240877 1 141224 R 7.0 65 2 850 772
2212802477 1 141516 R 3.0 65 1 0 773
2216556244 1 141756 R 10.0 65 3 910 774
2218555798 1 141884 R 9.0 65 3 868 775
2219055831 1 141916 R 11.0 65 4 597 776
2219545746 1 141947 R 13.0 64 4 2210 777
2223035376 1 142171 R 2.0 65 1 0 778
2229023057 1 142554 R 12.0 65 4 1196 779
2230098143 1 142623 R 6.0 65 3 497 780
2231564616 1 142717 R 3.0 66 1 0 781
2232055354 1 142748 R 6.0 66 3 350 782
2234024311 1 142874 R 8.0 65 3 1799 783
2236792801 1 143051 R 13.0 66 4 3 784
2239850818 1 143247 R 2.0 66 1 0 785
2241337965 1 143342 R 11.0 66 4 193 786
2242897508 1 143442 R 5.0 65 2 1493 787
2244131055 1 143521 R 7.0 66 2 284 788
2244630924 1 143553 R 8.0 66 3 735 789
2246604915 1 143679 R 13.0 65 4 1278 790
2248381005 1 143793 R 10.0 66 3 257 791
2253413532 1 144115 R 12.0 66 4 222 792
2253888137 1 144145 R 9.0 66 3 255 793
2256635960 1 144321 R 4.0 66 1 630 794
2257451963 1 144373 R 5.0 66 2 1844 795
2260940994 1 144597 R 11.0 67 4 0 796
2262930007 1 144724 R 10.0 67 3 1 797
2263713064 1 144774 R 3.0 67 1 31 798
2267180211 1 144996 R 6.0 67 3 1 799
2270428215 1 145204 R 4.0 67 1 0 800
2274930031 1 145492 R 8.0 67 3 0 801
2277147882 1 145634 R 12.0 67 4 0 802
2278667443 1 145731 R 5.0 67 2 1 803
2279462960 1 145782 R 7.0 67 2 0 804
2283615396 1 146048 R 13.0 67 4 1 805
2285213956 1 146150 R 9.0 67 3 98 806
2285742390 1 146184 R 2.0 67 1 0 807
2288995556 1 146392 R 3.0 68 1 0 808
2290025913 1 146458 R 5.0 68 2 0 809
2292071706 1 146589 R 8.0 68 3 0 810
2298080313 1 146974 R 4.0 68 1 0 811
2300071672 1 147101 R 7.0 68 2 1 812
2302267644 1 147242 R 11.0 68 4 2 813
2304799994 1 147404 R 9.0 68 3 1 814
2306291669 1 147499 R 6.0 68 3 0 815
2310085230 1 147742 R 10.0 68 3 0 816
2311597704 1 147839 R 12.0 68 4 338 817
2312835817 1 147918 R 13.0 68 4 95 818
2314090349 1 147998 R 2.0 68 1 0 819
2317584575 1 148222 R 3.0 69 1 0 820
2318340058 1 148270 R 2.0 69 1 0 821
2324351882 1 148655 R 5.0 69 2 1 822
2327867365 1 148880 R 13.0 69 4 1 823
2335390307 1 149362 R 8.0 69 4 370 824
2335879590 1 149393 R 10.0 69 3 319 825
2339101883 1 149599 R 4.0 69 1 0 826
2344607035 1 149951 R 6.0 69 3 725 827
2345367859 1 150000 R 7.0 69 2 732 828
2350433185 1 150324 R 8.0 70 4 41 829
2352159534 1 150435 R 3.0 70 1 0 830
2357894925 1 150802 R 5.0 70 2 0 831
2361099834 1 151007 R 9.0 70 3 598 832
2363383639 1 151153 R 11.0 69 4 1513 833
2363883573 1 151185 R 12.0 69 4 1299 834
2365852086 1 151311 R 4.0 70 1 0 835
2367108205 1 151391 R 9.0 69 3 1868 836
2368357997 1 151471 R 6.0 70 3 1147 837
2373101598 1 151775 R 10.0 70 3 1139 838
2373600533 1 151807 R 2.0 70 1 411 839
2376824790 1 152013 R 7.0 70 2 646 840
2377312862 1 152045 R 7.0 71 2 94 841
2378069194 1 152093 R 13.0 70 4 1259 842
2380341054 1 152238 R 12.0 70 4 1448 843
2380829223 1 152270 R 11.0 70 4 428 844
2384340762 1 152494 R 5.0 71 2 0 845
2387848885 1 152719 R 2.0 71 1 0 846
2392372303 1 153008 R 8.0 71 4 306 847
2392869374 1 153040 R 12.0 71 4 192 848
2394329689 1 153134 R 4.0 71 1 0 849
2395333887 1 153198 R 3.0 71 1 0 850
2396087025 1 153246 R 6.0 71 2 1 851
2397869798 1 153360 R 10.0 71 3 0 852
