253015793 1 16090 R 9.0 0 3 1 1
262961730 1 16726 R 5.0 0 2 0 2
263994121 1 16792 R 7.0 0 2 1 3
264757236 1 16841 R 2.0 0 1 0 4
267264167 1 17002 R 3.0 0 1 0 5
276505181 1 17593 R 10.0 0 3 0 6
280046764 1 17820 R 6.0 0 2 0 7
285820127 1 18189 R 4.0 0 1 0 8
288071930 1 18333 R 13.0 0 4 444 9
293896445 1 18706 R 8.0 0 3 445 10
297398240 1 18930 R 11.0 0 4 500 11
299387253 1 19057 R 12.0 0 4 386 12
306144467 1 19490 R 8.0 1 3 1 13
310265968 1 19754 R 9.0 1 3 0 14
314787706 1 20043 R 5.0 1 2 0 15
319646307 1 20354 R 4.0 1 1 0 16
323396283 1 20594 R 11.0 1 4 0 17
324790129 1 20683 R 2.0 1 1 0 18
326353204 1 20783 R 13.0 1 4 1 19
328038195 1 20891 R 7.0 1 2 0 20
329319012 1 20973 R 6.0 1 2 0 21
342581782 1 21822 R 12.0 1 4 0 22
346579584 1 22078 R 3.0 1 1 0 23
357820889 1 22797 R 10.0 1 3 0 24
369581529 1 23550 R 5.0 2 2 0 25
383016791 1 24410 R 10.0 2 3 0 26
385538496 1 24571 R 12.0 2 4 0 27
388797262 1 24780 R 3.0 2 1 0 28
391352731 1 24943 R 2.0 2 1 0 29
396605530 1 25279 R 11.0 2 4 428 30
397866140 1 25360 R 13.0 2 4 530 31
402384235 1 25649 R 7.0 2 2 0 32
404406360 1 25779 R 6.0 2 2 1 33
405894921 1 25874 R 4.0 2 1 0 34
409145101 1 26082 R 8.0 2 3 0 35
419525595 1 26746 R 9.0 2 3 0 36
445351740 1 28399 R 10.0 3 3 0 37
446862627 1 28496 R 8.0 3 3 0 38
450134912 1 28705 R 3.0 3 1 0 39
452916980 1 28883 R 6.0 3 2 0 40
455166696 1 29027 R 7.0 3 2 1 41
456177496 1 29092 R 9.0 3 3 0 42
457678762 1 29188 R 2.0 3 1 0 43
461427551 1 29428 R 13.0 3 4 2 44
468941171 1 29909 R 5.0 3 2 532 45
472146745 1 30114 R 12.0 3 4 1 46
473657548 1 30211 R 11.0 3 4 1 47
478928926 1 30548 R 4.0 3 1 0 48
489178568 1 31204 R 4.0 4 1 0 49
491678567 1 31364 R 10.0 4 3 0 50
497439018 1 31733 R 13.0 4 4 1 51
509177827 1 32484 R 5.0 4 2 0 52
510677694 1 32580 R 7.0 4 2 0 53
513927936 1 32788 R 11.0 4 4 2 54
517188696 1 32997 R 8.0 4 3 0 55
523460276 1 33398 R 9.0 4 3 0 56
524080890 1 33438 R 12.0 4 4 65 57
526080247 1 33566 R 6.0 4 2 1 58
526853046 1 33615 R 2.0 4 1 0 59
534102093 1 34079 R 3.0 4 1 0 60
548852637 1 35023 R 2.0 5 1 0 61
550851739 1 35151 R 6.0 5 2 0 62
552134296 1 35233 R 13.0 5 4 2 63
553416696 1 35315 R 7.0 5 2 1 64
566657111 1 36163 R 9.0 5 3 0 65
573146154 1 36578 R 11.0 5 4 0 66
577395814 1 36850 R 4.0 5 1 0 67
585648006 1 37378 R 10.0 5 3 0 68
595147852 1 37986 R 12.0 5 4 1 69
598440922 1 38197 R 5.0 5 2 0 70
599707928 1 38278 R 3.0 5 1 1028 71
599990415 1 38296 R 8.0 5 3 1025 72
606784083 1 38731 R 2.0 6 1 0 73
611020224 1 39002 R 6.0 6 2 0 74
612734632 1 39112 R 10.0 6 3 0 75
614474860 1 39223 R 9.0 6 3 291 76
614974716 1 39255 R 7.0 6 2 152 77
629227010 1 40167 R 3.0 6 1 0 78
637727954 1 40711 R 5.0 6 2 1 79
640444287 1 40885 R 11.0 6 4 0 80
642694752 1 41029 R 12.0 6 4 17 81
644944812 1 41173 R 4.0 6 1 0 82
648444842 1 41397 R 13.0 6 4 1 83
656455245 1 41910 R 8.0 6 3 1 84
664954819 1 42454 R 5.0 7 2 0 85
669704902 1 42758 R 13.0 7 4 0 86
672541598 1 42939 R 9.0 7 3 0 87
680302480 1 43436 R 4.0 7 1 0 88
682552317 1 43580 R 7.0 7 2 0 89
689802417 1 44044 R 11.0 7 4 0 90
691552410 1 44156 R 10.0 7 3 0 91
700291361 1 44715 R 12.0 7 4 0 92
708313807 1 45229 R 6.0 7 2 0 93
711584609 1 45438 R 8.0 7 3 0 94
714599567 1 45631 R 2.0 7 1 0 95
721085467 1 46046 R 3.0 7 1 0 96
728584334 1 46526 R 13.0 8 4 0 97
731094869 1 46687 R 7.0 8 2 0 98
734258330 1 46889 R 5.0 8 2 0 99
745269123 1 47594 R 9.0 8 3 0 100
745774053 1 47626 R 2.0 8 1 0 101
748020591 1 47770 R 3.0 8 1 0 102
749008180 1 47833 R 8.0 8 3 0 103
750792348 1 47947 R 6.0 8 2 1 104
755542621 1 48251 R 10.0 8 3 371 105
757573408 1 48381 R 11.0 8 4 0 106
760073172 1 48541 R 4.0 8 1 0 107
768084274 1 49054 R 12.0 8 4 0 108
786594601 1 50239 R 8.0 9 3 0 109
790366649 1 50480 R 12.0 9 4 1 110
791379217 1 50545 R 3.0 9 1 0 111
792616432 1 50624 R 10.0 9 3 1 112
800376800 1 51121 R 4.0 9 1 0 113
822985605 1 52568 R 7.0 9 2 1 114
824485360 1 52664 R 9.0 9 3 0 115
825741862 1 52744 R 2.0 9 1 0 116
834485420 1 53304 R 11.0 9 4 0 117
839281677 1 53611 R 6.0 9 2 0 118
841378526 1 53745 R 13.0 9 4 390 119
842398349 1 53810 R 5.0 9 2 0 120
863912154 1 55187 R 3.0 10 1 0 121
864908966 1 55251 R 4.0 10 1 0 122
866018014 1 55322 R 13.0 10 4 1 123
870539566 1 55611 R 7.0 10 2 0 124
878303638 1 56108 R 6.0 10 2 1 125
879572163 1 56189 R 10.0 10 3 0 126
883600777 1 56447 R 2.0 10 1 0 127
886604450 1 56639 R 8.0 10 3 1 128
889354545 1 56815 R 11.0 10 4 1 129
892854169 1 57039 R 5.0 10 2 1 130
895604380 1 57215 R 12.0 10 4 1 131
903614784 1 57728 R 9.0 10 3 0 132
907049956 1 57948 R 12.0 11 4 1 133
920596758 1 58815 R 3.0 11 1 0 134
926334838 1 59182 R 8.0 11 3 305 135
929083262 1 59358 R 10.0 11 3 0 136
938302119 1 59948 R 7.0 11 2 554 137
938801970 1 59980 R 4.0 11 1 497 138
939291239 1 60011 R 11.0 11 4 480 139
941846642 1 60175 R 6.0 11 2 0 140
942834538 1 60238 R 2.0 11 1 0 141
944836131 1 60366 R 9.0 11 3 752 142
952095182 1 60831 R 5.0 11 2 0 143
961117077 1 61408 R 13.0 11 4 0 144
965955276 1 61718 R 6.0 12 2 0 145
968008485 1 61849 R 10.0 12 3 1 146
983268994 1 62826 R 12.0 12 4 1 147
984727120 1 62919 R 3.0 12 1 0 148
989725954 1 63239 R 2.0 12 1 0 149
999987052 1 63896 R 13.0 12 4 0 150
1003519689 1 64122 R 11.0 12 4 0 151
1007789106 1 64395 R 4.0 12 1 0 152
1011541662 1 64635 R 9.0 12 3 0 153
1016052055 1 64924 R 5.0 12 2 0 154
1020821685 1 65229 R 7.0 12 2 0 155
1026083925 1 65566 R 8.0 12 3 299 156
1027604193 1 65663 R 7.0 13 2 1 157
1030520010 1 65850 R 10.0 13 3 1 158
1038788875 1 66379 R 4.0 13 1 0 159
1044291667 1 66731 R 2.0 13 1 0 160
1050792003 1 67147 R 6.0 13 2 0 161
1062756581 1 67913 R 8.0 13 3 0 162
1071565257 1 68477 R 13.0 13 4 528 163
1072335045 1 68526 R 5.0 13 2 0 164
1072596465 1 68543 R 3.0 13 1 0 165
1074834965 1 68686 R 9.0 13 3 1 166
1079205052 1 68966 R 12.0 13 4 1 167
1087761095 1 69513 R 11.0 13 4 481 168
1088223977 1 69543 R 9.0 14 3 146 169
1090463543 1 69686 R 7.0 14 2 0 170
1093865621 1 69904 R 8.0 14 3 0 171
1095798747 1 70028 R 2.0 14 1 0 172
1100289754 1 70315 R 12.0 14 4 516 173
1103548880 1 70524 R 3.0 14 1 0 174
1105537989 1 70651 R 6.0 14 2 0 175
1116537863 1 71355 R 11.0 14 4 1 176
1122550876 1 71740 R 4.0 14 1 0 177
1124298629 1 71852 R 13.0 14 4 2 178
1130037340 1 72219 R 5.0 14 2 0 179
1139820209 1 72845 R 10.0 14 3 0 180
1147319844 1 73325 R 11.0 15 4 1 181
1151820501 1 73613 R 6.0 15 2 0 182
1159833320 1 74126 R 7.0 15 2 0 183
1167352383 1 74607 R 13.0 15 4 2 184
1169612884 1 74752 R 9.0 15 3 0 185
1171884663 1 74897 R 2.0 15 1 0 186
1178634820 1 75329 R 12.0 15 4 2 187
1180909303 1 75475 R 4.0 15 1 0 188
1185395274 1 75762 R 5.0 15 2 0 189
1187907663 1 75923 R 3.0 15 1 0 190
1191898474 1 76178 R 8.0 15 3 0 191
1194705373 1 76358 R 10.0 15 3 0 192
1205194157 1 77029 R 12.0 16 4 2 193
1208455485 1 77238 R 9.0 16 3 20 194
1209439970 1 77301 R 6.0 16 2 0 195
1214211908 1 77606 R 3.0 16 1 0 196
1225213531 1 78310 R 8.0 16 3 0 197
1227454821 1 78454 R 13.0 16 4 0 198
1232943798 1 78805 R 11.0 16 4 0 199
1239432505 1 79220 R 5.0 16 2 0 200
1242423890 1 79412 R 2.0 16 1 0 201
1248474289 1 79799 R 4.0 16 1 0 202
1255228420 1 80231 R 10.0 16 3 1 203
1261224228 1 80615 R 7.0 16 2 0 204
1267755050 1 81033 R 6.0 17 2 0 205
1273219009 1 81383 R 12.0 17 4 286 206
1274484873 1 81464 R 8.0 17 3 1 207
1275754975 1 81545 R 9.0 17 3 14 208
1282432252 1 81972 R 5.0 17 2 0 209
1284973786 1 82135 R 7.0 17 2 0 210
1291019453 1 82522 R 11.0 17 4 2 211
1298041302 1 82971 R 10.0 17 3 0 212
1298821723 1 83021 R 4.0 17 1 0 213
1302070490 1 83229 R 3.0 17 1 0 214
1304073567 1 83357 R 2.0 17 1 0 215
1313334557 1 83950 R 13.0 17 4 0 216
1328319912 1 84909 R 2.0 18 1 0 217
1333069950 1 85213 R 13.0 18 4 0 218
1333819869 1 85261 R 11.0 18 4 1 219
1335930393 1 85396 R 10.0 18 3 142 220
1338147770 1 85538 R 8.0 18 3 0 221
1339167431 1 85603 R 5.0 18 2 0 222
1350417654 1 86323 R 12.0 18 4 1 223
1364188984 1 87205 R 9.0 18 3 0 224
1376462978 1 87990 R 4.0 18 1 0 225
1379462000 1 88182 R 6.0 18 2 0 226
1381831436 1 88334 R 3.0 18 1 0 227
1383071910 1 88413 R 7.0 18 2 0 228
1385682051 1 88580 R 7.0 19 2 135 229
1386169973 1 88612 R 4.0 19 1 33 230
1389656892 1 88835 R 13.0 19 4 0 231
1393428567 1 89076 R 12.0 19 4 0 232
1400424890 1 89524 R 3.0 19 1 0 233
1408917328 1 90067 R 9.0 19 3 0 234
1409939943 1 90133 R 2.0 19 1 23 235
1431928295 1 91540 R 10.0 19 3 0 236
1433930006 1 91668 R 8.0 19 3 0 237
1438196890 1 91941 R 6.0 19 2 0 238
1442971712 1 92247 R 11.0 19 4 1 239
1445245102 1 92392 R 5.0 19 2 188 240
1452929746 1 92884 R 7.0 20 2 0 241
1454211265 1 92966 R 13.0 20 4 0 242
1459229205 1 93287 R 3.0 20 1 0 243
1459994940 1 93336 R 8.0 20 3 0 244
1463022890 1 93530 R 6.0 20 2 1 245
1465536769 1 93691 R 2.0 20 1 0 246
1467930006 1 93844 R 5.0 20 2 478 247
1469743820 1 93960 R 11.0 20 4 1 248
1473026491 1 94170 R 10.0 20 3 0 249
1474516661 1 94266 R 4.0 20 1 0 250
1479765932 1 94602 R 12.0 20 4 1 251
1500004684 1 95897 R 9.0 20 3 0 252
1507993897 1 96408 R 11.0 21 4 1 253
1517745134 1 97032 R 7.0 21 2 0 254
1522276244 1 97322 R 2.0 21 1 0 255
1523788700 1 97419 R 8.0 21 3 1 256
1526080788 1 97566 R 10.0 21 3 1 257
1533069597 1 98013 R 9.0 21 3 0 258
1533571173 1 98045 R 5.0 21 2 284 259
1534034852 1 98075 R 12.0 21 4 361 260
1544522820 1 98746 R 3.0 21 1 0 261
1552777589 1 99274 R 4.0 21 1 0 262
1553533546 1 99323 R 6.0 21 2 0 263
1560554878 1 99772 R 13.0 21 4 1 264
1569322340 1 100333 R 10.0 22 3 1 265
1574257354 1 100649 R 12.0 22 4 0 266
1574758922 1 100681 R 11.0 22 4 108 267
1583974917 1 101271 R 2.0 22 1 0 268
1585474997 1 101367 R 13.0 22 4 1 269
1588974786 1 101591 R 5.0 22 2 0 270
1598724215 1 102215 R 8.0 22 3 1 271
1603730253 1 102535 R 6.0 22 2 0 272
1603974162 1 102551 R 4.0 22 1 0 273
1613017549 1 103130 R 7.0 22 2 0 274
1615290091 1 103275 R 9.0 22 3 0 275
1617056540 1 103388 R 3.0 22 1 0 276
1636038964 1 104603 R 8.0 23 3 1 277
1637788811 1 104715 R 4.0 23 1 0 278
1641040070 1 104923 R 11.0 23 4 0 279
1647737405 1 105352 R 9.0 23 3 380 280
1648226266 1 105383 R 5.0 23 2 242 281
1649447920 1 105461 R 3.0 23 1 0 282
1666931960 1 106580 R 10.0 23 3 0 283
1673495698 1 107000 R 7.0 23 2 0 284
1679236482 1 107368 R 12.0 23 4 0 285
1682725278 1 107591 R 13.0 23 4 1 286
1684007849 1 107673 R 2.0 23 1 8 287
1684730500 1 107719 R 6.0 23 2 0 288
1687225473 1 107879 R 2.0 24 1 0 289
1694725594 1 108359 R 10.0 24 3 0 290
1696475340 1 108471 R 9.0 24 3 0 291
1700725567 1 108743 R 12.0 24 4 0 292
1701756281 1 108809 R 8.0 24 3 0 293
1704306540 1 108972 R 6.0 24 2 0 294
1721941488 1 110101 R 7.0 24 2 0 295
1724269111 1 110250 R 13.0 24 4 1 296
1730006760 1 110617 R 4.0 24 1 0 297
1731019192 1 110682 R 3.0 24 1 0 298
1735258353 1 110953 R 11.0 24 4 1 299
1739292315 1 111211 R 5.0 24 2 208 300
1745006599 1 111577 R 7.0 25 2 1 301
1760301144 1 112556 R 2.0 25 1 0 302
1762040437 1 112667 R 11.0 25 4 0 303
1763040916 1 112731 R 3.0 25 1 0 304
1763517406 1 112762 R 4.0 25 1 0 305
1765290775 1 112875 R 6.0 25 2 0 306
1782573071 1 113981 R 10.0 25 3 1 307
1785104221 1 114143 R 8.0 25 3 0 308
1791290640 1 114539 R 9.0 25 3 0 309
1795040757 1 114779 R 13.0 25 4 0 310
1802572134 1 115261 R 12.0 25 4 464 311
1804604573 1 115391 R 5.0 25 2 468 312
1805127693 1 115425 R 6.0 26 2 0 313
1806224103 1 115495 R 9.0 26 3 112 314
1806778669 1 115530 R 10.0 26 3 78 315
1818019172 1 116250 R 3.0 26 1 0 316
1821006342 1 116441 R 2.0 26 1 0 317
1824756589 1 116681 R 4.0 26 1 0 318
1826506564 1 116793 R 12.0 26 4 1 319
1830006531 1 117017 R 11.0 26 4 1 320
1842006297 1 117785 R 5.0 26 2 0 321
1844756462 1 117961 R 7.0 26 2 0 322
1852323589 1 118445 R 13.0 26 4 421 323
1862854474 1 119119 R 8.0 26 3 0 324
1865039572 1 119259 R 11.0 27 4 0 325
1872269786 1 119722 R 5.0 27 2 1 326
1875006492 1 119897 R 8.0 27 3 1 327
1886802688 1 120652 R 13.0 27 4 0 328
1888821826 1 120781 R 7.0 27 2 0 329
1900354351 1 121519 R 4.0 27 1 0 330
1903603003 1 121727 R 3.0 27 1 0 331
1905205339 1 121830 R 2.0 27 1 0 332
1907194458 1 121957 R 10.0 27 3 0 333
1913005381 1 122329 R 6.0 27 2 0 334
1920770471 1 122826 R 9.0 27 3 0 335
1923542191 1 123003 R 12.0 27 4 1 336
1934259711 1 123689 R 11.0 28 4 0 337
1939007990 1 123993 R 6.0 28 2 0 338
1942294310 1 124203 R 13.0 28 4 466 339
1949289247 1 124651 R 8.0 28 3 1 340
1952290434 1 124843 R 3.0 28 1 0 341
1964522207 1 125626 R 5.0 28 2 0 342
1965028107 1 125658 R 4.0 28 1 0 343
1966549579 1 125756 R 7.0 28 2 0 344
1973283385 1 126187 R 12.0 28 4 0 345
1974555513 1 126268 R 2.0 28 1 61 346
1975019419 1 126298 R 9.0 28 3 157 347
1981256862 1 126697 R 10.0 28 3 1 348
1990256316 1 127273 R 5.0 29 2 1 349
1993254442 1 127465 R 7.0 29 2 1 350
1995549868 1 127612 R 9.0 29 3 0 351
1998775912 1 127818 R 11.0 29 4 0 352
2003279354 1 128107 R 6.0 29 2 0 353
2004519258 1 128186 R 3.0 29 1 26 354
2005014263 1 128218 R 2.0 29 1 0 355
2009036994 1 128475 R 4.0 29 1 0 356
2014036174 1 128795 R 12.0 29 4 0 357
2022525317 1 129338 R 10.0 29 3 0 358
2027525148 1 129658 R 13.0 29 4 0 359
2031558806 1 129916 R 8.0 29 3 0 360
2046069502 1 130845 R 8.0 30 3 0 361
2060318239 1 131757 R 2.0 30 1 0 362
2064568447 1 132029 R 12.0 30 4 0 363
2074588079 1 132670 R 10.0 30 3 0 364
2076362370 1 132784 R 5.0 30 2 99 365
2077095610 1 132831 R 6.0 30 2 0 366
2080254921 1 133033 R 7.0 30 2 0 367
2087253058 1 133481 R 11.0 30 4 1 368
2089113632 1 133600 R 4.0 30 1 0 369
2092869696 1 133840 R 3.0 30 1 0 370
2094992223 1 133976 R 13.0 30 4 0 371
2100024639 1 134298 R 9.0 30 3 0 372
2113774414 1 135178 R 2.0 31 1 0 373
2118524520 1 135482 R 12.0 31 4 0 374
2123765058 1 135818 R 13.0 31 4 144 375
2134032699 1 136475 R 8.0 31 3 1 376
2139024040 1 136794 R 5.0 31 2 0 377
2140035563 1 136859 R 10.0 31 3 32 378
2142771931 1 137034 R 3.0 31 1 0 379
2143771503 1 137098 R 7.0 31 2 1 380
2146771357 1 137290 R 4.0 31 1 0 381
2147773956 1 137354 R 11.0 31 4 0 382
2154307976 1 137772 R 9.0 31 3 346 383
2161554723 1 138236 R 6.0 31 2 0 384
2166065194 1 138525 R 3.0 32 1 0 385
2175088934 1 139102 R 10.0 32 3 0 386
2183803841 1 139660 R 8.0 32 3 2 387
2198087114 1 140574 R 11.0 32 4 1 388
2201057438 1 140764 R 5.0 32 2 0 389
2202883593 1 140881 R 9.0 32 3 0 390
2206652378 1 141122 R 6.0 32 2 1 391
2209901950 1 141330 R 7.0 32 2 0 392
2210924323 1 141396 R 4.0 32 1 36 393
2212416515 1 141491 R 13.0 32 4 1 394
2213808426 1 141580 R 12.0 32 4 0 395
2221315491 1 142061 R 2.0 32 1 0 396
2225053877 1 142300 R 8.0 33 3 0 397
2226337565 1 142382 R 3.0 33 1 0 398
2240565448 1 143293 R 12.0 33 4 2 399
2248587324 1 143806 R 6.0 33 2 0 400
2250369981 1 143920 R 10.0 33 3 1 401
2260119074 1 144544 R 7.0 33 2 0 402
2268652232 1 145090 R 9.0 33 3 1 403
2270565666 1 145213 R 5.0 33 2 0 404
2279054050 1 145756 R 4.0 33 1 0 405
2280804864 1 145868 R 2.0 33 1 0 406
2283555240 1 146044 R 11.0 33 4 1 407
2285622706 1 146176 R 13.0 33 4 177 408
2297119795 1 146912 R 3.0 34 1 0 409
2298380772 1 146993 R 5.0 34 2 0 410
2304402638 1 147378 R 12.0 34 4 1 411
2315902233 1 148114 R 6.0 34 2 0 412
2325902375 1 148754 R 2.0 34 1 0 413
2328163394 1 148899 R 11.0 34 4 0 414
2330924931 1 149076 R 13.0 34 4 16 415
2337662891 1 149507 R 4.0 34 1 0 416
2339151832 1 149602 R 8.0 34 3 1 417
2340402888 1 149682 R 10.0 34 3 0 418
2342366927 1 149808 R 9.0 34 3 17 419
2346164007 1 150051 R 7.0 34 2 16 420
2348899624 1 150226 R 6.0 35 2 0 421
2355159382 1 150627 R 9.0 35 3 0 422
2368182234 1 151460 R 3.0 35 1 0 423
2377917089 1 152083 R 12.0 35 4 1 424
2385137019 1 152545 R 13.0 35 4 0 425
2386412875 1 152627 R 7.0 35 2 0 426
2390432223 1 152884 R 10.0 35 3 415 427
2392206271 1 152998 R 8.0 35 3 1 428
2394887079 1 153169 R 2.0 35 1 0 429
2396147909 1 153250 R 5.0 35 2 0 430
2399913291 1 153491 R 4.0 35 1 0 431
