96132023 1 6050 R 4.0 1 1 27 1
104908370 1 6611 R 2.0 1 1 304 2
113797202 1 7180 R 3.0 1 1 17 3
122584707 1 7743 R 6.0 1 2 42 4
126943305 1 8022 R 5.0 1 2 39 5
131335611 1 8303 R 2.0 2 1 295 6
135776236 1 8587 R 4.0 2 1 581 7
140227101 1 8872 R 7.0 1 2 1171 8
144642331 1 9154 R 10.0 1 3 917 9
149012747 1 9434 R 3.0 2 1 869 10
157804240 1 9997 R 4.0 3 1 580 11
162145290 1 10275 R 2.0 3 1 17 12
166649298 1 10563 R 8.0 1 3 1196 13
171035020 1 10843 R 4.0 4 1 301 14
175472071 1 11127 R 6.0 2 2 2304 15
179827095 1 11406 R 13.0 1 4 2062 16
188676545 1 11972 R 5.0 3 2 326 17
193042440 1 12252 R 2.0 4 1 14 18
197454947 1 12534 R 10.0 2 3 2880 19
201887160 1 12818 R 4.0 5 1 863 20
206320457 1 13102 R 7.0 2 2 3144 21
210658734 1 13379 R 4.0 6 1 10 22
215052579 1 13661 R 2.0 5 1 17 23
219527242 1 13947 R 5.0 2 2 4275 24
228258278 1 14506 R 5.0 4 2 1469 25
232699091 1 14790 R 10.0 4 3 2319 26
237117233 1 15073 R 4.0 7 1 17 27
241452429 1 15350 R 2.0 6 1 11 28
245960579 1 15639 R 11.0 1 4 6012 29
250315161 1 15917 R 3.0 3 1 5098 30
254691215 1 16197 R 7.0 4 2 2012 31
259093124 1 16479 R 12.0 4 4 2624 32
267955856 1 17046 R 4.0 8 1 11 33
272393816 1 17330 R 12.0 1 4 7422 34
276742336 1 17609 R 9.0 2 3 5988 35
281123982 1 17889 R 2.0 7 1 297 36
285610304 1 18176 R 13.0 2 4 7140 37
289964743 1 18455 R 7.0 3 2 6526 38
294340518 1 18735 R 7.0 6 2 604 39
298815144 1 19021 R 13.0 5 4 2628 40
303200414 1 19302 R 4.0 9 1 301 41
307535192 1 19579 R 2.0 8 1 13 42
312043343 1 19868 R 11.0 3 4 7986 43
316397852 1 20147 R 3.0 4 1 7067 44
320774332 1 20427 R 13.0 6 4 2906 45
325175600 1 20708 R 5.0 7 2 3145 46
329620243 1 20993 R 4.0 10 1 582 47
334081013 1 21278 R 6.0 3 2 10201 48
338415175 1 21556 R 5.0 9 2 600 49
342771466 1 21835 R 2.0 9 1 15 50
347287957 1 22124 R 12.0 2 4 11086 51
351619997 1 22401 R 7.0 8 2 321 52
356086140 1 22687 R 4.0 11 1 16 53
360503838 1 22969 R 5.0 5 2 8221 54
364797914 1 23244 R 5.0 10 2 603 55
369324617 1 23534 R 5.0 6 2 7655 56
373663944 1 23812 R 12.0 8 4 4315 57
378045708 1 24092 R 2.0 10 1 296 58
382486525 1 24376 R 4.0 12 1 299 59
386936983 1 24661 R 7.0 5 2 8502 60
391291676 1 24940 R 3.0 5 1 7343 61
395667783 1 25220 R 5.0 11 2 882 62
400069634 1 25502 R 11.0 8 4 4596 63
404456566 1 25782 R 2.0 11 1 8 64
413338346 1 26351 R 4.0 13 1 17 65
417776177 1 26635 R 13.0 4 4 12214 66
422124537 1 26913 R 9.0 6 3 7140 67
430992089 1 27481 R 3.0 6 1 8489 68
435302372 1 27756 R 5.0 12 2 2025 69
439712784 1 28039 R 2.0 12 1 20 70
444198443 1 28326 R 4.0 14 1 22 71
448614930 1 28608 R 11.0 6 4 12214 72
452968958 1 28887 R 5.0 8 2 9626 73
461830781 1 29454 R 7.0 7 2 9348 74
466186092 1 29733 R 12.0 6 4 13340 75
470630320 1 30017 R 13.0 8 4 9677 76
474967569 1 30295 R 8.0 4 3 15005 77
479368723 1 30577 R 2.0 13 1 582 78
483813911 1 30861 R 5.0 14 2 1730 79
488246643 1 31145 R 4.0 15 1 1141 80
492586873 1 31423 R 4.0 16 1 14 81
497074863 1 31710 R 7.0 9 2 7653 82
501430014 1 31989 R 8.0 3 3 18105 83
505774556 1 32267 R 3.0 7 1 6501 84
510211823 1 32551 R 5.0 15 2 1732 85
514613487 1 32832 R 10.0 15 3 3452 86
519090294 1 33119 R 4.0 17 1 18 87
523414534 1 33396 R 2.0 14 1 1150 88
527894332 1 33682 R 5.0 16 2 1171 89
532217343 1 33959 R 2.0 15 1 580 90
536725056 1 34248 R 8.0 7 3 17290 91
541020634 1 34522 R 5.0 17 2 321 92
545490740 1 34809 R 4.0 18 1 301 93
549861033 1 35088 R 2.0 16 1 587 94
554347128 1 35375 R 5.0 13 2 7941 95
558701803 1 35654 R 8.0 5 3 19244 96
563077523 1 35934 R 7.0 15 2 602 97
567479483 1 36216 R 6.0 7 2 11316 98
571866588 1 36497 R 2.0 17 1 11 99
576329778 1 36782 R 4.0 19 1 860 100
580780107 1 37067 R 3.0 8 1 6793 101
585076156 1 37342 R 7.0 16 2 884 102
589508734 1 37626 R 4.0 20 1 15 103
593997714 1 37913 R 12.0 10 4 15598 104
598351808 1 38192 R 7.0 13 2 7087 105
602715890 1 38471 R 3.0 9 1 5933 106
607119831 1 38753 R 7.0 17 2 1169 107
615944563 1 39318 R 5.0 19 2 2294 108
620346471 1 39599 R 10.0 19 3 3164 109
624734112 1 39880 R 2.0 18 1 1145 110
629166596 1 40164 R 2.0 19 1 298 111
633601852 1 40448 R 4.0 21 1 1148 112
638052324 1 40732 R 9.0 4 3 24598 113
642407094 1 41011 R 7.0 14 2 7652 114
646818054 1 41293 R 4.0 22 1 300 115
655674541 1 41860 R 13.0 7 4 22929 116
664440184 1 42421 R 4.0 23 1 297 117
668810289 1 42701 R 2.0 20 1 584 118
673296451 1 42988 R 5.0 18 2 7096 119
677651119 1 43267 R 3.0 10 1 7074 120
682015840 1 43546 R 10.0 18 3 8805 121
686433415 1 43829 R 10.0 16 3 12467 122
690873166 1 44113 R 7.0 20 2 604 123
695244154 1 44393 R 10.0 22 3 3441 124
699645081 1 44674 R 2.0 21 1 583 125
704090130 1 44959 R 4.0 24 1 1150 126
708429262 1 45237 R 3.0 11 1 6779 127
712884577 1 45522 R 7.0 21 2 40 128
717241270 1 45801 R 2.0 22 1 17 129
721712199 1 46087 R 5.0 23 2 2298 130
726144652 1 46370 R 4.0 25 1 582 131
730568246 1 46653 R 5.0 20 2 7940 132
734891714 1 46930 R 5.0 24 2 1449 133
743739449 1 47496 R 4.0 26 1 304 134
748138533 1 47778 R 2.0 23 1 16 135
752551522 1 48060 R 11.0 14 4 17005 136
757001926 1 48345 R 10.0 12 3 23184 137
761356004 1 48624 R 7.0 18 2 9065 138
765732087 1 48904 R 5.0 25 2 1731 139
770172554 1 49188 R 4.0 27 1 581 140
774542711 1 49468 R 5.0 26 2 602 141
778944455 1 49750 R 2.0 24 1 578 142
783389039 1 50034 R 4.0 28 1 299 143
787840492 1 50319 R 10.0 14 3 22339 144
792184733 1 50597 R 7.0 23 2 1164 145
801011117 1 51162 R 4.0 29 1 299 146
805462544 1 51447 R 13.0 10 4 28004 147
809842053 1 51727 R 3.0 12 1 9601 148
814181141 1 52005 R 3.0 13 1 8472 149
818598946 1 52287 R 13.0 19 4 15312 150
822999980 1 52569 R 5.0 27 2 2011 151
827387434 1 52850 R 5.0 28 2 600 152
831804671 1 53133 R 2.0 26 1 291 153
836255321 1 53417 R 4.0 30 1 866 154
840706535 1 53702 R 5.0 22 2 11605 155
845061461 1 53981 R 10.0 23 3 11623 156
849437417 1 54261 R 8.0 13 3 12752 157
858282909 1 54827 R 4.0 31 1 300 158
862671841 1 55108 R 2.0 27 1 9 159
867149561 1 55395 R 13.0 24 4 11368 160
871519415 1 55674 R 3.0 14 1 8485 161
875859110 1 55952 R 12.0 18 4 22641 162
880276309 1 56235 R 12.0 25 4 12209 163
884716573 1 56519 R 10.0 30 3 2883 164
889148800 1 56803 R 4.0 32 1 592 165
893572486 1 57086 R 10.0 26 3 9085 166
897893074 1 57362 R 5.0 31 2 37 167
902388650 1 57650 R 2.0 28 1 308 168
906789225 1 57932 R 8.0 12 3 20656 169
911104275 1 58208 R 10.0 33 3 344 170
915554567 1 58493 R 4.0 33 1 302 171
920005439 1 58777 R 3.0 15 1 7066 172
924360170 1 59056 R 7.0 25 2 6524 173
928736963 1 59336 R 13.0 26 4 12774 174
933203015 1 59622 R 12.0 28 4 11086 175
937525385 1 59899 R 2.0 29 1 301 176
946406447 1 60467 R 4.0 34 1 16 177
950844705 1 60751 R 12.0 22 4 21237 178
959561460 1 61309 R 10.0 34 3 1185 179
964040702 1 61596 R 2.0 30 1 305 180
972881476 1 62162 R 5.0 29 2 8222 181
977231392 1 62440 R 4.0 35 1 22 182
981602447 1 62720 R 5.0 33 2 2018 183
986003719 1 63001 R 2.0 31 1 583 184
990493656 1 63289 R 7.0 26 2 8786 185
994817413 1 63565 R 5.0 34 2 1165 186
999305334 1 63853 R 13.0 15 4 32515 187
1003619436 1 64129 R 5.0 35 2 39 188
1008018818 1 64410 R 4.0 36 1 9 189
1012440845 1 64693 R 2.0 32 1 295 190
1016926825 1 64980 R 5.0 30 2 9352 191
1021282204 1 65259 R 13.0 25 4 20106 192
1025657928 1 65539 R 10.0 37 3 1191 193
1030131292 1 65826 R 7.0 31 2 609 194
1034517281 1 66106 R 4.0 37 1 296 195
1038851990 1 66384 R 2.0 33 1 12 196
1043369630 1 66673 R 7.0 27 2 9915 197
1047732092 1 66952 R 5.0 36 2 1189 198
1056577086 1 67518 R 12.0 17 4 35617 199
1060883088 1 67794 R 13.0 23 4 25178 200
1065387447 1 68082 R 5.0 32 2 9072 201
1069742183 1 68361 R 7.0 28 2 9632 202
1074104879 1 68640 R 10.0 38 3 2313 203
1078529334 1 68923 R 2.0 34 1 300 204
1082965286 1 69207 R 11.0 29 4 15596 205
1087383007 1 69490 R 4.0 39 1 19 206
1091821198 1 69774 R 13.0 28 4 20391 207
1096145618 1 70050 R 2.0 35 1 297 208
1100586723 1 70335 R 5.0 38 2 1454 209
1105037878 1 70619 R 11.0 24 4 24338 210
1109392548 1 70898 R 12.0 29 4 20669 211
1113756489 1 71178 R 7.0 30 2 7936 212
1118160058 1 71459 R 7.0 34 2 1184 213
1122548567 1 71740 R 13.0 21 4 31663 214
1126990675 1 72024 R 10.0 40 3 2880 215
1131376871 1 72305 R 9.0 10 3 24878 216
1135795571 1 72588 R 2.0 36 1 1144 217
1140197302 1 72870 R 5.0 40 2 1738 218
1144674398 1 73156 R 4.0 41 1 16 219
1149011713 1 73434 R 2.0 37 1 869 220
1153498445 1 73721 R 11.0 19 4 34207 221
1157852537 1 74000 R 5.0 37 2 6526 222
1162251416 1 74281 R 7.0 36 2 39 223
1171029122 1 74843 R 2.0 38 1 13 224
1175501767 1 75129 R 4.0 42 1 594 225
1179930918 1 75413 R 7.0 33 2 7091 226
1184285646 1 75691 R 3.0 16 1 6790 227
1188630757 1 75969 R 5.0 39 2 5961 228
1193067370 1 76253 R 5.0 42 2 1164 229
1197469146 1 76535 R 10.0 43 3 3159 230
1201857484 1 76816 R 12.0 38 4 12490 231
1206273671 1 77099 R 2.0 39 1 290 232
1210724316 1 77383 R 4.0 43 1 576 233
1215175178 1 77668 R 3.0 17 1 6501 234
1219530211 1 77947 R 9.0 13 3 17832 235
1223903273 1 78227 R 4.0 44 1 14 236
1228312175 1 78509 R 12.0 41 4 10236 237
1232713409 1 78791 R 11.0 39 4 9389 238
1237100294 1 79072 R 2.0 40 1 14 239
1241618557 1 79361 R 13.0 39 4 16444 240
1245966438 1 79639 R 5.0 44 2 602 241
1250408776 1 79923 R 4.0 45 1 25 242
1254824705 1 80206 R 3.0 18 1 7642 243
1259180077 1 80485 R 13.0 36 4 21234 244
1263555210 1 80765 R 7.0 39 2 599 245
1267996390 1 81049 R 9.0 14 3 9086 246
1272446780 1 81334 R 5.0 41 2 8511 247
1276771787 1 81611 R 2.0 41 1 301 248
1281174452 1 81892 R 13.0 45 4 10519 249
1285618035 1 82177 R 4.0 46 1 581 250
1290069623 1 82462 R 13.0 29 4 31670 251
1294414387 1 82740 R 12.0 43 4 11647 252
1298769660 1 83018 R 2.0 42 1 16 253
1303240172 1 83304 R 4.0 47 1 582 254
1307690977 1 83589 R 7.0 37 2 7374 255
1312046412 1 83868 R 11.0 28 4 31948 256
1316422493 1 84148 R 13.0 47 4 10236 257
1320823399 1 84430 R 7.0 40 2 2297 258
1325267766 1 84714 R 4.0 48 1 863 259
1329657216 1 84995 R 2.0 43 1 14 260
1334078801 1 85278 R 4.0 49 1 298 261
1338529541 1 85563 R 5.0 43 2 8500 262
1347261055 1 86122 R 11.0 35 4 22923 263
1351746087 1 86409 R 7.0 38 2 8220 264
1360477612 1 86968 R 12.0 46 4 10799 265
1364917360 1 87252 R 4.0 50 1 301 266
1369287655 1 87532 R 2.0 44 1 299 267
1373774329 1 87819 R 13.0 34 4 31106 268
1378129187 1 88097 R 11.0 38 4 20388 269
1382504140 1 88377 R 5.0 49 2 317 270
1391293279 1 88940 R 2.0 45 1 10 271
1395788771 1 89228 R 4.0 51 1 16 272
1400206923 1 89510 R 5.0 45 2 8500 273
1404503136 1 89785 R 10.0 52 3 3723 274
1409018537 1 90074 R 10.0 39 3 22340 275
1413367460 1 90353 R 12.0 47 4 12494 276
1426527249 1 91195 R 2.0 46 1 9 277
1431045416 1 91484 R 3.0 19 1 9886 278
1435400154 1 91763 R 5.0 46 2 8779 279
1439812285 1 92045 R 13.0 42 4 24899 280
1444167759 1 92324 R 5.0 51 2 319 281
1448647579 1 92611 R 2.0 47 1 301 282
1452990247 1 92889 R 4.0 53 1 15 283
1457479156 1 93176 R 11.0 33 4 33361 284
1461851495 1 93456 R 10.0 47 3 14439 285
1466252075 1 93737 R 2.0 48 1 303 286
1470695080 1 94022 R 7.0 41 2 9910 287
1475049877 1 94300 R 5.0 47 2 9629 288
1479495085 1 94585 R 11.0 47 4 12777 289
1483880080 1 94865 R 4.0 54 1 300 290
1492671038 1 95428 R 2.0 49 1 14 291
1497128315 1 95713 R 5.0 48 2 9348 292
1501483630 1 95992 R 13.0 51 4 16723 293
1505894021 1 96274 R 4.0 55 1 301 294
1510264586 1 96554 R 7.0 47 2 1167 295
1514729795 1 96840 R 2.0 50 1 20 296
1519165532 1 97124 R 7.0 43 2 9072 297
1523500732 1 97401 R 5.0 53 2 2015 298
1532372314 1 97969 R 3.0 20 1 8190 299
1536681350 1 98245 R 4.0 56 1 10 300
1541089516 1 98527 R 7.0 48 2 1449 301
1545568905 1 98814 R 2.0 51 1 301 302
1549994399 1 99097 R 5.0 50 2 9076 303
1554338906 1 99375 R 5.0 55 2 601 304
1558695136 1 99654 R 2.0 52 1 18 305
1563165660 1 99940 R 4.0 57 1 302 306
1567616945 1 100225 R 7.0 45 2 7940 307
1571972314 1 100503 R 13.0 44 4 30257 308
1576336119 1 100783 R 3.0 21 1 7340 309
1580753906 1 101065 R 13.0 58 4 11645 310
1589542813 1 101628 R 7.0 50 2 1450 311
1593959712 1 101911 R 2.0 53 1 291 312
1598410277 1 102195 R 4.0 58 1 295 313
1602861072 1 102480 R 5.0 52 2 9065 314
1607215744 1 102759 R 7.0 46 2 9349 315
1611591883 1 103039 R 9.0 19 3 9648 316
1620437853 1 103605 R 4.0 59 1 300 317
1624827133 1 103886 R 2.0 54 1 14 318
1629294755 1 104172 R 12.0 50 4 22675 319
1633590160 1 104447 R 5.0 57 2 2016 320
1638105798 1 104736 R 12.0 44 4 31951 321
1642460015 1 105015 R 5.0 54 2 7937 322
1646870890 1 105297 R 7.0 52 2 888 323
1651242307 1 105577 R 11.0 54 4 13619 324
1655681928 1 105861 R 4.0 60 1 868 325
1660133450 1 106146 R 12.0 45 4 31669 326
1664463527 1 106423 R 2.0 55 1 298 327
1668943902 1 106709 R 3.0 22 1 7348 328
1673266541 1 106986 R 4.0 61 1 13 329
1677754802 1 107273 R 3.0 23 1 6504 330
1682109566 1 107552 R 5.0 56 2 6808 331
1686504456 1 107833 R 2.0 56 1 14 332
1690926121 1 108116 R 7.0 54 2 899 333
1695377588 1 108401 R 11.0 44 4 29978 334
1704108194 1 108960 R 10.0 65 3 4573 335
1708548210 1 109244 R 4.0 62 1 580 336
1712999656 1 109529 R 12.0 54 4 21520 337
1717323933 1 109806 R 5.0 61 2 603 338
1721764761 1 110090 R 4.0 63 1 298 339
1726135055 1 110370 R 2.0 57 1 296 340
1730621040 1 110657 R 7.0 51 2 8509 341
1734943823 1 110934 R 4.0 64 1 13 342
1739351479 1 111216 R 7.0 56 2 884 343
1743837577 1 111503 R 3.0 24 1 7066 344
1748192319 1 111781 R 5.0 58 2 7652 345
1752568100 1 112061 R 7.0 57 2 603 346
1756969709 1 112343 R 2.0 58 1 584 347
1761447146 1 112630 R 4.0 65 1 18 348
1765785841 1 112907 R 12.0 61 4 14747 349
1770270751 1 113194 R 5.0 59 2 7375 350
1774626120 1 113473 R 10.0 64 3 10491 351
1779002258 1 113753 R 13.0 68 4 11364 352
1783402749 1 114035 R 2.0 59 1 587 353
1787847986 1 114319 R 7.0 58 2 1170 354
1792280391 1 114603 R 4.0 66 1 577 355
1796714188 1 114887 R 13.0 53 4 32233 356
1801075191 1 115166 R 2.0 60 1 19 357
1805475040 1 115448 R 4.0 67 1 21 358
1809920339 1 115732 R 5.0 60 2 8222 359
1814254326 1 116009 R 12.0 63 4 14467 360
1818731790 1 116296 R 9.0 16 3 33063 361
1823036982 1 116571 R 5.0 65 2 603 362
1827543044 1 116860 R 13.0 64 4 19545 363
1831923062 1 117140 R 8.0 15 3 31366 364
1836261898 1 117418 R 10.0 67 3 9361 365
1840678456 1 117701 R 7.0 60 2 605 366
1845080030 1 117982 R 2.0 61 1 868 367
1849524709 1 118267 R 4.0 68 1 869 368
1853895992 1 118546 R 13.0 71 4 11647 369
1858361487 1 118832 R 5.0 66 2 1171 370
1862684495 1 119109 R 2.0 62 1 301 371
1867134647 1 119394 R 4.0 69 1 14 372
1871597790 1 119679 R 5.0 63 2 7091 373
1875923707 1 119956 R 12.0 66 4 13901 374
1880409038 1 120243 R 6.0 11 2 18373 375
1884763995 1 120522 R 13.0 62 4 26310 376
1889127919 1 120801 R 5.0 64 2 6522 377
1893544597 1 121084 R 2.0 63 1 579 378
1897947325 1 121366 R 13.0 66 4 21230 379
1902391525 1 121650 R 7.0 62 2 1172 380
1906761145 1 121930 R 5.0 68 2 883 381
1911202445 1 122214 R 4.0 70 1 1146 382
1915572306 1 122494 R 2.0 64 1 301 383
1920013117 1 122778 R 4.0 71 1 297 384
1924464439 1 123063 R 11.0 55 4 29414 385
1928818663 1 123341 R 3.0 25 1 6215 386
1933194794 1 123622 R 5.0 69 2 1168 387
1937660792 1 123907 R 7.0 63 2 1452 388
1941983867 1 124184 R 2.0 65 1 295 389
1946478887 1 124472 R 4.0 72 1 17 390
1950897681 1 124754 R 12.0 58 4 31106 391
1955193259 1 125029 R 10.0 72 3 9924 392
1959708577 1 125318 R 10.0 66 3 19522 393
1964056034 1 125597 R 7.0 65 2 43 394
1968438464 1 125877 R 2.0 66 1 295 395
1972879250 1 126161 R 4.0 73 1 299 396
1977330723 1 126446 R 12.0 60 4 29414 397
1981710267 1 126727 R 5.0 67 2 7375 398
1986047920 1 127004 R 11.0 67 4 14747 399
1990527596 1 127291 R 11.0 68 4 12777 400
1994850087 1 127567 R 2.0 67 1 582 401
2003652805 1 128131 R 2.0 68 1 17 402
2008123326 1 128417 R 4.0 74 1 298 403
2012574792 1 128702 R 11.0 59 4 28286 404
2016929408 1 128981 R 9.0 21 3 26000 405
2030151342 1 129827 R 5.0 72 2 2310 406
2034550153 1 130108 R 2.0 69 1 13 407
2038962603 1 130391 R 10.0 81 3 2319 408
2043394873 1 130674 R 4.0 75 1 579 409
2047818995 1 130957 R 12.0 64 4 27723 410
2052142107 1 131234 R 10.0 82 3 1751 411
2056560050 1 131517 R 2.0 70 1 19 412
2061034976 1 131803 R 5.0 70 2 7654 413
2065343940 1 132079 R 4.0 76 1 11 414
2069766131 1 132362 R 9.0 22 3 23469 415
2074261156 1 132650 R 7.0 64 2 8222 416
2078631652 1 132929 R 5.0 71 2 7372 417
2082968296 1 133207 R 5.0 75 2 320 418
2087447917 1 133494 R 2.0 71 1 307 419
2091829353 1 133774 R 11.0 65 4 24335 420
2096261038 1 134058 R 4.0 77 1 580 421
2100650428 1 134339 R 2.0 72 1 21 422
2105090014 1 134623 R 3.0 27 1 7913 423
2113855762 1 135184 R 7.0 70 2 888 424
2118288694 1 135468 R 4.0 78 1 588 425
2131502916 1 136313 R 2.0 73 1 20 426
2135929406 1 136597 R 13.0 77 4 21264 427
2140273692 1 136875 R 5.0 76 2 2297 428
2144694457 1 137158 R 4.0 79 1 300 429
2149145194 1 137442 R 5.0 73 2 8220 430
2157862459 1 138000 R 5.0 77 2 1734 431
2162341715 1 138287 R 2.0 74 1 301 432
2171172849 1 138852 R 7.0 67 2 9627 433
2175481812 1 139128 R 4.0 80 1 12 434
2179904068 1 139411 R 8.0 17 3 13032 435
2184304854 1 139693 R 2.0 75 1 584 436
2188794855 1 139980 R 7.0 68 2 9634 437
2193145800 1 140258 R 5.0 78 2 2294 438
2197556276 1 140541 R 4.0 81 1 21 439
2202021240 1 140826 R 5.0 74 2 9911 440
2206307046 1 141101 R 7.0 73 2 882 441
2210786863 1 141387 R 2.0 76 1 305 442
2215228601 1 141672 R 13.0 79 4 23775 443
2219583332 1 141950 R 13.0 81 4 21255 444
2224027965 1 142235 R 12.0 74 4 24057 445
2228413022 1 142516 R 4.0 82 1 300 446
2232767694 1 142794 R 5.0 81 2 321 447
2237160957 1 143075 R 2.0 77 1 12 448
2241661472 1 143363 R 7.0 69 2 11037 449
2245970100 1 143639 R 4.0 83 1 12 450
2250392232 1 143922 R 10.0 90 3 2315 451
2254766352 1 144202 R 3.0 28 1 9313 452
2259202620 1 144486 R 2.0 78 1 299 453
2263644490 1 144770 R 13.0 89 4 12775 454
2268062298 1 145053 R 4.0 84 1 15 455
2272510092 1 145338 R 10.0 78 3 22057 456
2276848607 1 145615 R 7.0 75 2 1473 457
2281220033 1 145895 R 2.0 79 1 14 458
2285716878 1 146183 R 10.0 85 3 12473 459
2294447935 1 146742 R 10.0 84 3 14438 460
2298834428 1 147023 R 4.0 85 1 17 461
2303338723 1 147311 R 7.0 71 2 10757 462
2307667760 1 147588 R 7.0 76 2 1447 463
2312087884 1 147871 R 2.0 80 1 14 464
2316555500 1 148157 R 13.0 83 4 24338 465
2320907348 1 148435 R 7.0 77 2 322 466
2325366026 1 148720 R 5.0 79 2 9065 467
2329742872 1 149001 R 13.0 85 4 22646 468
2338537233 1 149563 R 4.0 86 1 587 469
2342988097 1 149848 R 5.0 80 2 8505 470
2347343423 1 150127 R 11.0 76 4 19824 471
2351707266 1 150406 R 7.0 74 2 8211 472
2356124494 1 150689 R 5.0 84 2 3141 473
2360525681 1 150971 R 2.0 81 1 869 474
2364970403 1 151255 R 4.0 87 1 580 475
2369340921 1 151535 R 7.0 78 2 1731 476
2373742536 1 151817 R 5.0 85 2 3141 477
2378232751 1 152104 R 13.0 88 4 21238 478
2382575753 1 152382 R 2.0 82 1 7 479
2386997855 1 152665 R 5.0 87 2 603 480
2391430719 1 152949 R 4.0 88 1 580 481
2395854187 1 153232 R 5.0 82 2 9076 482
