149027533 1 9435 R 4.0 1 1 27 1
153407897 1 9715 R 2.0 1 1 22 2
166614861 1 10561 R 3.0 1 1 17 3
179831891 1 11406 R 7.0 1 2 328 4
184202301 1 11686 R 6.0 1 2 606 5
201824769 1 12814 R 5.0 1 2 1448 6
210715425 1 13383 R 8.0 1 3 629 7
215040962 1 13660 R 2.0 2 1 300 8
219443238 1 13942 R 13.0 1 4 1212 9
223887461 1 14226 R 4.0 2 1 575 10
228258642 1 14506 R 12.0 1 4 1213 11
232743793 1 14793 R 9.0 1 3 2047 12
241547314 1 15356 R 11.0 1 4 2083 13
254771091 1 16203 R 3.0 2 1 866 14
259066862 1 16477 R 9.0 2 3 62 15
263582483 1 16766 R 6.0 2 2 1454 16
267888127 1 17042 R 10.0 2 3 625 17
272393587 1 17330 R 7.0 2 2 2334 18
276692836 1 17606 R 2.0 3 1 10 19
281159370 1 17891 R 13.0 2 4 651 20
285592125 1 18175 R 4.0 3 1 585 21
289904191 1 18451 R 5.0 2 2 2579 22
294376401 1 18737 R 12.0 2 4 1215 23
303120745 1 19297 R 8.0 2 3 2598 24
307592306 1 19583 R 7.0 3 2 886 25
312025105 1 19867 R 6.0 3 2 330 26
316458755 1 20150 R 11.0 2 4 2910 27
320742407 1 20425 R 3.0 3 1 304 28
325185133 1 20709 R 5.0 3 2 602 29
329607760 1 20992 R 9.0 3 3 64 30
333986336 1 21272 R 11.0 3 4 86 31
338373995 1 21553 R 2.0 4 1 16 32
342791803 1 21836 R 13.0 3 4 649 33
347241907 1 22121 R 4.0 4 1 582 34
351693117 1 22405 R 10.0 3 3 1476 35
356047860 1 22684 R 12.0 3 4 1215 36
360423963 1 22964 R 8.0 3 3 1478 37
364824612 1 23246 R 7.0 4 2 42 38
382515008 1 24378 R 6.0 4 2 44 39
395747537 1 25225 R 3.0 4 1 307 40
404478626 1 25784 R 9.0 4 3 907 41
408919148 1 26068 R 4.0 5 1 580 42
413370019 1 26353 R 5.0 4 2 2315 43
417695264 1 26630 R 2.0 5 1 300 44
422181271 1 26917 R 13.0 4 4 1782 45
426536084 1 27195 R 12.0 4 4 1497 46
435317699 1 27757 R 8.0 4 3 1750 47
439803415 1 28045 R 10.0 4 3 2325 48
444158168 1 28323 R 11.0 4 4 2625 49
448533889 1 28603 R 5.0 5 2 322 50
452935373 1 28885 R 6.0 5 2 602 51
457380328 1 29169 R 7.0 5 2 1474 52
461840067 1 29455 R 9.0 5 3 638 53
466185259 1 29733 R 13.0 5 4 651 54
470580823 1 30014 R 12.0 5 4 87 55
475002054 1 30297 R 4.0 6 1 581 56
479414945 1 30580 R 2.0 6 1 19 57
483858370 1 30864 R 3.0 5 1 1436 58
488212853 1 31143 R 10.0 5 3 913 59
492589171 1 31423 R 11.0 5 4 931 60
496963587 1 31703 R 8.0 5 3 1760 61
505866034 1 32273 R 7.0 6 2 324 62
510265600 1 32554 R 6.0 6 2 607 63
514636058 1 32834 R 5.0 6 2 322 64
519105930 1 33120 R 9.0 6 3 356 65
536620800 1 34241 R 13.0 6 4 649 66
541049765 1 34524 R 8.0 6 3 634 67
549847667 1 35087 R 12.0 6 4 1213 68
554301716 1 35372 R 4.0 7 1 1141 69
558672422 1 35652 R 11.0 6 4 1496 70
563073318 1 35934 R 2.0 7 1 862 71
571894828 1 36498 R 10.0 6 3 1753 72
576280599 1 36779 R 7.0 7 2 1173 73
585105233 1 37344 R 6.0 7 2 1449 74
589506429 1 37626 R 9.0 7 3 915 75
593995833 1 37913 R 8.0 7 3 354 76
598318893 1 38190 R 4.0 8 1 15 77
602727416 1 38472 R 5.0 7 2 1451 78
607193657 1 38758 R 13.0 7 4 1216 79
611516508 1 39034 R 2.0 8 1 304 80
616023417 1 39323 R 3.0 7 1 589 81
620378382 1 39601 R 10.0 7 3 631 82
624724759 1 39880 R 6.0 8 2 42 83
629129340 1 40161 R 11.0 7 4 2057 84
633610009 1 40448 R 7.0 8 2 45 85
638006780 1 40730 R 12.0 7 4 2061 86
642430711 1 41013 R 5.0 8 2 42 87
651156205 1 41571 R 13.0 8 4 84 88
660021939 1 42139 R 9.0 8 3 625 89
668809693 1 42701 R 8.0 8 3 626 90
673250277 1 42985 R 4.0 9 1 577 91
677620900 1 43265 R 11.0 8 4 649 92
682022290 1 43547 R 2.0 9 1 581 93
686511927 1 43834 R 12.0 8 4 937 94
690927337 1 44117 R 10.0 8 3 632 95
699728664 1 44680 R 3.0 8 1 1157 96
704043605 1 44956 R 7.0 9 2 41 97
708539281 1 45244 R 6.0 9 2 890 98
712954697 1 45526 R 5.0 9 2 612 99
721656620 1 46083 R 8.0 9 3 351 100
734976712 1 46936 R 9.0 9 3 632 101
739267113 1 47210 R 2.0 10 1 18 102
743739386 1 47496 R 4.0 10 1 307 103
748123179 1 47777 R 10.0 9 3 626 104
752550634 1 48060 R 13.0 9 4 2063 105
757010380 1 48346 R 11.0 9 4 937 106
765812125 1 48909 R 12.0 9 4 1783 107
770166206 1 49188 R 3.0 9 1 866 108
778917496 1 49748 R 7.0 10 2 1168 109
783353931 1 50032 R 6.0 10 2 891 110
787755842 1 50313 R 13.0 10 4 367 111
792245357 1 50601 R 5.0 10 2 1741 112
796554760 1 50877 R 9.0 10 3 632 113
800966055 1 51159 R 10.0 10 3 61 114
805352336 1 51440 R 2.0 11 1 302 115
809832363 1 51726 R 8.0 10 3 1200 116
814261017 1 52010 R 12.0 10 4 653 117
818646853 1 52291 R 4.0 11 1 299 118
823084328 1 52574 R 11.0 10 4 1217 119
827498844 1 52857 R 7.0 11 2 609 120
831783080 1 53131 R 6.0 11 2 45 121
836300250 1 53420 R 3.0 10 1 302 122
845111153 1 53984 R 5.0 11 2 896 123
849466110 1 54263 R 13.0 11 4 369 124
853875332 1 54545 R 9.0 11 3 353 125
858230043 1 54824 R 8.0 11 3 630 126
867142528 1 55394 R 10.0 11 3 71 127
871524761 1 55675 R 12.0 11 4 88 128
875906439 1 55955 R 4.0 12 1 17 129
880275320 1 56235 R 2.0 12 1 583 130
884676990 1 56516 R 7.0 12 2 322 131
893492096 1 57081 R 11.0 11 4 931 132
906768741 1 57930 R 6.0 12 2 42 133
911193988 1 58214 R 3.0 11 1 301 134
915539215 1 58492 R 13.0 12 4 934 135
924410908 1 59059 R 5.0 12 2 1168 136
928765674 1 59338 R 8.0 12 3 1476 137
933196532 1 59622 R 9.0 12 3 1475 138
937591556 1 59903 R 2.0 13 1 18 139
941975475 1 60184 R 7.0 13 2 37 140
946442259 1 60469 R 12.0 12 4 656 141
950747042 1 60745 R 4.0 13 1 7 142
955249397 1 61033 R 11.0 12 4 937 143
964060769 1 61597 R 10.0 12 3 1472 144
968414865 1 61876 R 6.0 13 2 322 145
977233477 1 62440 R 5.0 13 2 38 146
986087721 1 63007 R 3.0 12 1 579 147
990443174 1 63285 R 13.0 13 4 1497 148
994805107 1 63565 R 9.0 13 3 909 149
1003629870 1 64129 R 2.0 14 1 584 150
1008115837 1 64417 R 8.0 13 3 2607 151
1012470392 1 64695 R 10.0 13 3 631 152
1016881465 1 64978 R 4.0 14 1 296 153
1021332274 1 65262 R 7.0 14 2 1168 154
1025676581 1 65540 R 6.0 14 2 48 155
1030143250 1 65826 R 11.0 13 4 937 156
1034439403 1 66101 R 13.0 14 4 648 157
1043360149 1 66672 R 12.0 13 4 2065 158
1047714599 1 66951 R 8.0 14 3 1193 159
1052076823 1 67230 R 9.0 14 3 907 160
1065307050 1 68077 R 2.0 15 1 866 161
1069792961 1 68364 R 5.0 14 2 1739 162
1074147579 1 68643 R 10.0 14 3 632 163
1078548584 1 68924 R 4.0 15 1 17 164
1083009095 1 69210 R 7.0 15 2 889 165
1091775426 1 69771 R 11.0 14 4 370 166
1096225954 1 70056 R 12.0 14 4 937 167
1100522195 1 70331 R 13.0 15 4 364 168
1105036821 1 70619 R 8.0 15 3 923 169
1109391908 1 70898 R 6.0 15 2 1166 170
1113756065 1 71178 R 9.0 15 3 907 171
1118179129 1 71461 R 5.0 15 2 606 172
1122565179 1 71741 R 2.0 16 1 866 173
1126953011 1 72022 R 3.0 14 1 861 174
1135795331 1 72588 R 7.0 16 2 326 175
1140196880 1 72870 R 10.0 15 3 68 176
1149009639 1 73434 R 12.0 15 4 84 177
1153458382 1 73718 R 4.0 16 1 300 178
1157903125 1 74003 R 11.0 15 4 373 179
1162218742 1 74279 R 9.0 16 3 345 180
1166713953 1 74567 R 6.0 16 2 601 181
1171068804 1 74846 R 8.0 16 3 337 182
1175427603 1 75124 R 13.0 16 4 648 183
1179850586 1 75408 R 2.0 17 1 586 184
1184224814 1 75688 R 3.0 15 1 576 185
1188751425 1 75977 R 5.0 16 2 890 186
1197503400 1 76537 R 7.0 17 2 41 187
1210772827 1 77387 R 12.0 16 4 89 188
1215086315 1 77663 R 4.0 17 1 15 189
1223876752 1 78225 R 10.0 16 3 629 190
1228318677 1 78510 R 2.0 18 1 17 191
1232797351 1 78796 R 11.0 16 4 1500 192
1237176906 1 79076 R 6.0 17 2 316 193
1241496104 1 79353 R 5.0 17 2 37 194
1245968523 1 79639 R 8.0 17 3 919 195
1250418779 1 79924 R 3.0 16 1 864 196
1254834817 1 80207 R 13.0 17 4 1218 197
1259179435 1 80485 R 9.0 17 3 2037 198
1272389443 1 81330 R 7.0 18 2 43 199
1276853401 1 81616 R 4.0 18 1 21 200
1290068779 1 82462 R 11.0 17 4 373 201
1294407988 1 82739 R 12.0 17 4 652 202
1303174379 1 83300 R 10.0 17 3 1190 203
1307610590 1 83584 R 2.0 19 1 578 204
1312012128 1 83866 R 6.0 18 2 607 205
1316502015 1 84153 R 9.0 18 3 1188 206
1320833639 1 84430 R 13.0 18 4 1496 207
1329718566 1 84999 R 3.0 17 1 1997 208
1334073247 1 85278 R 8.0 18 3 2601 209
1338446667 1 85558 R 4.0 19 1 19 210
1342823745 1 85838 R 5.0 18 2 2295 211
1347260177 1 86122 R 7.0 19 2 886 212
1351652240 1 86403 R 11.0 18 4 366 213
1360454551 1 86966 R 2.0 20 1 8 214
1369367976 1 87537 R 10.0 18 3 626 215
1373663575 1 87812 R 5.0 19 2 36 216
1378179075 1 88101 R 13.0 19 4 937 217
1382512769 1 88378 R 12.0 18 4 1495 218
1391395819 1 88946 R 8.0 19 3 1754 219
1395750487 1 89225 R 3.0 18 1 1424 220
1400181398 1 89509 R 6.0 19 2 2020 221
1408972473 1 90071 R 4.0 20 1 299 222
1413423407 1 90356 R 9.0 19 3 3454 223
1417778076 1 90635 R 7.0 20 2 1738 224
1422154202 1 90915 R 11.0 19 4 368 225
1426555945 1 91197 R 12.0 19 4 367 226
1435357085 1 91760 R 13.0 20 4 648 227
1439744702 1 92041 R 8.0 20 3 907 228
1444181565 1 92325 R 2.0 21 1 576 229
1448583247 1 92606 R 5.0 20 2 883 230
1452961660 1 92887 R 6.0 20 2 1727 231
1461884030 1 93458 R 3.0 19 1 1715 232
1466228275 1 93736 R 7.0 21 2 40 233
1470649724 1 94019 R 4.0 21 1 296 234
1474989328 1 94296 R 9.0 20 3 2598 235
1479506460 1 94585 R 10.0 19 3 3474 236
1488280068 1 95147 R 12.0 20 4 372 237
1497047854 1 95708 R 2.0 22 1 304 238
1501449629 1 95990 R 11.0 20 4 647 239
1505894400 1 96274 R 6.0 21 2 1170 240
1510354074 1 96560 R 5.0 21 2 896 241
1514725201 1 96839 R 13.0 21 4 1217 242
1519063628 1 97117 R 3.0 20 1 584 243
1523481294 1 97400 R 8.0 21 3 1474 244
1527882969 1 97682 R 9.0 21 3 1189 245
1532327085 1 97966 R 4.0 22 1 302 246
1536698071 1 98246 R 10.0 20 3 2037 247
1554297741 1 99372 R 2.0 23 1 12 248
1558714849 1 99655 R 5.0 22 2 40 249
1563101468 1 99936 R 11.0 21 4 648 250
1571942055 1 100501 R 6.0 22 2 889 251
1576343683 1 100783 R 8.0 22 3 910 252
1580788787 1 101068 R 13.0 22 4 1515 253
1585134638 1 101346 R 3.0 21 1 21 254
1589564543 1 101629 R 9.0 22 3 1466 255
1593956201 1 101910 R 10.0 21 3 908 256
1598372623 1 102193 R 4.0 23 1 13 257
1602786526 1 102475 R 7.0 23 2 321 258
1624841511 1 103887 R 11.0 22 4 651 259
1629199620 1 104166 R 2.0 24 1 13 260
1633587878 1 104447 R 5.0 23 2 605 261
1638025142 1 104731 R 12.0 22 4 649 262
1642426431 1 105012 R 6.0 23 2 610 263
1646871467 1 105297 R 13.0 23 4 1779 264
1651321289 1 105582 R 9.0 23 3 634 265
1655666812 1 105860 R 8.0 23 3 1189 266
1660132388 1 106146 R 3.0 22 1 300 267
1664429264 1 106421 R 10.0 22 3 1187 268
1668898482 1 106707 R 4.0 24 1 294 269
1673237670 1 106984 R 7.0 24 2 883 270
1677682032 1 107269 R 11.0 23 4 85 271
1686453851 1 107830 R 2.0 25 1 15 272
1695376456 1 108401 R 5.0 24 2 326 273
1699731424 1 108680 R 12.0 23 4 370 274
1704114130 1 108960 R 13.0 24 4 1213 275
1708498961 1 109241 R 8.0 24 3 66 276
1717324071 1 109806 R 6.0 24 2 601 277
1721809567 1 110093 R 9.0 24 3 631 278
1726164309 1 110372 R 3.0 23 1 586 279
1730575899 1 110654 R 10.0 23 3 628 280
1735008533 1 110938 R 4.0 25 1 302 281
1739320747 1 111214 R 7.0 25 2 1446 282
1748222898 1 111783 R 2.0 26 1 25 283
1752591756 1 112063 R 13.0 25 4 368 284
1756993603 1 112345 R 11.0 24 4 651 285
1765785149 1 112907 R 12.0 24 4 368 286
1770186498 1 113189 R 5.0 25 2 321 287
1774652331 1 113475 R 8.0 25 3 351 288
1779014477 1 113754 R 3.0 24 1 18 289
1783462960 1 114039 R 6.0 25 2 44 290
1792207984 1 114598 R 10.0 24 3 62 291
1801063545 1 115165 R 4.0 26 1 18 292
1805440823 1 115445 R 7.0 26 2 1738 293
1814305706 1 116013 R 2.0 27 1 22 294
1823111017 1 116576 R 13.0 26 4 88 295
1836319585 1 117422 R 8.0 26 3 61 296
1840758548 1 117706 R 3.0 25 1 299 297
1845113753 1 117984 R 5.0 26 2 1466 298
1849490306 1 118264 R 11.0 25 4 1778 299
1853891282 1 118546 R 9.0 26 3 908 300
1858336325 1 118831 R 12.0 25 4 1497 301
1862786615 1 119115 R 7.0 27 2 1448 302
1867141581 1 119394 R 10.0 25 3 1192 303
1871507914 1 119674 R 6.0 26 2 1455 304
1875979245 1 119960 R 4.0 27 1 296 305
1880370777 1 120241 R 2.0 28 1 21 306
1884817916 1 120525 R 11.0 26 4 374 307
1889227144 1 120808 R 5.0 27 2 334 308
1893557934 1 121085 R 3.0 26 1 14 309
1897985638 1 121368 R 13.0 27 4 370 310
1906841219 1 121935 R 12.0 26 4 90 311
1915626770 1 122497 R 6.0 27 2 38 312
1924463381 1 123063 R 9.0 27 3 913 313
1928818660 1 123341 R 8.0 27 3 1754 314
1933229941 1 123624 R 7.0 28 2 1455 315
1937600336 1 123903 R 10.0 26 3 913 316
1942001375 1 124185 R 11.0 27 4 86 317
1946467568 1 124471 R 4.0 28 1 585 318
1950794199 1 124748 R 2.0 29 1 6 319
1955257134 1 125034 R 5.0 28 2 324 320
1959707516 1 125318 R 3.0 27 1 576 321
1964003477 1 125593 R 8.0 28 3 63 322
1968407933 1 125875 R 13.0 28 4 1211 323
1972888655 1 126162 R 7.0 29 2 43 324
1981655124 1 126723 R 9.0 28 3 618 325
1986056863 1 127005 R 6.0 28 2 892 326
1994955849 1 127574 R 10.0 27 3 914 327
2003763319 1 128138 R 12.0 27 4 2065 328
2008070113 1 128414 R 4.0 29 1 14 329
2016979234 1 128984 R 3.0 28 1 584 330
2021334373 1 129262 R 11.0 28 4 652 331
2025696746 1 129542 R 5.0 29 2 880 332
2030112303 1 129824 R 13.0 29 4 368 333
2034555964 1 130109 R 7.0 30 2 50 334
2038926928 1 130388 R 2.0 30 1 865 335
2043412477 1 130675 R 6.0 29 2 617 336
2047767388 1 130954 R 12.0 28 4 650 337
2052143532 1 131234 R 8.0 29 3 912 338
2065366297 1 132081 R 9.0 29 3 1752 339
2069780653 1 132363 R 3.0 29 1 22 340
2078634582 1 132930 R 4.0 30 1 16 341
2082968421 1 133207 R 5.0 30 2 608 342
2087444439 1 133494 R 13.0 30 4 370 343
2091793069 1 133772 R 2.0 31 1 581 344
2096194970 1 134054 R 11.0 29 4 649 345
2100588365 1 134335 R 7.0 31 2 321 346
2104990263 1 134616 R 10.0 29 3 344 347
2113820658 1 135182 R 6.0 30 2 320 348
2118222428 1 135463 R 9.0 30 3 353 349
2122668910 1 135748 R 12.0 29 4 652 350
2127043472 1 136028 R 8.0 30 3 1480 351
2131426653 1 136308 R 3.0 30 1 14 352
2135834226 1 136591 R 5.0 31 2 39 353
2140339283 1 136879 R 2.0 32 1 27 354
2144694390 1 137158 R 4.0 31 1 305 355
2149054846 1 137437 R 13.0 31 4 84 356
2153474412 1 137719 R 11.0 30 4 367 357
2162298408 1 138284 R 7.0 32 2 37 358
2166710481 1 138567 R 10.0 30 3 352 359
2179912737 1 139412 R 8.0 31 3 63 360
2193102287 1 140256 R 6.0 31 2 609 361
2197525842 1 140539 R 12.0 30 4 931 362
2202010980 1 140826 R 3.0 31 1 577 363
2206396727 1 141107 R 2.0 33 1 19 364
2210772767 1 141387 R 4.0 32 1 19 365
2215227952 1 141672 R 9.0 31 3 2047 366
2219543536 1 141948 R 13.0 32 4 649 367
2224039060 1 142236 R 5.0 32 2 1453 368
2228454566 1 142518 R 11.0 31 4 1219 369
2237175499 1 143076 R 10.0 31 3 346 370
2241567073 1 143357 R 7.0 33 2 322 371
2246046383 1 143644 R 8.0 32 3 67 372
2250475463 1 143928 R 12.0 31 4 90 373
2259192618 1 144485 R 6.0 32 2 43 374
2263584427 1 144767 R 5.0 33 2 37 375
2268048825 1 145052 R 3.0 32 1 302 376
2272406100 1 145331 R 9.0 32 3 1187 377
2276820898 1 145614 R 2.0 34 1 294 378
2281287210 1 145899 R 11.0 32 4 654 379
2285704224 1 146182 R 4.0 33 1 583 380
2290098220 1 146463 R 13.0 33 4 653 381
2294527101 1 146747 R 10.0 32 3 350 382
2303304371 1 147309 R 8.0 33 3 64 383
2320880322 1 148433 R 12.0 32 4 650 384
2325281596 1 148715 R 7.0 34 2 891 385
2329669949 1 148996 R 9.0 33 3 1191 386
2338502147 1 149561 R 2.0 35 1 582 387
2347361525 1 150128 R 4.0 34 1 13 388
2351799061 1 150412 R 6.0 33 2 1171 389
2356147803 1 150691 R 10.0 33 3 345 390
2360498711 1 150969 R 3.0 33 1 1708 391
2369421146 1 151540 R 5.0 34 2 2028 392
2373776042 1 151819 R 13.0 34 4 2061 393
2382637848 1 152386 R 11.0 33 4 2629 394
2386982283 1 152664 R 7.0 35 2 891 395
2391448665 1 152950 R 8.0 34 3 1485 396
2395777233 1 153227 R 6.0 34 2 37 397
