140128671 1 8865 R 4.0 1 1 15 1
144551819 1 9149 R 2.0 1 1 15 2
157824909 1 9998 R 3.0 1 1 21 3
171020856 1 10843 R 6.0 1 2 327 4
175391259 1 11122 R 5.0 1 2 327 5
179793034 1 11404 R 10.0 1 3 343 6
188664761 1 11972 R 7.0 1 2 1456 7
193081232 1 12254 R 9.0 1 3 61 8
197467861 1 12535 R 13.0 1 4 371 9
201844120 1 12815 R 12.0 1 4 87 10
206265402 1 13098 R 4.0 2 1 297 11
210622307 1 13377 R 11.0 1 4 931 12
215101937 1 13664 R 2.0 2 1 306 13
219537135 1 13948 R 8.0 1 3 1765 14
223871879 1 14225 R 5.0 2 2 321 15
232743382 1 14793 R 3.0 2 1 875 16
241443570 1 15350 R 7.0 2 2 1445 17
245880191 1 15633 R 10.0 2 3 627 18
254771504 1 16203 R 6.0 2 2 1458 19
259074133 1 16478 R 2.0 3 1 9 20
263537136 1 16764 R 8.0 2 3 344 21
267969999 1 17047 R 4.0 3 1 587 22
272393584 1 17330 R 9.0 2 3 1477 23
281124673 1 17889 R 11.0 2 4 1778 24
285620088 1 18177 R 12.0 2 4 1784 25
294329314 1 18734 R 7.0 3 2 1735 26
298752374 1 19017 R 10.0 3 3 628 27
307637593 1 19586 R 5.0 3 2 1737 28
312052939 1 19869 R 6.0 3 2 2020 29
316423303 1 20148 R 3.0 3 1 1996 30
320760245 1 20426 R 13.0 3 4 648 31
325214318 1 20711 R 4.0 4 1 299 32
329584729 1 20991 R 7.0 4 2 601 33
333986535 1 21272 R 2.0 4 1 867 34
338476446 1 21560 R 11.0 3 4 2346 35
342798995 1 21836 R 6.0 4 2 38 36
347287315 1 22124 R 9.0 3 3 2895 37
351642053 1 22402 R 8.0 3 3 2038 38
356007778 1 22682 R 9.0 4 3 62 39
360504067 1 22969 R 12.0 3 4 3192 40
369221120 1 23527 R 13.0 4 4 648 41
373700456 1 23814 R 2.0 5 1 302 42
378070346 1 24094 R 4.0 5 1 27 43
382531682 1 24379 R 10.0 4 3 2895 44
386846551 1 24655 R 10.0 5 3 57 45
391231109 1 24936 R 5.0 4 2 3138 46
395685030 1 25221 R 8.0 4 3 627 47
400153474 1 25507 R 3.0 4 1 3122 48
404523570 1 25787 R 5.0 5 2 613 49
408853393 1 26064 R 11.0 4 4 2902 50
413299630 1 26348 R 13.0 5 4 367 51
417668861 1 26628 R 2.0 6 1 8 52
422178672 1 26917 R 9.0 5 3 352 53
426586801 1 27199 R 12.0 4 4 3474 54
430941341 1 27477 R 7.0 5 2 3142 55
435372215 1 27761 R 6.0 5 2 2298 56
444163293 1 28324 R 7.0 6 2 898 57
448596287 1 28607 R 4.0 6 1 583 58
453019749 1 28890 R 3.0 5 1 3117 59
457342933 1 29167 R 5.0 6 2 319 60
466236527 1 29736 R 11.0 5 4 3474 61
474967038 1 30295 R 13.0 6 4 650 62
479341682 1 30575 R 10.0 6 3 2039 63
483777889 1 30859 R 2.0 7 1 864 64
488180221 1 31141 R 11.0 6 4 1214 65
497074863 1 31710 R 8.0 5 3 3172 66
501419047 1 31988 R 8.0 6 3 64 67
505840538 1 32271 R 4.0 7 1 297 68
510301241 1 32556 R 3.0 6 1 3400 69
514602796 1 32832 R 5.0 7 2 608 70
519102447 1 33120 R 6.0 6 2 3991 71
523427841 1 33397 R 13.0 7 4 651 72
532207739 1 33958 R 9.0 6 3 3162 73
536649914 1 34243 R 2.0 8 1 297 74
541130167 1 34529 R 7.0 7 2 3709 75
545451455 1 34806 R 12.0 7 4 368 76
549893414 1 35090 R 4.0 8 1 14 77
554346937 1 35375 R 12.0 6 4 4321 78
558762097 1 35658 R 10.0 7 3 3451 79
563106835 1 35936 R 3.0 7 1 3408 80
567501990 1 36217 R 8.0 7 3 67 81
576383946 1 36786 R 6.0 7 2 3710 82
580742741 1 37065 R 5.0 8 2 1183 83
585185430 1 37349 R 11.0 7 4 4320 84
589539942 1 37628 R 7.0 8 2 2861 85
593916429 1 37908 R 10.0 8 3 2035 86
598317474 1 38189 R 2.0 9 1 585 87
607132754 1 38754 R 6.0 8 2 2013 88
611573029 1 39038 R 4.0 9 1 298 89
616023834 1 39323 R 9.0 7 3 4587 90
620439182 1 39605 R 3.0 8 1 2848 91
624809710 1 39885 R 13.0 8 4 3191 92
638051492 1 40732 R 7.0 9 2 2301 93
646838643 1 41295 R 6.0 9 2 889 94
651232478 1 41576 R 2.0 10 1 21 95
655673708 1 41860 R 11.0 8 4 4885 96
660028221 1 42139 R 9.0 8 3 3447 97
664439588 1 42421 R 12.0 9 4 934 98
668858612 1 42704 R 4.0 10 1 20 99
673213157 1 42983 R 9.0 9 3 71 100
682107231 1 43552 R 13.0 9 4 3758 101
686461750 1 43831 R 5.0 9 2 3997 102
690822609 1 44110 R 10.0 10 3 344 103
695333456 1 44398 R 8.0 8 3 4584 104
699639975 1 44674 R 13.0 10 4 1494 105
704025315 1 44955 R 2.0 11 1 298 106
708540107 1 45244 R 3.0 9 1 4247 107
712895095 1 45522 R 11.0 9 4 5444 108
721676908 1 46084 R 12.0 10 4 650 109
726051080 1 46364 R 10.0 9 3 6550 110
730546001 1 46652 R 4.0 11 1 23 111
734973701 1 46935 R 7.0 10 2 4555 112
739328601 1 47214 R 11.0 10 4 4035 113
748144895 1 47778 R 5.0 11 2 889 114
752484424 1 48056 R 5.0 10 2 4272 115
757001285 1 48345 R 3.0 10 1 3978 116
761297693 1 48620 R 10.0 11 3 1758 117
765776766 1 48907 R 2.0 12 1 308 118
774623290 1 49473 R 6.0 10 2 5409 119
778977617 1 49752 R 8.0 9 3 5704 120
783389451 1 50034 R 6.0 11 2 1738 121
787821903 1 50318 R 4.0 12 1 588 122
796606063 1 50880 R 7.0 12 2 1168 123
801056399 1 51165 R 7.0 11 2 5123 124
805411190 1 51443 R 9.0 10 3 4854 125
809787673 1 51723 R 11.0 12 4 1214 126
814188707 1 52005 R 8.0 11 3 346 127
818567396 1 52285 R 13.0 11 4 5442 128
822981208 1 52568 R 2.0 13 1 7 129
827444563 1 52854 R 12.0 12 4 935 130
831783981 1 53131 R 11.0 11 4 6851 131
836255320 1 53417 R 4.0 13 1 300 132
840625661 1 53697 R 7.0 13 2 321 133
845111572 1 53984 R 3.0 11 1 5375 134
849466527 1 54263 R 12.0 11 4 5444 135
853842154 1 54543 R 9.0 12 3 912 136
867139162 1 55394 R 8.0 10 3 7118 137
871484053 1 55672 R 12.0 13 4 651 138
875950198 1 55958 R 9.0 11 3 6575 139
880330323 1 56238 R 5.0 12 2 5681 140
884669659 1 56516 R 10.0 12 3 5986 141
889086709 1 56799 R 8.0 12 3 1192 142
893488053 1 57080 R 2.0 14 1 583 143
897932497 1 57365 R 4.0 14 1 579 144
902303320 1 57645 R 6.0 13 2 1730 145
906788818 1 57932 R 6.0 12 2 5964 146
911143629 1 58210 R 3.0 12 1 6227 147
915519669 1 58490 R 13.0 14 4 932 148
928816695 1 59341 R 11.0 13 4 5730 149
933131771 1 59618 R 8.0 13 3 348 150
937516412 1 59898 R 13.0 13 4 5722 151
941958430 1 60182 R 2.0 15 1 583 152
946393321 1 60466 R 4.0 15 1 299 153
950844229 1 60751 R 10.0 13 3 6296 154
955198751 1 61030 R 3.0 13 1 4813 155
959574581 1 61310 R 9.0 14 3 907 156
963976603 1 61592 R 7.0 15 2 1171 157
972871579 1 62161 R 9.0 13 3 5146 158
977226325 1 62440 R 7.0 14 2 5119 159
981592966 1 62719 R 5.0 15 2 1450 160
986098121 1 63007 R 11.0 14 4 5449 161
990395280 1 63282 R 4.0 16 1 10 162
994787973 1 63564 R 5.0 14 2 5670 163
999224719 1 63847 R 6.0 15 2 1167 164
1003625899 1 64129 R 9.0 15 3 627 165
1008116067 1 64417 R 12.0 14 4 6295 166
1012441308 1 64693 R 2.0 16 1 1149 167
1016842609 1 64975 R 12.0 16 4 650 168
1025737847 1 65544 R 6.0 14 2 6532 169
1030082612 1 65822 R 13.0 16 4 932 170
1034548886 1 66108 R 3.0 14 1 6498 171
1038903789 1 66387 R 10.0 15 3 5422 172
1047685563 1 66949 R 11.0 16 4 2058 173
1052074407 1 67230 R 4.0 17 1 11 174
1056465314 1 67511 R 11.0 15 4 6287 175
1060901890 1 67795 R 2.0 17 1 1146 176
1065303380 1 68077 R 12.0 17 4 650 177
1069793192 1 68364 R 12.0 15 4 7139 178
1074147996 1 68643 R 13.0 15 4 7135 179
1078492672 1 68921 R 3.0 15 1 5939 180
1082929700 1 69205 R 10.0 17 3 1190 181
1087370388 1 69489 R 13.0 17 4 1215 182
1091820556 1 69774 R 8.0 14 3 6270 183
1096145740 1 70050 R 2.0 18 1 301 184
1100547942 1 70332 R 11.0 17 4 1495 185
1104979687 1 70616 R 4.0 18 1 19 186
1109442694 1 70901 R 7.0 16 2 6811 187
1113797659 1 71180 R 10.0 16 3 6553 188
1118161995 1 71459 R 5.0 16 2 6521 189
1122578841 1 71742 R 8.0 16 3 915 190
1127040886 1 72028 R 7.0 18 2 891 191
1131470287 1 72311 R 6.0 16 2 5970 192
1135795735 1 72588 R 9.0 17 3 1189 193
1140281299 1 72875 R 7.0 17 2 5683 194
1144635990 1 73154 R 8.0 15 3 5700 195
1148998819 1 73433 R 13.0 18 4 1493 196
1157822869 1 73998 R 2.0 19 1 584 197
1162197511 1 74278 R 9.0 16 3 6830 198
1166629867 1 74561 R 12.0 19 4 85 199
1171074590 1 74846 R 4.0 19 1 581 200
1175414063 1 75124 R 5.0 17 2 6521 201
1179940808 1 75413 R 6.0 17 2 5409 202
1184275549 1 75691 R 8.0 17 3 628 203
1188742171 1 75977 R 12.0 18 4 5448 204
1197441662 1 76533 R 3.0 16 1 5086 205
1201878905 1 76817 R 13.0 19 4 1495 206
1206279651 1 77099 R 2.0 20 1 582 207
1215095070 1 77663 R 5.0 19 2 1452 208
1219580861 1 77950 R 11.0 18 4 6014 209
1223903272 1 78227 R 4.0 20 1 14 210
1228280281 1 78507 R 5.0 18 2 6236 211
1232757565 1 78794 R 13.0 20 4 87 212
1241608382 1 79360 R 10.0 18 3 7961 213
1245962899 1 79639 R 6.0 18 2 5964 214
1250309442 1 79917 R 7.0 20 2 323 215
1254779640 1 80203 R 10.0 20 3 623 216
1259230219 1 80488 R 3.0 17 1 5667 217
1263555410 1 80765 R 2.0 21 1 292 218
1267929927 1 81045 R 7.0 19 2 5683 219
1272367025 1 81329 R 11.0 20 4 1777 220
1276768223 1 81610 R 12.0 21 4 368 221
1281245314 1 81897 R 4.0 21 1 22 222
1285663615 1 82180 R 10.0 19 3 6836 223
1290078604 1 82462 R 6.0 19 2 5124 224
1294423933 1 82740 R 11.0 19 4 6854 225
1298818616 1 83022 R 9.0 20 3 63 226
1307691267 1 83589 R 12.0 20 4 6012 227
1312045694 1 83868 R 8.0 18 3 5142 228
1316421568 1 84148 R 7.0 21 2 601 229
1320823108 1 84430 R 2.0 22 1 585 230
1329638686 1 84994 R 10.0 21 3 2038 231
1334012702 1 85274 R 3.0 18 1 6227 232
1338484383 1 85560 R 4.0 22 1 299 233
1342935057 1 85845 R 5.0 20 2 5677 234
1347289799 1 86124 R 9.0 19 3 7114 235
1356040284 1 86684 R 6.0 20 2 5394 236
1360511846 1 86970 R 8.0 20 3 626 237
1364882194 1 87250 R 2.0 23 1 303 238
1369378152 1 87537 R 13.0 21 4 4885 239
1373748296 1 87817 R 3.0 19 1 4537 240
1378087394 1 88095 R 5.0 21 2 4833 241
1382504671 1 88377 R 9.0 21 3 1761 242
1386906505 1 88659 R 10.0 22 3 1751 243
1391384303 1 88946 R 13.0 22 4 2627 244
1395769740 1 89226 R 4.0 23 1 302 245
1400206916 1 89510 R 8.0 19 3 6560 246
1404555928 1 89789 R 11.0 22 4 2906 247
1413423632 1 90356 R 11.0 21 4 7703 248
1417778079 1 90635 R 6.0 21 2 6244 249
1422140323 1 90914 R 7.0 23 2 314 250
1426594680 1 91199 R 5.0 23 2 600 251
1430964960 1 91479 R 2.0 24 1 581 252
1435460924 1 91767 R 12.0 22 4 7421 253
1439831195 1 92046 R 5.0 22 2 5116 254
1444170163 1 92324 R 7.0 22 2 4827 255
1448587785 1 92607 R 10.0 23 3 2321 256
1452989270 1 92888 R 12.0 24 4 1777 257
1457367187 1 93169 R 3.0 20 1 5658 258
1461860711 1 93456 R 4.0 24 1 1146 259
1466289783 1 93740 R 12.0 23 4 6293 260
1470633852 1 94018 R 2.0 25 1 14 261
1475055526 1 94301 R 13.0 24 4 653 262
1479394776 1 94578 R 6.0 22 2 6528 263
1483831356 1 94862 R 5.0 24 2 600 264
1488233488 1 95144 R 11.0 24 4 1494 265
1492722950 1 95431 R 13.0 23 4 5729 266
1497071176 1 95710 R 6.0 24 2 880 267
1501505647 1 95994 R 4.0 25 1 14 268
1505828175 1 96270 R 11.0 23 4 6287 269
1514750243 1 96841 R 8.0 21 3 6557 270
1519165533 1 97124 R 9.0 22 3 6271 271
1527966796 1 97687 R 6.0 23 2 5966 272
1532295841 1 97964 R 8.0 23 3 620 273
1536683293 1 98245 R 2.0 26 1 17 274
1541183580 1 98533 R 10.0 24 3 4856 275
1545535853 1 98811 R 7.0 25 2 325 276
1549994392 1 99097 R 8.0 22 3 4867 277
1554338980 1 99375 R 9.0 24 3 904 278
1558805433 1 99661 R 7.0 24 2 5117 279
1563160441 1 99939 R 12.0 25 4 5163 280
1567525074 1 100219 R 9.0 23 3 5988 281
1571957930 1 100502 R 3.0 21 1 4531 282
1580788844 1 101068 R 12.0 26 4 2626 283
1585126949 1 101345 R 2.0 27 1 11 284
1589599742 1 101631 R 4.0 26 1 1712 285
1594050273 1 101916 R 13.0 25 4 4601 286
1598404943 1 102195 R 10.0 25 3 4575 287
1602780674 1 102475 R 6.0 26 2 318 288
1607182219 1 102757 R 9.0 25 3 623 289
1615966234 1 103319 R 5.0 25 2 5396 290
1620432519 1 103605 R 11.0 25 4 6007 291
1624863327 1 103888 R 6.0 25 2 5408 292
1629202411 1 104166 R 3.0 22 1 3966 293
1633605565 1 104448 R 8.0 25 3 627 294
1638060275 1 104733 R 4.0 27 1 1145 295
1642430273 1 105013 R 2.0 28 1 585 296
1646916407 1 105300 R 11.0 26 4 4601 297
1651271212 1 105578 R 13.0 26 4 5162 298
1655647120 1 105858 R 10.0 27 3 625 299
1664538605 1 106428 R 10.0 26 3 5150 300
1668893001 1 106706 R 5.0 26 2 5115 301
1673325488 1 106990 R 7.0 27 2 607 302
1677643557 1 107266 R 7.0 26 2 5115 303
1682069748 1 107550 R 2.0 29 1 23 304
1686520644 1 107834 R 4.0 28 1 304 305
1690971702 1 108119 R 12.0 27 4 6012 306
1695326098 1 108398 R 3.0 23 1 4808 307
1699707935 1 108678 R 8.0 26 3 935 308
1704142915 1 108962 R 10.0 28 3 629 309
1708593724 1 109247 R 11.0 27 4 4603 310
1712948418 1 109526 R 13.0 27 4 5162 311
1717324075 1 109806 R 6.0 28 2 611 312
1721725751 1 110088 R 7.0 28 2 602 313
1730509696 1 110650 R 5.0 27 2 5392 314
1734976111 1 110936 R 12.0 28 4 5161 315
1739420198 1 111220 R 13.0 29 4 373 316
1743803763 1 111501 R 2.0 30 1 18 317
1748197810 1 111782 R 4.0 29 1 586 318
1752537412 1 112059 R 9.0 26 3 5990 319
1757018263 1 112346 R 5.0 29 2 42 320
1761459777 1 112630 R 3.0 24 1 5659 321
1765814662 1 112909 R 13.0 28 4 5162 322
1774676252 1 113476 R 5.0 28 2 4837 323
1779031223 1 113755 R 11.0 28 4 5163 324
1783407539 1 114035 R 11.0 29 4 1496 325
1787808453 1 114317 R 9.0 28 3 624 326
1792197874 1 114598 R 4.0 30 1 13 327
1796704069 1 114886 R 12.0 29 4 5165 328
1801048509 1 115164 R 8.0 28 3 345 329
1805403482 1 115443 R 9.0 27 3 5147 330
1809839940 1 115727 R 2.0 31 1 297 331
1814241616 1 116009 R 5.0 30 2 320 332
1823136886 1 116578 R 3.0 25 1 5657 333
1827481763 1 116856 R 10.0 30 3 345 334
1831947929 1 117142 R 8.0 27 3 6278 335
1836302958 1 117420 R 10.0 29 3 4865 336
1840719186 1 117703 R 4.0 31 1 18 337
1845084379 1 117982 R 13.0 31 4 367 338
1849570289 1 118270 R 12.0 30 4 5449 339
1853950121 1 118550 R 6.0 29 2 5683 340
1858281183 1 118827 R 8.0 29 3 906 341
1862675488 1 119108 R 13.0 30 4 5160 342
1867130859 1 119393 R 2.0 32 1 18 343
1871597785 1 119679 R 3.0 26 1 5385 344
1875926637 1 119956 R 5.0 31 2 328 345
1880408615 1 120243 R 7.0 29 2 6526 346
1884751078 1 120521 R 10.0 31 3 63 347
1893625394 1 121089 R 11.0 30 4 5448 348
1897960072 1 121367 R 8.0 30 3 344 349
1902433468 1 121653 R 4.0 32 1 19 350
1906835576 1 121935 R 9.0 30 3 637 351
1911135921 1 122210 R 6.0 30 2 5672 352
1920058507 1 122781 R 12.0 31 4 6009 353
1924355812 1 123056 R 12.0 33 4 82 354
1928869315 1 123345 R 9.0 29 3 5716 355
1933180344 1 123621 R 5.0 32 2 38 356
1937600106 1 123903 R 2.0 33 1 289 357
1941974608 1 124183 R 7.0 30 2 6237 358
1946406736 1 124467 R 6.0 32 2 38 359
1950897035 1 124754 R 3.0 27 1 6225 360
1955241158 1 125033 R 8.0 31 3 64 361
1959597811 1 125311 R 4.0 33 1 21 362
1964113735 1 125600 R 11.0 31 4 6012 363
1968468485 1 125879 R 12.0 32 4 6008 364
1972832696 1 126158 R 6.0 31 2 5679 365
1977255951 1 126441 R 7.0 32 2 1169 366
1981641744 1 126722 R 12.0 34 4 649 367
1990435455 1 127285 R 13.0 32 4 6570 368
1994961846 1 127575 R 7.0 31 2 6537 369
1999296435 1 127852 R 2.0 34 1 14 370
2003763323 1 128138 R 11.0 32 4 5448 371
2008059148 1 128413 R 13.0 34 4 366 372
2012528850 1 128699 R 4.0 34 1 294 373
2016979874 1 128984 R 10.0 32 3 5142 374
2021395228 1 129266 R 13.0 33 4 4603 375
2025782951 1 129547 R 9.0 31 3 4297 376
2030116107 1 129825 R 12.0 35 4 367 377
2039007314 1 130394 R 3.0 28 1 4248 378
2043362275 1 130672 R 11.0 33 4 4035 379
2047773290 1 130955 R 11.0 34 4 370 380
2056629378 1 131521 R 5.0 33 2 4561 381
2060925335 1 131796 R 6.0 34 2 608 382
2065367354 1 132081 R 2.0 35 1 21 383
2069800697 1 132364 R 4.0 35 1 303 384
2074251457 1 132649 R 6.0 33 2 4835 385
2078545553 1 132924 R 12.0 36 4 365 386
2083062692 1 133213 R 10.0 33 3 5432 387
2087385128 1 133490 R 7.0 34 2 47 388
2091873456 1 133777 R 8.0 32 3 4867 389
2096288875 1 134060 R 3.0 29 1 4527 390
2100659179 1 134339 R 7.0 33 2 4838 391
2104998213 1 134617 R 9.0 32 3 5148 392
2113820892 1 135182 R 10.0 35 3 624 393
2118222658 1 135463 R 11.0 35 4 931 394
2122666381 1 135748 R 4.0 36 1 22 395
2127006400 1 136025 R 5.0 34 2 5395 396
2131448591 1 136310 R 2.0 36 1 297 397
2135928997 1 136597 R 10.0 34 3 5713 398
2140249509 1 136873 R 7.0 35 2 47 399
2149145419 1 137442 R 13.0 35 4 6294 400
2153489911 1 137720 R 9.0 34 3 910 401
2157956288 1 138006 R 8.0 33 3 5992 402
2162251923 1 138281 R 13.0 37 4 83 403
2171172852 1 138852 R 9.0 33 3 5994 404
2175527515 1 139131 R 3.0 30 1 5648 405
2179973811 1 139415 R 6.0 36 2 891 406
2188749694 1 139977 R 4.0 37 1 298 407
2193119973 1 140257 R 2.0 37 1 301 408
2197561319 1 140541 R 10.0 36 3 2034 409
2202011392 1 140826 R 5.0 35 2 6528 410
2206366272 1 141105 R 6.0 35 2 6253 411
2210742049 1 141385 R 9.0 35 3 627 412
2215144291 1 141666 R 12.0 38 4 1496 413
2224039069 1 142236 R 8.0 34 3 7115 414
2228383648 1 142514 R 6.0 37 2 609 415
2232850382 1 142799 R 13.0 36 4 8267 416
2237204988 1 143078 R 12.0 37 4 6572 417
2241615838 1 143361 R 8.0 36 3 911 418
2245955312 1 143638 R 3.0 31 1 6778 419
2250392453 1 143922 R 11.0 37 4 2059 420
2254793311 1 144204 R 2.0 38 1 579 421
2259237909 1 144488 R 4.0 38 1 863 422
2263688712 1 144773 R 5.0 36 2 6528 423
2268033182 1 145051 R 10.0 38 3 58 424
2272499981 1 145337 R 11.0 36 4 7141 425
2276795552 1 145612 R 5.0 38 2 318 426
2285716232 1 146183 R 8.0 35 3 7680 427
2290070972 1 146462 R 7.0 36 2 6245 428
2294447638 1 146742 R 11.0 38 4 1776 429
2298848977 1 147023 R 6.0 38 2 1171 430
2303239935 1 147304 R 4.0 39 1 16 431
2307743828 1 147593 R 5.0 37 2 5968 432
2312058765 1 147869 R 7.0 38 2 40 433
2316443892 1 148149 R 10.0 37 3 6265 434
2320880056 1 148433 R 2.0 39 1 587 435
2325320833 1 148718 R 10.0 39 3 345 436
2329771708 1 149002 R 13.0 38 4 7421 437
2334126444 1 149281 R 12.0 39 4 5727 438
2338502351 1 149561 R 11.0 39 4 648 439
2342903661 1 149843 R 6.0 39 2 320 440
2351799059 1 150412 R 7.0 37 2 6534 441
2356143685 1 150690 R 8.0 38 3 628 442
2360610109 1 150976 R 3.0 32 1 6513 443
2364915165 1 151252 R 4.0 40 1 21 444
2369421148 1 151540 R 9.0 36 3 6838 445
2373753721 1 151817 R 7.0 39 2 39 446
2382557232 1 152381 R 2.0 40 1 581 447
2391458729 1 152950 R 13.0 39 4 7422 448
2395828869 1 153230 R 8.0 37 3 7397 449
