78420256 1 4940 R 4.0 1 1 16 1
82829670 2 5223 R 6.0 1 1 17 1
87274317 3 5507 R 5.0 1 1 24 1
104798700 3 6629 R 8.0 1 2 38 2
104814299 1 6629 R 7.0 1 2 34 2
109286294 2 6916 R 9.0 1 2 41 2
113621661 1 7193 R 10.0 1 3 59 3
113731054 3 7201 R 11.0 1 3 67 3
118101271 3 7480 R 5.0 2 1 18 4
118116792 1 7481 R 4.0 2 1 19 4
118124823 2 7482 R 12.0 1 3 68 3
122526205 2 7764 R 6.0 2 1 19 4
135672746 1 8604 R 13.0 1 4 84 5
140113196 2 8889 R 9.0 2 2 42 5
140158302 3 8892 R 14.0 1 4 90 5
144452460 2 9167 R 15.0 1 4 84 6
144511062 1 9170 R 10.0 2 3 64 6
148885324 2 9451 R 12.0 2 3 61 7
148912920 1 9452 R 7.0 2 2 322 7
148949583 3 9455 R 8.0 2 2 42 6
153267436 3 9731 R 11.0 2 3 60 7
157688739 1 10013 R 4.0 3 1 14 8
157692635 2 10014 R 6.0 3 1 14 8
157753634 3 10018 R 5.0 3 1 303 8
170964109 1 10863 R 13.0 2 4 89 9
175297356 2 11141 R 12.0 3 3 61 9
179715000 2 11424 R 15.0 2 4 83 10
179786889 3 11428 R 14.0 2 4 88 9
179803029 1 11429 R 10.0 3 3 66 10
184101205 2 11704 R 9.0 3 2 321 11
184204417 1 11710 R 7.0 3 2 43 11
188574649 1 11990 R 4.0 4 1 17 12
188594434 3 11992 R 11.0 3 3 66 10
192982559 3 12273 R 8.0 3 2 331 11
197429131 3 12557 R 5.0 4 1 302 12
201797044 2 12837 R 6.0 4 1 18 12
206130604 1 13113 R 13.0 3 4 83 13
210563526 1 13397 R 10.0 4 3 62 14
214953313 3 13679 R 14.0 3 4 83 13
219370300 1 13961 R 4.0 5 1 14 15
219440908 2 13966 R 12.0 4 3 67 13
223748690 2 14242 R 15.0 3 4 83 14
228165835 3 14524 R 8.0 4 2 37 14
228271310 1 14531 R 7.0 4 2 43 16
228275693 2 14532 R 9.0 4 2 330 15
232661461 3 14812 R 11.0 4 3 65 15
237000213 3 15090 R 5.0 5 1 15 16
237016115 1 15090 R 13.0 4 4 86 17
241456549 2 15375 R 6.0 5 1 18 16
250201334 2 15935 R 12.0 5 3 60 17
250259936 1 15938 R 10.0 5 3 65 18
254649845 3 16219 R 14.0 4 4 87 17
259066900 1 16501 R 4.0 6 1 17 19
263445301 2 16782 R 15.0 4 4 86 18
267842935 1 17063 R 13.0 5 4 86 20
267846612 2 17064 R 9.0 5 2 39 19
272268077 3 17347 R 11.0 5 3 63 18
272306824 1 17349 R 7.0 5 2 42 21
276656200 3 17628 R 8.0 5 2 320 19
281020504 1 17906 R 10.0 6 3 59 22
281028015 2 17908 R 6.0 6 1 13 20
281102745 3 17912 R 5.0 6 1 294 20
289897894 2 18475 R 12.0 6 3 64 21
289952336 1 18478 R 4.0 7 1 20 23
294330503 2 18759 R 9.0 6 2 42 22
294346448 3 18760 R 14.0 5 4 91 21
298728438 1 19040 R 13.0 6 4 89 24
303137854 2 19323 R 15.0 5 4 90 23
303153345 3 19324 R 5.0 7 1 20 22
307472913 1 19599 R 7.0 6 2 36 25
311929304 3 19885 R 8.0 6 2 40 23
316268564 3 20163 R 11.0 6 3 62 24
316311441 1 20165 R 10.0 7 3 63 26
316319248 2 20166 R 12.0 7 3 63 24
325188651 2 20734 R 6.0 7 1 20 25
329496513 2 21010 R 9.0 7 2 37 26
329523865 1 21011 R 4.0 8 1 16 27
333898425 2 21291 R 15.0 6 4 83 27
333918112 3 21293 R 14.0 6 4 84 25
338299970 1 21572 R 13.0 7 4 83 28
338319366 3 21574 R 8.0 7 2 37 26
342763853 1 21858 R 7.0 7 2 40 29
347220244 3 22144 R 5.0 8 1 20 27
355965237 3 22704 R 11.0 7 3 67 28
360354899 2 22985 R 12.0 8 3 61 28
360413560 1 22988 R 10.0 8 3 66 30
364787582 2 23268 R 6.0 8 1 17 29
369189151 2 23550 R 9.0 8 2 39 30
369220485 1 23551 R 4.0 9 1 18 31
373590769 1 23831 R 7.0 8 2 39 32
373614353 3 23833 R 8.0 8 2 41 29
377965247 2 24112 R 15.0 7 4 84 31
378016126 3 24115 R 14.0 7 4 88 30
378055099 1 24117 R 13.0 8 4 90 33
382386394 3 24395 R 5.0 9 1 15 31
395661711 3 25244 R 11.0 8 3 65 32
400051515 2 25525 R 12.0 9 3 71 32
404386635 1 25802 R 10.0 9 3 61 34
404484288 2 25809 R 15.0 8 4 90 33
408780521 3 26084 R 14.0 8 4 83 33
408882250 1 26090 R 7.0 9 2 328 35
408888038 2 26091 R 9.0 9 2 328 34
413254797 1 26369 R 13.0 9 4 369 36
413256531 2 26370 R 6.0 9 1 304 35
413307462 3 26373 R 5.0 10 1 21 34
417654577 1 26651 R 4.0 10 1 303 37
417677415 3 26653 R 8.0 9 2 41 35
430812119 2 27494 R 9.0 10 2 37 36
430827710 3 27495 R 11.0 9 3 59 36
435272687 1 27779 R 10.0 10 3 63 38
439650918 2 28060 R 12.0 10 3 60 37
439660683 1 28059 R 7.0 10 2 318 39
444071604 3 28342 R 14.0 9 4 87 37
444107211 1 28344 R 4.0 11 1 294 40
444116372 2 28345 R 15.0 9 4 89 38
448475436 3 28624 R 8.0 10 2 39 38
448547886 2 28629 R 6.0 10 1 304 39
452844177 3 28904 R 5.0 11 1 296 39
452945401 1 28910 R 13.0 10 4 89 41
457292157 2 29189 R 9.0 11 2 39 40
466119141 3 29753 R 11.0 10 3 71 40
470563475 1 30037 R 7.0 11 2 43 42
474889017 1 30314 R 10.0 11 3 60 43
474957583 3 30319 R 14.0 10 4 89 41
479273296 1 30595 R 4.0 12 1 296 44
479359318 3 30601 R 8.0 11 2 324 42
483729334 3 30880 R 5.0 12 1 16 43
483748860 2 30882 R 12.0 11 3 62 41
488111490 1 31160 R 13.0 11 4 85 45
488199494 2 31167 R 9.0 12 2 325 42
492491729 2 31441 R 6.0 11 1 299 43
496891613 2 31723 R 15.0 10 4 647 44
501388512 1 32010 R 10.0 12 3 65 46
501410144 3 32012 R 11.0 11 3 66 44
505819744 1 32294 R 4.0 13 1 310 47
514563954 1 32853 R 7.0 12 2 40 48
514634268 2 32859 R 9.0 13 2 43 45
518934626 3 33134 R 14.0 11 4 85 45
519004575 2 33138 R 6.0 12 1 18 46
523338392 3 33415 R 8.0 12 2 325 46
523343831 2 33416 R 15.0 11 4 84 47
527777168 2 33700 R 12.0 12 3 348 48
527831726 3 33703 R 5.0 13 1 300 47
532170648 3 33981 R 11.0 12 3 62 48
532213466 1 33983 R 13.0 12 4 88 49
541020448 1 34546 R 4.0 14 1 17 50
545390975 1 34826 R 10.0 13 3 62 51
549800238 2 35109 R 9.0 14 2 41 49
554170516 2 35389 R 6.0 13 1 13 50
554225589 3 35392 R 14.0 12 4 87 49
554260367 1 35394 R 7.0 13 2 42 52
558635048 2 35675 R 15.0 12 4 87 51
558691838 3 35678 R 8.0 13 2 328 50
562997811 3 35954 R 5.0 14 1 301 51
563067792 2 35958 R 12.0 13 3 65 52
571785036 1 36515 R 13.0 13 4 82 53
576272776 3 36803 R 11.0 13 3 69 52
576311610 1 36805 R 10.0 14 3 66 54
585087271 1 37367 R 4.0 15 1 18 55
589426454 1 37644 R 7.0 14 2 36 56
589461609 2 37647 R 9.0 15 2 40 53
593896575 2 37931 R 12.0 14 3 66 54
593922121 3 37933 R 14.0 13 4 90 53
598282757 2 38212 R 6.0 14 1 304 55
598325522 3 38215 R 8.0 14 2 44 54
602635890 2 38491 R 15.0 13 4 366 56
602670499 1 38492 R 10.0 15 3 62 57
602694351 3 38494 R 5.0 15 1 304 55
607033200 3 38772 R 11.0 14 3 59 56
607072112 1 38774 R 13.0 14 4 85 58
615847772 1 39335 R 4.0 16 1 13 59
620302187 2 39621 R 6.0 15 1 22 57
624719349 2 39904 R 9.0 16 2 41 58
629087983 3 40183 R 8.0 15 2 41 57
629122912 1 40185 R 7.0 15 2 44 60
633489879 3 40465 R 14.0 14 4 86 58
633511138 2 40467 R 12.0 15 3 63 59
637984882 3 40753 R 5.0 16 1 20 59
637990814 2 40753 R 15.0 14 4 90 60
646758876 1 41314 R 13.0 15 4 88 61
651113811 1 41592 R 4.0 17 1 292 62
651125107 2 41594 R 6.0 16 1 16 61
651135331 3 41594 R 11.0 15 3 63 60
655544940 1 41876 R 10.0 16 3 628 63
655568021 3 41878 R 8.0 16 2 41 61
664375233 3 42442 R 14.0 15 4 87 62
664410068 2 42444 R 9.0 17 2 42 62
664413922 1 42444 R 7.0 16 2 44 64
668811852 2 42726 R 12.0 16 3 66 63
673127600 1 43001 R 13.0 16 4 84 65
677528916 1 43283 R 4.0 18 1 13 66
677587927 2 43288 R 15.0 15 4 89 64
677636855 3 43291 R 11.0 16 3 68 63
681926691 2 43565 R 6.0 17 1 13 65
682021078 3 43571 R 5.0 17 1 299 64
686328383 3 43847 R 8.0 17 2 36 65
690835606 1 44135 R 10.0 17 3 67 67
695170517 2 44413 R 9.0 18 2 38 66
695174900 1 44412 R 7.0 17 2 318 68
699572550 2 44695 R 12.0 17 3 70 67
699666340 3 44700 R 14.0 16 4 90 66
704067786 2 44982 R 15.0 16 4 90 68
712847431 3 45544 R 5.0 18 1 18 67
717186768 3 45822 R 11.0 17 3 61 68
717215916 1 45823 R 13.0 17 4 86 69
717217637 2 45824 R 6.0 18 1 15 69
721619886 3 46105 R 8.0 18 2 324 69
721631516 1 46106 R 4.0 19 1 300 70
730406982 1 46667 R 7.0 18 2 37 71
730426819 3 46669 R 14.0 17 4 86 70
734791297 2 46949 R 15.0 17 4 83 70
734871190 1 46953 R 10.0 18 3 66 72
739271030 2 47235 R 9.0 19 2 324 71
743709701 1 47519 R 13.0 18 4 89 73
743719746 2 47520 R 12.0 18 3 632 72
748011343 2 47795 R 6.0 19 1 13 73
748013450 3 47795 R 5.0 19 1 13 71
748111026 1 47800 R 4.0 20 1 19 74
752477557 3 48080 R 8.0 19 2 44 72
756910702 3 48364 R 11.0 18 3 66 73
765697869 1 48926 R 7.0 19 2 45 75
765717768 3 48928 R 14.0 18 4 88 74
765739177 2 48929 R 12.0 19 3 67 74
774442789 1 49485 R 13.0 19 4 84 76
774499358 2 49490 R 15.0 18 4 86 75
778875652 1 49769 R 10.0 19 3 61 77
778947756 2 49775 R 9.0 20 2 43 76
783304540 3 50053 R 5.0 20 1 16 75
787768808 3 50339 R 11.0 19 3 73 76
787770454 2 50339 R 6.0 20 1 20 77
792076663 3 50615 R 14.0 19 4 84 77
792088012 1 50615 R 4.0 21 1 15 78
796478544 3 50896 R 8.0 20 2 316 78
796583439 1 50902 R 7.0 20 2 43 79
800922840 1 51180 R 13.0 20 4 87 80
800967630 2 51184 R 12.0 20 3 66 78
809728005 2 51744 R 15.0 19 4 84 79
818560164 2 52310 R 9.0 21 2 40 80
822977629 1 52592 R 10.0 20 3 68 81
822999299 2 52594 R 6.0 21 1 304 81
827373533 3 52874 R 14.0 20 4 88 79
827379012 1 52873 R 4.0 22 1 17 82
831749601 1 53153 R 13.0 21 4 85 83
831759708 3 53154 R 5.0 21 1 300 80
836213493 1 53439 R 7.0 21 2 43 84
836239811 3 53441 R 11.0 20 3 631 81
840545358 3 53717 R 8.0 21 2 606 82
840601729 2 53720 R 12.0 21 3 64 82
849332683 1 54278 R 10.0 21 3 59 85
849361901 2 54281 R 15.0 20 4 85 83
853810160 2 54566 R 9.0 22 2 39 84
853820158 3 54566 R 5.0 22 1 17 83
858227475 2 54848 R 6.0 22 1 18 85
858253173 3 54850 R 14.0 21 4 90 84
862609772 1 55128 R 13.0 22 4 87 86
862654783 3 55132 R 11.0 21 3 66 85
867040879 1 55412 R 4.0 23 1 301 87
875830172 2 55975 R 12.0 22 3 64 86
875836041 3 55975 R 8.0 22 2 40 86
880190673 1 56253 R 7.0 22 2 36 88
884590418 2 56536 R 15.0 21 4 83 87
884623687 1 56537 R 10.0 22 3 67 89
888986320 3 56817 R 14.0 22 4 83 87
889017192 2 56819 R 9.0 23 2 38 88
893419026 3 57101 R 5.0 23 1 15 88
893430599 1 57101 R 4.0 24 1 16 90
893456410 2 57103 R 6.0 23 1 297 89
902226388 3 57664 R 11.0 22 3 61 89
906612282 1 57944 R 13.0 23 4 82 91
911058686 2 58230 R 15.0 22 4 87 90
911076333 1 58230 R 10.0 23 3 63 92
911126975 3 58234 R 8.0 23 2 43 90
915509382 1 58514 R 7.0 23 2 329 93
919871967 3 58794 R 14.0 23 4 86 91
919943943 2 58798 R 12.0 23 3 67 91
924267612 2 59075 R 9.0 24 2 330 92
928684438 2 59358 R 6.0 24 1 16 93
933115574 3 59641 R 5.0 24 1 17 92
933127195 1 59641 R 4.0 25 1 18 94
937497718 1 59921 R 13.0 24 4 85 95
937517339 3 59923 R 11.0 23 3 64 93
941881755 2 60202 R 15.0 23 4 85 94
941887532 3 60203 R 8.0 24 2 39 94
941962243 1 60207 R 10.0 24 3 350 96
946269471 1 60482 R 7.0 24 2 36 97
955172456 2 61053 R 12.0 24 3 66 95
959496133 2 61330 R 9.0 25 2 321 96
963974010 3 61616 R 14.0 24 4 88 95
968281514 3 61892 R 5.0 25 1 13 96
968295098 1 61892 R 4.0 26 1 13 98
972718350 2 62176 R 15.0 24 4 85 97
972808427 3 62181 R 11.0 24 3 67 97
977110388 2 62457 R 6.0 25 1 301 98
977149326 1 62459 R 13.0 25 4 87 99
981566982 1 62741 R 10.0 25 3 63 100
981584005 3 62743 R 8.0 25 2 41 98
985952799 1 63022 R 7.0 25 2 40 101
990400888 2 63308 R 9.0 26 2 42 99
994724948 2 63584 R 12.0 25 3 68 100
999139898 3 63867 R 14.0 25 4 83 99
1003547384 2 64149 R 6.0 26 1 14 101
1003573013 3 64150 R 5.0 26 1 16 100
1007974907 3 64432 R 11.0 25 3 62 101
1008054881 1 64437 R 13.0 26 4 90 102
1012339181 2 64712 R 15.0 25 4 83 102
1012378093 1 64713 R 4.0 27 1 15 103
1016750424 3 64994 R 8.0 26 2 36 102
1021224142 2 65280 R 9.0 27 2 41 103
1025606583 1 65560 R 10.0 26 3 63 104
1029992815 1 65841 R 7.0 26 2 326 105
1030078151 2 65847 R 6.0 27 1 21 104
1034431316 3 66125 R 14.0 26 4 86 103
1038776390 2 66404 R 12.0 26 3 59 105
1038864013 3 66409 R 5.0 27 1 18 104
1043283245 1 66691 R 4.0 28 1 19 106
1047671307 3 66973 R 11.0 26 3 65 105
1047692713 2 66974 R 15.0 26 4 91 106
1052012339 1 67250 R 13.0 27 4 84 107
1052041517 3 67252 R 8.0 27 2 39 106
1056452665 2 67535 R 9.0 28 2 41 107
1065240683 1 68096 R 10.0 27 3 61 108
1065316815 3 68102 R 14.0 27 4 90 107
1069624454 3 68378 R 5.0 28 1 14 108
1069636148 1 68378 R 7.0 27 2 38 109
1074106534 1 68664 R 4.0 29 1 301 110
1074117782 2 68665 R 6.0 28 1 19 108
1078429890 1 68941 R 13.0 28 4 83 111
1078535245 2 68948 R 12.0 27 3 67 109
1087242923 3 69505 R 11.0 27 3 59 109
1087326676 2 69511 R 15.0 27 4 89 110
1091681731 2 69789 R 9.0 29 2 324 111
1091737979 3 69793 R 8.0 28 2 42 110
1104940786 2 70638 R 6.0 29 1 18 112
1109327075 3 70919 R 14.0 28 4 87 111
1109332906 1 70918 R 13.0 29 4 88 112
1113703535 1 71198 R 4.0 30 1 299 113
1113726923 3 71200 R 5.0 29 1 300 112
1118128121 3 71482 R 8.0 29 2 40 113
1118167578 1 71484 R 7.0 28 2 608 114
1122481514 1 71760 R 10.0 28 3 908 115
1122568864 2 71766 R 12.0 28 3 64 113
1131309872 3 72326 R 11.0 28 3 69 114
1131375989 2 72330 R 15.0 28 4 91 114
1135746547 2 72610 R 9.0 30 2 319 115
1140179444 3 72893 R 14.0 29 4 87 115
1140208709 1 72894 R 13.0 30 4 90 116
1140210284 2 72895 R 6.0 30 1 20 116
1144563565 1 73173 R 7.0 29 2 328 117
1149012282 1 73458 R 10.0 29 3 638 118
1149017527 3 73459 R 8.0 30 2 43 116
1153419198 3 73741 R 5.0 30 1 20 117
1153429004 1 73741 R 4.0 31 1 20 119
1166542149 2 74581 R 12.0 29 3 60 117
1166600833 3 74584 R 11.0 29 3 63 118
1171031708 1 74867 R 10.0 30 3 65 120
1171037637 2 74868 R 9.0 31 2 322 118
1175345391 3 75144 R 14.0 30 4 82 119
1175376485 2 75146 R 15.0 29 4 85 119
1179754785 1 75425 R 13.0 31 4 83 121
1179809123 2 75430 R 6.0 31 1 16 120
1184183626 3 75710 R 5.0 31 1 15 120
1184219158 1 75711 R 4.0 32 1 305 122
1188657945 1 75995 R 7.0 30 2 604 123
1192990676 3 76273 R 8.0 31 2 37 121
1193021993 2 76275 R 12.0 30 3 63 121
1201797858 2 76837 R 15.0 30 4 84 122
1201891763 3 76843 R 11.0 30 3 68 122
1206231015 3 77121 R 14.0 31 4 87 123
1210667331 2 77405 R 9.0 32 2 40 123
1210675435 1 77404 R 13.0 32 4 88 124
1215046266 1 77684 R 10.0 31 3 345 125
1219480388 1 77968 R 7.0 31 2 41 126
1219505728 2 77970 R 6.0 32 1 20 124
1223818027 1 78245 R 4.0 33 1 297 127
1228209426 3 78527 R 8.0 32 2 37 124
1228313006 2 78534 R 12.0 31 3 67 125
1232689574 3 78814 R 5.0 32 1 304 125
1237058285 3 79093 R 11.0 31 3 344 126
1241435939 1 79373 R 10.0 32 3 59 128
1241494597 2 79378 R 15.0 31 4 87 126
1245927560 3 79661 R 14.0 32 4 88 127
1245931301 1 79661 R 13.0 33 4 90 129
1254644394 2 80219 R 9.0 33 2 36 127
1259046311 3 80501 R 11.0 32 3 60 128
1259077177 2 80503 R 6.0 33 1 14 128
1263512283 3 80787 R 8.0 33 2 40 129
1263519938 1 80786 R 7.0 32 2 41 130
1267884677 2 81066 R 12.0 32 3 61 129
1267920013 1 81068 R 4.0 34 1 298 131
1267943614 3 81070 R 5.0 33 1 295 130
1272282398 3 81348 R 14.0 33 4 84 131
1272321436 1 81350 R 13.0 34 4 87 132
1281097323 1 81911 R 10.0 33 3 60 133
1285596467 2 82200 R 15.0 32 4 89 130
1289931582 3 82477 R 5.0 34 1 15 132
1289937482 1 82477 R 7.0 33 2 39 134
1294333329 3 82759 R 8.0 34 2 47 133
1294399988 1 82763 R 4.0 35 1 304 135
1298746594 2 83042 R 12.0 33 3 63 131
1303103608 2 83320 R 9.0 34 2 319 132
1303109293 3 83321 R 11.0 33 3 60 134
1307581330 2 83607 R 6.0 34 1 305 133
1311978925 3 83888 R 14.0 34 4 87 135
1316356940 2 84169 R 15.0 33 4 86 134
1316425429 1 84172 R 13.0 35 4 91 136
1320727435 1 84448 R 10.0 34 3 59 137
1325166348 1 84732 R 4.0 36 1 300 138
1325226349 2 84736 R 9.0 35 2 42 135
1329551987 1 85012 R 7.0 34 2 36 139
1329614578 3 85017 R 8.0 35 2 41 136
1333939725 2 85294 R 6.0 35 1 13 136
1334030144 3 85300 R 5.0 35 1 304 137
1338400356 3 85579 R 11.0 34 3 62 138
1338466571 2 85584 R 12.0 34 3 70 137
1342837001 2 85863 R 15.0 34 4 88 138
1342842911 1 85863 R 13.0 36 4 89 140
1351675459 3 86429 R 14.0 35 4 90 139
1355977213 1 86704 R 4.0 37 1 14 141
1360388620 3 86987 R 8.0 36 2 37 140
1360394683 1 86986 R 10.0 35 3 60 142
1364780851 1 87267 R 7.0 35 2 317 143
1364790302 3 87268 R 5.0 36 1 13 141
1364797883 2 87269 R 9.0 36 2 40 139
1369230748 2 87553 R 6.0 36 1 15 140
1373691334 3 87838 R 11.0 35 3 66 142
1378038102 2 88116 R 15.0 35 4 85 141
1378071430 1 88118 R 13.0 37 4 88 144
1382408873 2 88396 R 12.0 35 3 345 142
1382435958 3 88398 R 14.0 36 4 86 143
1391274176 3 88963 R 8.0 37 2 39 144
1395683385 2 89246 R 9.0 37 2 40 143
1395736580 1 89248 R 10.0 36 3 66 145
1400022756 1 89523 R 7.0 36 2 36 146
1404486755 3 89809 R 5.0 37 1 16 145
1404539882 1 89812 R 4.0 38 1 305 147
1408927278 2 90093 R 6.0 37 1 19 144
1413263009 3 90371 R 11.0 36 3 61 146
1417734635 2 90657 R 12.0 36 3 65 145
1422105055 2 90937 R 15.0 36 4 87 146
1422111099 1 90936 R 13.0 38 4 86 148
1426538085 3 91220 R 14.0 37 4 88 147
1426559469 1 91221 R 10.0 37 3 65 149
1430970653 3 91504 R 8.0 38 2 44 148
1439785481 2 92068 R 9.0 38 2 44 147
1439787651 1 92068 R 7.0 37 2 42 150
1444173601 1 92348 R 4.0 39 1 18 151
1444185534 3 92350 R 11.0 37 3 66 149
1448498814 2 92626 R 6.0 38 1 13 148
1448554152 3 92629 R 5.0 38 1 302 150
1452900847 2 92908 R 12.0 37 3 60 149
1457396015 2 93195 R 15.0 37 4 90 150
1461704029 3 93471 R 14.0 38 4 83 151
1461745017 1 93473 R 13.0 39 4 85 152
1466136750 3 93754 R 8.0 39 2 38 152
1466193579 1 93757 R 10.0 38 3 64 153
1470545940 2 94037 R 9.0 39 2 38 151
1470610646 1 94040 R 4.0 40 1 19 154
1474943801 3 94318 R 5.0 39 1 14 153
1479402023 1 94603 R 7.0 38 2 42 155
1488195371 2 95166 R 6.0 39 1 16 152
1488250423 3 95170 R 11.0 38 3 67 154
1492589605 3 95447 R 14.0 39 4 87 155
1492597264 2 95448 R 12.0 38 3 63 153
1496973537 1 95727 R 13.0 40 4 85 156
1501373056 2 96010 R 15.0 38 4 85 154
1505827537 1 96294 R 10.0 39 3 63 157
1505833329 3 96295 R 8.0 40 2 41 156
1510176189 1 96572 R 7.0 39 2 37 158
1510234809 3 96577 R 5.0 40 1 17 157
1510242543 2 96577 R 9.0 40 2 40 155
1514631016 1 96857 R 4.0 41 1 300 159
1523416432 3 97420 R 11.0 39 3 61 158
1523486588 2 97425 R 12.0 39 3 68 156
1527887972 2 97707 R 6.0 40 1 19 157
1532202042 1 97982 R 13.0 41 4 84 160
1536650529 1 98267 R 10.0 40 3 63 161
1536664079 2 98268 R 15.0 39 4 87 158
1536691576 3 98270 R 14.0 40 4 89 159
1541003000 2 98546 R 9.0 41 2 36 159
1541067614 1 98549 R 7.0 40 2 40 162
1549810318 3 99110 R 8.0 41 2 36 160
1554264563 1 99394 R 4.0 42 1 16 163
1554336935 3 99399 R 5.0 41 1 20 161
1558652378 2 99676 R 6.0 41 1 14 160
1563054256 2 99957 R 12.0 40 3 62 161
1567518887 3 100243 R 14.0 41 4 88 162
1571858414 3 100521 R 11.0 40 3 350 163
1571862008 1 100520 R 13.0 42 4 84 164
1571955504 2 100527 R 15.0 40 4 90 162
1576290635 3 100804 R 8.0 42 2 38 164
1576326406 1 100806 R 10.0 41 3 355 165
1580699911 2 101087 R 9.0 42 2 38 163
1580759049 1 101090 R 7.0 41 2 330 166
1585097768 3 101368 R 5.0 42 1 15 165
1589538518 2 101652 R 12.0 41 3 64 164
1593939900 2 101934 R 6.0 42 1 18 165
1593971410 1 101935 R 4.0 43 1 19 167
1602715986 2 102496 R 15.0 41 4 85 166
1602747368 1 102497 R 10.0 42 3 64 168
1602764970 3 102499 R 14.0 42 4 88 166
1607086319 1 102775 R 7.0 42 2 37 169
1607182627 3 102781 R 11.0 41 3 354 167
1611519411 1 103058 R 13.0 43 4 84 170
1615973499 3 103344 R 8.0 43 2 42 168
1624801956 2 103909 R 9.0 43 2 52 167
1629110035 2 104185 R 12.0 42 3 60 168
1629164952 3 104188 R 14.0 43 4 85 169
1633607255 1 104472 R 4.0 44 1 22 171
1633629185 3 104474 R 5.0 43 1 301 170
1638005769 3 104754 R 11.0 42 3 347 171
1638042143 2 104757 R 6.0 43 1 20 169
1642336549 1 105031 R 13.0 44 4 84 172
1642412595 2 105036 R 15.0 42 4 87 170
1646754205 1 105313 R 10.0 43 3 342 173
1651139492 1 105594 R 7.0 43 2 36 174
1655607589 3 105881 R 8.0 44 2 41 172
1664373485 2 106442 R 9.0 44 2 43 171
1664455898 3 106447 R 11.0 43 3 66 173
1668816688 3 106726 R 5.0 44 1 307 174
1668855463 2 106729 R 12.0 43 3 66 172
1673208532 2 107007 R 6.0 44 1 298 173
1673233732 3 107009 R 14.0 44 4 88 175
1677689908 1 107293 R 4.0 45 1 20 175
1681982239 1 107568 R 10.0 44 3 60 176
1681984062 2 107569 R 15.0 43 4 82 174
1682025011 3 107571 R 8.0 45 2 40 176
1686493226 1 107857 R 13.0 45 4 91 177
1690847740 1 108135 R 7.0 44 2 40 178
1695292328 2 108421 R 9.0 45 2 42 175
1699692349 2 108702 R 6.0 45 1 303 176
1699721531 3 108704 R 11.0 44 3 67 177
1704086097 3 108983 R 14.0 45 4 88 178
1704107254 1 108984 R 4.0 46 1 19 179
1708519081 3 109267 R 5.0 45 1 307 179
1712848425 3 109544 R 8.0 46 2 320 180
1712904720 2 109548 R 15.0 44 4 88 177
1712930303 1 109549 R 13.0 46 4 91 180
1717275576 2 109827 R 12.0 44 3 346 178
1717316710 1 109829 R 10.0 45 3 350 181
1726076264 1 110390 R 7.0 45 2 38 182
1726139075 3 110395 R 11.0 45 3 74 181
1730550083 2 110677 R 6.0 46 1 20 179
1739263390 2 111235 R 9.0 46 2 39 180
1739273356 3 111235 R 5.0 46 1 14 182
1743741652 1 111521 R 10.0 46 3 65 183
1748096290 3 111800 R 14.0 46 4 85 183
1748152903 1 111803 R 13.0 47 4 88 184
1752476273 2 112080 R 15.0 45 4 84 181
1752482103 3 112081 R 8.0 47 2 37 184
1752544932 1 112084 R 4.0 47 1 301 185
1756972104 2 112368 R 12.0 45 3 347 182
1761310498 2 112646 R 6.0 47 1 14 183
1765710415 1 112927 R 7.0 46 2 38 186
1765772877 3 112931 R 5.0 47 1 18 185
1770096528 3 113208 R 11.0 46 3 58 186
1774554458 2 113493 R 9.0 47 2 40 184
1783324876 3 114054 R 14.0 47 4 85 187
1783361751 2 114057 R 15.0 46 4 89 185
1783375623 1 114057 R 10.0 47 3 64 187
1787710643 3 114335 R 8.0 48 2 36 188
1787732117 2 114337 R 12.0 46 3 60 186
1792129948 1 114617 R 13.0 48 4 84 188
1796531820 1 114899 R 4.0 48 1 295 189
1800939363 1 115181 R 7.0 47 2 601 190
1801001341 3 115186 R 5.0 48 1 18 189
1801007047 2 115186 R 9.0 48 2 41 187
1805439896 2 115470 R 6.0 48 1 20 188
1814239731 3 116033 R 14.0 48 4 89 190
1818547877 3 116309 R 11.0 47 3 336 191
1818604076 1 116312 R 10.0 48 3 64 191
1823015707 1 116594 R 7.0 48 2 321 192
1823058347 2 116598 R 15.0 47 4 89 189
1823073924 3 116598 R 8.0 49 2 45 192
1827417248 1 116876 R 4.0 49 1 306 193
1827428698 2 116877 R 12.0 47 3 64 190
1831767540 2 117155 R 9.0 49 2 37 191
1831887445 1 117162 R 13.0 49 4 654 194
1836255378 3 117442 R 5.0 49 1 18 193
1845011495 2 118003 R 6.0 49 1 14 192
1849427141 1 118284 R 10.0 49 3 63 195
1853906831 3 118572 R 11.0 48 3 67 194
1858292898 3 118852 R 14.0 49 4 89 195
1858306240 1 118853 R 7.0 49 2 43 196
1862636004 1 119130 R 4.0 50 1 294 197
1862647824 3 119131 R 8.0 50 2 320 196
1862694322 2 119134 R 12.0 48 3 65 193
1867017764 2 119411 R 15.0 48 4 84 194
1867115624 1 119416 R 13.0 50 4 90 198
1871435187 2 119694 R 9.0 50 2 327 195
1871501337 3 119698 R 5.0 50 1 18 197
1880324394 3 120262 R 11.0 49 3 74 198
1889037388 2 120820 R 6.0 50 1 13 196
1889061103 1 120821 R 10.0 50 3 63 199
1893478120 1 121104 R 7.0 50 2 38 200
1893521484 3 121107 R 14.0 50 4 87 199
1897864103 1 121384 R 4.0 51 1 13 201
1897876262 3 121386 R 8.0 51 2 323 200
1897885878 2 121387 R 15.0 49 4 85 197
1902349868 2 121672 R 12.0 49 3 67 198
1906729928 3 121952 R 5.0 51 1 18 201
1906749579 1 121953 R 13.0 51 4 87 202
1911062956 2 122230 R 9.0 51 2 37 199
1911147394 3 122235 R 11.0 50 3 64 202
1919938598 3 122798 R 8.0 52 2 40 203
1919995276 2 122802 R 6.0 51 1 20 200
1924289455 1 123076 R 7.0 51 2 37 203
1928699145 3 123358 R 14.0 51 4 84 204
1928763494 1 123362 R 10.0 51 3 75 204
1928771176 2 123363 R 15.0 50 4 88 201
1933093033 1 123639 R 4.0 52 1 302 205
1937572576 1 123926 R 13.0 52 4 87 206
1941921322 2 124205 R 12.0 50 3 61 202
1946342621 3 124488 R 11.0 51 3 62 205
1950781540 3 124772 R 5.0 52 1 295 206
1955214101 2 125056 R 9.0 52 2 42 203
1959567103 2 125334 R 6.0 52 1 294 204
1959572628 3 125334 R 8.0 53 2 39 207
1963935368 1 125613 R 10.0 52 3 60 207
1968342713 2 125896 R 15.0 51 4 83 205
1968456382 1 125902 R 7.0 52 2 325 208
1968458105 3 125903 R 14.0 52 4 90 208
1972826677 1 126182 R 4.0 53 1 304 209
1977250062 1 126465 R 13.0 53 4 654 210
1981592624 3 126744 R 11.0 52 3 62 209
1986009646 3 127026 R 5.0 53 1 15 210
1986023434 2 127027 R 12.0 51 3 63 206
1990456509 2 127311 R 9.0 53 2 325 207
1994801372 3 127589 R 14.0 53 4 85 211
1994857633 2 127593 R 6.0 53 1 18 208
1994883444 1 127594 R 10.0 53 3 68 211
1999228296 2 127872 R 15.0 52 4 87 209
1999269435 1 127874 R 13.0 54 4 88 212
1999281299 3 127876 R 8.0 54 2 326 212
2007992328 1 128433 R 7.0 53 2 37 213
2012478277 1 128720 R 4.0 54 1 303 214
2021204949 3 129279 R 5.0 54 1 20 213
2025638171 3 129563 R 11.0 53 3 62 214
2025670854 2 129565 R 9.0 54 2 40 210
2030026141 2 129844 R 6.0 54 1 298 211
2030112009 1 129848 R 10.0 54 3 65 215
2034445233 3 130126 R 14.0 54 4 83 215
2034474715 2 130128 R 12.0 52 3 345 212
2038858747 2 130409 R 15.0 53 4 366 213
2038913056 1 130412 R 7.0 54 2 42 216
2038940709 3 130414 R 8.0 55 2 329 216
2043283764 1 130691 R 4.0 55 1 295 217
2047707035 1 130974 R 13.0 55 4 369 218
2056496039 3 131537 R 5.0 55 1 16 217
2060929127 3 131821 R 14.0 55 4 88 218
2065314880 2 132102 R 12.0 53 3 63 214
2069677403 1 132380 R 4.0 56 1 13 219
2069703010 2 132383 R 9.0 55 2 324 215
2069736181 3 132385 R 11.0 54 3 65 219
2074079237 1 132662 R 13.0 56 4 83 220
2074106448 3 132665 R 8.0 56 2 39 220
2074149621 2 132667 R 6.0 55 1 296 216
2078574722 1 132950 R 7.0 55 2 327 221
2078582219 2 132951 R 15.0 54 4 90 217
2082914183 1 133228 R 10.0 55 3 628 222
2087381461 3 133514 R 5.0 56 1 19 221
2096200157 2 134079 R 9.0 56 2 43 218
2100563135 1 134357 R 10.0 56 3 64 223
2100570748 2 134358 R 12.0 54 3 66 219
2100611918 3 134361 R 14.0 56 4 90 222
2109348647 2 134920 R 15.0 55 4 85 220
2109372308 3 134922 R 11.0 55 3 63 223
2113748419 2 135202 R 6.0 56 1 300 221
2113840154 1 135207 R 13.0 57 4 91 224
2118164083 1 135484 R 4.0 57 1 303 225
2118226003 3 135488 R 8.0 57 2 42 224
2122610422 1 135768 R 7.0 56 2 323 226
2122643180 3 135771 R 5.0 57 1 20 225
2127029448 3 136052 R 14.0 57 4 88 226
2131366241 2 136329 R 9.0 57 2 40 222
2135861757 2 136617 R 12.0 55 3 67 223
2140200870 2 136895 R 15.0 56 4 86 224
2144588942 1 137175 R 10.0 57 3 61 227
2149031409 1 137459 R 7.0 57 2 40 228
2153370864 1 137737 R 4.0 58 1 294 229
2153444541 2 137742 R 6.0 57 1 18 225
2153454685 3 137743 R 11.0 56 3 65 227
2157809810 1 138021 R 13.0 58 4 367 230
2162271492 3 138307 R 8.0 58 2 42 228
2166673381 3 138589 R 5.0 58 1 303 229
2171018580 3 138867 R 14.0 58 4 366 230
2171064889 2 138870 R 12.0 56 3 64 226
2175412008 1 139147 R 10.0 58 3 60 231
2175513148 2 139155 R 9.0 58 2 43 227
2179891451 1 139434 R 4.0 59 1 18 232
2184211125 2 139711 R 15.0 57 4 84 228
2188620686 1 139993 R 13.0 59 4 84 233
2188683289 3 139997 R 11.0 57 3 66 231
2193038171 1 140275 R 7.0 58 2 327 234
2193100520 3 140280 R 14.0 59 4 87 232
2197486204 3 140561 R 5.0 59 1 17 233
2197532923 2 140564 R 6.0 58 1 20 229
2201841069 3 140840 R 8.0 59 2 37 234
2206234775 1 141120 R 4.0 60 1 13 235
2215100761 3 141688 R 11.0 58 3 72 235
2215129899 2 141690 R 15.0 58 4 88 230
2219469126 2 141968 R 9.0 59 2 323 231
2219488605 1 141968 R 10.0 59 3 61 236
2223951047 2 142255 R 12.0 57 3 636 232
2223952966 1 142254 R 7.0 59 2 330 237
2228260986 1 142530 R 13.0 60 4 364 238
2228303639 2 142533 R 6.0 59 1 294 233
2228328732 3 142535 R 5.0 60 1 17 236
2237120540 3 143097 R 14.0 60 4 86 237
2241598010 1 143383 R 4.0 61 1 20 239
2246005630 3 143666 R 8.0 60 2 44 238
2250374095 1 143945 R 10.0 60 3 65 240
2250375922 2 143946 R 15.0 59 4 89 234
2254713197 1 144223 R 13.0 61 4 84 241
2254734487 3 144225 R 5.0 61 1 15 239
2254793624 2 144229 R 12.0 58 3 347 235
2259146317 1 144506 R 7.0 60 2 325 242
2259152024 3 144507 R 11.0 59 3 63 240
2259178913 2 144509 R 9.0 60 2 41 236
2267939171 2 145070 R 6.0 60 1 15 237
2272349108 3 145352 R 14.0 61 4 84 241
2276764000 1 145634 R 4.0 62 1 15 243
2276793398 2 145637 R 15.0 60 4 88 238
2281210730 2 145919 R 12.0 59 3 65 239
2281233995 3 145921 R 5.0 62 1 20 242
2285557564 3 146197 R 8.0 61 2 37 243
2285619964 1 146201 R 7.0 61 2 42 244
2290037490 1 146483 R 10.0 61 3 65 245
2294354840 2 146761 R 9.0 61 2 37 240
2294380605 3 146762 R 11.0 60 3 68 244
2298762586 2 147043 R 6.0 61 1 300 241
2298828929 1 147046 R 13.0 62 4 88 246
2303171966 3 147325 R 14.0 62 4 84 245
2307616468 2 147609 R 15.0 61 4 86 242
2307651557 3 147611 R 5.0 63 1 19 246
2316399988 1 148171 R 4.0 63 1 15 247
2320844670 2 148456 R 12.0 60 3 65 243
2320848709 1 148455 R 10.0 62 3 72 248
2325240271 2 148737 R 9.0 62 2 40 244
2325265781 1 148738 R 7.0 62 2 41 249
2329638195 3 149019 R 8.0 62 2 40 247
2329710582 2 149023 R 6.0 62 1 305 245
2334071219 3 149302 R 11.0 61 3 64 248
2342815813 1 149861 R 13.0 63 4 83 250
2347223510 1 150143 R 4.0 64 1 299 251
2347283791 3 150148 R 14.0 63 4 88 249
2351653984 3 150428 R 5.0 64 1 15 250
2351671476 1 150428 R 7.0 63 2 39 252
2351697038 2 150430 R 15.0 62 4 87 246
2356129906 2 150714 R 12.0 61 3 67 247
2360494466 1 150993 R 10.0 63 3 64 253
2364936732 2 151278 R 6.0 63 1 19 248
2369307295 2 151558 R 9.0 63 2 40 249
2369334597 3 151559 R 8.0 63 2 40 251
2373642686 3 151835 R 11.0 62 3 59 252
2373691490 1 151837 R 13.0 64 4 84 254
2382457542 2 152399 R 15.0 63 4 84 250
2386882773 1 152682 R 10.0 64 3 62 255
2386890326 2 152683 R 12.0 62 3 60 251
2386919839 3 152685 R 14.0 64 4 86 253
2391347012 1 152967 R 4.0 65 1 305 256
2391350952 3 152968 R 5.0 65 1 297 254
2395697373 2 153246 R 9.0 64 2 38 252
2395723171 1 153247 R 7.0 64 2 607 257
