111140640 2 6983 R 4.0 1 1 23 1
113984208 1 6936 R 5.0 1 1 12 1
122840113 2 7732 R 3.0 1 1 16 2
131694118 2 8298 R 6.0 1 2 41 3
136072269 1 8350 R 8.0 1 2 40 2
137503434 2 8670 R 7.0 1 2 37 4
144926634 1 8917 R 11.0 1 3 70 3
146357727 2 9237 R 10.0 1 3 61 5
158119476 2 9990 R 9.0 1 3 66 6
163991921 2 10365 R 13.0 1 4 88 7
166880376 2 10550 R 12.0 1 4 85 8
171352200 1 10608 R 14.0 1 4 89 4
175706779 1 10886 R 5.0 2 1 15 5
180139601 2 11399 R 3.0 2 1 17 9
186010008 2 11775 R 4.0 2 1 23 10
206565300 2 13090 R 6.0 2 2 40 11
206600020 1 12864 R 8.0 2 2 43 6
208002532 2 13182 R 10.0 2 3 62 12
210986304 1 13144 R 11.0 2 3 64 7
212466474 2 13468 R 7.0 2 2 41 13
219731080 2 13933 R 9.0 2 3 60 14
228585371 2 14499 R 12.0 2 4 86 15
234521652 2 14879 R 13.0 2 4 90 16
241813357 2 15346 R 3.0 3 1 17 17
241858128 1 15120 R 14.0 2 4 89 8
246234545 1 15400 R 5.0 3 1 306 9
247733996 2 15725 R 4.0 3 1 19 18
272597559 1 17087 R 11.0 3 3 60 10
277045858 1 17372 R 8.0 3 2 39 11
281418089 2 17881 R 9.0 3 3 61 19
282909998 2 17976 R 10.0 3 3 62 20
285882609 2 18166 R 6.0 3 2 324 21
287295946 2 18257 R 7.0 3 2 36 22
296181318 2 18825 R 13.0 3 4 89 23
303531836 2 19296 R 12.0 3 4 89 24
312282149 1 19627 R 5.0 4 1 15 12
313721060 2 19948 R 4.0 4 1 13 25
316744459 2 20142 R 3.0 4 1 20 26
316762046 1 19914 R 14.0 3 4 91 13
338707728 1 21318 R 11.0 4 3 66 14
343075801 2 21827 R 6.0 4 2 37 27
344624355 2 21926 R 10.0 4 3 65 28
347508744 2 22110 R 9.0 4 3 64 29
351935648 1 22165 R 8.0 4 2 39 15
362211047 2 23051 R 7.0 4 2 38 30
371080904 2 23619 R 13.0 4 4 88 31
378423512 1 23860 R 5.0 5 1 19 16
378433450 2 24090 R 12.0 4 4 91 32
384199570 2 24459 R 4.0 5 1 12 33
387152665 1 24419 R 14.0 4 4 84 17
387177930 2 24649 R 3.0 5 1 16 34
409156613 2 26056 R 9.0 5 3 59 35
409191813 1 25829 R 8.0 5 2 42 18
410718842 2 26156 R 10.0 5 3 64 36
413578065 1 26110 R 11.0 5 3 60 19
413636762 2 26343 R 6.0 5 2 330 37
432679796 2 27561 R 7.0 5 2 41 38
435704999 1 27526 R 5.0 6 1 23 20
435707212 2 27755 R 12.0 5 4 88 39
441518401 2 28127 R 13.0 5 4 85 40
445919846 2 28409 R 4.0 6 1 15 41
453215696 2 28876 R 3.0 6 1 13 42
457666336 1 28932 R 14.0 5 4 86 21
475315760 1 30061 R 11.0 6 3 64 22
475358525 2 30293 R 9.0 6 3 67 43
476782082 2 30384 R 10.0 6 3 64 44
479717623 1 30343 R 8.0 6 2 325 23
484134475 2 30854 R 6.0 6 2 41 45
497304058 1 31469 R 5.0 7 1 15 24
498837087 2 31795 R 13.0 6 4 87 46
503238461 2 32077 R 7.0 6 2 43 47
506095799 2 32260 R 12.0 6 4 82 48
512014331 2 32639 R 4.0 7 1 16 49
514933953 2 32826 R 3.0 7 1 16 50
519298730 1 32876 R 14.0 6 4 82 25
538408543 2 34328 R 10.0 7 3 61 51
541431723 1 34293 R 11.0 7 3 67 26
545733525 2 34797 R 9.0 7 3 60 52
545786359 1 34572 R 8.0 7 2 40 27
554603226 2 35364 R 6.0 7 2 40 53
559045858 1 35420 R 5.0 8 1 19 28
564927355 2 36025 R 7.0 7 2 43 54
567847300 2 36212 R 12.0 7 4 89 55
573672215 2 36585 R 13.0 7 4 84 56
581016994 1 36826 R 14.0 7 4 85 29
582510508 2 37151 R 4.0 8 1 17 57
589810187 2 37618 R 3.0 8 1 18 58
603040395 1 38236 R 8.0 8 2 42 30
608904695 2 38840 R 10.0 8 3 60 59
616222012 1 39079 R 11.0 8 3 59 31
616297982 2 39313 R 9.0 8 3 65 60
620683972 2 39594 R 6.0 8 2 40 61
620685954 1 39365 R 5.0 9 1 17 32
630990668 2 40253 R 7.0 8 2 41 62
635423686 2 40537 R 13.0 8 4 90 63
642661124 2 41000 R 12.0 8 4 83 64
642727383 1 40776 R 14.0 8 4 88 33
651514770 2 41567 R 3.0 9 1 16 65
653041744 2 41665 R 4.0 9 1 19 66
673557962 1 42749 R 8.0 9 2 41 34
674989427 2 43069 R 10.0 9 3 62 67
677975489 1 43032 R 11.0 9 3 65 35
682345580 2 43540 R 9.0 9 3 62 68
682361668 1 43312 R 5.0 10 1 16 36
686825321 2 43827 R 6.0 9 2 45 69
701414502 2 44760 R 7.0 9 2 38 70
705894516 2 45047 R 13.0 9 4 89 71
713188526 2 45514 R 3.0 10 1 16 72
713192285 1 45285 R 14.0 9 4 87 37
717574326 2 45795 R 12.0 9 4 84 73
727881213 2 46454 R 4.0 10 1 15 74
735231719 1 46696 R 8.0 10 2 50 38
743999810 2 47486 R 9.0 10 3 62 75
748417182 2 47769 R 6.0 10 2 38 76
749936362 2 47866 R 10.0 10 3 66 77
752834617 1 47823 R 11.0 10 3 63 39
757314053 1 48109 R 5.0 11 1 20 40
763148998 2 48711 R 13.0 10 4 87 78
767519574 2 48991 R 7.0 10 2 319 79
774854258 1 49232 R 14.0 10 4 86 41
783716092 2 50028 R 12.0 10 4 88 80
788039395 2 50304 R 3.0 11 1 13 81
796893349 1 50642 R 8.0 11 2 46 42
798318726 2 50962 R 4.0 11 1 13 82
801267637 2 51151 R 9.0 11 3 61 83
810059128 2 51714 R 6.0 11 2 36 84
811656510 2 51816 R 10.0 11 3 65 85
820432522 2 52378 R 13.0 11 4 88 86
823381482 1 52338 R 11.0 11 3 68 43
827704681 1 52614 R 5.0 12 1 14 44
832122069 1 52897 R 14.0 11 4 87 45
837987833 2 53501 R 7.0 11 2 37 87
845420683 2 53977 R 12.0 11 4 91 88
849712768 2 54251 R 3.0 12 1 12 89
863034719 2 55104 R 9.0 12 3 66 90
868849976 2 55476 R 4.0 12 1 16 91
871826201 1 55438 R 8.0 12 2 42 46
877625991 2 56038 R 13.0 12 4 84 92
885011582 2 56511 R 6.0 12 2 45 93
886495693 2 56606 R 10.0 12 3 63 94
893812834 1 56845 R 5.0 13 1 17 47
898245854 1 57129 R 14.0 12 4 88 48
902647947 1 57411 R 11.0 12 3 354 49
904144890 2 57735 R 7.0 12 2 42 95
915836696 2 58483 R 12.0 12 4 85 96
920291315 2 58768 R 3.0 13 1 307 97
937862114 2 59893 R 9.0 13 3 67 98
937914825 1 59668 R 8.0 13 2 42 50
939367745 2 59989 R 13.0 13 4 87 99
943814833 2 60274 R 4.0 13 1 304 100
948122507 2 60550 R 10.0 13 3 60 101
951122047 2 60742 R 6.0 13 2 42 102
955439539 1 60789 R 14.0 13 4 82 51
959966081 1 61079 R 11.0 13 3 67 52
968741723 1 61641 R 5.0 14 1 18 53
977547333 2 62433 R 3.0 14 1 18 103
979046835 2 62529 R 7.0 13 2 43 104
990713411 2 63275 R 12.0 13 4 84 105
996602730 2 63652 R 13.0 14 4 86 106
1008378136 2 64406 R 6.0 14 2 41 107
1008401144 1 64179 R 8.0 14 2 42 54
1009833019 2 64499 R 10.0 14 3 63 108
1012756230 1 64458 R 14.0 14 4 86 55
1012795379 2 64689 R 9.0 14 3 70 109
1014248422 2 64782 R 4.0 14 1 300 110
1017204663 1 64742 R 11.0 14 3 65 56
1030432649 1 65589 R 5.0 15 1 19 57
1034750700 2 66094 R 3.0 15 1 20 111
1040704551 2 66475 R 7.0 14 2 41 112
1056868362 2 67509 R 12.0 14 4 88 113
1067161322 2 68168 R 13.0 15 4 90 114
1070018286 2 68351 R 6.0 15 2 38 115
1070037733 1 68124 R 14.0 15 4 86 58
1071486759 2 68445 R 10.0 15 3 61 116
1074451149 2 68635 R 9.0 15 3 64 117
1075871122 2 68726 R 4.0 15 1 294 118
1078907013 1 68691 R 8.0 15 2 43 59
1092074963 1 69534 R 11.0 15 3 65 60
1096428064 1 69813 R 5.0 16 1 294 61
1105250703 2 70606 R 3.0 16 1 14 119
1106732631 2 70701 R 7.0 15 2 37 120
1127307944 2 72018 R 12.0 15 4 87 121
1131693715 2 72298 R 6.0 16 2 39 122
1131695318 1 72070 R 14.0 16 4 85 62
1137594686 2 72676 R 4.0 16 1 15 123
1142027831 2 72960 R 13.0 16 4 87 124
1144984351 2 73149 R 9.0 16 3 66 125
1146429809 2 73241 R 10.0 16 3 350 126
1149330853 1 73198 R 8.0 16 2 39 63
1153810996 1 73485 R 5.0 17 1 307 64
1158117124 1 73761 R 11.0 16 3 348 65
1166908422 2 74552 R 3.0 17 1 12 127
1172885841 2 74935 R 7.0 16 2 43 128
1189041276 1 75740 R 14.0 17 4 90 66
1202176291 2 76809 R 12.0 16 4 85 129
1203747988 2 76910 R 13.0 17 4 91 130
1206671358 2 77097 R 6.0 17 2 43 131
1208136480 2 77191 R 10.0 17 3 349 132
1212457728 2 77467 R 4.0 17 1 294 133
1219821589 2 77938 R 9.0 17 3 62 134
1224201434 1 77990 R 11.0 17 3 61 67
1228618855 1 78273 R 5.0 18 1 298 68
1230106657 2 78597 R 7.0 17 2 39 135
1233018586 1 78554 R 8.0 17 2 601 69
1237470924 2 79068 R 3.0 18 1 18 136
1246230969 1 79400 R 14.0 18 4 85 70
1265312012 2 80850 R 13.0 18 4 83 137
1269776146 2 81135 R 10.0 18 3 64 138
1272756364 2 81326 R 12.0 17 4 91 139
1277048731 2 81601 R 6.0 18 2 318 140
1278614297 2 81701 R 4.0 18 1 19 141
1281559720 2 81890 R 9.0 18 3 349 142
1285904054 1 81939 R 11.0 18 3 62 71
1290336696 1 82223 R 8.0 18 2 41 72
1291826926 2 82547 R 7.0 18 2 48 143
1294738374 1 82504 R 5.0 19 1 17 73
1299130727 2 83014 R 3.0 19 1 16 144
1307919925 1 83348 R 14.0 19 4 85 74
1331500185 2 85086 R 13.0 19 4 89 145
1343172314 2 85833 R 12.0 18 4 85 146
1344619162 2 85925 R 10.0 19 3 61 147
1347574255 2 86115 R 6.0 19 2 322 148
1351944567 2 86394 R 9.0 19 3 625 149
1353426059 2 86489 R 4.0 19 1 13 150
1360807628 1 86733 R 11.0 19 3 64 75
1365256436 1 87018 R 5.0 20 1 300 76
1366732386 2 87341 R 7.0 19 2 48 151
1369673542 1 87300 R 8.0 19 2 613 77
1374010923 1 87578 R 14.0 20 4 649 78
1374063454 2 87810 R 3.0 20 1 19 152
1393126654 2 89030 R 13.0 20 4 86 153
1404831817 2 89779 R 6.0 20 2 38 154
1406339429 2 89876 R 10.0 20 3 64 155
1418091507 2 90628 R 12.0 19 4 87 156
1422508974 2 90910 R 9.0 20 3 349 157
1422523936 1 90683 R 11.0 20 3 66 79
1426910112 1 90963 R 5.0 21 1 303 80
1428349161 2 91284 R 4.0 20 1 17 158
1431325393 1 91246 R 8.0 20 2 605 81
1435695564 1 91526 R 14.0 21 4 87 82
1437171843 2 91849 R 7.0 20 2 40 159
1440111058 2 92037 R 3.0 21 1 17 160
1454774596 2 92975 R 13.0 21 4 85 161
1470920383 2 94009 R 6.0 21 2 39 162
1475353546 2 94292 R 12.0 20 4 86 163
1476876422 2 94390 R 10.0 21 3 69 164
1479754921 2 94574 R 9.0 21 3 63 165
1484113139 1 94624 R 8.0 21 2 36 83
1490010841 2 95231 R 4.0 21 1 14 166
1493014177 1 95194 R 11.0 21 3 66 84
1497353060 1 95472 R 5.0 22 1 15 85
1503233171 2 96077 R 7.0 21 2 37 167
1510597178 1 96319 R 14.0 22 4 86 86
1512040542 2 96640 R 13.0 22 4 85 168
1515022507 2 96831 R 3.0 22 1 18 169
1541479054 2 98524 R 6.0 22 2 42 170
1545849474 2 98804 R 9.0 22 3 65 171
1547308187 2 98898 R 10.0 22 3 62 172
1550188677 2 99082 R 12.0 21 4 82 173
1554613140 1 99136 R 8.0 22 2 40 87
1563482697 1 99704 R 5.0 23 1 18 88
1564881553 2 100022 R 7.0 22 2 37 174
1567915785 1 99988 R 14.0 23 4 90 89
1569359743 2 100309 R 4.0 22 1 307 175
1572318287 1 100269 R 11.0 22 3 356 90
1576645485 2 100775 R 3.0 23 1 14 176
1586946423 2 101434 R 13.0 23 4 84 177
1598655422 2 102184 R 6.0 23 2 37 178
1607478237 2 102748 R 9.0 23 3 60 179
1611864438 2 103029 R 12.0 22 4 84 180
1616271254 1 103082 R 8.0 23 2 47 91
1617746094 2 103406 R 10.0 23 3 59 181
1625096141 1 103647 R 14.0 24 4 83 92
1629576052 1 103934 R 5.0 24 1 308 93
1634007307 1 104218 R 11.0 23 3 349 94
1639833941 2 104819 R 7.0 23 2 45 182
1644265252 2 105103 R 4.0 23 1 298 183
1647225552 2 105292 R 3.0 24 1 20 184
1655923230 2 105849 R 6.0 24 2 41 185
1657415175 2 105944 R 13.0 24 4 84 186
1673650855 2 106983 R 9.0 24 3 66 187
1682411312 2 107544 R 12.0 23 4 87 188
1691235370 1 107880 R 8.0 24 2 40 95
1692682803 2 108201 R 10.0 24 3 62 189
1695685962 1 108165 R 14.0 25 4 91 96
1699978396 1 108440 R 5.0 25 1 300 97
1704378346 1 108721 R 11.0 24 3 342 98
1704397676 2 108951 R 3.0 25 1 14 190
1710269458 2 109327 R 4.0 24 1 13 191
1714733812 2 109613 R 13.0 25 4 88 192
1717641502 2 109799 R 6.0 25 2 39 193
1719166888 2 109896 R 7.0 24 2 323 194
1735259744 2 110926 R 9.0 25 3 62 195
1739630327 2 111206 R 12.0 24 4 83 196
1752953705 1 111830 R 8.0 25 2 43 99
1754371764 2 112150 R 10.0 25 3 63 197
1757340380 1 112111 R 5.0 26 1 297 100
1761693456 1 112389 R 14.0 26 4 367 101
1766063458 1 112669 R 11.0 25 3 60 102
1774960180 2 113467 R 3.0 26 1 18 198
1776428434 2 113561 R 4.0 25 1 22 199
1779361714 2 113749 R 6.0 26 2 41 200
1785219859 2 114124 R 7.0 25 2 39 201
1789574876 2 114403 R 13.0 26 4 83 202
1796948771 2 114875 R 9.0 26 3 63 203
1810190618 1 115493 R 8.0 26 2 42 103
1810224074 2 115724 R 12.0 25 4 91 204
1814606249 1 115776 R 5.0 27 1 298 104
1818976477 1 116056 R 14.0 27 4 86 105
1820468193 2 116380 R 10.0 26 3 64 205
1832251566 1 116905 R 11.0 26 3 66 106
1840960916 2 117691 R 6.0 27 2 36 206
1849861716 2 118261 R 3.0 27 1 19 207
1851261752 2 118351 R 7.0 26 2 37 208
1854200827 2 118539 R 9.0 27 3 69 209
1855726216 2 118636 R 4.0 26 1 301 210
1860102580 2 118916 R 13.0 27 4 369 211
1871799513 1 119436 R 8.0 27 2 36 107
1871850608 2 119668 R 12.0 26 4 87 212
1876294802 1 119724 R 5.0 28 1 19 108
1886590097 2 120612 R 10.0 27 3 66 213
1893850811 1 120848 R 14.0 28 4 86 109
1907055319 2 121921 R 6.0 28 2 37 214
1907094713 1 121695 R 11.0 27 3 63 110
1911519459 2 122207 R 9.0 28 3 65 215
1912952587 2 122299 R 4.0 27 1 15 216
1917338590 2 122579 R 7.0 27 2 38 217
1920357815 2 122773 R 3.0 28 1 20 218
1930629584 2 123430 R 13.0 28 4 88 219
1933488402 1 123384 R 8.0 28 2 37 111
1933570717 2 123618 R 12.0 27 4 90 220
1937952584 1 123670 R 5.0 29 1 18 112
1961397824 2 125399 R 10.0 28 3 62 221
1964409354 1 125363 R 11.0 28 3 66 113
1968779640 1 125643 R 14.0 29 4 87 114
1970189098 2 125962 R 4.0 28 1 12 222
1973118630 2 126149 R 6.0 29 2 36 223
1979074425 2 126531 R 7.0 28 2 41 224
1981956959 2 126715 R 3.0 29 1 14 225
1986358547 2 126997 R 9.0 29 3 62 226
1990740736 1 127049 R 8.0 29 2 34 115
2001145221 2 127943 R 13.0 29 4 90 227
2003984588 1 127896 R 5.0 30 1 14 116
2008476262 2 128412 R 12.0 28 4 89 228
2023059495 2 129346 R 10.0 29 3 58 229
2027570271 2 129634 R 4.0 29 1 20 230
2039207379 1 130150 R 11.0 29 3 60 117
2043624683 1 130433 R 14.0 30 4 86 118
2043681126 2 130665 R 6.0 30 2 40 231
2045141488 2 130759 R 7.0 29 2 41 232
2048082739 2 130947 R 3.0 30 1 17 233
2052415896 1 130996 R 8.0 30 2 36 119
2052453021 2 131227 R 9.0 30 3 60 234
2062806830 2 131889 R 13.0 30 4 89 235
2074539467 2 132640 R 12.0 29 4 89 236
2078966189 1 132695 R 5.0 31 1 20 120
2084846066 2 133300 R 10.0 30 3 71 237
2089231825 2 133581 R 4.0 30 1 19 238
2102397664 2 134423 R 7.0 30 2 40 239
2105391799 1 134386 R 14.0 31 4 90 121
2109746437 1 134665 R 11.0 30 3 63 122
2114194764 1 134950 R 8.0 31 2 43 123
2114212382 2 135179 R 9.0 31 3 66 240
2118600379 2 135460 R 6.0 31 2 42 241
2122922192 2 135737 R 3.0 31 1 297 242
2137696721 2 136682 R 13.0 31 4 90 243
2145025837 2 137151 R 12.0 30 4 89 244
2146487929 2 137245 R 4.0 31 1 17 245
2149431028 1 137205 R 5.0 32 1 19 124
2155248404 2 137806 R 10.0 31 3 62 246
2159696742 2 138090 R 7.0 31 2 40 247
2175856348 2 139125 R 9.0 32 3 65 248
2175856544 1 138896 R 14.0 32 4 89 125
2180274207 1 139179 R 11.0 31 3 353 126
2184673237 2 139689 R 6.0 32 2 42 249
2189065139 1 139741 R 8.0 32 2 41 127
2189065508 2 139970 R 3.0 32 1 299 250
2206636733 2 141095 R 12.0 31 4 83 251
2208099068 2 141188 R 13.0 32 4 84 252
2216931593 2 141753 R 10.0 32 3 62 253
2221364630 2 142037 R 4.0 32 1 300 254
2224301467 1 141996 R 5.0 33 1 17 128
2225756487 2 142318 R 7.0 32 2 321 255
2237461531 1 142839 R 14.0 33 4 84 129
2246340724 2 143636 R 9.0 33 3 66 256
2250674244 1 143684 R 11.0 32 3 60 130
2255132225 2 144198 R 3.0 33 1 16 257
2255169733 1 143972 R 8.0 33 2 325 131
2259486960 2 144477 R 6.0 33 2 38 258
2269844598 2 145140 R 13.0 33 4 87 259
2272746767 2 145326 R 12.0 32 4 87 260
2283088571 2 145987 R 10.0 33 3 67 261
2291895479 2 146551 R 4.0 33 1 20 262
2294779911 1 146507 R 5.0 34 1 16 132
2296265824 2 146831 R 7.0 33 2 41 263
2312388331 2 147863 R 9.0 34 3 64 264
2312462754 1 147639 R 14.0 34 4 91 133
2321173977 2 148425 R 6.0 34 2 37 265
2321191761 1 148197 R 11.0 33 3 62 134
2325597489 2 148708 R 3.0 34 1 298 266
2325609244 1 148480 R 8.0 34 2 324 135
2334420051 2 149273 R 12.0 33 4 86 267
2340282101 2 149648 R 10.0 34 3 61 268
2344683851 2 149930 R 13.0 34 4 84 269
2362395540 2 151063 R 4.0 34 1 21 270
2365313252 1 151021 R 5.0 35 1 19 136
2366734581 2 151341 R 7.0 34 2 38 271
2378426451 1 151860 R 14.0 35 4 82 137
2378529691 2 152096 R 6.0 35 2 42 272
2382859372 1 152144 R 11.0 34 3 61 138
2387258705 2 152654 R 9.0 35 3 62 273
2387260627 1 152426 R 8.0 35 2 38 139
2396081454 2 153219 R 3.0 35 1 15 274
