105406846 2 6616 R 4.0 1 1 19 1
109816453 2 6898 R 5.0 1 1 25 2
127029286 1 8027 R 3.0 1 1 21 1
140643286 2 8871 R 5.0 2 1 18 3
145046744 2 9153 R 4.0 2 1 18 4
149432734 2 9434 R 8.0 1 2 45 5
153787600 2 9712 R 7.0 1 2 38 6
157797736 1 9996 R 3.0 2 1 16 2
179847157 1 11407 R 6.0 1 2 41 3
180229342 2 11405 R 5.0 3 1 300 7
184279995 1 11691 R 3.0 3 1 19 4
184615601 2 11685 R 11.0 1 3 342 8
189085235 2 11971 R 8.0 2 2 606 9
193446585 2 12250 R 10.0 1 3 626 10
197908444 2 12536 R 7.0 2 2 605 11
202323606 2 12819 R 4.0 3 1 867 12
211085515 2 13379 R 8.0 3 2 39 13
215532226 2 13664 R 11.0 2 3 68 14
219485157 1 13944 R 6.0 2 2 40 5
219879472 2 13942 R 5.0 4 1 580 15
223949141 1 14230 R 3.0 4 1 21 6
224265440 2 14223 R 7.0 3 2 319 16
228735457 2 14509 R 10.0 2 3 345 17
233096165 2 14788 R 13.0 1 4 366 18
237558327 2 15074 R 14.0 1 4 652 19
241951920 2 15355 R 4.0 4 1 868 20
246312554 2 15634 R 8.0 4 2 320 21
250280687 1 15915 R 9.0 1 3 61 7
250770642 2 15919 R 11.0 3 3 72 22
255178288 2 16201 R 5.0 5 1 302 23
259626921 2 16486 R 13.0 2 4 373 24
263587076 1 16767 R 6.0 3 2 42 8
263942077 2 16762 R 10.0 3 3 65 25
267926317 1 17045 R 3.0 5 1 15 9
268318541 2 17042 R 14.0 2 4 85 26
272790489 2 17328 R 4.0 5 1 299 27
277223766 2 17612 R 7.0 4 2 1171 28
281615164 2 17893 R 8.0 5 2 604 29
290449287 2 18459 R 7.0 5 2 47 30
294383148 1 18738 R 9.0 2 3 64 10
294867005 2 18741 R 5.0 6 1 305 31
299253159 2 19022 R 13.0 3 4 371 32
303176955 1 19301 R 12.0 1 4 86 11
303607889 2 19301 R 11.0 4 3 634 33
307594470 1 19583 R 3.0 6 1 295 12
308034558 2 19584 R 4.0 6 1 297 34
312056415 1 19869 R 6.0 4 2 616 13
312395563 2 19863 R 10.0 4 3 626 35
316857643 2 20149 R 14.0 3 4 652 36
321186829 2 20426 R 8.0 6 2 601 37
325629610 2 20710 R 13.0 4 4 368 38
329674237 1 20996 R 9.0 3 3 67 14
330085226 2 20995 R 7.0 6 2 39 39
334044743 1 21276 R 12.0 2 4 88 15
334422883 2 21273 R 5.0 7 1 578 40
338383634 1 21554 R 3.0 7 1 13 16
338808645 2 21554 R 10.0 5 3 60 41
343288625 2 21840 R 8.0 7 2 330 42
347222082 1 22119 R 6.0 5 2 38 17
347718172 2 22124 R 11.0 5 3 1764 43
352045132 2 22401 R 14.0 4 4 648 44
356507434 2 22686 R 11.0 6 3 347 45
360434662 1 22965 R 9.0 4 3 62 18
360900845 2 22968 R 4.0 7 1 860 46
365318333 2 23250 R 13.0 5 4 371 47
369719724 2 23532 R 7.0 7 2 605 48
374090088 2 23812 R 5.0 8 1 585 49
378146795 1 24099 R 12.0 3 4 92 19
378510927 2 24095 R 10.0 6 3 64 50
382485751 1 24376 R 3.0 8 1 17 20
382883840 2 24374 R 14.0 5 4 650 51
386918546 1 24660 R 6.0 6 2 43 21
387269602 2 24655 R 8.0 8 2 886 52
391749559 2 24942 R 11.0 7 3 630 53
395725678 1 25224 R 9.0 5 3 64 22
396117756 2 25221 R 7.0 8 2 603 54
400550924 2 25505 R 4.0 8 1 1428 55
404889508 2 25783 R 10.0 7 3 60 56
409361687 2 26069 R 13.0 6 4 933 57
413751462 2 26350 R 5.0 9 1 582 58
417718400 1 26631 R 12.0 4 4 85 23
418183907 2 26634 R 7.0 9 2 41 59
422182217 1 26917 R 3.0 9 1 20 24
422578296 2 26915 R 14.0 6 4 934 60
426490154 1 27193 R 6.0 7 2 37 25
426938724 2 27194 R 8.0 9 2 602 61
431401182 2 27480 R 11.0 8 3 637 62
435422280 1 27764 R 9.0 6 3 67 26
435794981 2 27761 R 4.0 9 1 1144 63
440155550 2 28040 R 13.0 7 4 366 64
444541742 2 28321 R 5.0 10 1 296 65
448603831 1 28608 R 12.0 5 4 88 27
453372041 2 28886 R 10.0 8 3 625 66
457348365 1 29167 R 6.0 8 2 38 28
457758221 2 29166 R 8.0 10 2 603 67
461781571 1 29451 R 3.0 10 1 16 29
462237829 2 29453 R 14.0 7 4 933 68
466634022 2 29734 R 4.0 10 1 1143 69
470994203 2 30013 R 11.0 9 3 912 70
475380791 2 30294 R 7.0 10 2 1170 71
479399270 1 30579 R 9.0 7 3 62 30
484211148 2 30859 R 13.0 8 4 1496 72
488175434 1 31140 R 12.0 6 4 84 31
488596850 2 31140 R 5.0 11 1 859 73
493076585 2 31427 R 8.0 11 2 896 74
497472721 2 31708 R 4.0 11 1 1142 75
501450298 1 31990 R 6.0 9 2 42 32
501833248 2 31987 R 10.0 9 3 1192 76
505883557 1 32274 R 3.0 11 1 19 33
506295313 2 32273 R 14.0 8 4 1217 77
510284833 1 32555 R 9.0 8 3 72 34
514655410 1 32835 R 12.0 7 4 87 35
515079189 2 32835 R 7.0 11 2 2021 78
519499817 2 33118 R 4.0 12 1 586 79
523861155 2 33397 R 11.0 10 3 2316 80
528246725 2 33678 R 13.0 9 4 1776 81
532701264 2 33963 R 5.0 12 1 1437 82
537121879 2 34246 R 8.0 12 2 895 83
541482815 2 34525 R 14.0 9 4 1494 84
545503989 1 34809 R 6.0 10 2 40 36
545869284 2 34805 R 11.0 11 3 1469 85
549859079 1 35088 R 3.0 12 1 297 37
554307144 1 35373 R 9.0 9 3 346 38
554744031 2 35373 R 4.0 13 1 859 86
558691476 1 35653 R 12.0 8 4 368 39
559105370 2 35653 R 10.0 10 3 2036 87
563491062 2 35933 R 7.0 12 2 2296 88
567971017 2 36220 R 13.0 10 4 2062 89
572419281 2 36505 R 5.0 13 1 1152 90
576326925 1 36782 R 6.0 11 2 45 40
576711811 2 36779 R 11.0 12 3 1190 91
580742623 1 37065 R 3.0 13 1 303 41
581210965 2 37067 R 10.0 11 3 1195 92
585567553 2 37346 R 7.0 13 2 1736 93
589988173 2 37629 R 4.0 14 1 578 94
593923675 1 37908 R 9.0 10 3 62 42
594405922 2 37912 R 8.0 13 2 2016 95
598387531 1 38194 R 12.0 9 4 89 43
598807776 2 38193 R 14.0 10 4 2344 96
602820571 1 38478 R 3.0 14 1 20 44
603215178 2 38476 R 13.0 11 4 1780 97
607663498 2 38760 R 8.0 14 2 1181 98
611627820 1 39041 R 6.0 12 2 43 45
611955890 2 39035 R 11.0 13 3 1470 99
616421962 2 39321 R 10.0 12 3 632 100
620403582 1 39603 R 9.0 11 3 68 46
620812030 2 39602 R 5.0 14 1 1713 101
625232650 2 39885 R 4.0 15 1 865 102
629148429 1 40163 R 12.0 10 4 84 47
629593821 2 40164 R 7.0 14 2 2011 103
634052314 2 40449 R 14.0 11 4 1779 104
637986669 1 40728 R 3.0 15 1 15 48
638422665 2 40729 R 13.0 12 4 1495 105
642907968 2 41016 R 8.0 15 2 1172 106
646793711 1 41292 R 6.0 13 2 38 49
647200430 2 41291 R 11.0 14 3 1186 107
651699256 2 41579 R 14.0 12 4 374 108
655694595 1 41862 R 9.0 12 3 67 50
656027027 2 41856 R 7.0 15 2 1737 109
660412866 2 42136 R 5.0 15 1 1704 110
664892815 2 42423 R 10.0 13 3 1757 111
669288239 2 42704 R 4.0 16 1 1151 112
673250551 1 42985 R 12.0 11 4 86 51
673705805 2 42987 R 13.0 13 4 1779 113
677683122 1 43269 R 3.0 16 1 19 52
678034988 2 43264 R 7.0 16 2 1447 114
686490319 1 43833 R 9.0 13 3 65 53
686894868 2 43831 R 8.0 16 2 1448 115
690860680 1 44112 R 6.0 14 2 39 54
691315413 2 44114 R 4.0 17 1 578 116
695706055 2 44395 R 11.0 15 3 2037 117
700126447 2 44678 R 7.0 17 2 887 118
704487830 2 44957 R 10.0 14 3 2041 119
708873547 2 45238 R 5.0 16 1 2274 120
712947017 1 45526 R 12.0 12 4 89 55
713305479 2 45521 R 4.0 18 1 13 121
717254781 1 45801 R 3.0 17 1 13 56
717704406 2 45803 R 13.0 14 4 2340 122
721781326 1 46091 R 6.0 15 2 44 57
722090401 2 46084 R 14.0 13 4 2339 123
726570208 2 46370 R 11.0 16 3 1757 124
730557149 1 46653 R 9.0 14 3 66 58
730938311 2 46650 R 8.0 17 2 1730 125
735392833 2 46935 R 10.0 15 3 1484 126
739731931 2 47213 R 13.0 15 4 2059 127
744117831 2 47493 R 5.0 17 1 1989 128
752992715 2 48061 R 4.0 19 1 297 129
756951411 1 48342 R 12.0 13 4 87 59
757353847 2 48340 R 7.0 18 2 2568 130
761355166 1 48624 R 6.0 16 2 322 60
761740068 2 48621 R 14.0 14 4 2338 131
765803655 1 48909 R 3.0 18 1 303 61
766219784 2 48908 R 11.0 17 3 1474 132
770187758 1 49189 R 9.0 15 3 346 62
770668061 2 49193 R 8.0 18 2 1738 133
774960521 2 49467 R 10.0 16 3 1469 134
779459328 2 49755 R 13.0 17 4 372 135
783816239 2 50034 R 5.0 18 1 1994 136
788236804 2 50317 R 4.0 20 1 578 137
792598061 2 50596 R 7.0 19 2 2293 138
796644049 1 50882 R 12.0 14 4 89 63
796984204 2 50877 R 13.0 16 4 3185 139
801014669 1 51162 R 6.0 17 2 327 64
801464011 2 51163 R 14.0 15 4 2626 140
805448986 1 51446 R 9.0 16 3 66 65
805912487 2 51448 R 11.0 18 3 2332 141
809786691 1 51723 R 3.0 19 1 296 66
810204421 2 51723 R 8.0 19 2 2295 142
814670124 2 52009 R 14.0 16 4 932 143
819031075 2 52288 R 7.0 20 2 2011 144
823417140 2 52568 R 5.0 19 1 1987 145
827404532 1 52851 R 12.0 15 4 85 67
827859979 2 52853 R 10.0 17 3 2045 146
831855161 1 53136 R 6.0 18 2 321 68
832313869 2 53138 R 4.0 21 1 1426 147
836272408 1 53419 R 3.0 20 1 305 69
836653154 2 53416 R 8.0 20 2 2012 148
840672134 1 53700 R 9.0 17 3 346 70
841039164 2 53696 R 7.0 21 2 1731 149
845517148 2 53983 R 11.0 19 3 2040 150
849887515 2 54263 R 13.0 18 4 2341 151
853884294 1 54546 R 6.0 19 2 41 71
854319776 2 54546 R 4.0 22 1 297 152
858681027 2 54825 R 10.0 18 3 2036 153
862660469 1 55107 R 12.0 16 4 85 72
863142908 2 55111 R 5.0 20 1 2272 154
867124357 1 55393 R 3.0 21 1 19 73
867536835 2 55392 R 13.0 19 4 1217 155
871897585 2 55671 R 14.0 17 4 2340 156
875962675 1 55959 R 9.0 18 3 67 74
876283290 2 55952 R 7.0 22 2 2299 157
880715149 2 56236 R 4.0 23 1 13 158
885114155 2 56517 R 11.0 20 3 2316 159
889499832 2 56798 R 8.0 21 2 2577 160
893580900 1 57086 R 6.0 20 2 44 75
893969443 2 57084 R 13.0 20 4 652 161
898330624 2 57363 R 14.0 18 4 2058 162
902356927 1 57648 R 12.0 17 4 88 76
902716379 2 57644 R 5.0 21 1 2278 163
906695819 1 57926 R 3.0 22 1 13 77
907196225 2 57930 R 7.0 23 2 2306 164
911623350 2 58214 R 10.0 19 3 2884 165
915931251 2 58489 R 11.0 21 3 2316 166
919939799 1 58773 R 9.0 19 3 63 78
920402409 2 58776 R 4.0 24 1 297 167
924341330 1 59055 R 6.0 21 2 38 79
924792878 2 59057 R 8.0 22 2 2858 168
929169248 2 59337 R 10.0 20 3 2035 169
933631323 2 59622 R 7.0 24 2 2308 170
938025087 2 59903 R 11.0 22 3 1193 171
942053466 1 60189 R 12.0 18 4 91 80
942442499 2 60186 R 14.0 19 4 2626 172
946392423 1 60466 R 3.0 23 1 17 81
946844181 2 60468 R 13.0 21 4 2344 173
951214340 2 60748 R 5.0 22 1 2559 174
955634833 2 61030 R 8.0 24 2 607 175
959636259 1 61314 R 9.0 20 3 66 82
960007798 2 61310 R 8.0 23 2 3139 176
964038276 1 61596 R 6.0 22 2 327 83
964470155 2 61596 R 10.0 21 3 1757 177
968863019 2 61877 R 4.0 25 1 867 178
973253596 2 62158 R 7.0 25 2 2293 179
977219383 1 62439 R 3.0 24 1 16 84
977629825 2 62438 R 5.0 23 1 2273 180
982088333 2 62723 R 14.0 20 4 2345 181
986089111 1 63007 R 12.0 19 4 89 85
986458699 2 63003 R 13.0 22 4 2341 182
990914414 2 63288 R 13.0 23 4 936 183
994802397 1 63565 R 9.0 21 3 59 86
995252075 2 63566 R 11.0 23 3 2599 184
999329360 1 63854 R 6.0 23 2 327 87
999638064 2 63847 R 10.0 22 3 2032 185
1004117622 2 64133 R 7.0 26 2 1453 186
1008485968 2 64413 R 5.0 24 1 1709 187
1012918602 2 64697 R 8.0 25 2 2022 188
1016933583 1 64981 R 12.0 20 4 91 88
1017279656 2 64976 R 14.0 21 4 2340 189
1021255442 1 65257 R 3.0 25 1 302 89
1021729724 2 65260 R 4.0 26 1 1713 190
1026090702 2 65540 R 11.0 24 3 2317 191
1030093348 1 65823 R 9.0 22 3 63 90
1030476682 2 65820 R 10.0 23 3 2034 192
1034908258 2 66104 R 4.0 27 1 15 193
1038900413 1 66387 R 6.0 24 2 39 91
1039307108 2 66385 R 8.0 26 2 1732 194
1043270893 1 66667 R 3.0 26 1 14 92
1043693307 2 66666 R 13.0 24 4 1775 195
1052552947 2 67233 R 5.0 25 1 1992 196
1056546212 1 67516 R 12.0 21 4 89 93
1056929170 2 67513 R 7.0 27 2 2577 197
1061379384 2 67798 R 8.0 27 2 1168 198
1065384291 1 68082 R 9.0 23 3 66 94
1065740431 2 68077 R 14.0 22 4 2905 199
1069786036 1 68363 R 6.0 25 2 42 95
1070126407 2 68358 R 11.0 25 3 2316 200
1074606152 2 68645 R 10.0 24 3 2326 201
1079001083 2 68926 R 4.0 28 1 575 202
1083362194 2 69205 R 7.0 28 2 1446 203
1087372823 1 69489 R 3.0 27 1 17 96
1087824436 2 69491 R 5.0 26 1 1713 204
1092153927 2 69768 R 14.0 23 4 2058 205
1096213398 1 70055 R 12.0 22 4 90 97
1096633809 2 70054 R 13.0 25 4 2344 206
1100599692 1 70336 R 9.0 24 3 346 98
1100991106 2 70333 R 4.0 29 1 16 207
1105390014 2 70615 R 11.0 26 3 2035 208
1109359462 1 70896 R 6.0 26 2 38 99
1109776076 2 70895 R 10.0 25 3 2034 209
1114255593 2 71182 R 8.0 28 2 2015 210
1118650931 2 71463 R 10.0 26 3 628 211
1122619552 1 71745 R 12.0 23 4 87 100
1123041456 2 71744 R 14.0 24 4 1778 212
1127036686 1 72027 R 3.0 28 1 17 101
1127474012 2 72028 R 7.0 29 2 1740 213
1131877589 2 72310 R 5.0 27 1 1999 214
1136235288 2 72589 R 4.0 30 1 11 215
1140233656 1 72872 R 9.0 25 3 63 102
1140634230 2 72870 R 13.0 26 4 2622 216
1144713736 1 73159 R 6.0 27 2 328 103
1145096316 2 73156 R 11.0 27 3 2038 217
1149497708 2 73438 R 8.0 29 2 2299 218
1153442456 1 73717 R 3.0 29 1 16 104
1153905395 2 73720 R 14.0 25 4 1781 219
1162661818 2 74280 R 13.0 27 4 2339 220
1166670817 1 74564 R 12.0 24 4 86 105
1167047567 2 74561 R 5.0 28 1 2277 221
1171056587 1 74845 R 6.0 28 2 38 106
1171516838 2 74847 R 7.0 31 2 596 222
1175536457 1 75131 R 9.0 26 3 68 107
1175878080 2 75126 R 7.0 30 2 2867 223
1180264285 2 75407 R 10.0 27 3 2597 224
1189094692 2 75972 R 8.0 30 2 2575 225
1193076586 1 76254 R 12.0 25 4 86 108
1193480920 2 76253 R 11.0 28 3 2310 226
1197493603 1 76537 R 3.0 30 1 15 109
1197960652 2 76539 R 14.0 26 4 2627 227
1201879646 1 76817 R 6.0 29 2 37 110
1202409052 2 76824 R 13.0 28 4 2346 228
1206701069 2 77099 R 5.0 29 1 1987 229
1210764908 1 77386 R 9.0 27 3 66 111
1211166796 2 77384 R 14.0 27 4 933 230
1215557326 2 77665 R 10.0 28 3 2322 231
1219977532 2 77948 R 4.0 32 1 582 232
1223899585 1 78227 R 12.0 26 4 84 112
1224338850 2 78227 R 7.0 32 2 2293 233
1228724828 2 78508 R 8.0 31 2 2575 234
1232722120 1 78791 R 3.0 31 1 15 113
1233204715 2 78795 R 11.0 29 3 2596 235
1237653204 2 79080 R 13.0 29 4 2910 236
1241513629 1 79354 R 6.0 30 2 37 114
1245993358 1 79641 R 9.0 28 3 65 115
1246366363 2 79637 R 5.0 30 1 2271 237
1250752349 2 79918 R 8.0 32 2 2004 238
1255232298 2 80205 R 10.0 29 3 2328 239
1259627180 2 80486 R 4.0 33 1 581 240
1263658625 1 80771 R 12.0 27 4 92 116
1264017942 2 80767 R 11.0 30 3 2601 241
1268394221 2 81047 R 13.0 30 4 2341 242
1272356148 1 81328 R 6.0 31 2 37 117
1272856102 2 81333 R 7.0 33 2 2862 243
1276867132 1 81617 R 3.0 32 1 20 118
1277257932 2 81614 R 14.0 28 4 2908 244
1281628077 2 81894 R 5.0 31 1 1989 245
1286000439 2 82174 R 7.0 34 2 2010 246
1290032965 1 82459 R 9.0 29 3 64 119
1290466438 2 82460 R 11.0 31 3 1755 247
1294827043 2 82739 R 8.0 33 2 2294 248
1298886903 1 83026 R 6.0 32 2 43 120
1299212694 2 83019 R 5.0 32 1 855 249
1303304360 1 83309 R 12.0 28 4 90 121
1303693067 2 83306 R 13.0 31 4 2344 250
1308088363 2 83587 R 4.0 34 1 1428 251
1312449406 2 83867 R 14.0 29 4 2622 252
1316501233 1 84153 R 3.0 33 1 19 122
1316835101 2 84147 R 8.0 34 2 1732 253
1321314835 2 84434 R 7.0 35 2 2014 254
1325731429 2 84717 R 4.0 35 1 582 255
1330071470 2 84994 R 11.0 32 3 2325 256
1334035411 1 85275 R 9.0 30 3 60 123
1334457472 2 85275 R 14.0 30 4 1776 257
1338499748 1 85561 R 12.0 29 4 88 124
1338937136 2 85562 R 10.0 31 3 2320 258
1342932743 1 85845 R 6.0 33 2 330 125
1343385695 2 85846 R 13.0 32 4 2347 259
1347677707 2 86121 R 5.0 33 1 1424 260
1352143268 2 86407 R 13.0 33 4 369 261
1356145029 1 86690 R 3.0 34 1 19 126
1356504364 2 86686 R 7.0 36 2 1730 262
1360890280 2 86967 R 8.0 35 2 1737 263
1365360016 2 87253 R 4.0 36 1 1149 264
1369344231 1 87535 R 12.0 30 4 89 127
1369721069 2 87532 R 11.0 33 3 2035 265
1373761589 1 87818 R 6.0 34 2 330 128
1374107058 2 87813 R 10.0 32 3 2034 266
1378147639 1 88099 R 9.0 31 3 347 129
1378586926 2 88099 R 14.0 31 4 2063 267
1382954972 2 88379 R 5.0 34 1 1707 268
1387375281 2 88662 R 14.0 32 4 86 269
1391805160 2 88945 R 8.0 36 2 2023 270
1396183549 2 89226 R 11.0 34 3 1764 271
1400212095 1 89511 R 12.0 31 4 90 130
1400603952 2 89508 R 4.0 37 1 865 272
1404551451 1 89788 R 3.0 35 1 306 131
1404994356 2 89789 R 7.0 37 2 2295 273
1408984310 1 90072 R 6.0 35 2 323 132
1409415261 2 90072 R 8.0 37 2 1169 274
1413376160 1 90353 R 9.0 32 3 345 133
1413776334 2 90351 R 13.0 34 4 2623 275
1418238482 2 90637 R 10.0 33 3 2042 276
1422639795 2 90919 R 5.0 35 1 1996 277
1431071970 1 91486 R 6.0 36 2 43 134
1431398177 2 91479 R 7.0 38 2 2299 278
1435784309 2 91760 R 11.0 35 3 1755 279
1439801041 1 92044 R 3.0 36 1 16 135
1440264039 2 92047 R 13.0 35 4 1780 280
1444218496 1 92327 R 12.0 32 4 88 136
1444659330 2 92328 R 4.0 38 1 1145 281
1448604213 1 92608 R 9.0 33 3 63 137
1449020237 2 92607 R 8.0 38 2 1729 282
1453406143 2 92888 R 5.0 36 1 1423 283
1457838028 2 93171 R 4.0 39 1 14 284
1461895031 1 93458 R 6.0 37 2 43 138
1462236941 2 93453 R 14.0 33 4 2340 285
1466218522 1 93735 R 3.0 37 1 15 139
1466695269 2 93738 R 13.0 36 4 1781 286
1475041435 1 94300 R 12.0 33 4 87 140
1475497779 2 94302 R 14.0 34 4 933 287
1479930699 2 94585 R 10.0 35 3 630 288
1484264532 2 94863 R 10.0 34 3 4873 289
1488726552 2 95148 R 7.0 39 2 3150 290
1492643814 1 95426 R 9.0 34 3 61 141
1493128304 2 95430 R 11.0 36 3 3445 291
1501529011 1 95995 R 6.0 38 2 43 142
1501931306 2 95993 R 13.0 37 4 1498 292
1506276343 2 96271 R 8.0 39 2 5689 293
1510258003 1 96554 R 3.0 38 1 14 143
1510676007 2 96553 R 5.0 37 1 2833 294
1514675461 1 96836 R 12.0 34 4 84 144
1515147615 2 96839 R 4.0 40 1 1421 295
1519508815 2 97118 R 11.0 37 3 3164 296
1523466744 1 97399 R 9.0 35 3 60 145
1523894429 2 97399 R 7.0 40 2 2575 297
1527946475 1 97686 R 6.0 39 2 41 146
1528374390 2 97686 R 14.0 35 4 2344 298
1532769989 2 97967 R 11.0 38 3 2037 299
1537130591 2 98246 R 8.0 40 2 2864 300
1541592683 2 98532 R 5.0 38 1 2275 301
1545611752 1 98816 R 12.0 35 4 92 147
1549903758 1 99091 R 3.0 39 1 14 148
1550376600 2 99094 R 13.0 38 4 2343 302
1554414743 1 99380 R 9.0 36 3 67 149
1554809231 2 99378 R 8.0 41 2 2305 303
1559203143 2 99659 R 10.0 36 3 2889 304
1563563914 2 99938 R 14.0 36 4 2340 305
1567950095 2 100219 R 7.0 41 2 2864 306
1571986507 1 100504 R 6.0 40 2 40 150
1572430061 2 100505 R 11.0 39 3 2321 307
1576825284 2 100787 R 4.0 41 1 3400 308
1580840678 1 101071 R 12.0 36 4 91 151
1581186112 2 101066 R 5.0 39 1 2270 309
1585257692 1 101354 R 9.0 37 3 68 152
1585644665 2 101351 R 10.0 37 3 2036 310
1589643734 1 101634 R 3.0 40 1 19 153
1594447439 2 101914 R 4.0 42 1 2552 311
1598403931 1 102195 R 6.0 41 2 41 154
1598879831 2 102198 R 4.0 43 1 861 312
1603213760 2 102475 R 8.0 42 2 4289 313
1607599972 2 102756 R 14.0 37 4 2621 314
1616069026 1 103326 R 9.0 38 3 65 155
1616459765 2 103323 R 13.0 39 4 4034 315
1620486259 1 103608 R 3.0 41 1 20 156
1620880526 2 103606 R 8.0 43 2 2018 316
1624872405 1 103889 R 12.0 37 4 88 157
1625298204 2 103889 R 11.0 40 3 3448 317
1629226911 1 104168 R 6.0 42 2 39 158
1629691564 2 104170 R 7.0 43 2 2303 318
1634052388 2 104449 R 7.0 42 2 4549 319
1638438584 2 104730 R 13.0 40 4 3749 320
1642918042 2 105017 R 5.0 40 1 3685 321
1647313550 2 105298 R 4.0 44 1 1991 322
1651674606 2 105577 R 10.0 38 3 4011 323
1655646481 1 105858 R 6.0 43 2 37 159
1656060588 2 105858 R 11.0 41 3 3446 324
1660048375 1 106140 R 3.0 42 1 298 160
1664543957 1 106428 R 12.0 38 4 372 161
1664891160 2 106423 R 14.0 38 4 3750 325
1668904339 1 106707 R 9.0 39 3 633 162
1669277227 2 106703 R 13.0 41 4 3186 326
1673756662 2 106990 R 5.0 41 1 3124 327
1678152255 2 107272 R 4.0 45 1 1425 328
1682513003 2 107551 R 7.0 44 2 3419 329
1686899133 2 107831 R 8.0 44 2 4298 330
1690937431 1 108117 R 3.0 43 1 17 163
1691379028 2 108118 R 10.0 39 3 4019 331
1695773938 2 108399 R 4.0 46 1 576 332
1699744494 1 108681 R 9.0 40 3 63 164
1700192015 2 108682 R 11.0 42 3 4008 333
1704115389 1 108960 R 6.0 44 2 320 165
1704593554 2 108964 R 14.0 39 4 4318 334
1708579615 1 109246 R 12.0 39 4 372 166
1708963987 2 109243 R 13.0 42 4 3468 335
1713358916 2 109525 R 7.0 46 2 891 336
1717757147 2 109806 R 5.0 42 1 3399 337
1722219586 2 110092 R 10.0 40 3 3449 338
1726228386 1 110376 R 9.0 41 3 72 167
1726612465 2 110373 R 4.0 47 1 582 339
1730630061 1 110657 R 3.0 44 1 20 168
1731003002 2 110654 R 7.0 45 2 3983 340
1735435863 2 110938 R 8.0 45 2 4272 341
1739406168 1 111219 R 12.0 40 4 88 169
1739839729 2 111219 R 11.0 43 3 4577 342
1743745400 1 111497 R 6.0 45 2 323 170
1744288205 2 111504 R 14.0 40 4 4039 343
1748580376 2 111779 R 13.0 43 4 3467 344
1753078985 2 112067 R 10.0 42 3 349 345
1757436329 2 112346 R 11.0 44 3 3729 346
1761812328 2 112626 R 8.0 46 2 3421 347
1765786310 1 112907 R 3.0 45 1 16 171
1766198607 2 112906 R 10.0 41 3 3444 348
1770266053 1 113194 R 9.0 42 3 65 172
1770678347 2 113193 R 14.0 41 4 2908 349
1774589691 1 113471 R 12.0 41 4 85 173
1775073648 2 113474 R 4.0 48 1 1424 350
1779434699 2 113754 R 13.0 44 4 2904 351
1783412350 1 114036 R 6.0 46 2 38 174
1783820687 2 114034 R 11.0 45 3 3162 352
1788300121 2 114321 R 5.0 43 1 3127 353
1792695336 2 114602 R 4.0 49 1 582 354
1797085841 2 114883 R 7.0 47 2 3704 355
1801014838 1 115162 R 9.0 43 3 61 175
1801518637 2 115167 R 8.0 47 2 3143 356
1805848260 2 115444 R 14.0 42 4 2620 357
1809900017 1 115731 R 3.0 46 1 18 176
1810327931 2 115731 R 13.0 45 4 2908 358
1818754264 1 116297 R 12.0 42 4 91 177
1819116461 2 116293 R 11.0 47 3 64 359
1823489627 2 116573 R 7.0 48 2 3420 360
1827451770 1 116854 R 6.0 47 2 37 178
1827875838 2 116854 R 10.0 43 3 3443 361
1832355374 2 117141 R 5.0 44 1 3120 362
1836368282 1 117425 R 3.0 47 1 20 179
1836723718 2 117420 R 8.0 48 2 3422 363
1840723089 1 117703 R 9.0 44 3 66 180
1841178022 2 117705 R 4.0 50 1 1147 364
1845171792 1 117988 R 12.0 43 4 90 181
1845517447 2 117983 R 11.0 46 3 4292 365
1849903455 2 118264 R 13.0 46 4 3185 366
1854383193 2 118550 R 14.0 43 4 3190 367
1858831369 2 118835 R 7.0 49 2 2864 368
1863123612 2 119110 R 5.0 45 1 2833 369
1867622235 2 119398 R 8.0 50 2 319 370
1871544064 1 119676 R 6.0 48 2 41 182
1871950272 2 119675 R 8.0 49 2 3423 371
1875952012 1 119958 R 3.0 48 1 305 183
1876412738 2 119960 R 10.0 44 3 3732 372
1880400019 1 120243 R 9.0 45 3 66 184
1880805639 2 120241 R 4.0 51 1 862 373
1885167122 2 120520 R 13.0 47 4 3750 374
1889223011 1 120807 R 12.0 44 4 89 185
1889625291 2 120806 R 14.0 44 4 2907 375
1893995729 2 121085 R 10.0 45 3 2883 376
1898390249 2 121367 R 4.0 52 1 15 377
1902788963 2 121648 R 7.0 50 2 3702 378
1906825307 1 121934 R 3.0 49 1 19 186
1907174879 2 121929 R 5.0 46 1 3115 379
1911180050 1 122213 R 9.0 46 3 64 187
1911654839 2 122216 R 13.0 48 4 2909 380
1915629066 1 122497 R 6.0 49 2 326 188
1916023406 2 122495 R 11.0 48 3 3446 381
1920455242 2 122779 R 7.0 52 2 886 382
1924845993 2 123060 R 14.0 45 4 2907 383
1928857024 1 123344 R 12.0 45 4 87 189
1929202470 2 123339 R 7.0 51 2 3136 384
1933672136 2 123625 R 14.0 46 4 933 385
1937648309 1 123907 R 3.0 50 1 17 190
1938033258 2 123904 R 10.0 46 3 3735 386
1942419012 2 124185 R 5.0 47 1 3398 387
1946899018 2 124471 R 13.0 49 4 3472 388
1950814083 1 124749 R 9.0 47 3 71 191
1951294280 2 124753 R 4.0 53 1 1150 389
1955262569 1 125034 R 6.0 50 2 40 192
1955655328 2 125032 R 11.0 49 3 3452 390
1960041170 2 125312 R 8.0 51 2 3708 391
1964483717 2 125597 R 5.0 48 1 2279 392
1968485272 1 125880 R 12.0 46 4 89 193
1968878632 2 125878 R 13.0 51 4 86 393
1972877309 1 126161 R 3.0 51 1 300 194
1973277473 2 126160 R 10.0 47 3 3444 394
1977663220 2 126440 R 8.0 52 2 3139 395
1986493952 2 127005 R 13.0 50 4 3469 396
1990573118 1 127294 R 9.0 48 3 66 195
1990879792 2 127286 R 7.0 53 2 2850 397
1994896740 1 127571 R 6.0 51 2 39 196
1999739882 2 127853 R 11.0 50 3 3446 398
2004096473 2 128132 R 10.0 48 3 3444 399
2008125117 1 128417 R 12.0 47 4 87 197
2008576149 2 128419 R 14.0 47 4 3471 400
2012510866 1 128698 R 3.0 52 1 16 198
2012971382 2 128700 R 11.0 52 3 624 401
2017332411 2 128979 R 8.0 53 2 3703 402
2021718324 2 129260 R 5.0 49 1 3683 403
2025801693 1 129548 R 6.0 52 2 44 199
2030125116 1 129825 R 9.0 49 3 68 200
2030549117 2 129825 R 11.0 51 3 3727 404
2034934881 2 130106 R 7.0 54 2 3985 405
2039377736 2 130390 R 14.0 48 4 3469 406
2043809532 2 130674 R 11.0 53 3 61 407
2047759123 1 130954 R 12.0 48 4 86 201
2048171193 2 130953 R 10.0 49 3 3732 408
2052633200 2 131238 R 7.0 55 2 3142 409
2056560174 1 131517 R 9.0 50 3 62 202
2057026358 2 131519 R 4.0 56 1 578 410
2061030629 1 131803 R 3.0 53 1 304 203
2061416894 2 131800 R 5.0 50 1 3686 411
2065353626 1 132080 R 6.0 53 2 37 204
2065849754 2 132084 R 8.0 54 2 3993 412
2070251579 2 132366 R 13.0 52 4 4318 413
2074621948 2 132646 R 14.0 49 4 3469 414
2083415432 2 133208 R 13.0 53 4 3469 415
2087449574 1 133494 R 3.0 54 1 24 205
2087801169 2 133489 R 7.0 56 2 3704 416
2091851405 1 133776 R 12.0 49 4 88 206
2092281119 2 133776 R 10.0 50 3 3730 417
2096222095 1 134055 R 9.0 51 3 352 207
2096676425 2 134057 R 8.0 56 2 1449 418
2101037258 2 134336 R 8.0 55 2 3421 419
2105499553 2 134622 R 14.0 50 4 2627 420
2109496694 1 134905 R 6.0 54 2 44 208
2109892902 2 134903 R 4.0 57 1 1427 421
2114253738 2 135182 R 7.0 57 2 3144 422
2118210145 1 135463 R 3.0 55 1 13 209
2118639946 2 135463 R 10.0 51 3 3439 423
2123119532 2 135749 R 5.0 51 1 2838 424
2127142491 1 136034 R 12.0 50 4 91 210
2127488113 2 136029 R 11.0 54 3 2882 425
2131512566 1 136314 R 9.0 52 3 66 211
2131920079 2 136313 R 4.0 58 1 860 426
2136281553 2 136592 R 13.0 54 4 4315 427
2140257197 1 136874 R 6.0 55 2 38 212
2140667607 2 136872 R 13.0 55 4 2903 428
2149498110 2 137438 R 14.0 51 4 3187 429
2153948378 2 137722 R 10.0 53 3 1474 430
2158309208 2 138002 R 10.0 52 3 3729 431
2162360947 1 138288 R 3.0 56 1 20 213
2162694967 2 138282 R 5.0 52 1 3399 432
2166715914 1 138567 R 12.0 51 4 88 214
2167174628 2 138569 R 8.0 57 2 3425 433
2171164592 1 138852 R 6.0 56 2 329 215
2171543120 2 138849 R 7.0 58 2 3987 434
2175581482 1 139134 R 9.0 53 3 66 216
2175997158 2 139134 R 4.0 59 1 1707 435
2180336920 2 139411 R 11.0 55 3 4011 436
2184722791 2 139692 R 13.0 56 4 3184 437
2189202461 2 139979 R 14.0 52 4 3190 438
2193597346 2 140260 R 4.0 60 1 861 439
2197958877 2 140539 R 11.0 56 3 3162 440
2201944494 1 140822 R 12.0 52 4 86 217
2202344608 2 140820 R 7.0 59 2 3138 441
2206433708 1 141109 R 6.0 57 2 44 218
2206824366 2 141107 R 5.0 53 1 3404 442
2210810348 1 141389 R 3.0 57 1 302 219
2211192752 2 141386 R 8.0 58 2 3423 443
2215195920 1 141670 R 9.0 54 3 64 220
2215587688 2 141667 R 14.0 54 4 85 444
2219986384 2 141949 R 10.0 54 3 3730 445
2224435954 2 142234 R 4.0 61 1 301 446
2228826719 2 142515 R 14.0 53 4 3188 447
2233259577 2 142798 R 13.0 57 4 3472 448
2237260618 1 143082 R 3.0 58 1 29 221
2237661217 2 143080 R 10.0 55 3 3165 449
2242031536 2 143360 R 11.0 57 3 3445 450
2246005599 1 143641 R 12.0 53 4 86 222
2246426314 2 143641 R 14.0 55 4 85 451
2250438587 1 143925 R 6.0 58 2 323 223
2250824858 2 143923 R 5.0 54 1 3686 452
2254839710 1 144207 R 9.0 55 3 63 224
2255287053 2 144208 R 8.0 59 2 3425 453
2259680190 2 144489 R 4.0 62 1 300 454
2264098050 2 144772 R 7.0 60 2 4553 455
2268427622 2 145049 R 13.0 58 4 3185 456
2272426701 1 145332 R 3.0 59 1 15 225
2272907345 2 145336 R 11.0 58 3 3166 457
2277355612 2 145621 R 5.0 55 1 3404 458
2281267248 1 145898 R 12.0 54 4 87 226
2285653361 1 146179 R 9.0 56 3 346 227
2286069263 2 146178 R 10.0 56 3 3446 459
2290132682 1 146466 R 6.0 59 2 43 228
2290454908 2 146459 R 7.0 61 2 3705 460
2294934643 2 146746 R 8.0 60 2 3425 461
2299330171 2 147027 R 8.0 61 2 1166 462
2303691238 2 147306 R 13.0 59 4 3750 463
2307672792 1 147588 R 3.0 60 1 15 229
2308153458 2 147592 R 11.0 59 3 3167 464
2312546840 2 147873 R 4.0 63 1 1427 465
2316907606 2 148152 R 5.0 56 1 3401 466
2321293838 2 148433 R 10.0 57 3 3168 467
2325300883 1 148716 R 12.0 55 4 86 230
2325773345 2 148719 R 7.0 62 2 3422 468
2329702746 1 148998 R 9.0 57 3 347 231
2330168503 2 149001 R 4.0 64 1 581 469
2334090210 1 149279 R 6.0 60 2 37 232
2334529843 2 149280 R 13.0 60 4 3187 470
2338537291 1 149563 R 3.0 61 1 301 233
2338915827 2 149560 R 14.0 56 4 4033 471
2343395595 2 149847 R 11.0 60 3 3167 472
2347763749 2 150127 R 5.0 57 1 2835 473
2352158655 2 150408 R 13.0 62 4 85 474
2356557283 2 150689 R 8.0 62 2 2857 475
2360943503 2 150970 R 13.0 61 4 3185 476
2364993283 1 151257 R 9.0 58 3 64 234
2365423222 2 151257 R 14.0 57 4 3190 477
2369364130 1 151536 R 6.0 61 2 322 235
2369818529 2 151538 R 4.0 65 1 1146 478
2373736673 1 151816 R 12.0 56 4 364 236
2374179363 2 151817 R 7.0 63 2 3990 479
2378136033 1 152098 R 3.0 62 1 297 237
2378565480 2 152098 R 10.0 58 3 4011 480
2383045222 2 152385 R 11.0 61 3 3730 481
2387402576 2 152664 R 4.0 66 1 10 482
2391473342 1 152951 R 9.0 59 3 68 238
2391801425 2 152945 R 5.0 58 1 3398 483
2395843869 1 153231 R 12.0 57 4 89 239
2396187333 2 153226 R 8.0 63 2 3425 484
