144962988 2 9148 R 5.0 1 1 13 1
149435223 2 9434 R 4.0 1 1 299 2
153442868 1 9718 R 3.0 1 1 19 1
189133886 2 11974 R 8.0 1 2 44 3
197851531 2 12532 R 7.0 1 2 324 4
201908000 1 12819 R 3.0 2 1 20 2
202313661 2 12818 R 5.0 2 1 300 5
206293865 1 13100 R 6.0 1 2 42 3
206728801 2 13101 R 4.0 2 1 301 6
219896901 2 13943 R 11.0 1 3 346 7
224352633 2 14228 R 10.0 1 3 65 8
250817470 2 15922 R 8.0 2 2 332 9
255205259 2 16203 R 7.0 2 2 42 10
259527212 2 16480 R 5.0 3 1 300 11
263569495 1 16766 R 3.0 3 1 18 4
263977085 2 16764 R 4.0 3 1 18 12
267955500 1 17046 R 6.0 2 2 41 5
268332457 2 17043 R 13.0 1 4 364 13
272820222 2 17330 R 14.0 1 4 374 14
276715737 1 17607 R 9.0 1 3 61 6
277174484 2 17609 R 11.0 2 3 63 15
286028491 2 18176 R 10.0 2 3 64 16
312014639 1 19866 R 3.0 4 1 18 7
312402777 2 19864 R 5.0 4 1 12 17
320806092 1 20429 R 6.0 3 2 48 8
321206418 2 20427 R 8.0 3 2 883 18
325592403 2 20708 R 7.0 3 2 595 19
329691681 1 20997 R 12.0 1 4 91 9
330047033 2 20993 R 13.0 2 4 932 20
334015638 1 21274 R 9.0 2 3 353 10
334467780 2 21276 R 4.0 4 1 860 21
338828716 2 21555 R 11.0 3 3 908 22
343290941 2 21840 R 10.0 3 3 355 23
347706394 2 22123 R 14.0 2 4 1780 24
373657145 1 23811 R 3.0 5 1 15 11
374101943 2 23812 R 8.0 4 2 327 25
378478220 2 24092 R 5.0 5 1 583 26
382505507 1 24378 R 12.0 2 4 88 12
382863786 2 24373 R 7.0 4 2 37 27
386844814 1 24655 R 6.0 4 2 318 13
387344089 2 24660 R 13.0 3 4 652 28
391739531 2 24941 R 4.0 5 1 579 29
395682713 1 25221 R 9.0 3 3 62 14
396100427 2 25220 R 11.0 4 3 626 30
400486849 2 25501 R 14.0 3 4 1775 31
404964282 2 25788 R 10.0 4 3 348 32
418225181 2 26636 R 5.0 6 1 26 33
422201743 1 26918 R 3.0 6 1 21 15
435351898 1 27760 R 6.0 5 2 40 16
435728054 2 27756 R 8.0 5 2 34 34
440233694 2 28045 R 13.0 4 4 370 35
444190511 1 28325 R 12.0 3 4 89 17
444619348 2 28326 R 4.0 6 1 301 36
448974315 2 28604 R 14.0 4 4 931 37
453372350 2 28886 R 7.0 5 2 1167 38
457402924 1 29171 R 9.0 4 3 64 18
457758157 2 29166 R 11.0 5 3 906 39
462249506 2 29454 R 10.0 5 3 629 40
471048292 2 30017 R 5.0 7 1 18 41
474989906 1 30297 R 3.0 7 1 16 19
484268515 2 30863 R 7.0 6 2 41 42
488594827 2 31140 R 13.0 5 4 365 43
492578776 1 31422 R 6.0 6 2 37 20
493054228 2 31425 R 4.0 7 1 17 44
497089923 1 31711 R 12.0 4 4 91 21
497518279 2 31711 R 8.0 6 2 52 45
501826491 2 31987 R 10.0 6 3 62 46
506302905 2 32273 R 14.0 5 4 652 47
510635930 2 32551 R 11.0 6 3 343 48
519066632 1 33117 R 9.0 5 3 66 22
523515050 1 33402 R 3.0 8 1 20 23
537106074 2 34245 R 5.0 8 1 303 49
545944103 2 34810 R 7.0 7 2 51 50
550330214 2 35091 R 8.0 7 2 329 51
554699073 2 35371 R 13.0 6 4 649 52
558751548 1 35657 R 12.0 5 4 88 24
559084719 2 35651 R 14.0 6 4 85 53
563106462 1 35936 R 6.0 7 2 326 25
563564383 2 35938 R 11.0 7 3 65 54
567554534 1 36221 R 9.0 6 3 65 26
567960709 2 36219 R 4.0 8 1 1151 55
572350444 2 36500 R 10.0 7 3 627 56
585188399 1 37349 R 3.0 9 1 20 27
594400912 2 37912 R 8.0 8 2 42 57
598786892 2 38192 R 13.0 7 4 88 58
603188838 2 38474 R 5.0 9 1 297 59
607609754 2 38757 R 4.0 9 1 299 60
611551478 1 39036 R 12.0 6 4 85 28
611970583 2 39036 R 7.0 8 2 321 61
616356792 2 39317 R 14.0 7 4 364 62
620405136 1 39603 R 6.0 8 2 41 29
620836475 2 39603 R 11.0 8 3 634 63
625284603 2 39888 R 10.0 8 3 68 64
629227871 1 40168 R 9.0 7 3 65 30
642425358 1 41012 R 3.0 10 1 17 31
651658887 2 41576 R 8.0 9 2 40 65
656070439 2 41858 R 4.0 10 1 18 66
660431762 2 42137 R 5.0 10 1 580 67
664817554 2 42418 R 11.0 9 3 337 68
669297220 2 42705 R 13.0 8 4 652 69
673256000 1 42986 R 12.0 7 4 86 32
673745706 2 42990 R 14.0 8 4 656 70
677673484 1 43268 R 6.0 9 2 323 33
678037942 2 43264 R 10.0 9 3 342 71
682059341 1 43549 R 9.0 8 3 344 34
682525113 2 43551 R 7.0 9 2 603 72
695350113 1 44400 R 3.0 11 1 21 35
713379557 2 45526 R 8.0 10 2 44 73
717701462 2 45803 R 5.0 11 1 300 74
721712901 1 46087 R 6.0 10 2 38 36
722153618 2 46088 R 4.0 11 1 299 75
726586300 2 46371 R 13.0 9 4 654 76
730504355 1 46649 R 12.0 8 4 85 37
730920193 2 46649 R 11.0 10 3 911 77
735306031 2 46929 R 7.0 10 2 885 78
739389255 1 47218 R 9.0 9 3 68 38
739763794 2 47215 R 14.0 9 4 932 79
744166120 2 47496 R 10.0 10 3 909 80
756929700 1 48341 R 3.0 12 1 15 39
766216647 2 48908 R 13.0 10 4 88 81
770586866 2 49187 R 5.0 12 1 16 82
774557636 1 49469 R 6.0 11 2 39 40
775052618 2 49473 R 8.0 11 2 43 83
778959127 1 49751 R 12.0 9 4 85 41
779439024 2 49754 R 4.0 12 1 298 84
783764503 2 50031 R 10.0 11 3 60 85
788236616 2 50317 R 11.0 11 3 628 86
792265713 1 50602 R 9.0 10 3 68 42
792669473 2 50601 R 14.0 10 4 372 87
797061215 2 50882 R 7.0 11 2 886 88
818659732 1 52291 R 3.0 13 1 18 43
827866683 2 52853 R 13.0 11 4 86 89
831872327 1 53137 R 6.0 12 2 42 44
832268354 2 53135 R 5.0 13 1 302 90
836638723 2 53415 R 7.0 12 2 319 91
840648433 1 53699 R 12.0 10 4 87 45
841102674 2 53700 R 4.0 13 1 861 92
845535947 2 53984 R 8.0 12 2 1177 93
849517921 1 54266 R 9.0 11 3 65 46
849869246 2 54261 R 11.0 12 3 625 94
854255230 2 54542 R 10.0 12 3 624 95
858732933 2 54829 R 14.0 11 4 652 96
875974455 1 55960 R 3.0 14 1 21 47
876378038 2 55958 R 13.0 12 4 90 97
880686083 2 56234 R 5.0 14 1 299 98
884750326 1 56521 R 6.0 13 2 42 48
885202988 2 56523 R 8.0 13 2 610 99
889561680 2 56802 R 11.0 13 3 64 100
893916563 2 57080 R 4.0 14 1 294 101
897900633 1 57363 R 12.0 11 4 83 49
898365048 2 57365 R 7.0 13 2 322 102
902765079 2 57647 R 10.0 13 3 352 103
907197607 2 57930 R 14.0 12 4 88 104
911144376 1 58210 R 9.0 12 3 62 50
924817467 2 59058 R 5.0 15 1 19 105
933169939 1 59620 R 3.0 15 1 16 51
933632683 2 59622 R 8.0 14 2 324 106
937987518 2 59901 R 13.0 13 4 369 107
950834988 1 60751 R 6.0 14 2 42 52
951240957 2 60749 R 4.0 15 1 300 108
955252505 1 61033 R 12.0 12 4 90 53
955602140 2 61028 R 11.0 14 3 343 109
959638209 1 61314 R 9.0 13 3 65 54
959987992 2 61309 R 10.0 14 3 343 110
964467726 2 61596 R 14.0 13 4 369 111
968835971 2 61875 R 7.0 14 2 608 112
977661998 2 62440 R 8.0 15 2 48 113
986418505 2 63001 R 5.0 16 1 11 114
990890957 2 63287 R 13.0 14 4 652 115
994874602 1 63569 R 3.0 16 1 18 55
1008034451 1 64411 R 6.0 15 2 37 56
1012918191 2 64697 R 4.0 16 1 297 116
1016841788 1 64975 R 12.0 13 4 85 57
1017351412 2 64980 R 11.0 15 3 348 117
1021336934 1 65263 R 9.0 14 3 65 58
1021778513 2 65264 R 10.0 15 3 349 118
1026164639 2 65544 R 14.0 14 4 372 119
1030528549 2 65824 R 7.0 15 2 597 120
1039306276 2 66385 R 5.0 17 1 15 121
1043331323 1 66670 R 3.0 17 1 21 59
1043803352 2 66673 R 8.0 16 2 54 122
1048170604 2 66953 R 13.0 15 4 370 123
1065339371 1 68079 R 6.0 16 2 44 60
1070145457 2 68359 R 10.0 16 3 349 124
1074531082 2 68640 R 14.0 15 4 83 125
1078630502 1 68930 R 12.0 14 4 90 61
1079022749 2 68927 R 11.0 16 3 632 126
1082953758 1 69206 R 9.0 15 3 63 62
1083439680 2 69210 R 4.0 17 1 874 127
1087839407 2 69492 R 7.0 16 2 325 128
1092189984 2 69770 R 8.0 17 2 39 129
1096561955 2 70050 R 5.0 18 1 9 130
1101050329 2 70337 R 13.0 16 4 370 131
1105049648 1 70620 R 3.0 18 1 19 63
1118262232 1 71466 R 6.0 17 2 45 64
1127417195 2 72025 R 11.0 17 3 345 132
1131443919 1 72310 R 12.0 15 4 87 65
1131872847 2 72310 R 10.0 17 3 65 133
1136319645 2 72594 R 4.0 18 1 309 134
1140686062 2 72874 R 14.0 16 4 89 135
1144593842 1 73151 R 9.0 16 3 61 66
1145081359 2 73155 R 8.0 18 2 45 136
1149436221 2 73434 R 7.0 17 2 38 137
1153885297 2 73718 R 13.0 17 4 369 138
1158239628 2 73997 R 5.0 19 1 14 139
1162243181 1 74281 R 3.0 19 1 15 67
1184331323 1 75694 R 6.0 18 2 43 68
1189131397 2 75974 R 11.0 18 3 351 140
1193060550 1 76253 R 12.0 16 4 86 69
1193518619 2 76255 R 4.0 19 1 11 141
1197905476 2 76536 R 10.0 18 3 345 142
1201883072 1 76818 R 9.0 17 3 61 70
1202398775 2 76823 R 14.0 17 4 655 143
1206769239 2 77103 R 13.0 18 4 369 144
1211139375 2 77383 R 8.0 19 2 321 145
1215575915 2 77667 R 7.0 18 2 605 146
1219485685 1 77944 R 3.0 20 1 13 71
1219916872 2 77945 R 5.0 20 1 14 147
1241550362 1 79356 R 6.0 19 2 39 72
1241955879 2 79355 R 4.0 20 1 14 148
1250419952 1 79924 R 9.0 18 3 67 73
1250828035 2 79923 R 11.0 19 3 64 149
1254728021 1 80200 R 12.0 17 4 82 74
1255229591 2 80205 R 14.0 18 4 88 150
1259599729 2 80484 R 8.0 20 2 37 151
1264017297 2 80767 R 10.0 19 3 343 152
1268449940 2 81051 R 7.0 19 2 609 153
1272851917 2 81332 R 13.0 19 4 934 154
1281246850 1 81897 R 3.0 21 1 19 75
1281699512 2 81899 R 5.0 21 1 20 155
1290518121 2 82463 R 4.0 21 1 24 156
1303303726 1 83309 R 9.0 19 3 66 76
1307689797 1 83589 R 6.0 20 2 43 77
1308021497 2 83583 R 10.0 20 3 61 157
1312542745 2 83873 R 11.0 20 3 348 158
1316450194 1 84150 R 12.0 18 4 86 78
1316928738 2 84153 R 13.0 20 4 372 159
1321283166 2 84432 R 8.0 21 2 325 160
1325731241 2 84717 R 7.0 20 2 42 161
1334506297 2 85278 R 14.0 19 4 1215 162
1338499114 1 85561 R 3.0 22 1 23 79
1343343604 2 85844 R 5.0 22 1 18 163
1347766410 2 86127 R 4.0 22 1 18 164
1356148456 1 86691 R 9.0 20 3 66 80
1356489857 2 86685 R 10.0 21 3 65 165
1364955934 1 87254 R 12.0 19 4 88 81
1365412373 2 87256 R 11.0 21 3 68 166
1369326359 1 87534 R 6.0 21 2 326 82
1369798131 2 87537 R 14.0 20 4 88 167
1374104538 2 87813 R 8.0 22 2 608 168
1378599948 2 88100 R 13.0 21 4 372 169
1382969953 2 88380 R 7.0 21 2 606 170
1400125642 1 89505 R 3.0 23 1 14 83
1400556762 2 89505 R 5.0 23 1 15 171
1404958091 2 89787 R 4.0 23 1 16 172
1409444607 2 90074 R 10.0 22 3 349 173
1413338175 1 90351 R 9.0 21 3 62 84
1413767149 2 90351 R 8.0 23 2 40 174
1422572852 2 90914 R 14.0 21 4 84 175
1426644838 1 91202 R 12.0 20 4 90 85
1430984078 1 91480 R 6.0 22 2 324 86
1431444628 2 91482 R 11.0 22 3 630 176
1435830537 2 91763 R 13.0 22 4 932 177
1440309627 2 92050 R 7.0 22 2 45 178
1449027142 2 92608 R 5.0 24 1 15 179
1457440271 1 93173 R 3.0 24 1 17 87
1466729369 2 93741 R 10.0 23 3 72 180
1475027347 1 94299 R 12.0 21 4 86 88
1475442916 2 94298 R 11.0 23 3 61 181
1479491231 1 94585 R 9.0 22 3 65 89
1479924545 2 94585 R 8.0 24 2 885 182
1484341780 2 94868 R 4.0 24 1 869 183
1488329746 1 95150 R 6.0 23 2 43 90
1488669632 2 95145 R 13.0 23 4 366 184
1493055471 2 95425 R 7.0 23 2 318 185
1497533409 2 95712 R 14.0 22 4 934 186
1506308632 2 96274 R 5.0 25 1 16 187
1510355243 1 96560 R 3.0 25 1 26 91
1515086469 2 96835 R 8.0 25 2 36 188
1519598172 2 97124 R 10.0 24 3 348 189
1532301092 1 97964 R 12.0 22 4 85 92
1532792370 2 97969 R 4.0 25 1 19 190
1536718454 1 98247 R 9.0 23 3 344 93
1541104440 1 98528 R 6.0 24 2 323 94
1545941432 2 98810 R 13.0 24 4 649 191
1550327349 2 99091 R 14.0 23 4 365 192
1554806939 2 99377 R 7.0 24 2 607 193
1559224585 2 99660 R 11.0 24 3 1473 194
1563660523 2 99944 R 5.0 26 1 20 195
1567529729 1 100219 R 3.0 26 1 14 95
1580758229 1 101066 R 12.0 23 4 85 96
1581253454 2 101070 R 4.0 26 1 18 196
1585591255 2 101348 R 8.0 26 2 602 197
1589549569 1 101628 R 9.0 24 3 60 97
1589977064 2 101628 R 11.0 25 3 66 198
1594468771 2 101916 R 10.0 25 3 917 199
1598434767 1 102197 R 6.0 25 2 43 98
1598885545 2 102198 R 13.0 25 4 89 200
1607636242 2 102759 R 14.0 24 4 87 201
1612092491 2 103044 R 7.0 25 2 330 202
1616407922 2 103320 R 5.0 27 1 14 203
1624797547 1 103884 R 3.0 27 1 14 99
1629737520 2 104173 R 8.0 27 2 53 204
1634045801 2 104449 R 4.0 27 1 299 205
1638447717 2 104730 R 10.0 26 3 629 206
1642525720 1 105019 R 12.0 24 4 89 100
1647348179 2 105300 R 11.0 26 3 65 207
1651285825 1 105579 R 9.0 25 3 64 101
1655734650 1 105864 R 6.0 26 2 327 102
1656092732 2 105860 R 13.0 26 4 85 208
1660537681 2 106144 R 14.0 25 4 88 209
1673767731 2 106991 R 7.0 26 2 327 210
1678087621 2 107267 R 5.0 28 1 601 211
1682557354 2 107553 R 8.0 28 2 323 212
1686565124 1 107837 R 3.0 28 1 19 103
1686996077 2 107838 R 4.0 28 1 302 213
1695325531 1 108398 R 12.0 25 4 86 104
1695746945 2 108398 R 10.0 27 3 345 214
1699773790 1 108683 R 6.0 27 2 43 105
1700142056 2 108679 R 11.0 27 3 68 215
1704191112 1 108965 R 9.0 26 3 66 106
1708996544 2 109246 R 13.0 27 4 369 216
1713329538 2 109523 R 14.0 26 4 84 217
1726606418 2 110373 R 5.0 29 1 17 218
1731015731 2 110655 R 7.0 27 2 40 219
1739864058 2 111221 R 10.0 28 3 67 220
1744236070 2 111501 R 8.0 29 2 42 221
1748201288 1 111782 R 3.0 29 1 20 107
1752665614 1 112068 R 12.0 26 4 89 108
1753067124 2 112066 R 4.0 29 1 586 222
1756973737 1 112343 R 6.0 28 2 322 109
1761375291 1 112625 R 9.0 27 3 629 110
1766240805 2 112909 R 13.0 28 4 86 223
1770689632 2 113194 R 11.0 28 3 348 224
1779463576 2 113755 R 14.0 27 4 369 225
1788301317 2 114321 R 5.0 30 1 18 226
1792702911 2 114603 R 7.0 28 2 42 227
1801047974 1 115164 R 9.0 28 3 63 111
1801558818 2 115170 R 8.0 30 2 42 228
1805481045 1 115448 R 12.0 27 4 88 112
1805900352 2 115447 R 10.0 29 3 346 229
1809882439 1 115730 R 3.0 30 1 17 113
1810323235 2 115730 R 4.0 30 1 301 230
1814656499 2 116008 R 11.0 29 3 60 231
1818658388 1 116291 R 6.0 29 2 38 114
1819077480 2 116291 R 13.0 29 4 83 232
1836695620 2 117418 R 14.0 28 4 84 233
1845569142 2 117986 R 7.0 29 2 50 234
1849935517 2 118266 R 10.0 30 3 62 235
1853988415 1 118552 R 9.0 29 3 67 115
1854327783 2 118547 R 5.0 31 1 578 236
1858790003 2 118832 R 8.0 31 2 609 237
1862795529 1 119116 R 3.0 31 1 20 116
1863165595 2 119112 R 4.0 31 1 17 238
1867166111 1 119396 R 12.0 28 4 89 117
1876409873 2 119960 R 11.0 30 3 65 239
1880316115 1 120237 R 6.0 30 2 37 118
1885186046 2 120522 R 13.0 30 4 368 240
1902370961 1 121649 R 9.0 30 3 62 119
1902855005 2 121652 R 14.0 29 4 372 241
1907194050 2 121930 R 5.0 32 1 297 242
1911579983 2 122211 R 8.0 32 2 318 243
1916059937 2 122498 R 10.0 31 3 348 244
1919989201 1 122776 R 3.0 32 1 15 120
1920428128 2 122777 R 7.0 30 2 603 245
1924484778 1 123064 R 12.0 29 4 91 121
1924882433 2 123062 R 4.0 32 1 864 246
1929299284 2 123345 R 11.0 31 3 70 247
1937634638 1 123906 R 6.0 31 2 39 122
1938011014 2 123903 R 13.0 31 4 83 248
1950878614 1 124753 R 9.0 31 3 65 123
1964464066 2 125595 R 10.0 32 3 347 249
1968496697 1 125881 R 3.0 33 1 18 124
1968896707 2 125879 R 5.0 33 1 302 250
1972867282 1 126161 R 12.0 30 4 86 125
1973354726 2 126164 R 7.0 31 2 891 251
1977754381 2 126446 R 8.0 33 2 895 252
1982111036 2 126725 R 11.0 32 3 62 253
1986560127 2 127010 R 14.0 30 4 1781 254
1990965124 2 127292 R 13.0 32 4 89 255
1995371019 2 127574 R 4.0 33 1 1431 256
1999261108 1 127850 R 9.0 32 3 61 126
2003788179 1 128140 R 6.0 32 2 327 127
2012994424 2 128701 R 5.0 34 1 23 257
2017365008 2 128981 R 14.0 31 4 88 258
2026143603 2 129543 R 10.0 33 3 1198 259
2030215178 1 129831 R 12.0 31 4 92 128
2030528942 2 129824 R 8.0 34 2 325 260
2034552658 1 130108 R 3.0 34 1 297 129
2035008750 2 130110 R 7.0 32 2 610 261
2039377326 2 130390 R 11.0 33 3 626 262
2043831620 2 130675 R 4.0 34 1 1143 263
2056966187 2 131516 R 13.0 33 4 367 264
2060946164 1 131798 R 9.0 33 3 60 130
2061477284 2 131804 R 10.0 34 3 349 265
2065410703 1 132083 R 6.0 33 2 322 131
2065831263 2 132083 R 5.0 35 1 17 266
2074681274 2 132649 R 8.0 35 2 53 267
2079067610 2 132930 R 7.0 33 2 331 268
2083508722 2 133214 R 14.0 32 4 373 269
2087852843 2 133492 R 4.0 35 1 17 270
2091806486 1 133773 R 12.0 32 4 84 132
2092299754 2 133777 R 11.0 34 3 66 271
2096237722 1 134056 R 3.0 35 1 296 133
2109833933 2 134899 R 13.0 34 4 85 272
2122631349 1 135746 R 9.0 34 3 61 134
2123122939 2 135750 R 10.0 35 3 348 273
2127033241 1 136027 R 6.0 34 2 317 135
2127477503 2 136028 R 7.0 34 2 321 274
2131875452 2 136310 R 5.0 36 1 295 275
2136337560 2 136595 R 8.0 36 2 888 276
2140739380 2 136877 R 14.0 33 4 651 277
2145153796 2 137160 R 4.0 36 1 19 278
2149150482 1 137443 R 12.0 33 4 89 136
2153489441 1 137720 R 3.0 36 1 15 137
2154000502 2 137726 R 11.0 35 3 67 279
2158300329 2 138001 R 13.0 35 4 84 280
2171503368 2 138846 R 10.0 36 3 58 281
2175943627 2 139130 R 8.0 37 2 39 282
2179945919 1 139414 R 6.0 35 2 40 138
2180376866 2 139414 R 7.0 35 2 322 283
2184316279 1 139693 R 9.0 35 3 61 139
2184741671 2 139693 R 5.0 37 1 292 284
2189213600 2 139979 R 14.0 34 4 372 285
2210759373 1 141386 R 12.0 34 4 83 140
2215237419 1 141672 R 3.0 37 1 304 141
2215625040 2 141670 R 4.0 37 1 582 286
2220063860 2 141954 R 11.0 36 3 347 287
2224420782 2 142233 R 13.0 36 4 946 288
2228853305 2 142516 R 10.0 37 3 64 289
2232823851 1 142798 R 6.0 36 2 38 142
2233256646 2 142798 R 8.0 38 2 42 290
2237705473 2 143083 R 5.0 38 1 311 291
2241997937 2 143358 R 14.0 35 4 365 292
2245974126 1 143639 R 9.0 36 3 60 143
2246485018 2 143645 R 7.0 36 2 328 293
2272495213 1 145337 R 12.0 35 4 89 144
2272918206 2 145337 R 4.0 38 1 301 294
2276926333 1 145620 R 3.0 38 1 309 145
2286049610 2 146177 R 13.0 37 4 1211 295
2294481561 1 146744 R 6.0 37 2 41 146
2294896763 2 146743 R 8.0 39 2 41 296
2299329979 2 147027 R 10.0 38 3 345 297
2303319941 1 147310 R 9.0 37 3 65 147
2303690574 2 147306 R 5.0 39 1 580 298
2308076563 2 147587 R 7.0 37 2 890 299
2312556604 2 147873 R 14.0 36 4 934 300
2316914434 2 148152 R 4.0 39 1 15 301
2320938176 1 148437 R 3.0 39 1 18 148
2321342175 2 148436 R 11.0 38 3 627 302
2334199803 1 149286 R 12.0 36 4 93 149
2338988113 2 149565 R 13.0 38 4 1215 303
2347823540 2 150131 R 10.0 39 3 66 304
2352248509 2 150414 R 5.0 40 1 21 305
2356113961 1 150688 R 6.0 38 2 37 150
2360940412 2 150970 R 8.0 40 2 36 306
2365030465 1 151259 R 9.0 38 3 67 151
2365375340 2 151254 R 14.0 37 4 86 307
2369823975 2 151539 R 7.0 38 2 605 308
2374171949 2 151817 R 4.0 40 1 7 309
2378584668 2 152099 R 13.0 39 4 649 310
2383046765 2 152385 R 11.0 39 3 912 311
2387032668 1 152667 R 3.0 40 1 22 152
2395777449 1 153227 R 12.0 37 4 84 153
