71436294 2 4442 R 4.0 1 1 14 1
74453684 1 4406 R 5.0 1 1 20 1
83260766 2 5199 R 3.0 1 1 20 2
91999541 2 5758 R 6.0 1 2 40 3
96473517 1 5816 R 8.0 1 2 43 2
97855730 2 6133 R 7.0 1 2 37 4
100828613 1 6094 R 5.0 2 1 305 3
102310543 2 6418 R 4.0 2 1 300 5
105181069 2 6602 R 3.0 2 1 14 6
105259682 1 6378 R 11.0 1 3 349 4
106665111 2 6696 R 10.0 1 3 61 7
118409252 1 7219 R 8.0 2 2 37 5
118489362 2 7453 R 9.0 1 3 65 8
119924333 2 7545 R 4.0 3 1 16 9
122875679 2 7734 R 6.0 2 2 41 10
124342266 2 7828 R 13.0 1 4 88 11
127230635 2 8013 R 12.0 1 4 85 12
127296685 1 7788 R 11.0 2 3 65 6
128728737 2 8109 R 10.0 2 3 340 13
131651540 1 8067 R 5.0 3 1 293 7
133208190 2 8395 R 7.0 2 2 329 14
136020241 1 8346 R 14.0 1 4 365 8
136084478 2 8579 R 3.0 3 1 17 15
144907400 2 9144 R 12.0 2 4 86 16
149293167 2 9425 R 9.0 2 3 64 17
149294751 1 9196 R 8.0 3 2 40 9
150788986 2 9520 R 13.0 2 4 88 18
153648346 2 9703 R 6.0 3 2 321 19
153728187 1 9480 R 11.0 3 3 71 10
155222034 2 9804 R 4.0 4 1 307 20
158096388 2 9988 R 3.0 4 1 16 21
158129694 1 9762 R 5.0 4 1 19 11
159624120 2 10086 R 7.0 3 2 611 22
162500632 1 10041 R 14.0 2 4 86 12
162514252 2 10271 R 12.0 3 4 86 23
164031752 2 10368 R 10.0 3 3 629 24
166900099 2 10551 R 9.0 3 3 62 25
166964450 1 10327 R 8.0 4 2 43 13
177144371 2 11207 R 13.0 3 4 83 26
180083481 1 11167 R 5.0 5 1 14 14
181577493 2 11491 R 4.0 5 1 294 27
184485190 1 11448 R 11.0 4 3 62 15
184596306 2 11684 R 6.0 4 2 43 28
185969276 2 11772 R 7.0 4 2 319 29
188919800 2 11961 R 3.0 5 1 15 30
188980550 1 11736 R 14.0 3 4 90 16
190448882 2 12059 R 10.0 4 3 66 31
193319844 1 12014 R 8.0 5 2 324 17
193337334 2 12243 R 12.0 4 4 87 32
197723158 2 12524 R 9.0 4 3 61 33
199177678 2 12617 R 4.0 6 1 14 34
202157882 1 12579 R 5.0 6 1 16 18
203595053 2 12900 R 13.0 4 4 84 35
206559415 1 12861 R 8.0 6 2 40 19
211014014 2 13375 R 12.0 5 4 89 36
215315793 2 13650 R 6.0 5 2 36 37
216791929 2 13745 R 7.0 5 2 36 38
219741105 1 13705 R 14.0 4 4 85 20
219755070 2 13934 R 3.0 6 1 302 39
221271897 2 14031 R 10.0 5 3 65 40
224176345 1 13988 R 11.0 5 3 345 21
228562166 1 14269 R 5.0 7 1 304 22
230125595 2 14598 R 4.0 7 1 20 41
232951758 2 14779 R 12.0 6 4 84 42
233039818 1 14556 R 8.0 7 2 325 23
234418058 2 14873 R 13.0 5 4 84 43
237431763 2 15065 R 9.0 5 3 351 44
246160414 2 15624 R 6.0 6 2 36 45
246221094 1 15399 R 11.0 6 3 64 24
250560140 1 15677 R 14.0 5 4 83 25
250577515 2 15907 R 3.0 7 1 14 46
252145665 2 16007 R 13.0 6 4 90 47
254979519 1 15960 R 8.0 8 2 323 26
256526042 2 16288 R 7.0 6 2 322 48
259394862 1 16242 R 5.0 8 1 296 27
260865098 2 16565 R 4.0 8 1 292 49
263774611 2 16751 R 9.0 6 3 59 50
265366484 2 16853 R 10.0 6 3 632 51
268254557 2 17038 R 12.0 7 4 87 52
268295322 1 16812 R 8.0 9 2 43 28
272634602 1 17090 R 11.0 7 3 66 29
272681347 2 17321 R 6.0 7 2 41 53
274157338 2 17416 R 7.0 7 2 42 54
276995476 2 17598 R 3.0 8 1 297 55
277067308 1 17373 R 5.0 9 1 18 30
278512297 2 17695 R 10.0 7 3 62 56
281469141 1 17655 R 14.0 6 4 89 31
282939295 2 17978 R 13.0 7 4 87 57
287378212 2 18262 R 4.0 9 1 310 58
290245142 1 18217 R 8.0 10 2 39 32
294722608 2 18732 R 6.0 8 2 44 59
299102744 2 19012 R 9.0 7 3 64 60
300574823 2 19107 R 7.0 8 2 42 61
303442293 2 19290 R 3.0 9 1 292 62
303520176 1 19066 R 11.0 8 3 71 33
304955170 2 19387 R 10.0 8 3 71 63
307828277 1 19342 R 5.0 10 1 12 34
307943710 2 19578 R 12.0 8 4 371 64
309378945 2 19670 R 4.0 10 1 297 65
316734500 2 20141 R 9.0 8 3 66 66
316760095 1 19914 R 14.0 7 4 90 35
318201082 2 20235 R 13.0 8 4 88 67
321089706 2 20420 R 6.0 9 2 322 68
322586853 2 20515 R 7.0 9 2 41 69
325536230 1 20475 R 8.0 11 2 42 36
325537942 2 20704 R 12.0 9 4 87 70
329955361 2 20987 R 3.0 10 1 19 71
334341352 2 21268 R 6.0 10 2 42 72
334376366 1 21041 R 14.0 8 4 90 37
335752966 2 21358 R 4.0 11 1 13 73
338762887 1 21322 R 5.0 11 1 299 38
340201324 2 21643 R 13.0 9 4 86 74
343117442 1 21601 R 11.0 9 3 630 39
344619177 2 21925 R 7.0 10 2 328 75
347486035 1 21880 R 8.0 12 2 318 40
347506715 2 22110 R 9.0 9 3 67 76
349004982 2 22206 R 10.0 9 3 629 77
351983216 1 22168 R 11.0 10 3 66 41
353484406 2 22493 R 4.0 12 1 20 78
356383003 1 22450 R 5.0 12 1 302 42
356402429 2 22680 R 12.0 10 4 91 79
357808189 2 22770 R 13.0 10 4 84 80
360778780 2 22960 R 3.0 11 1 303 81
362225202 2 23052 R 7.0 11 2 40 82
365164394 2 23240 R 6.0 11 2 40 83
365189538 1 23013 R 14.0 9 4 88 43
373924607 2 23801 R 9.0 10 3 60 84
375494784 2 23902 R 10.0 10 3 66 85
378371121 1 23857 R 8.0 13 2 39 44
379865259 2 24181 R 4.0 13 1 299 86
382835454 1 24143 R 11.0 11 3 67 45
384226086 2 24460 R 13.0 11 4 366 87
387143158 1 24418 R 5.0 13 1 13 46
387184127 2 24650 R 6.0 12 2 40 88
391544928 1 24700 R 14.0 10 4 84 47
391595728 2 24932 R 12.0 11 4 88 89
393048357 2 25025 R 10.0 11 3 62 90
395997534 2 25214 R 3.0 12 1 300 91
397434539 2 25306 R 7.0 12 2 316 92
400445810 1 25270 R 11.0 12 3 66 48
400467511 2 25500 R 9.0 11 3 628 93
401914087 2 25592 R 13.0 12 4 88 94
404785116 1 25547 R 8.0 14 2 317 49
410642855 2 26151 R 4.0 14 1 13 95
413601615 2 26340 R 9.0 12 3 71 96
413623294 1 26113 R 14.0 11 4 87 50
418019393 2 26623 R 6.0 13 2 322 97
418089135 1 26399 R 8.0 15 2 44 51
422395527 1 26674 R 5.0 14 1 301 52
422405464 2 26904 R 12.0 12 4 367 98
423871354 2 26998 R 13.0 13 4 84 99
426885059 2 27190 R 3.0 13 1 19 100
428257937 2 27278 R 7.0 13 2 323 101
432737926 2 27565 R 10.0 12 3 625 102
435614061 2 27749 R 9.0 13 3 61 103
435670413 1 27524 R 11.0 13 3 69 53
440031629 2 28032 R 6.0 14 2 323 104
441570013 2 28130 R 13.0 14 4 90 105
444508793 1 28090 R 14.0 12 4 91 54
445883975 2 28406 R 4.0 15 1 301 106
448912259 1 28372 R 8.0 16 2 43 55
450394490 2 28695 R 7.0 14 2 43 107
453228539 2 28876 R 12.0 13 4 84 108
453281050 1 28651 R 5.0 15 1 301 56
454749508 2 28974 R 10.0 13 3 63 109
457619875 1 28929 R 11.0 14 3 60 57
457708047 2 29163 R 9.0 14 3 66 110
462031460 2 29440 R 3.0 14 1 13 111
470854376 2 30005 R 6.0 15 2 39 112
470863843 1 29776 R 14.0 13 4 84 58
472414268 2 30104 R 4.0 16 1 19 113
475240270 2 30285 R 9.0 15 3 64 114
475265707 1 30058 R 8.0 17 2 326 59
476831733 2 30387 R 13.0 15 4 89 115
479653334 1 30339 R 11.0 15 3 60 60
481217969 2 30668 R 7.0 15 2 331 116
484100181 1 30624 R 5.0 16 1 298 61
484125457 2 30854 R 3.0 15 1 18 117
485572941 2 30946 R 10.0 14 3 344 118
488574238 2 31139 R 12.0 14 4 91 119
490020764 2 31231 R 4.0 17 1 19 120
494437954 2 31514 R 7.0 16 2 42 121
497271837 2 31695 R 9.0 16 3 60 122
501749410 1 31753 R 14.0 14 4 87 62
501783107 2 31984 R 6.0 16 2 335 123
503229802 2 32077 R 13.0 16 4 89 124
506151064 1 32035 R 8.0 18 2 324 63
506163105 2 32264 R 12.0 15 4 88 125
510521376 1 32315 R 11.0 16 3 62 64
510586387 2 32547 R 3.0 16 1 298 126
514985136 1 32600 R 5.0 17 1 19 65
516420898 2 32921 R 10.0 15 3 62 127
519408665 2 33112 R 9.0 17 3 68 128
520885213 2 33206 R 4.0 18 1 299 129
523795059 2 33393 R 6.0 17 2 322 130
525261493 2 33487 R 7.0 17 2 610 131
528104250 1 33440 R 14.0 15 4 84 66
528149383 2 33671 R 3.0 17 1 15 132
537003691 2 34238 R 12.0 16 4 87 133
537036450 1 34011 R 11.0 17 3 68 67
538458193 2 34331 R 13.0 17 4 88 134
541407004 1 34291 R 8.0 19 2 327 68
541421043 2 34521 R 9.0 18 3 355 135
542901311 2 34615 R 10.0 16 3 351 136
547240202 2 34893 R 4.0 19 1 305 137
550151148 1 34851 R 5.0 18 1 14 69
551678922 2 35177 R 7.0 18 2 323 138
554584144 1 35135 R 8.0 20 2 39 70
554617651 2 35365 R 9.0 19 3 64 139
558972873 2 35644 R 6.0 18 2 322 140
558985919 1 35416 R 14.0 16 4 85 71
560470161 2 35740 R 10.0 17 3 71 141
563462524 2 35931 R 12.0 17 4 372 142
567838598 2 36211 R 3.0 18 1 300 143
569355482 2 36309 R 13.0 18 4 90 144
572167243 1 36260 R 11.0 18 3 60 72
572224227 2 36492 R 9.0 20 3 63 145
573719688 2 36588 R 7.0 19 2 41 146
576631483 1 36546 R 14.0 17 4 87 73
578096324 2 36868 R 4.0 20 1 302 147
580984351 2 37053 R 6.0 19 2 37 148
581064061 1 36829 R 5.0 19 1 18 74
585433192 2 37338 R 12.0 18 4 86 149
586887645 2 37431 R 10.0 18 3 62 150
589871127 1 37393 R 8.0 21 2 42 75
591330047 2 37715 R 7.0 20 2 40 151
594255733 2 37902 R 9.0 21 3 62 152
595691059 2 37994 R 4.0 21 1 293 153
598641580 2 38183 R 3.0 19 1 16 154
598647291 1 37955 R 14.0 18 4 87 76
603111410 1 38240 R 11.0 19 3 66 77
604513615 2 38559 R 13.0 19 4 85 155
607467929 1 38519 R 8.0 22 2 40 78
607526969 2 38752 R 6.0 20 2 44 156
608909367 2 38840 R 10.0 19 3 61 157
611821001 1 38798 R 5.0 20 1 295 79
613379607 2 39126 R 4.0 22 1 301 158
616256197 2 39310 R 12.0 19 4 85 159
620729846 2 39597 R 9.0 22 3 67 160
622108398 2 39685 R 13.0 20 4 84 161
625059472 2 39874 R 3.0 20 1 298 162
625082353 1 39646 R 14.0 19 4 86 80
626525433 2 39967 R 7.0 21 2 37 163
629466510 1 39927 R 5.0 21 1 302 81
630983885 2 40253 R 10.0 20 3 65 164
633898949 1 40211 R 8.0 23 2 40 82
633944378 2 40442 R 6.0 21 2 42 165
635391487 2 40535 R 4.0 23 1 298 166
638300854 1 40492 R 11.0 20 3 63 83
639839853 2 40820 R 13.0 21 4 90 167
642671055 1 40772 R 5.0 22 1 14 84
647057491 2 41282 R 9.0 23 3 59 168
651490680 2 41565 R 3.0 21 1 299 169
652942898 2 41658 R 4.0 24 1 13 170
655892447 2 41847 R 12.0 20 4 367 171
655946285 1 41622 R 14.0 20 4 88 85
657453811 2 41947 R 7.0 22 2 43 172
660362196 2 42133 R 6.0 22 2 324 173
660379637 1 41905 R 11.0 21 3 353 86
661808837 2 42226 R 13.0 22 4 86 174
664780672 1 42187 R 8.0 24 2 43 87
666257752 2 42510 R 10.0 21 3 350 175
669150897 1 42467 R 5.0 23 1 17 88
673490367 1 42745 R 11.0 22 3 60 89
673496591 2 42974 R 12.0 21 4 84 176
675011506 2 43071 R 7.0 23 2 39 177
677923116 1 43028 R 14.0 21 4 85 90
677970184 2 43260 R 9.0 24 3 64 178
679413542 2 43352 R 4.0 25 1 301 179
682372209 2 43542 R 3.0 22 1 305 180
683821151 2 43634 R 10.0 22 3 345 181
686779679 2 43824 R 6.0 23 2 323 182
691135524 1 43874 R 5.0 24 1 14 91
691228052 2 44108 R 12.0 22 4 88 183
692674741 2 44201 R 13.0 23 4 89 184
695631232 1 44162 R 14.0 22 4 90 92
699919650 2 44665 R 9.0 25 3 60 185
699970292 1 44439 R 11.0 23 3 62 93
701491495 2 44765 R 7.0 24 2 42 186
704403272 1 44723 R 8.0 25 2 324 94
704446674 2 44954 R 3.0 23 1 300 187
705883690 2 45046 R 4.0 26 1 301 188
708817109 2 45234 R 6.0 24 2 323 189
713240497 2 45517 R 12.0 23 4 370 190
714643737 2 45607 R 10.0 23 3 64 191
717615984 1 45569 R 14.0 23 4 89 95
722066358 1 45853 R 8.0 26 2 331 96
726358721 1 46128 R 5.0 25 1 298 97
726467991 2 46364 R 9.0 26 3 67 192
727903260 2 46456 R 13.0 24 4 88 193
730758476 1 46410 R 11.0 24 3 908 98
732320761 2 46738 R 7.0 25 2 330 194
735206983 2 46923 R 12.0 24 4 86 195
735284676 1 46699 R 14.0 24 4 90 99
736706263 2 47019 R 4.0 27 1 16 196
739577537 2 47203 R 3.0 24 1 300 197
739655932 1 46979 R 11.0 25 3 355 100
743994337 1 47257 R 5.0 26 1 14 101
744063137 2 47490 R 6.0 25 2 611 198
745466743 2 47580 R 10.0 24 3 59 199
748480096 2 47773 R 9.0 27 3 65 200
749915000 2 47864 R 7.0 26 2 40 201
752832787 1 47822 R 8.0 27 2 38 102
754332310 2 48147 R 4.0 28 1 16 202
758718510 2 48428 R 13.0 25 4 85 203
761640195 1 48386 R 14.0 25 4 85 103
761677336 2 48617 R 12.0 25 4 89 204
766010836 1 48666 R 11.0 26 3 341 104
766031705 2 48896 R 9.0 28 3 61 205
770474383 1 48951 R 5.0 27 1 17 105
770521353 2 49183 R 6.0 26 2 44 206
772009074 2 49278 R 7.0 27 2 44 207
774897924 2 49463 R 3.0 25 1 300 208
780779236 2 49840 R 13.0 26 4 89 209
783688937 2 50026 R 9.0 29 3 66 210
783718567 1 49799 R 14.0 26 4 88 106
785212295 2 50123 R 4.0 29 1 308 211
788120234 1 50081 R 8.0 28 2 323 107
788131875 2 50310 R 12.0 26 4 88 212
789614213 2 50405 R 10.0 25 3 624 213
792490956 1 50361 R 11.0 27 3 345 108
792492640 2 50589 R 3.0 26 1 301 214
794021525 2 50687 R 7.0 28 2 326 215
796954301 1 50646 R 5.0 28 1 20 109
798344674 2 50964 R 10.0 26 3 61 216
802761731 2 51247 R 4.0 30 1 15 217
805720427 2 51436 R 6.0 27 2 40 218
810073414 1 51486 R 11.0 28 3 60 110
814474931 1 51768 R 8.0 29 2 37 111
815958998 2 52091 R 13.0 27 4 85 219
818917589 2 52281 R 9.0 30 3 63 220
818970404 1 52055 R 14.0 27 4 89 112
820438437 2 52378 R 7.0 29 2 41 221
823297796 2 52561 R 12.0 27 4 85 222
824803238 2 52657 R 10.0 27 3 64 223
827721084 2 52844 R 3.0 27 1 298 224
829179650 2 52937 R 4.0 31 1 296 225
832120306 1 52897 R 5.0 29 1 15 113
837970890 2 53500 R 13.0 28 4 83 226
840958986 1 53462 R 11.0 29 3 75 114
841005730 2 53694 R 9.0 31 3 66 227
842450629 2 53787 R 10.0 28 3 64 228
845360549 1 53744 R 14.0 28 4 86 115
845407614 2 53976 R 3.0 28 1 304 229
846898902 2 54071 R 4.0 32 1 20 230
849730666 1 54024 R 8.0 30 2 37 116
849815089 2 54258 R 6.0 28 2 604 231
851191191 2 54346 R 7.0 30 2 35 232
858543896 2 54817 R 12.0 28 4 85 233
858600424 1 54592 R 5.0 30 1 18 117
860107857 2 54917 R 13.0 29 4 90 234
862955055 2 55099 R 6.0 29 2 39 235
863033455 1 54875 R 11.0 30 3 66 118
864463085 2 55195 R 10.0 29 3 350 236
867347314 2 55380 R 3.0 29 1 305 237
867434992 1 55157 R 14.0 29 4 89 119
871805543 1 55437 R 8.0 31 2 324 120
871826642 2 55667 R 9.0 32 3 65 238
877721887 2 56044 R 4.0 33 1 19 239
880549833 1 55996 R 5.0 31 1 12 121
880555860 2 56225 R 12.0 29 4 83 240
886544638 2 56609 R 7.0 31 2 47 241
889388358 1 56562 R 11.0 31 3 60 122
890930848 2 56889 R 13.0 30 4 90 242
893789743 1 56844 R 8.0 32 2 39 123
895286078 2 57168 R 10.0 30 3 341 243
898246133 2 57358 R 9.0 33 3 66 244
902648165 2 57639 R 3.0 30 1 302 245
902690865 1 57413 R 14.0 30 4 91 124
904139432 2 57735 R 4.0 34 1 18 246
907055566 2 57921 R 6.0 30 2 608 247
908556904 2 58017 R 10.0 31 3 66 248
911503862 2 58206 R 12.0 30 4 89 249
915811768 1 58253 R 11.0 32 3 62 125
920195535 2 58762 R 6.0 31 2 36 250
920197882 1 58534 R 5.0 32 1 302 126
921753692 2 58862 R 7.0 32 2 41 251
924677684 1 58820 R 8.0 33 2 603 127
924712871 2 59051 R 3.0 31 1 304 252
926108658 2 59141 R 13.0 31 4 84 253
929046316 1 59100 R 14.0 31 4 368 128
930556928 2 59425 R 4.0 35 1 17 254
933472634 2 59612 R 9.0 34 3 69 255
937823442 1 59662 R 8.0 34 2 36 129
942334975 1 59951 R 5.0 33 1 297 130
943785424 2 60272 R 10.0 32 3 65 256
946732385 2 60461 R 12.0 31 4 90 257
946750413 1 60233 R 14.0 32 4 372 131
948171585 2 60553 R 7.0 33 2 322 258
951120300 1 60513 R 11.0 33 3 65 132
951149473 2 60743 R 6.0 32 2 44 259
952526143 2 60831 R 13.0 32 4 83 260
955535455 2 61024 R 3.0 32 1 19 261
959890121 2 61303 R 9.0 35 3 62 262
961379923 2 61398 R 4.0 36 1 17 263
964366281 1 61361 R 14.0 33 4 91 133
968752387 1 61641 R 5.0 34 1 297 134
970202663 2 61963 R 7.0 34 2 40 264
973105106 1 61920 R 8.0 35 2 601 135
973149938 2 62151 R 12.0 32 4 87 265
974588949 2 62244 R 10.0 33 3 64 266
981880639 1 62481 R 5.0 35 1 13 136
981972441 2 62716 R 6.0 33 2 42 267
983374514 2 62806 R 13.0 33 4 84 268
986344925 1 62767 R 11.0 34 3 69 137
986358376 2 62997 R 3.0 33 1 18 269
987797753 2 63089 R 4.0 37 1 296 270
990777955 1 63051 R 8.0 36 2 329 138
992214863 2 63372 R 10.0 34 3 62 271
995118712 2 63557 R 9.0 36 3 68 272
995179447 1 63333 R 14.0 34 4 90 139
996600636 2 63652 R 7.0 35 2 39 273
999567196 2 63842 R 6.0 34 2 40 274
1003955335 1 63894 R 11.0 35 3 62 140
1005449049 2 64219 R 13.0 34 4 87 275
1008390086 2 64407 R 12.0 33 4 87 276
1008419134 1 64180 R 5.0 36 1 20 141
1009809699 2 64498 R 4.0 38 1 298 277
1012727221 1 64456 R 14.0 35 4 85 142
1014226600 2 64780 R 7.0 36 2 38 278
1017129028 1 64737 R 8.0 37 2 317 143
1021534153 2 65248 R 6.0 35 2 36 279
1023018028 2 65343 R 4.0 39 1 13 280
1026029933 2 65536 R 3.0 34 1 305 281
1027497984 2 65630 R 13.0 35 4 88 282
1030369343 2 65813 R 12.0 34 4 367 283
1031821892 2 65906 R 10.0 35 3 347 284
1034807919 2 66098 R 9.0 37 3 632 285
1034840756 1 65871 R 11.0 36 3 72 144
1036238978 2 66189 R 7.0 37 2 321 286
1039179640 1 66149 R 5.0 37 1 15 145
1039193399 2 66378 R 6.0 36 2 39 287
1043612515 1 66432 R 8.0 38 2 40 146
1047979276 2 66940 R 12.0 35 4 84 288
1048014337 1 66714 R 14.0 36 4 86 147
1049508077 2 67038 R 10.0 36 3 74 289
1052402546 2 67224 R 3.0 35 1 304 290
1053878551 2 67318 R 4.0 40 1 297 291
1056790213 1 67276 R 11.0 37 3 61 148
1056819390 2 67506 R 9.0 38 3 63 292
1058364440 2 67605 R 13.0 36 4 373 293
1061205711 2 67787 R 6.0 37 2 320 294
1061224933 1 67560 R 8.0 39 2 40 149
1065687507 1 67845 R 5.0 38 1 302 150
1067055629 2 68161 R 7.0 38 2 36 295
1070088799 1 68127 R 14.0 37 4 89 151
1071572968 2 68450 R 4.0 41 1 305 296
1078901725 2 68920 R 3.0 36 1 20 297
1083225374 2 69196 R 12.0 36 4 84 298
1084738547 2 69293 R 10.0 37 3 63 299
1087642727 2 69479 R 9.0 39 3 343 300
1087675718 1 69252 R 14.0 38 4 87 152
1089187023 2 69578 R 13.0 37 4 89 301
1092015313 1 69530 R 11.0 38 3 341 153
1092028714 2 69760 R 6.0 38 2 319 302
1093604462 2 69860 R 7.0 39 2 331 303
1096433794 1 69813 R 8.0 40 2 37 154
1100849566 1 70095 R 5.0 39 1 298 155
1102395545 2 70423 R 4.0 42 1 19 304
1105344684 2 70612 R 12.0 37 4 89 305
1105344741 1 70383 R 11.0 39 3 67 156
1109684050 2 70890 R 3.0 37 1 301 306
1114060214 2 71170 R 9.0 40 3 343 307
1115561538 2 71266 R 10.0 38 3 63 308
1118465516 1 71223 R 14.0 39 4 84 157
1120009815 2 71550 R 4.0 43 1 18 309
1122851300 2 71732 R 6.0 39 2 35 310
1122927937 1 71508 R 5.0 40 1 304 158
1124427277 2 71833 R 13.0 38 4 90 311
1127331252 2 72019 R 12.0 38 4 88 312
1128813366 2 72114 R 7.0 40 2 322 313
1131734633 1 72072 R 8.0 41 2 40 159
1136185038 2 72586 R 3.0 38 1 20 314
1137573345 2 72675 R 4.0 44 1 14 315
1140510676 1 72634 R 14.0 40 4 85 160
1142022068 2 72959 R 13.0 39 4 86 316
1144882854 2 73142 R 9.0 41 3 59 317
1144975329 1 72920 R 11.0 40 3 350 161
1146439347 2 73242 R 7.0 41 2 329 318
1150825569 2 73523 R 10.0 39 3 624 319
1153688073 1 73477 R 5.0 41 1 12 162
1153809283 2 73714 R 12.0 39 4 91 320
1158179842 2 73993 R 3.0 39 1 309 321
1162602927 2 74276 R 6.0 40 2 605 322
1162620295 1 74049 R 11.0 41 3 73 163
1163990738 2 74365 R 7.0 42 2 38 323
1166990971 1 74329 R 8.0 42 2 330 164
1167019830 2 74559 R 9.0 42 3 66 324
1171425936 1 74612 R 14.0 41 4 372 165
1172823566 2 74931 R 13.0 40 4 86 325
1175758782 2 75118 R 12.0 40 4 85 326
1175762817 1 74890 R 5.0 42 1 297 166
1177256560 2 75214 R 4.0 45 1 302 327
1180129375 2 75398 R 3.0 40 1 298 328
1181648559 2 75495 R 10.0 40 3 627 329
1184569822 1 75454 R 11.0 42 3 62 167
1184615028 2 75685 R 6.0 41 2 323 330
1186127653 2 75782 R 7.0 43 2 43 331
1188939968 1 75733 R 8.0 43 2 36 168
1193404229 1 76019 R 14.0 42 4 87 169
1197836874 1 76303 R 5.0 43 1 19 170
1197842981 2 76532 R 12.0 41 4 88 332
1202229215 2 76812 R 6.0 42 2 326 333
1203667978 2 76905 R 13.0 41 4 86 334
1206609276 2 77093 R 9.0 43 3 344 335
1208142204 2 77191 R 10.0 41 3 349 336
1211032376 2 77376 R 3.0 41 1 301 337
1211049736 1 77148 R 14.0 43 4 89 171
1212471324 2 77468 R 4.0 46 1 298 338
1215420101 1 77428 R 11.0 43 3 63 172
1215449477 2 77659 R 12.0 42 4 88 339
1216950657 2 77755 R 7.0 44 2 43 340
1219883987 1 77714 R 8.0 44 2 43 173
1224240738 2 78221 R 9.0 44 3 63 341
1228597367 1 78271 R 5.0 44 1 13 174
1228683799 2 78506 R 6.0 43 2 320 342
1232999273 1 78553 R 14.0 44 4 84 175
1233044341 2 78785 R 3.0 42 1 301 343
1234490992 2 78877 R 13.0 42 4 84 344
1237494977 1 78841 R 11.0 44 3 345 176
1238908155 2 79160 R 10.0 42 3 61 345
1241833529 1 79118 R 8.0 45 2 39 177
1241866758 2 79349 R 6.0 44 2 40 346
1243303755 2 79441 R 7.0 45 2 38 347
1246262432 2 79631 R 9.0 45 3 63 348
1247774066 2 79727 R 4.0 47 1 302 349
1250633265 2 79910 R 3.0 43 1 299 350
1250672113 1 79684 R 14.0 45 4 86 178
1255056595 2 80193 R 12.0 43 4 366 351
1255073673 1 79966 R 11.0 45 3 63 179
1259461373 1 80247 R 8.0 46 2 39 180
1259473198 2 80476 R 6.0 45 2 39 352
1263908328 1 80531 R 5.0 45 1 301 181
1265313910 2 80850 R 10.0 43 3 60 353
1268336889 2 81043 R 9.0 46 3 66 354
1269731146 2 81133 R 13.0 43 4 84 355
1272707743 2 81323 R 3.0 44 1 301 356
1274116911 2 81413 R 4.0 48 1 13 357
1277068618 2 81602 R 12.0 44 4 365 358
1277075862 1 81374 R 11.0 46 3 61 182
1278596647 2 81700 R 7.0 46 2 40 359
1281555787 1 81661 R 5.0 46 1 303 183
1285924478 1 81940 R 14.0 46 4 370 184
1287450871 2 82267 R 13.0 44 4 90 360
1290262887 1 82218 R 8.0 47 2 36 185
1290290328 2 82448 R 6.0 46 2 37 361
1294682589 2 82729 R 3.0 45 1 305 362
1296148475 2 82823 R 7.0 47 2 37 363
1300659616 2 83112 R 10.0 44 3 66 364
1303507075 1 83066 R 14.0 47 4 86 186
1303567708 2 83298 R 12.0 45 4 88 365
1307891253 2 83575 R 9.0 47 3 345 366
1307973142 1 83351 R 11.0 47 3 65 187
1309419637 2 83673 R 4.0 49 1 16 367
1312308212 2 83858 R 6.0 47 2 37 368
1312404172 1 83635 R 5.0 47 1 306 188
1313868352 2 83957 R 13.0 45 4 90 369
1321172070 2 84425 R 12.0 46 4 88 370
1325554190 1 84477 R 14.0 48 4 87 189
1325579737 2 84707 R 3.0 46 1 297 371
1327096616 2 84804 R 10.0 45 3 66 372
1329987248 1 84760 R 8.0 48 2 325 190
1330027805 2 84992 R 9.0 48 3 67 373
1331482797 2 85085 R 7.0 48 2 325 374
1334320041 2 85266 R 6.0 48 2 36 375
1334388376 1 85042 R 5.0 48 1 17 191
1338758965 1 85322 R 11.0 48 3 62 192
1338831256 2 85555 R 12.0 47 4 90 376
1340242875 2 85645 R 13.0 46 4 87 377
1344669639 2 85929 R 7.0 49 2 40 378
1347591285 2 86116 R 9.0 49 3 63 379
1349108850 2 86213 R 4.0 50 1 303 380
1352033957 1 86171 R 5.0 49 1 18 193
1356445350 2 86682 R 3.0 47 1 19 381
1360747489 1 86729 R 14.0 49 4 82 194
1362305660 2 87057 R 13.0 47 4 88 382
1365268261 2 87247 R 12.0 48 4 89 383
1365274296 1 87019 R 8.0 49 2 322 195
1366686151 2 87338 R 10.0 46 3 345 384
1369654027 2 87528 R 6.0 49 2 42 385
1371109087 2 87621 R 4.0 51 1 297 386
1374050053 1 87580 R 11.0 49 3 64 196
1378388871 1 87858 R 5.0 50 1 14 197
1379931658 2 88185 R 13.0 48 4 88 387
1382819876 2 88370 R 9.0 50 3 63 388
1382821955 1 88142 R 14.0 50 4 86 198
1384317758 2 88466 R 7.0 50 2 324 389
1387223821 1 88423 R 8.0 50 2 323 199
1387268285 2 88655 R 6.0 50 2 41 390
1388672312 2 88745 R 10.0 47 3 61 391
1391594047 1 88703 R 11.0 50 3 60 200
1391685526 2 88938 R 3.0 48 1 19 392
1396057811 1 88989 R 5.0 51 1 17 201
1397504907 2 89310 R 13.0 49 4 85 393
1400477258 2 89500 R 12.0 49 4 88 394
1401943802 2 89594 R 4.0 52 1 297 395
1406329536 2 89875 R 10.0 48 3 62 396
1415115033 2 90437 R 7.0 51 2 38 397
1418074071 2 90627 R 12.0 50 4 88 398
1418099367 1 90399 R 14.0 51 4 88 202
1419538546 2 90720 R 4.0 53 1 299 399
1422454293 1 90678 R 8.0 51 2 320 203
1422538306 2 90912 R 3.0 49 1 299 400
1426846103 2 91188 R 9.0 51 3 629 401
1426902939 1 90963 R 11.0 51 3 635 204
1428361024 2 91285 R 13.0 50 4 86 402
1431300444 2 91473 R 6.0 51 2 607 403
1431319593 1 91246 R 5.0 52 1 18 205
1435705814 1 91526 R 11.0 52 3 63 206
1437152594 2 91848 R 10.0 49 3 61 404
1441632126 2 92134 R 7.0 52 2 44 405
1444553985 2 92321 R 12.0 51 4 90 406
1445955534 2 92411 R 4.0 54 1 14 407
1448871513 1 92369 R 14.0 52 4 83 207
1448893213 2 92599 R 3.0 50 1 303 408
1450372992 2 92694 R 13.0 51 4 85 409
1453320064 1 92654 R 11.0 53 3 63 208
1453326072 2 92883 R 6.0 52 2 611 410
1457717925 2 93164 R 9.0 52 3 912 411
1457731566 1 92936 R 8.0 52 2 329 209
1462123421 1 93217 R 5.0 53 1 302 210
1462197316 2 93450 R 3.0 51 1 20 412
1463579782 2 93539 R 10.0 50 3 60 413
1468049943 2 93825 R 4.0 55 1 307 414
1471008482 1 93786 R 14.0 53 4 91 211
1475331817 2 94291 R 9.0 53 3 61 415
1475332158 1 94062 R 8.0 53 2 327 212
1476778536 2 94384 R 7.0 53 2 36 416
1479749694 1 94345 R 11.0 54 3 345 213
1479805868 2 94577 R 12.0 52 4 88 417
1484207744 2 94859 R 3.0 52 1 301 418
1485601586 2 94948 R 13.0 52 4 84 419
1488615284 2 95141 R 6.0 53 2 613 420
1489987501 2 95229 R 10.0 51 3 59 421
1493018502 1 95194 R 11.0 55 3 69 214
1494467015 2 95516 R 7.0 54 2 41 422
1497343732 2 95700 R 3.0 53 1 14 423
1497389048 1 95474 R 5.0 54 1 297 215
1498915576 2 95800 R 4.0 56 1 20 424
1501749779 1 95753 R 8.0 54 2 607 216
1501761109 2 95983 R 9.0 54 3 70 425
1506166675 1 96036 R 14.0 54 4 86 217
1510552757 2 96545 R 12.0 53 4 83 426
1512018990 2 96639 R 13.0 53 4 82 427
1514958033 1 96598 R 8.0 55 2 37 218
1515032614 2 96832 R 6.0 54 2 326 428
1516530225 2 96928 R 7.0 55 2 330 429
1519355754 2 97109 R 3.0 54 1 14 430
1519438050 1 96885 R 11.0 56 3 65 219
1520885207 2 97206 R 10.0 52 3 626 431
1525333048 2 97491 R 4.0 57 1 20 432
1528166698 1 97444 R 5.0 55 1 13 220
1529750210 2 97774 R 7.0 56 2 44 433
1532584291 1 97727 R 14.0 55 4 84 221
1532584322 2 97955 R 12.0 54 4 83 434
1536970337 1 98007 R 8.0 56 2 320 222
1537042346 2 98241 R 9.0 55 3 64 435
1541450103 2 98523 R 3.0 55 1 304 436
1542894798 2 98615 R 13.0 54 4 86 437
1545855404 1 98576 R 11.0 57 3 64 223
1545898169 2 98807 R 6.0 55 2 44 438
1547265337 2 98895 R 4.0 58 1 302 439
1550190636 2 99082 R 12.0 55 4 83 440
1550303954 1 98861 R 14.0 56 4 91 224
1551729698 2 99180 R 10.0 53 3 624 441
1556168175 2 99465 R 7.0 57 2 325 442
1559001490 1 99417 R 5.0 56 1 13 225
1560553759 2 99745 R 4.0 59 1 18 443
1563512411 1 99706 R 8.0 57 2 44 226
1567867373 1 99985 R 11.0 58 3 63 227
1567918417 2 100217 R 3.0 56 1 20 444
1569314571 2 100306 R 10.0 54 3 62 445
1572273142 2 100495 R 9.0 56 3 70 446
1573763246 2 100591 R 7.0 58 2 321 447
1576721811 2 100780 R 12.0 56 4 90 448
1578180705 2 100873 R 13.0 55 4 370 449
1581127370 1 100833 R 14.0 57 4 89 228
1581139237 2 101063 R 6.0 56 2 330 450
1585476437 1 101112 R 8.0 58 2 325 229
1586971577 2 101436 R 4.0 60 1 16 451
1589930324 2 101625 R 3.0 57 1 18 452
1589930722 1 101397 R 5.0 57 1 302 230
1591326540 2 101715 R 10.0 55 3 60 453
1595775103 2 101999 R 13.0 56 4 87 454
1600192115 2 102282 R 7.0 59 2 39 455
1603096376 1 102239 R 11.0 59 3 63 231
1607464626 2 102748 R 9.0 57 3 60 456
1607544774 1 102524 R 14.0 58 4 88 232
1611928914 2 103033 R 12.0 57 4 86 457
1611962197 1 102807 R 8.0 59 2 332 233
1616347772 1 103087 R 5.0 58 1 17 234
1616361884 2 103317 R 6.0 57 2 334 458
1620702806 1 103366 R 11.0 60 3 61 235
1622209922 2 103691 R 4.0 61 1 24 459
1625108053 2 103877 R 9.0 58 3 61 460
1626580438 2 103971 R 13.0 57 4 84 461
1629557024 2 104161 R 3.0 58 1 297 462
1631044958 2 104257 R 10.0 56 3 349 463
1633962256 1 104215 R 14.0 59 4 88 236
1633974260 2 104444 R 6.0 58 2 323 464
1635477600 2 104540 R 7.0 60 2 327 465
1638311570 2 104722 R 12.0 58 4 365 466
1638379336 1 104497 R 8.0 60 2 41 237
1642714634 2 105004 R 9.0 59 3 61 467
1642765614 1 104778 R 11.0 61 3 63 238
1647119990 1 105057 R 5.0 59 1 14 239
1647208333 2 105291 R 3.0 59 1 304 468
1648690052 2 105386 R 13.0 58 4 89 469
1651547023 2 105569 R 6.0 59 2 38 470
1653015555 2 105663 R 10.0 57 3 60 471
1657432996 2 105945 R 4.0 62 1 297 472
1660379808 1 105905 R 14.0 60 4 86 240
1661832660 2 106227 R 7.0 61 2 601 473
1664777601 2 106416 R 12.0 59 4 87 474
1664797087 1 106188 R 11.0 62 3 64 241
1669183145 1 106469 R 8.0 61 2 322 242
1669257476 2 106702 R 3.0 60 1 302 475
1670639298 2 106791 R 4.0 63 1 14 476
1673563304 2 106978 R 9.0 60 3 342 477
1678068064 1 107037 R 5.0 60 1 21 243
1679540477 2 107360 R 13.0 59 4 91 478
1682391797 1 107314 R 14.0 61 4 85 244
1682403218 2 107544 R 6.0 60 2 39 479
1683879767 2 107638 R 7.0 62 2 324 480
1686789658 2 107824 R 3.0 61 1 302 481
1688312428 2 107922 R 10.0 58 3 64 482
1691214458 1 107879 R 11.0 63 3 63 245
1691269353 2 108111 R 9.0 61 3 346 483
1692713830 2 108203 R 4.0 64 1 17 484
1695600429 1 108160 R 8.0 62 2 38 246
1695638050 2 108391 R 12.0 60 4 370 485
1699976537 2 108668 R 6.0 61 2 36 486
1701489936 2 108765 R 13.0 60 4 85 487
1704485769 1 108728 R 14.0 62 4 90 247
1708808955 1 109005 R 5.0 61 1 14 248
1713220583 2 109516 R 12.0 61 4 86 488
1713226255 1 109288 R 8.0 63 2 39 249
1714673206 2 109609 R 10.0 59 3 59 489
1717621969 2 109798 R 3.0 62 1 15 490
1719184453 2 109898 R 4.0 65 1 303 491
1722117368 2 110085 R 9.0 62 3 66 492
1723599748 2 110180 R 7.0 63 2 608 493
1726423445 1 110132 R 11.0 64 3 65 250
1726456856 2 110363 R 6.0 62 2 324 494
1730903177 1 110419 R 14.0 63 4 88 251
1735226506 1 110696 R 8.0 64 2 37 252
1736780943 2 111024 R 13.0 61 4 88 495
1739643752 1 110978 R 5.0 62 1 14 253
1739700341 2 111211 R 3.0 63 1 18 496
1741119849 2 111301 R 7.0 64 2 38 497
1744102250 2 111492 R 12.0 62 4 87 498
1745552706 2 111585 R 4.0 66 1 16 499
1748435410 1 111541 R 14.0 64 4 83 254
1749954468 2 111867 R 10.0 60 3 61 500
1752877830 2 112054 R 9.0 63 3 63 501
1757250145 2 112334 R 6.0 63 2 36 502
1757283619 1 112107 R 11.0 65 3 62 255
1761650302 2 112615 R 3.0 64 1 294 503
1761747858 1 112393 R 5.0 63 1 301 256
1766061625 1 112669 R 8.0 65 2 604 257
1767541452 2 112992 R 10.0 61 3 60 504
1772005564 2 113278 R 13.0 62 4 88 505
1774927202 2 113465 R 12.0 63 4 86 506
1774977663 1 113240 R 8.0 66 2 43 258
1776424457 2 113561 R 7.0 65 2 41 507
1779358017 1 113520 R 14.0 65 4 89 259
1779375810 2 113750 R 3.0 65 1 301 508
1780840288 2 113844 R 4.0 67 1 301 509
1783697419 2 114026 R 9.0 64 3 631 510
1783781431 1 113803 R 5.0 64 1 297 260
1789615913 2 114405 R 13.0 63 4 86 511
1792584270 2 114595 R 6.0 64 2 42 512
1792603868 1 114368 R 11.0 66 3 67 261
1794080369 2 114691 R 10.0 62 3 353 513
1796939288 2 114874 R 3.0 66 1 293 514
1796990106 1 114648 R 8.0 67 2 322 262
1801345134 1 114927 R 14.0 66 4 368 263
1801387841 2 115159 R 9.0 65 3 350 515
1805772161 2 115439 R 12.0 64 4 369 516
1807198756 2 115531 R 4.0 68 1 14 517
1810198364 1 115494 R 5.0 65 1 18 264
1811600314 2 115812 R 7.0 66 2 38 518
1814596092 2 116004 R 9.0 66 3 64 519
1819011925 2 116287 R 3.0 67 1 303 520
1819021188 1 116058 R 8.0 68 2 50 265
1820501340 2 116382 R 13.0 64 4 90 521
1823381812 2 116566 R 6.0 65 2 39 522
1823407425 1 116339 R 11.0 67 3 64 266
1824840508 2 116660 R 10.0 63 3 61 523
1829273140 2 116943 R 7.0 67 2 41 524
1832167582 1 116900 R 14.0 67 4 84 267
1832251367 2 117134 R 3.0 68 1 20 525
1836559521 2 117410 R 12.0 65 4 83 526
1838080444 2 117507 R 13.0 65 4 87 527
1840961333 2 117691 R 9.0 67 3 345 528
1841021435 1 117466 R 5.0 66 1 18 268
1842450576 2 117787 R 4.0 69 1 14 529
1845456203 2 117979 R 6.0 66 2 42 530
1851320289 2 118354 R 7.0 68 2 41 531
1854249774 1 118313 R 8.0 69 2 52 269
1858606351 2 118821 R 3.0 69 1 15 532
1858635851 1 118594 R 11.0 68 3 64 270
1860082722 2 118915 R 10.0 64 3 65 533
1862990656 1 118872 R 14.0 68 4 85 271
1863039247 2 119104 R 9.0 68 3 63 534
1864562629 2 119202 R 4.0 70 1 303 535
1867441050 2 119386 R 12.0 66 4 86 536
1868931221 2 119481 R 13.0 66 4 370 537
1871811606 2 119666 R 6.0 67 2 326 538
1876228627 1 119720 R 11.0 69 3 62 272
1877675186 2 120041 R 7.0 69 2 35 539
1880667528 1 120004 R 5.0 67 1 296 273
1886513790 2 120607 R 10.0 65 3 66 540
1889458690 1 120566 R 8.0 70 2 40 274
1893868304 2 121077 R 12.0 67 4 85 541
1893938487 1 120853 R 5.0 68 1 20 275
1895385451 2 121174 R 13.0 67 4 89 542
1898254553 2 121358 R 3.0 70 1 296 543
1898262072 1 121130 R 14.0 69 4 85 276
1899816557 2 121458 R 4.0 71 1 311 544
1902679789 1 121413 R 11.0 70 3 345 277
1902734207 2 121645 R 9.0 69 3 634 545
1904155230 2 121736 R 7.0 70 2 39 546
1907102610 2 121924 R 6.0 68 2 322 547
1915876402 1 122257 R 11.0 71 3 61 278
1915880067 2 122486 R 9.0 70 3 65 548
1917323195 2 122578 R 13.0 68 4 83 549
1920266441 2 122767 R 3.0 71 1 301 550
1920319277 1 122542 R 8.0 71 2 322 279
1921803130 2 122865 R 4.0 72 1 303 551
1924679805 1 122821 R 5.0 69 1 297 280
1924682013 2 123049 R 12.0 68 4 366 552
1926251758 2 123150 R 10.0 66 3 349 553
1929096854 1 123103 R 14.0 70 4 85 281
1930635650 2 123430 R 7.0 71 2 608 554
1933582257 2 123619 R 9.0 71 3 67 555
1934943085 2 123706 R 4.0 73 1 13 556
1937888062 1 123666 R 5.0 70 1 14 282
1937921294 2 123897 R 6.0 69 2 39 557
1942354227 2 124180 R 3.0 72 1 17 558
1946756128 2 124462 R 12.0 69 4 86 559
1951179195 1 124517 R 11.0 72 3 74 283
1952625845 2 124838 R 13.0 69 4 86 560
1955502812 1 124793 R 8.0 72 2 321 284
1957074660 2 125123 R 7.0 72 2 326 561
1959976484 1 125080 R 14.0 71 4 88 285
1961423629 2 125401 R 10.0 67 3 344 562
1964305968 1 125357 R 5.0 71 1 300 286
1964342683 2 125588 R 3.0 73 1 15 563
1965877749 2 125686 R 4.0 74 1 303 564
1968806869 2 125873 R 9.0 72 3 71 565
1973115015 2 126149 R 12.0 70 4 84 566
1974637813 2 126247 R 10.0 68 3 62 567
1977641676 2 126439 R 6.0 70 2 331 568
1979065007 2 126530 R 7.0 73 2 324 569
1982002128 1 126489 R 11.0 73 3 70 287
1983497870 2 126814 R 4.0 75 1 307 570
1986450736 1 126774 R 8.0 73 2 328 288
1987889941 2 127095 R 13.0 70 4 369 571
1990742559 1 127049 R 5.0 72 1 13 289
1990822740 2 127282 R 3.0 74 1 18 572
1995161916 2 127560 R 9.0 73 3 65 573
1995253795 1 127337 R 14.0 72 4 90 290
1999608512 1 127616 R 11.0 74 3 63 291
2001055379 2 127937 R 10.0 69 3 60 574
2004056779 1 127901 R 8.0 74 2 43 292
2005504038 2 128222 R 7.0 74 2 326 575
2008405878 2 128408 R 12.0 71 4 87 576
2009920846 2 128505 R 4.0 76 1 18 577
2012807755 2 128689 R 6.0 71 2 320 578
2012879805 1 128465 R 14.0 73 4 89 293
2014307074 2 128785 R 13.0 71 4 88 579
2017177762 2 128969 R 9.0 74 3 59 580
2021641747 2 129255 R 3.0 75 1 17 581
2026076536 1 129310 R 5.0 73 1 19 294
2031965958 2 129916 R 7.0 75 2 42 582
2034837021 1 129871 R 11.0 75 3 70 295
2034885719 2 130102 R 6.0 72 2 41 583
2036305484 2 130193 R 4.0 77 1 304 584
2039285506 1 130155 R 14.0 74 4 88 296
2040744505 2 130477 R 10.0 70 3 347 585
2043632520 2 130662 R 12.0 72 4 84 586
2043703002 1 130438 R 8.0 75 2 330 297
2045130067 2 130758 R 13.0 72 4 87 587
2048063551 2 130946 R 3.0 76 1 295 588
2052494023 1 131001 R 5.0 74 1 18 298
2052527386 2 131232 R 9.0 75 3 67 589
2054015317 2 131327 R 10.0 71 3 67 590
2058338592 2 131603 R 7.0 76 2 39 591
2062756053 2 131886 R 13.0 73 4 86 592
2065646505 2 132071 R 12.0 73 4 83 593
2065660045 1 131843 R 11.0 76 3 61 299
2067141735 2 132167 R 4.0 78 1 14 594
2070048177 2 132353 R 6.0 73 2 319 595
2070108760 1 132128 R 8.0 76 2 323 300
2074457380 1 132406 R 14.0 75 4 84 301
2078911989 1 132691 R 5.0 75 1 297 302
2078948773 2 132923 R 3.0 77 1 20 596
2083287880 2 133200 R 6.0 74 2 38 597
2087720607 2 133484 R 9.0 76 3 67 598
2089206675 2 133579 R 10.0 72 3 63 599
2092077571 1 133534 R 11.0 77 3 61 303
2093545769 2 133857 R 13.0 74 4 83 600
2096525760 1 133819 R 5.0 76 1 16 304
2097965290 2 134140 R 7.0 77 2 321 601
2100933615 2 134330 R 12.0 74 4 87 602
2100943292 1 134101 R 14.0 76 4 87 305
2102380506 2 134422 R 4.0 79 1 303 603
2105321209 2 134610 R 9.0 77 3 62 604
2105329533 1 134382 R 8.0 77 2 321 306
2109738919 2 134893 R 3.0 78 1 298 605
2114201008 2 135179 R 6.0 75 2 611 606
2115686706 2 135274 R 13.0 75 4 90 607
2118619981 1 135233 R 11.0 78 3 67 307
2119996719 2 135550 R 7.0 78 2 327 608
2122984591 1 135512 R 14.0 77 4 88 308
2123007791 2 135742 R 3.0 79 1 19 609
2124382638 2 135830 R 4.0 80 1 304 610
2127360968 1 135792 R 5.0 77 1 303 309
2127378075 2 136022 R 9.0 78 3 65 611
2128860644 2 136117 R 10.0 73 3 913 612
2131717418 2 136300 R 12.0 75 4 84 613
2131746464 1 136073 R 8.0 78 2 38 310
2136150543 2 136583 R 6.0 76 2 324 614
2140551737 2 136865 R 3.0 80 1 14 615
2140632069 1 136642 R 11.0 79 3 67 311
2142041697 2 136960 R 13.0 76 4 86 616
2146505814 2 137246 R 10.0 74 3 66 617
2149339246 1 137199 R 8.0 79 2 36 312
2150813377 2 137522 R 7.0 79 2 36 618
2153772650 1 137483 R 5.0 78 1 300 313
2155340052 2 137812 R 4.0 81 1 20 619
2158156156 2 137992 R 3.0 81 1 14 620
2158164646 1 137764 R 14.0 78 4 366 314
2162573548 2 138275 R 9.0 79 3 62 621
2164116166 2 138373 R 10.0 75 3 70 622
2166959743 2 138555 R 12.0 76 4 84 623
2167049493 1 138332 R 11.0 80 3 65 315
2168455198 2 138651 R 13.0 77 4 84 624
2171439531 2 138842 R 6.0 77 2 320 625
2172937133 2 138938 R 7.0 80 2 329 626
2175778202 1 138891 R 8.0 80 2 37 316
2177289860 2 139216 R 4.0 82 1 293 627
2180293180 2 139409 R 3.0 82 1 21 628
2184657827 1 139459 R 11.0 81 3 64 317
2189059633 1 139741 R 5.0 79 1 301 318
2190550996 2 140065 R 7.0 81 2 43 629
2193396756 2 140247 R 12.0 77 4 83 630
2193467324 1 140023 R 14.0 79 4 369 319
2194935373 2 140346 R 4.0 83 1 299 631
2197907796 2 140536 R 9.0 80 3 358 632
2199368052 2 140629 R 10.0 76 3 65 633
2202262169 2 140815 R 6.0 78 2 40 634
2202320684 1 140590 R 8.0 81 2 44 320
2203769728 2 140911 R 13.0 78 4 89 635
2206613165 1 140864 R 11.0 82 3 59 321
2206710644 2 141099 R 3.0 83 1 19 636
2211123903 1 141153 R 5.0 80 1 20 322
2211127839 2 141382 R 9.0 81 3 67 637
2212545307 2 141473 R 7.0 82 2 39 638
2215478866 1 141432 R 14.0 80 4 86 323
2215514049 2 141663 R 12.0 78 4 90 639
2221415179 2 142040 R 13.0 79 4 90 640
2225771857 2 142319 R 10.0 77 3 65 641
2228642479 2 142503 R 9.0 82 3 59 642
2228738449 1 142280 R 11.0 83 3 66 324
2230124877 2 142598 R 4.0 84 1 294 643
2233107008 2 142789 R 3.0 84 1 302 644
2233155689 1 142563 R 14.0 81 4 91 325
2237540165 2 143072 R 12.0 79 4 371 645
2237541383 1 142844 R 8.0 82 2 42 326
2239025361 2 143167 R 7.0 83 2 42 646
2241896191 1 143122 R 5.0 81 1 16 327
2241931798 2 143353 R 6.0 79 2 322 647
2247770213 2 143727 R 10.0 78 3 61 648
2250750404 1 143689 R 14.0 82 4 88 328
2255122675 2 144198 R 12.0 80 4 86 649
2256594835 2 144292 R 13.0 80 4 86 650
2259573097 1 144254 R 11.0 84 3 66 329
2259586983 2 144483 R 3.0 85 1 302 651
2261010390 2 144574 R 4.0 85 1 300 652
2263894925 2 144759 R 9.0 83 3 626 653
2268349269 2 145044 R 6.0 80 2 602 654
2268364669 1 144816 R 14.0 83 4 88 330
2269786082 2 145136 R 10.0 79 3 61 655
2272703511 2 145323 R 3.0 86 1 14 656
2272744929 1 145097 R 8.0 83 2 319 331
2274249951 2 145422 R 7.0 84 2 41 657
2277152129 2 145608 R 9.0 84 3 67 658
2277168020 1 145380 R 5.0 82 1 303 332
2281585189 1 145663 R 11.0 85 3 65 333
2283088570 2 145987 R 13.0 81 4 91 659
2285975113 2 146172 R 12.0 81 4 86 660
2290360740 2 146453 R 6.0 81 2 40 661
2290376414 1 146225 R 5.0 83 1 16 334
2291897657 2 146551 R 10.0 80 3 66 662
2294731083 1 146504 R 8.0 84 2 37 335
2294840537 2 146740 R 3.0 87 1 21 663
2296266240 2 146831 R 4.0 86 1 303 664
2299164048 2 147016 R 9.0 85 3 62 665
2303585444 1 147071 R 14.0 84 4 86 336
2309449250 2 147675 R 7.0 85 2 38 666
2312392234 2 147863 R 6.0 82 2 39 667
2312408135 1 147635 R 11.0 86 3 63 337
2313835591 2 147955 R 4.0 87 1 300 668
2316793831 1 147916 R 8.0 85 2 39 338
2316850789 2 148148 R 12.0 82 4 90 669
2318251019 2 148238 R 13.0 82 4 366 670
2321174245 1 148196 R 14.0 85 4 84 339
2321221269 2 148428 R 3.0 88 1 301 671
2325581859 2 148707 R 9.0 86 3 343 672
2325597532 1 148479 R 5.0 84 1 298 340
2327151554 2 148807 R 10.0 81 3 68 673
2335895964 2 149367 R 4.0 88 1 16 674
2338809723 2 149554 R 9.0 87 3 63 675
2338825543 1 149326 R 14.0 86 4 87 341
2343196188 2 149834 R 6.0 83 2 326 676
2343211942 1 149607 R 11.0 87 3 349 342
2344734553 2 149933 R 13.0 83 4 88 677
2347654347 1 149891 R 8.0 86 2 324 343
2349136435 2 150215 R 7.0 86 2 326 678
2352015017 1 150170 R 5.0 85 1 295 344
2352106573 2 150405 R 12.0 83 4 91 679
2353506958 2 150494 R 10.0 82 3 632 680
2356404861 2 150680 R 3.0 89 1 299 681
2360821760 2 150962 R 6.0 84 2 37 682
2365243034 1 151017 R 14.0 87 4 85 345
2366689818 2 151338 R 13.0 84 4 82 683
2369613486 2 151525 R 12.0 84 4 83 684
2369629076 1 151297 R 11.0 88 3 60 346
2371200994 2 151627 R 4.0 89 1 297 685
2374092926 2 151812 R 9.0 88 3 64 686
2375555958 2 151905 R 10.0 83 3 345 687
2378514045 1 151866 R 8.0 87 2 42 347
2378541484 2 152096 R 3.0 90 1 20 688
2379986634 2 152189 R 7.0 87 2 324 689
2382837532 1 152143 R 5.0 86 1 13 348
2384325337 2 152467 R 4.0 90 1 14 690
2387239440 2 152653 R 12.0 85 4 83 691
2388758502 2 152750 R 10.0 84 3 65 692
2391750565 2 152942 R 6.0 85 2 326 693
2393160083 2 153032 R 13.0 85 4 85 694
2396066028 1 152989 R 11.0 89 3 60 349
2396105032 2 153221 R 9.0 89 3 64 695
