80272721 2 5007 R 4.0 1 1 16 1
87648684 1 5251 R 5.0 1 1 23 1
92003550 2 5758 R 3.0 1 1 15 2
100810576 2 6322 R 6.0 1 2 40 3
105173110 1 6372 R 8.0 1 2 37 2
106666764 2 6697 R 7.0 1 2 35 4
114105454 1 6944 R 11.0 1 3 67 3
115474147 2 7260 R 10.0 1 3 60 5
118475590 1 7224 R 5.0 2 1 18 4
119969256 2 7548 R 4.0 2 1 19 6
122883158 2 7734 R 3.0 2 1 23 7
127300425 2 8017 R 9.0 1 3 65 8
136092046 2 8580 R 12.0 1 4 88 9
137525691 2 8672 R 13.0 1 4 85 10
140447108 2 8859 R 6.0 2 2 38 11
140532773 1 8635 R 14.0 1 4 90 5
146363936 2 9237 R 10.0 2 3 63 12
149323983 1 9198 R 8.0 2 2 42 6
150765741 2 9519 R 7.0 2 2 321 13
153641860 1 9474 R 11.0 2 3 59 7
158112011 2 9989 R 9.0 2 3 67 14
158127618 1 9761 R 5.0 3 1 303 8
159541744 2 10081 R 4.0 3 1 14 15
162529653 2 10272 R 3.0 3 1 18 16
166915948 2 10552 R 12.0 2 4 87 17
171270929 2 10831 R 6.0 3 2 321 18
172817007 2 10930 R 13.0 2 4 89 19
180161421 1 11172 R 14.0 2 4 89 9
181655425 2 11496 R 10.0 3 3 66 20
186056884 2 11778 R 7.0 3 2 42 21
188935421 2 11962 R 3.0 4 1 16 22
188968898 1 11735 R 11.0 3 3 65 10
190427185 2 12057 R 4.0 4 1 17 23
193356956 1 12016 R 8.0 3 2 331 11
197752317 2 12526 R 9.0 3 3 64 24
197803556 1 12301 R 5.0 4 1 303 12
207983055 2 13181 R 13.0 3 4 84 25
210965186 2 13372 R 12.0 3 4 87 26
212415933 2 13464 R 10.0 4 3 61 27
215327845 1 13422 R 14.0 3 4 83 13
215335734 2 13651 R 6.0 4 2 323 28
221222840 2 14028 R 4.0 5 1 15 29
228540137 1 14268 R 8.0 4 2 37 14
228581173 2 14499 R 9.0 4 3 64 30
230123705 2 14598 R 7.0 4 2 43 31
233035794 1 14555 R 11.0 4 3 66 15
233043753 2 14785 R 3.0 5 1 305 32
237374743 1 14833 R 5.0 5 1 15 16
238868580 2 15157 R 13.0 4 4 85 33
250661865 2 15912 R 12.0 4 4 89 34
252112389 2 16005 R 10.0 5 3 65 35
255024253 1 15963 R 14.0 4 4 87 17
255032269 2 16192 R 6.0 5 2 324 36
260919299 2 16569 R 4.0 6 1 17 37
263776547 2 16752 R 9.0 5 3 61 38
269695459 2 17130 R 13.0 5 4 86 39
272614865 2 17317 R 3.0 6 1 14 40
272642482 1 17090 R 11.0 5 3 63 18
274159290 2 17416 R 7.0 5 2 41 41
277030675 1 17371 R 8.0 5 2 319 19
281422219 2 17881 R 12.0 5 4 86 42
281477075 1 17656 R 5.0 6 1 295 20
282872951 2 17974 R 10.0 6 3 59 43
285917414 2 18169 R 6.0 6 2 44 44
291804797 2 18545 R 4.0 7 1 20 45
294720785 1 18503 R 14.0 5 4 90 21
300580907 2 19107 R 13.0 6 4 89 46
303527689 1 19067 R 5.0 7 1 19 22
307878551 2 19574 R 9.0 6 3 61 47
309325306 2 19667 R 7.0 6 2 38 48
312303565 1 19629 R 8.0 6 2 41 23
312311398 2 19858 R 3.0 7 1 18 49
316642977 1 19906 R 11.0 6 3 62 24
318163925 2 20232 R 10.0 7 3 62 50
321118831 2 20421 R 12.0 6 4 87 51
325489437 2 20701 R 6.0 7 2 324 52
331376332 2 21078 R 4.0 8 1 15 53
334292316 1 21036 R 14.0 6 4 84 25
338693764 1 21318 R 8.0 7 2 38 26
340152430 2 21640 R 13.0 7 4 83 54
343169556 2 21833 R 9.0 7 3 70 55
344616396 2 21925 R 7.0 7 2 41 56
347477715 2 22108 R 12.0 7 4 81 57
347594623 1 21887 R 5.0 8 1 20 27
352004170 2 22398 R 3.0 8 1 20 58
356339429 1 22447 R 11.0 7 3 67 28
362265961 2 23055 R 10.0 8 3 65 59
365185421 2 23242 R 6.0 8 2 41 60
369524619 2 23519 R 9.0 8 3 69 61
371073003 2 23619 R 4.0 9 1 18 62
373988696 1 23576 R 8.0 8 2 41 29
375443307 2 23898 R 7.0 8 2 39 63
378390567 1 23858 R 14.0 7 4 88 30
379907563 2 24184 R 13.0 8 4 90 64
382760599 1 24138 R 5.0 9 1 15 31
382768432 2 24367 R 3.0 9 1 15 65
387170265 2 24649 R 12.0 8 4 85 66
396036039 1 24987 R 11.0 8 3 66 32
404757025 2 25774 R 9.0 9 3 59 67
406239180 2 25869 R 10.0 9 3 61 68
409154921 1 25827 R 14.0 8 4 82 33
409221477 2 26060 R 6.0 9 2 326 69
410734654 2 26157 R 7.0 9 2 327 70
413681660 1 26117 R 5.0 10 1 20 34
415107193 2 26437 R 13.0 9 4 369 71
418051682 1 26396 R 8.0 9 2 42 35
419507123 2 26718 R 4.0 10 1 303 72
426870961 2 27190 R 3.0 10 1 19 73
431202107 1 27238 R 11.0 9 3 59 36
431272322 2 27471 R 12.0 9 4 88 74
437125016 2 27846 R 10.0 10 3 61 75
440048388 2 28033 R 6.0 10 2 39 76
441513150 2 28127 R 7.0 10 2 319 77
444445881 1 28086 R 14.0 9 4 86 37
444512499 2 28319 R 9.0 10 3 68 78
445959755 2 28411 R 4.0 11 1 295 79
448849758 1 28368 R 8.0 10 2 39 38
453218550 1 28647 R 5.0 11 1 295 39
454797862 2 28977 R 13.0 10 4 89 80
462037198 2 29440 R 12.0 10 4 83 81
466438523 2 29722 R 3.0 11 1 13 82
466493414 1 29497 R 11.0 10 3 71 40
470933884 2 30010 R 6.0 11 2 43 83
472415882 2 30104 R 7.0 11 2 42 84
475273060 2 30287 R 9.0 11 3 62 85
475331795 1 30062 R 14.0 10 4 89 41
476741478 2 30381 R 10.0 11 3 61 86
479733727 1 30344 R 8.0 11 2 324 42
481125698 2 30662 R 4.0 12 1 296 87
484103543 1 30624 R 5.0 12 1 16 43
489964020 2 31228 R 13.0 11 4 86 88
497327926 2 31699 R 6.0 12 2 44 89
501784485 1 31755 R 11.0 11 3 66 44
503241054 2 32077 R 10.0 12 3 65 90
506199728 2 32267 R 12.0 11 4 90 91
507672079 2 32361 R 4.0 13 1 309 92
510505893 2 32542 R 3.0 12 1 298 93
514969524 2 32828 R 9.0 12 3 65 94
516416431 2 32921 R 7.0 12 2 39 95
519308839 1 32877 R 14.0 11 4 84 45
523712597 1 33159 R 8.0 12 2 326 46
528206072 1 33446 R 5.0 13 1 300 47
532544926 1 33724 R 11.0 12 3 61 48
532619017 2 33957 R 6.0 13 2 42 96
534065934 2 34050 R 13.0 12 4 87 97
541426149 2 34521 R 9.0 13 3 66 98
542872836 2 34614 R 4.0 14 1 17 99
545797065 2 34801 R 12.0 12 4 88 100
547243912 2 34893 R 10.0 13 3 62 101
550136092 2 35079 R 3.0 13 1 13 102
554599990 1 35136 R 14.0 12 4 87 49
556113248 2 35461 R 7.0 13 2 42 103
559066112 1 35421 R 8.0 13 2 328 50
563372026 1 35697 R 5.0 14 1 301 51
567785445 2 36208 R 9.0 14 3 66 104
573637878 2 36583 R 13.0 13 4 82 105
576592503 2 36772 R 6.0 14 2 38 106
576647111 1 36547 R 11.0 13 3 70 52
578164492 2 36872 R 10.0 14 3 68 107
586940150 2 37434 R 4.0 15 1 18 108
589791774 2 37616 R 12.0 13 4 83 109
591279263 2 37712 R 7.0 14 2 38 110
594238507 2 37901 R 3.0 14 1 297 111
594296530 1 37676 R 14.0 13 4 89 53
598699738 1 37958 R 8.0 14 2 43 54
603068695 1 38238 R 5.0 15 1 304 55
604523455 2 38559 R 10.0 15 3 63 112
607407492 1 38515 R 11.0 14 3 59 56
607481903 2 38749 R 9.0 15 3 65 113
608924988 2 38841 R 13.0 14 4 85 114
611883972 2 39030 R 6.0 15 2 323 115
617700646 2 39403 R 4.0 16 1 13 116
620659403 2 39592 R 3.0 15 1 15 117
629462188 1 39927 R 8.0 15 2 42 57
629529245 2 40160 R 12.0 14 4 90 118
630975867 2 40252 R 7.0 15 2 43 119
633864087 1 40208 R 14.0 14 4 85 58
638359218 1 40496 R 5.0 16 1 20 59
642647987 2 40999 R 6.0 16 2 35 120
647174525 2 41289 R 9.0 16 3 68 121
648611752 2 41381 R 13.0 15 4 87 122
651509525 1 41338 R 11.0 15 3 63 60
652966673 2 41660 R 4.0 17 1 293 123
655942224 1 41621 R 8.0 16 2 41 61
655950403 2 41851 R 3.0 16 1 18 124
657397892 2 41943 R 10.0 16 3 630 125
660289747 2 42128 R 12.0 15 4 85 126
664749646 1 42185 R 14.0 15 4 87 62
666266803 2 42511 R 7.0 16 2 42 127
673533418 2 42976 R 6.0 17 2 39 128
674980478 2 43069 R 13.0 16 4 84 129
677935029 2 43258 R 9.0 17 3 62 130
678010997 1 43034 R 11.0 16 3 67 63
679381877 2 43350 R 4.0 18 1 14 131
682395285 1 43314 R 5.0 17 1 299 64
686702796 1 43590 R 8.0 17 2 36 65
691116500 2 44101 R 3.0 17 1 13 132
692688416 2 44202 R 10.0 17 3 65 133
695580763 2 44387 R 12.0 16 4 87 134
697027780 2 44480 R 7.0 17 2 319 135
700040534 1 44444 R 14.0 16 4 90 66
708824497 2 45235 R 9.0 18 3 66 136
713221761 1 45287 R 5.0 18 1 18 67
717561043 1 45565 R 11.0 17 3 60 68
717631644 2 45798 R 6.0 18 2 41 137
719068862 2 45890 R 13.0 17 4 86 138
721994090 1 45849 R 8.0 18 2 324 69
723484323 2 46173 R 4.0 19 1 300 139
730801100 1 46412 R 14.0 17 4 86 70
732259801 2 46734 R 7.0 18 2 37 140
735236279 2 46925 R 12.0 17 4 88 141
736724145 2 47020 R 10.0 18 3 66 142
739683146 2 47210 R 3.0 18 1 307 143
745562505 2 47586 R 13.0 18 4 89 144
748387725 1 47538 R 5.0 19 1 13 71
748396109 2 47767 R 9.0 19 3 60 145
749963967 2 47868 R 4.0 20 1 19 146
752797989 2 48049 R 6.0 19 2 319 147
752851839 1 47824 R 8.0 19 2 45 72
757284918 1 48107 R 11.0 18 3 65 73
761698593 2 48619 R 3.0 19 1 20 148
766092046 1 48671 R 14.0 18 4 88 74
767550739 2 48993 R 7.0 19 2 44 149
774848970 2 49460 R 12.0 18 4 84 150
776295663 2 49553 R 13.0 19 4 84 151
779281884 2 49744 R 6.0 20 2 330 152
780728541 2 49836 R 10.0 19 3 60 153
783678802 1 49797 R 5.0 20 1 16 75
788143081 1 50082 R 11.0 19 3 74 76
792450943 1 50358 R 14.0 19 4 84 77
792494194 2 50589 R 9.0 20 3 64 154
793940884 2 50682 R 4.0 21 1 14 155
796852744 1 50640 R 8.0 20 2 317 78
798436307 2 50970 R 7.0 20 2 43 156
801270083 2 51151 R 3.0 20 1 14 157
802775644 2 51247 R 13.0 20 4 87 158
814545130 2 52001 R 6.0 21 2 44 159
818978292 2 52284 R 12.0 19 4 88 160
824830503 2 52659 R 10.0 20 3 68 161
827747808 1 52617 R 14.0 20 4 88 79
829231888 2 52941 R 4.0 22 1 17 162
832133982 1 52898 R 5.0 21 1 300 80
832192730 2 53130 R 9.0 21 3 66 163
833602530 2 53220 R 13.0 21 4 85 164
836561421 2 53410 R 3.0 21 1 302 165
836614017 1 53184 R 11.0 20 3 630 81
838066368 2 53506 R 7.0 21 2 41 166
840919629 1 53460 R 8.0 21 2 606 82
849711377 2 54251 R 12.0 20 4 83 167
851185490 2 54346 R 10.0 21 3 60 168
854144458 2 54535 R 6.0 22 2 322 169
854194427 1 54310 R 5.0 22 1 18 83
858545623 2 54817 R 3.0 22 1 15 170
858627447 1 54593 R 14.0 21 4 89 84
863029063 1 54875 R 11.0 21 3 66 85
863041065 2 55104 R 9.0 22 3 66 171
864462666 2 55195 R 13.0 22 4 87 172
868893690 2 55479 R 4.0 23 1 300 173
876210233 1 55719 R 8.0 22 2 41 86
882043474 2 56321 R 7.0 22 2 37 174
885002165 2 56510 R 6.0 23 2 42 175
886476579 2 56604 R 10.0 22 3 67 176
889360614 1 56560 R 14.0 22 4 83 87
889435256 2 56794 R 12.0 21 4 89 177
893793236 1 56844 R 5.0 23 1 15 88
895283408 2 57168 R 4.0 24 1 15 178
898244192 2 57357 R 9.0 23 3 64 179
902600657 1 57408 R 11.0 22 3 61 89
902612934 2 57637 R 3.0 23 1 301 180
908465088 2 58012 R 13.0 23 4 84 181
911501246 1 57977 R 8.0 23 2 43 90
912929221 2 58297 R 10.0 23 3 65 182
915887664 2 58487 R 6.0 24 2 42 183
917362189 2 58581 R 7.0 23 2 328 184
920246103 1 58537 R 14.0 23 4 86 91
929118157 2 59333 R 12.0 22 4 89 185
933489903 1 59385 R 5.0 24 1 18 92
933533594 2 59616 R 3.0 24 1 307 186
934980081 2 59709 R 4.0 25 1 18 187
937891682 1 59666 R 11.0 23 3 64 93
937903541 2 59896 R 9.0 24 3 65 188
939350616 2 59988 R 13.0 24 4 86 189
942261752 1 59946 R 8.0 24 2 38 94
943815057 2 60274 R 10.0 24 3 350 190
948122285 2 60550 R 7.0 24 2 36 191
955459490 2 61019 R 12.0 23 4 85 192
959941334 2 61306 R 6.0 25 2 328 193
964294090 2 61585 R 3.0 25 1 294 194
964348229 1 61359 R 14.0 24 4 88 95
968655916 1 61635 R 5.0 25 1 12 96
970147988 2 61959 R 4.0 26 1 13 195
973069631 2 62146 R 9.0 25 3 59 196
973182626 1 61925 R 11.0 24 3 68 97
979002141 2 62526 R 13.0 25 4 85 197
981958346 1 62486 R 8.0 25 2 42 98
983419376 2 62809 R 10.0 25 3 64 198
986344703 2 62996 R 6.0 26 2 41 199
987805149 2 63089 R 7.0 25 2 39 200
999514172 1 63610 R 14.0 25 4 85 99
999575153 2 63843 R 12.0 24 4 87 201
1003947224 1 63894 R 5.0 26 1 16 100
1003990674 2 64125 R 3.0 26 1 297 202
1008349116 1 64175 R 11.0 25 3 63 101
1009907161 2 64504 R 13.0 26 4 91 203
1014230486 2 64781 R 4.0 27 1 15 204
1017124832 1 64737 R 8.0 26 2 36 102
1017171594 2 64969 R 9.0 26 3 64 205
1021636383 2 65255 R 6.0 27 2 335 206
1025943861 2 65530 R 12.0 25 4 84 207
1027458998 2 65627 R 10.0 26 3 63 208
1031845101 2 65908 R 7.0 26 2 325 209
1034805592 1 65869 R 14.0 26 4 88 103
1039238231 1 66152 R 5.0 27 1 18 104
1043561736 2 66658 R 3.0 27 1 14 210
1045135596 2 66759 R 4.0 28 1 20 211
1048045585 1 66716 R 11.0 26 3 65 105
1048057175 2 66945 R 6.0 28 2 48 212
1052415721 1 66996 R 8.0 27 2 40 106
1053864762 2 67317 R 13.0 27 4 86 213
1056802093 2 67505 R 12.0 26 4 84 214
1061234593 2 67789 R 9.0 27 3 64 215
1065691146 1 67845 R 14.0 27 4 89 107
1067093020 2 68164 R 10.0 27 3 61 216
1069998728 1 68121 R 5.0 28 1 13 108
1071488566 2 68445 R 7.0 27 2 38 217
1075958955 2 68731 R 4.0 29 1 302 218
1078852834 2 68916 R 3.0 28 1 16 219
1080282168 2 69008 R 13.0 28 4 83 220
1087617182 1 69249 R 11.0 27 3 60 109
1087646351 2 69479 R 6.0 29 2 38 221
1092063449 2 69762 R 9.0 28 3 62 222
1092112331 1 69536 R 8.0 28 2 42 110
1096449724 2 70043 R 12.0 27 4 86 223
1109701349 1 70662 R 14.0 28 4 87 111
1111185249 2 70986 R 13.0 29 4 88 224
1114101265 1 70944 R 5.0 29 1 301 112
1114145868 2 71175 R 3.0 29 1 19 225
1115555852 2 71265 R 4.0 30 1 299 226
1118502465 1 71225 R 8.0 29 2 39 113
1120020072 2 71551 R 7.0 28 2 608 227
1122853321 2 71732 R 9.0 29 3 59 228
1124333935 2 71827 R 10.0 28 3 909 229
1127286173 2 72016 R 6.0 30 2 38 230
1131684011 1 72069 R 11.0 28 3 67 114
1136093460 2 72580 R 12.0 28 4 85 231
1140553775 1 72637 R 14.0 29 4 88 115
1142060980 2 72962 R 13.0 30 4 89 232
1146415983 2 73240 R 7.0 29 2 328 233
1149391801 1 73202 R 8.0 30 2 43 116
1149399717 2 73431 R 3.0 30 1 20 234
1150864626 2 73525 R 10.0 29 3 637 235
1153793415 1 73484 R 5.0 30 1 19 117
1155281216 2 73808 R 4.0 31 1 20 236
1162520548 2 74271 R 6.0 31 2 37 237
1166906477 2 74552 R 9.0 30 3 60 238
1166975161 1 74328 R 11.0 29 3 64 118
1171386574 2 74839 R 12.0 29 4 88 239
1172883979 2 74934 R 10.0 30 3 65 240
1175719727 1 74887 R 14.0 30 4 82 119
1181607128 2 75493 R 13.0 31 4 84 241
1184557820 1 75453 R 5.0 31 1 15 120
1186071477 2 75778 R 4.0 32 1 305 242
1190510226 2 76062 R 7.0 30 2 604 243
1193365017 1 76016 R 8.0 31 2 38 121
1193435280 2 76250 R 6.0 32 2 40 244
1197749420 2 76526 R 3.0 31 1 301 245
1202260277 2 76814 R 12.0 30 4 90 246
1202266186 1 76586 R 11.0 30 3 67 122
1206605151 1 76864 R 14.0 31 4 86 123
1206614859 2 77093 R 9.0 31 3 64 247
1212527837 2 77472 R 13.0 32 4 89 248
1216898559 2 77751 R 10.0 31 3 344 249
1221332810 2 78035 R 7.0 31 2 42 250
1225670308 2 78313 R 4.0 33 1 298 251
1228583765 1 78270 R 8.0 32 2 38 124
1233034380 2 78784 R 12.0 31 4 85 252
1233063920 1 78557 R 5.0 32 1 303 125
1237432479 1 78837 R 11.0 31 3 344 126
1237436187 2 79066 R 3.0 32 1 306 253
1241843659 2 79348 R 6.0 33 2 321 254
1243288354 2 79440 R 10.0 32 3 61 255
1246291883 2 79633 R 9.0 32 3 65 256
1246301765 1 79404 R 14.0 32 4 88 127
1247783640 2 79728 R 13.0 33 4 89 257
1259420585 1 80244 R 11.0 32 3 59 128
1263886429 1 80530 R 8.0 33 2 40 129
1263925566 2 80761 R 6.0 34 2 42 258
1265372277 2 80854 R 7.0 32 2 41 259
1268317816 1 80813 R 5.0 33 1 295 130
1269772403 2 81135 R 4.0 34 1 298 260
1272656805 1 81091 R 14.0 33 4 83 131
1272717017 2 81324 R 3.0 33 1 18 261
1274173774 2 81417 R 13.0 34 4 86 262
1277072050 2 81602 R 12.0 32 4 84 263
1282949707 2 81979 R 10.0 33 3 61 264
1285925750 2 82169 R 9.0 33 3 65 265
1290305857 1 82221 R 5.0 34 1 16 132
1291789812 2 82544 R 7.0 33 2 39 266
1294707538 1 82502 R 8.0 34 2 46 133
1296252330 2 82830 R 4.0 35 1 303 267
1299154028 2 83016 R 6.0 35 2 41 268
1303483645 1 83064 R 11.0 33 3 60 134
1307945752 2 83578 R 12.0 33 4 85 269
1312353202 1 83632 R 14.0 34 4 88 135
1316705787 2 84139 R 3.0 34 1 13 270
1318277836 2 84240 R 13.0 35 4 90 271
1321154272 2 84424 R 9.0 34 3 63 272
1322579776 2 84515 R 10.0 34 3 59 273
1327018693 2 84799 R 4.0 36 1 299 274
1329988790 1 84760 R 8.0 35 2 41 136
1331404261 2 85080 R 7.0 34 2 37 275
1334404419 1 85043 R 5.0 35 1 304 137
1338774592 1 85323 R 11.0 34 3 63 138
1338788141 2 85552 R 6.0 36 2 41 276
1344695335 2 85930 R 13.0 36 4 90 277
1347579793 2 86115 R 12.0 34 4 86 278
1352049742 1 86172 R 14.0 35 4 91 139
1352059298 2 86402 R 9.0 35 3 69 279
1357829557 2 86771 R 4.0 37 1 13 280
1360762893 1 86730 R 8.0 36 2 37 140
1360788381 2 86960 R 3.0 35 1 15 281
1362247011 2 87054 R 10.0 35 3 61 282
1365164509 1 87012 R 5.0 36 1 14 141
1366633268 2 87334 R 7.0 35 2 317 283
1374065681 1 87581 R 11.0 35 3 67 142
1378479030 2 88092 R 12.0 35 4 89 284
1379923770 2 88185 R 13.0 37 4 87 285
1382810236 1 88141 R 14.0 36 4 85 143
1382880893 2 88374 R 6.0 37 2 324 286
1387250703 2 88654 R 3.0 36 1 17 287
1391589883 2 88932 R 9.0 36 3 59 288
1391648391 1 88707 R 8.0 37 2 40 144
1397588953 2 89316 R 10.0 36 3 68 289
1401874977 2 89590 R 7.0 36 2 35 290
1404861048 1 89552 R 5.0 37 1 16 145
1406392225 2 89879 R 4.0 38 1 304 291
1413637143 1 90114 R 11.0 36 3 61 146
1413645051 2 90343 R 12.0 36 4 84 292
1418110815 2 90629 R 6.0 38 2 42 293
1422542296 2 90913 R 3.0 37 1 307 294
1423963402 2 91003 R 13.0 38 4 86 295
1426912417 1 90964 R 14.0 37 4 89 147
1428411888 2 91288 R 10.0 37 3 67 296
1431286496 2 91472 R 9.0 37 3 61 297
1431344924 1 91247 R 8.0 38 2 43 148
1441639928 2 92135 R 7.0 37 2 43 298
1444559757 1 92093 R 11.0 37 3 66 149
1446025997 2 92415 R 4.0 39 1 19 299
1448928481 1 92373 R 5.0 38 1 303 150
1457743163 2 93165 R 12.0 37 4 88 300
1462078366 1 93214 R 14.0 38 4 83 151
1462193397 2 93450 R 6.0 39 2 43 301
1463597366 2 93540 R 13.0 39 4 86 302
1466485991 2 93725 R 3.0 38 1 297 303
1466510944 1 93498 R 8.0 39 2 38 152
1468045910 2 93825 R 10.0 38 3 64 304
1470885723 2 94006 R 9.0 38 3 341 305
1472462933 2 94107 R 4.0 40 1 19 306
1475318143 1 94061 R 5.0 39 1 15 153
1481254445 2 94670 R 7.0 38 2 41 307
1488567992 2 95138 R 3.0 39 1 18 308
1488624826 1 94913 R 11.0 38 3 67 154
1492963812 1 95191 R 14.0 39 4 86 155
1493016565 2 95423 R 12.0 38 4 90 309
1497433637 2 95706 R 6.0 40 2 43 310
1498825883 2 95795 R 13.0 40 4 85 311
1501819651 2 95986 R 9.0 39 3 66 312
1506207537 1 96038 R 8.0 40 2 40 156
1507679955 2 96361 R 10.0 39 3 64 313
1510609211 1 96320 R 5.0 40 1 17 157
1512028530 2 96640 R 7.0 39 2 37 314
1514985326 2 96829 R 3.0 40 1 16 315
1516483357 2 96925 R 4.0 41 1 300 316
1523790711 1 97164 R 11.0 39 3 62 158
1534054393 2 98049 R 13.0 41 4 84 317
1537034624 2 98240 R 12.0 39 4 86 318
1537065866 1 98013 R 14.0 40 4 90 159
1538502888 2 98334 R 10.0 40 3 63 319
1541467262 2 98524 R 9.0 40 3 66 320
1542919884 2 98617 R 7.0 40 2 40 321
1545869361 2 98805 R 6.0 41 2 328 322
1550184524 1 98853 R 8.0 41 2 36 160
1554644823 2 99367 R 3.0 41 1 16 323
1554711138 1 99143 R 5.0 41 1 21 161
1556116908 2 99461 R 4.0 42 1 16 324
1567892824 1 99986 R 14.0 41 4 88 162
1572232692 1 100264 R 11.0 40 3 350 163
1572296752 2 100497 R 12.0 40 4 89 325
1573714364 2 100588 R 13.0 42 4 84 326
1576664916 1 100548 R 8.0 42 2 39 164
1576682597 2 100777 R 9.0 41 3 63 327
1578178827 2 100873 R 10.0 41 3 355 328
1581037394 2 101056 R 6.0 42 2 36 329
1582611387 2 101157 R 7.0 41 2 330 330
1585472050 1 101111 R 5.0 42 1 15 165
1589891259 2 101623 R 3.0 42 1 16 331
1595823757 2 102003 R 4.0 43 1 19 332
1603139268 1 102242 R 14.0 42 4 88 166
1604599786 2 102564 R 10.0 42 3 64 333
1607519459 2 102751 R 12.0 41 4 85 334
1607556902 1 102525 R 11.0 41 3 354 167
1608938602 2 102842 R 7.0 42 2 35 335
1613371755 2 103126 R 13.0 43 4 85 336
1616326311 2 103315 R 6.0 43 2 41 337
1616347766 1 103087 R 8.0 43 2 41 168
1620696753 2 103594 R 9.0 42 3 60 338
1629539224 1 103932 R 14.0 43 4 86 169
1633971814 2 104444 R 3.0 43 1 18 339
1634003528 1 104217 R 5.0 43 1 301 170
1635459676 2 104539 R 4.0 44 1 22 340
1638379970 1 104497 R 11.0 42 3 346 171
1644188829 2 105098 R 13.0 44 4 83 341
1648606541 2 105381 R 10.0 43 3 343 342
1651545288 2 105569 R 12.0 42 4 84 343
1652991890 2 105661 R 7.0 43 2 36 344
1655981801 1 105624 R 8.0 44 2 40 172
1656025362 2 105855 R 9.0 43 3 347 345
1660348365 2 106132 R 6.0 44 2 37 346
1664765516 2 106415 R 3.0 44 1 15 347
1664830247 1 106190 R 11.0 43 3 66 173
1669191031 1 106469 R 5.0 44 1 307 174
1673608011 1 106752 R 14.0 44 4 88 175
1677962843 2 107259 R 12.0 43 4 83 348
1679542258 2 107361 R 4.0 45 1 20 349
1682399294 1 107315 R 8.0 45 2 39 176
1683834662 2 107635 R 10.0 44 3 61 350
1688345577 2 107924 R 13.0 45 4 89 351
1691278708 2 108112 R 9.0 44 3 67 352
1692700080 2 108203 R 7.0 44 2 39 353
1695577218 2 108387 R 3.0 45 1 297 354
1700095871 1 108447 R 11.0 44 3 67 177
1704399632 2 108951 R 6.0 45 2 37 355
1704460438 1 108727 R 14.0 45 4 88 178
1705959679 2 109051 R 4.0 46 1 20 356
1708893424 1 109010 R 5.0 45 1 307 179
1713222727 1 109287 R 8.0 46 2 320 180
1714782581 2 109616 R 13.0 46 4 90 357
1719169047 2 109897 R 10.0 45 3 349 358
1722074647 2 110083 R 12.0 44 4 88 359
1726482250 2 110365 R 3.0 46 1 301 360
1726513287 1 110138 R 11.0 45 3 74 181
1727928676 2 110457 R 7.0 45 2 39 361
1730930320 2 110649 R 9.0 45 3 66 362
1735223045 2 110924 R 6.0 46 2 322 363
1739647713 1 110979 R 5.0 46 1 15 182
1745593932 2 111588 R 10.0 46 3 64 364
1748470633 1 111543 R 14.0 46 4 85 183
1750005323 2 111870 R 13.0 47 4 90 365
1752856329 1 111824 R 8.0 47 2 37 184
1754397279 2 112151 R 4.0 47 1 302 366
1757355672 2 112341 R 6.0 47 2 43 367
1761710638 2 112619 R 12.0 45 4 86 368
1766075323 2 112899 R 9.0 46 3 345 369
1766147218 1 112675 R 5.0 47 1 19 185
1767562692 2 112994 R 7.0 46 2 38 370
1770470873 1 112951 R 11.0 46 3 58 186
1770576489 2 113187 R 3.0 47 1 303 371
1783699075 1 113798 R 14.0 47 4 84 187
1785227975 2 114124 R 10.0 47 3 65 372
1788084965 1 114079 R 8.0 48 2 36 188
1793982299 2 114685 R 13.0 48 4 83 373
1798384119 2 114966 R 4.0 48 1 295 374
1801344616 2 115156 R 12.0 46 4 87 375
1801375744 1 114929 R 5.0 48 1 17 189
1802791637 2 115248 R 7.0 47 2 603 376
1805793417 2 115441 R 6.0 48 2 328 377
1810204664 2 115723 R 9.0 47 3 629 378
1814596504 2 116004 R 3.0 48 1 302 379
1814613942 1 115776 R 14.0 48 4 88 190
1818922229 1 116052 R 11.0 47 3 337 191
1820456418 2 116379 R 10.0 48 3 62 380
1823448120 1 116342 R 8.0 49 2 44 192
1824867977 2 116661 R 7.0 48 2 322 381
1829269670 2 116943 R 4.0 49 1 306 382
1832167578 2 117129 R 6.0 49 2 39 383
1833739863 2 117229 R 13.0 49 4 656 384
1836616012 2 117413 R 9.0 48 3 64 385
1836629587 1 117185 R 5.0 49 1 18 193
1841033334 2 117696 R 12.0 47 4 89 386
1849824669 2 118259 R 3.0 49 1 17 387
1851279417 2 118352 R 10.0 49 3 62 388
1854281247 1 118315 R 11.0 48 3 67 194
1858667094 1 118596 R 14.0 49 4 89 195
1860158584 2 118920 R 7.0 49 2 43 389
1862990522 2 119101 R 6.0 50 2 40 390
1863022093 1 118874 R 8.0 50 2 321 196
1864488432 2 119197 R 4.0 50 1 294 391
1868967956 2 119484 R 13.0 50 4 89 392
1871875747 1 119441 R 5.0 50 1 18 197
1876249911 2 119950 R 9.0 49 3 63 393
1880661584 2 120232 R 12.0 48 4 88 394
1880698586 1 120006 R 11.0 49 3 74 198
1885053658 2 120513 R 3.0 50 1 305 395
1890913449 2 120888 R 10.0 50 3 63 396
1893895680 1 120850 R 14.0 50 4 87 199
1893938381 2 121082 R 6.0 51 2 45 397
1895330467 2 121171 R 7.0 50 2 39 398
1898250667 1 121129 R 8.0 51 2 322 200
1899716450 2 121452 R 4.0 51 1 14 399
1907104124 1 121696 R 5.0 51 1 17 201
1908601967 2 122020 R 13.0 51 4 90 400
1911521660 1 121978 R 11.0 50 3 65 202
1915884010 2 122486 R 9.0 50 3 62 401
1920313001 1 122541 R 8.0 52 2 40 203
1924763549 2 123055 R 12.0 49 4 90 402
1926141735 2 123143 R 7.0 51 2 36 403
1929073345 1 123102 R 14.0 51 4 83 204
1929165369 2 123336 R 3.0 51 1 303 404
1930615913 2 123429 R 10.0 51 3 76 405
1933572896 2 123618 R 6.0 52 2 325 406
1934945431 2 123706 R 4.0 52 1 302 407
1939424929 2 123993 R 13.0 52 4 88 408
1942301486 2 124177 R 9.0 51 3 62 409
1946716900 1 124231 R 11.0 51 3 62 205
1951155880 1 124515 R 5.0 52 1 295 206
1955529686 2 125024 R 3.0 52 1 15 410
1959915975 2 125304 R 12.0 50 4 85 411
1959946904 1 125078 R 8.0 53 2 39 207
1964395492 2 125591 R 6.0 53 2 41 412
1965787787 2 125680 R 10.0 52 3 61 413
1968718895 2 125868 R 9.0 52 3 60 414
1968832376 1 125646 R 14.0 52 4 90 208
1970308794 2 125970 R 7.0 52 2 326 415
1974679094 2 126249 R 4.0 53 1 304 416
1979102381 2 126532 R 13.0 53 4 653 417
1981947251 2 126714 R 3.0 53 1 13 418
1981966902 1 126487 R 11.0 52 3 62 209
1986383915 1 126770 R 5.0 53 1 16 210
1995175667 1 127332 R 14.0 53 4 85 211
1996735719 2 127661 R 10.0 53 3 66 419
1999622201 2 127846 R 12.0 51 4 88 420
1999655640 1 127619 R 8.0 54 2 326 212
2001121769 2 127942 R 13.0 54 4 90 421
2003992780 2 128125 R 6.0 54 2 323 422
2008456844 2 128411 R 9.0 53 3 347 423
2009844608 2 128500 R 7.0 53 2 36 424
2014330625 2 128787 R 4.0 54 1 302 425
2021575337 2 129251 R 3.0 54 1 13 426
2021579286 1 129022 R 5.0 54 1 19 213
2026012308 1 129306 R 11.0 53 3 61 214
2030507515 2 129822 R 6.0 55 2 43 427
2031964362 2 129916 R 10.0 54 3 65 428
2034819562 1 129870 R 14.0 54 4 85 215
2034878051 2 130102 R 12.0 52 4 89 429
2039315057 1 130157 R 8.0 55 2 329 216
2040765332 2 130479 R 7.0 54 2 41 430
2043622455 2 130662 R 9.0 54 3 61 431
2045136124 2 130758 R 4.0 55 1 295 432
2049559436 2 131042 R 13.0 55 4 368 433
2056870233 1 131281 R 5.0 55 1 16 217
2061303454 1 131565 R 14.0 55 4 88 218
2065726266 2 132076 R 6.0 56 2 44 434
2070079421 2 132355 R 3.0 55 1 299 435
2070110550 1 132128 R 11.0 54 3 64 219
2071529679 2 132448 R 4.0 56 1 13 436
2074449429 2 132635 R 9.0 55 3 59 437
2074480592 1 132408 R 8.0 56 2 39 220
2075931589 2 132729 R 13.0 56 4 84 438
2078913767 2 132920 R 12.0 53 4 88 439
2080427081 2 133017 R 7.0 55 2 328 440
2084766458 2 133295 R 10.0 55 3 627 441
2087755805 1 133257 R 5.0 56 1 19 221
2100986261 1 134104 R 14.0 56 4 90 222
2102415467 2 134424 R 10.0 56 3 64 442
2105370091 2 134613 R 6.0 57 2 41 443
2109746440 1 134665 R 11.0 55 3 63 223
2109757993 2 134894 R 9.0 56 3 64 444
2114175612 2 135177 R 3.0 56 1 304 445
2115692564 2 135274 R 13.0 57 4 91 446
2118513052 2 135455 R 12.0 54 4 365 447
2118600350 1 135232 R 8.0 57 2 43 224
2120016240 2 135551 R 4.0 57 1 302 448
2123017531 1 135514 R 5.0 57 1 20 225
2124462785 2 135835 R 7.0 56 2 323 449
2127403671 1 135795 R 14.0 57 4 91 226
2136132517 2 136582 R 6.0 58 2 43 450
2140626296 2 136870 R 3.0 57 1 304 451
2146441334 2 137242 R 10.0 57 3 62 452
2150883705 2 137526 R 7.0 57 2 40 453
2153776102 2 137711 R 9.0 57 3 62 454
2153829095 1 137486 R 11.0 56 3 65 227
2155223283 2 137804 R 4.0 58 1 293 455
2158209251 2 137995 R 12.0 55 4 86 456
2159662233 2 138088 R 13.0 58 4 367 457
2162610495 2 138277 R 6.0 59 2 40 458
2162645701 1 138050 R 8.0 58 2 41 228
2166980923 2 138557 R 3.0 58 1 14 459
2167047790 1 138332 R 5.0 58 1 302 229
2171392921 1 138610 R 14.0 58 4 366 230
2177264277 2 139215 R 10.0 58 3 62 460
2181743871 2 139501 R 4.0 59 1 19 461
2189057484 1 139741 R 11.0 57 3 65 231
2190473094 2 140060 R 13.0 59 4 84 462
2193474783 1 140023 R 14.0 59 4 88 232
2193499906 2 140254 R 9.0 58 3 66 463
2194890505 2 140343 R 7.0 58 2 327 464
2197860550 1 140304 R 5.0 59 1 16 233
2202215220 1 140583 R 8.0 59 2 37 234
2202309264 2 140818 R 12.0 56 4 90 465
2206632932 2 141094 R 3.0 59 1 298 466
2208087130 2 141187 R 4.0 60 1 13 467
2211016923 2 141375 R 6.0 60 2 318 468
2215475035 1 141431 R 11.0 58 3 73 235
2221340942 2 142036 R 10.0 59 3 61 469
2225805285 2 142321 R 7.0 59 2 332 470
2228666221 2 142504 R 12.0 57 4 84 471
2228703140 1 142278 R 5.0 60 1 17 236
2230113405 2 142597 R 13.0 60 4 363 472
2233068024 2 142786 R 9.0 59 3 341 473
2237494736 1 142841 R 14.0 60 4 86 237
2241860999 2 143349 R 6.0 61 2 36 474
2243450332 2 143451 R 4.0 61 1 20 475
2246308017 2 143633 R 3.0 60 1 299 476
2246379830 1 143409 R 8.0 60 2 43 238
2252226427 2 144012 R 10.0 60 3 65 477
2255108844 1 143968 R 5.0 61 1 15 239
2256565544 2 144290 R 13.0 61 4 83 478
2259526222 1 144251 R 11.0 59 3 63 240
2259551713 2 144481 R 12.0 58 4 88 479
2260998590 2 144574 R 7.0 60 2 325 480
2263953022 2 144763 R 9.0 60 3 64 481
2272723320 1 145095 R 14.0 61 4 84 241
2272728982 2 145324 R 6.0 62 2 38 482
2278616420 2 145701 R 4.0 62 1 16 483
2281598612 2 145892 R 3.0 61 1 19 484
2281608275 1 145664 R 5.0 62 1 19 242
2285931762 1 145941 R 8.0 61 2 38 243
2287472301 2 146268 R 7.0 61 2 41 485
2291889829 2 146551 R 10.0 61 3 66 486
2294717433 2 146732 R 9.0 61 3 60 487
2294754813 1 146505 R 11.0 60 3 67 244
2299244349 2 147021 R 12.0 59 4 89 488
2300681351 2 147113 R 13.0 62 4 88 489
2303546317 1 147068 R 14.0 62 4 84 245
2303614891 2 147301 R 6.0 63 2 325 490
2308025760 1 147355 R 5.0 63 1 19 246
2312359031 2 147861 R 3.0 62 1 14 491
2318252333 2 148238 R 4.0 63 1 14 492
2322701040 2 148523 R 10.0 62 3 72 493
2327118078 2 148805 R 7.0 62 2 42 494
2330012337 1 148762 R 8.0 62 2 39 247
2334445478 1 149046 R 11.0 61 3 65 248
2334463094 2 149275 R 12.0 60 4 89 495
2338817563 2 149554 R 9.0 62 3 62 496
2343245026 2 149837 R 6.0 64 2 319 497
2344668222 2 149929 R 13.0 63 4 83 498
2347658133 1 149891 R 14.0 63 4 88 249
2347683804 2 150122 R 3.0 63 1 305 499
2349075754 2 150211 R 4.0 64 1 299 500
2352028205 1 150171 R 5.0 64 1 15 250
2353523820 2 150495 R 7.0 63 2 39 501
2362346802 2 151060 R 10.0 63 3 64 502
2369708938 1 151302 R 8.0 63 2 40 251
2374017029 1 151578 R 11.0 62 3 59 252
2375543890 2 151905 R 13.0 64 4 87 503
2378477252 2 152092 R 12.0 61 4 87 504
2382941563 2 152378 R 3.0 64 1 301 505
2387249349 2 152654 R 6.0 65 2 599 506
2387294054 1 152428 R 14.0 64 4 86 253
2388734988 2 152749 R 10.0 64 3 61 507
2391703699 2 152939 R 9.0 63 3 627 508
2391725227 1 152711 R 5.0 65 1 298 254
2393199432 2 153035 R 4.0 65 1 306 509
2397575516 2 153315 R 7.0 64 2 608 510
