100506444 1 6354 R 4.0 1 1 20 1
104804561 3 6629 R 5.0 1 1 12 1
104822166 2 6631 R 6.0 1 1 14 1
126837980 1 8039 R 7.0 1 2 39 2
126947455 3 8046 R 8.0 1 2 52 2
131317966 3 8326 R 11.0 1 3 64 3
131341142 2 8328 R 9.0 1 2 43 2
135739154 1 8608 R 10.0 1 3 67 3
140148640 2 8891 R 12.0 1 3 66 3
153328062 1 9734 R 13.0 1 4 87 4
157728214 1 10016 R 4.0 2 1 298 5
157735605 2 10017 R 6.0 2 1 17 4
162118006 3 10297 R 14.0 1 4 85 4
166513656 2 10579 R 15.0 1 4 85 5
166519392 3 10579 R 5.0 2 1 15 5
179816002 1 11429 R 7.0 2 2 43 6
184106245 3 11705 R 8.0 2 2 38 6
192976099 3 12272 R 11.0 2 3 63 7
193001229 2 12274 R 9.0 2 2 42 6
197356204 1 12552 R 10.0 2 3 63 7
201730451 2 12833 R 12.0 2 3 58 7
214958568 2 13679 R 6.0 3 1 14 8
215031028 3 13684 R 14.0 2 4 90 8
215046694 1 13684 R 13.0 2 4 89 8
219344716 2 13960 R 15.0 2 4 82 9
219376294 1 13961 R 4.0 3 1 295 9
232649033 3 14811 R 5.0 3 1 18 9
241440856 1 15373 R 7.0 3 2 41 10
241443136 3 15374 R 11.0 3 3 64 10
245860076 3 15657 R 8.0 3 2 42 11
254706305 2 16223 R 9.0 3 2 44 10
258996743 1 16497 R 10.0 3 3 66 11
263404210 2 16780 R 12.0 3 3 58 11
267868419 3 17065 R 14.0 3 4 87 12
272226970 1 17344 R 13.0 3 4 85 12
276642510 1 17626 R 4.0 4 1 299 13
276726086 2 17632 R 6.0 4 1 20 12
285439483 3 18190 R 5.0 4 1 13 13
285486488 2 18193 R 15.0 3 4 88 13
294272306 3 18755 R 11.0 4 3 61 14
294353947 1 18760 R 7.0 4 2 51 14
298705282 3 19039 R 8.0 4 2 320 15
316379635 2 20170 R 9.0 4 2 44 14
320672114 1 20444 R 13.0 4 4 84 15
325151968 1 20731 R 4.0 5 1 301 16
325171301 2 20733 R 12.0 4 3 66 15
329504709 3 21010 R 14.0 4 4 84 16
329520671 1 21010 R 10.0 4 3 625 17
329525871 2 21012 R 6.0 5 1 15 16
342785634 2 21860 R 15.0 4 4 88 17
347185086 3 22142 R 5.0 5 1 18 17
347200624 1 22142 R 7.0 5 2 42 18
355947597 3 22702 R 11.0 5 3 62 18
360427520 3 22989 R 8.0 5 2 324 19
369241889 1 23553 R 4.0 6 1 25 19
373616152 2 23833 R 9.0 5 2 40 18
382376625 2 24394 R 12.0 5 3 61 19
382407898 1 24395 R 13.0 5 4 88 20
386856783 1 24680 R 10.0 5 3 354 21
391195570 3 24958 R 14.0 5 4 85 20
391230400 2 24961 R 6.0 6 1 17 20
400053432 2 25525 R 15.0 5 4 89 21
408798100 3 26085 R 11.0 6 3 60 21
408895510 1 26090 R 7.0 6 2 42 22
413303494 3 26373 R 8.0 6 2 325 22
417601590 3 26648 R 5.0 6 1 297 23
430821895 2 27495 R 12.0 6 3 59 22
430850837 1 27496 R 4.0 7 1 18 23
435221507 1 27775 R 10.0 6 3 60 24
435270034 2 27779 R 9.0 6 2 40 23
448496505 1 28625 R 13.0 6 4 87 25
452837652 3 28903 R 14.0 6 4 84 24
452903741 2 28908 R 6.0 7 1 16 24
457317457 3 29190 R 11.0 7 3 64 25
457334721 1 29191 R 7.0 7 2 43 26
461705238 2 29471 R 15.0 6 4 87 25
466149728 3 29755 R 8.0 7 2 42 26
470463910 3 30031 R 5.0 7 1 302 27
483697734 2 30879 R 12.0 7 3 71 26
488152029 1 31163 R 10.0 7 3 63 27
492567135 2 31446 R 9.0 7 2 41 27
492598820 1 31447 R 4.0 8 1 303 28
496906488 1 31723 R 13.0 7 4 83 29
505762520 3 32291 R 11.0 8 3 64 28
505810968 2 32294 R 6.0 8 1 19 28
510211021 3 32575 R 14.0 7 4 88 29
514627958 3 32858 R 8.0 8 2 43 30
518929879 1 33133 R 7.0 8 2 41 30
523431514 2 33422 R 15.0 7 4 89 29
527825039 3 33703 R 5.0 8 1 19 31
545376872 2 34826 R 12.0 8 3 67 30
549793891 2 35109 R 9.0 8 2 37 31
549825372 1 35110 R 13.0 8 4 88 31
554211543 1 35391 R 4.0 9 1 302 32
558627070 1 35673 R 10.0 8 3 630 33
563040052 3 35956 R 14.0 8 4 87 32
571807806 1 36517 R 7.0 9 2 37 34
571811931 2 36518 R 15.0 8 4 84 32
571878430 3 36522 R 11.0 9 3 65 33
576280227 3 36804 R 8.0 9 2 321 34
576282088 2 36804 R 6.0 9 1 306 33
580650258 3 37083 R 5.0 9 1 17 35
598251040 1 38209 R 13.0 9 4 85 35
598268484 2 38211 R 12.0 9 3 62 34
602701518 2 38495 R 9.0 9 2 330 35
602729283 1 38496 R 4.0 10 1 307 36
607099117 1 38775 R 10.0 9 3 65 37
620261268 3 39618 R 8.0 10 2 37 36
620319690 2 39622 R 6.0 10 1 17 36
624662695 3 39900 R 14.0 9 4 83 37
633493278 1 40465 R 7.0 10 2 39 38
633563902 3 40470 R 11.0 10 3 66 38
633580983 2 40471 R 15.0 9 4 90 37
642308438 3 41030 R 5.0 10 1 15 39
651089956 2 41592 R 9.0 10 2 36 38
659905121 1 42155 R 13.0 10 4 83 39
660006752 2 42162 R 12.0 10 3 67 39
664351842 1 42440 R 4.0 11 1 301 40
673190104 1 43005 R 10.0 10 3 63 41
677577737 2 43287 R 6.0 11 1 17 40
682046077 3 43573 R 11.0 11 3 67 40
686369824 3 43849 R 8.0 11 2 326 41
690753580 2 44130 R 15.0 10 4 84 41
690787276 3 44132 R 14.0 10 4 367 42
690807972 1 44133 R 7.0 11 2 41 42
699591660 2 44696 R 9.0 11 2 39 42
708389175 3 45259 R 5.0 11 1 15 43
708399088 2 45259 R 12.0 11 3 61 43
721670029 1 46108 R 4.0 12 1 19 43
725978120 1 46384 R 13.0 11 4 84 44
730471296 2 46672 R 6.0 12 1 22 44
739315837 1 47237 R 10.0 11 3 66 45
743604329 3 47512 R 14.0 11 4 83 44
748037298 3 47796 R 8.0 12 2 320 45
748091424 1 47799 R 7.0 12 2 41 46
752439127 3 48078 R 11.0 12 3 344 46
756896888 2 48363 R 15.0 11 4 89 45
761251320 2 48642 R 9.0 12 2 37 46
770105554 2 49209 R 12.0 12 3 65 47
770150483 3 49211 R 5.0 12 1 20 47
778891274 1 49770 R 13.0 12 4 86 47
783292592 1 50052 R 4.0 13 1 15 48
783333678 2 50055 R 6.0 13 1 18 48
792068828 1 50614 R 10.0 12 3 59 49
796544679 3 50901 R 14.0 12 4 88 48
800946566 3 51182 R 8.0 13 2 322 49
805343681 1 51463 R 7.0 13 2 41 50
809696530 2 51742 R 9.0 13 2 37 49
809722163 3 51744 R 11.0 13 3 62 50
818550692 2 52309 R 15.0 12 4 87 50
831716327 3 53152 R 5.0 13 1 12 51
831773035 2 53155 R 12.0 13 3 63 51
836165156 2 53436 R 6.0 14 1 300 52
844956466 1 53998 R 13.0 13 4 85 51
849387491 1 54282 R 4.0 14 1 298 52
849444167 3 54286 R 14.0 13 4 90 52
853798598 3 54565 R 8.0 14 2 40 53
853851473 1 54568 R 10.0 13 3 66 53
866970215 1 55407 R 7.0 14 2 37 54
866995696 2 55410 R 15.0 13 4 85 53
867058428 3 55413 R 11.0 14 3 66 54
871412781 2 55692 R 9.0 14 2 39 54
884609725 2 56537 R 6.0 15 1 15 55
884691973 3 56542 R 5.0 14 1 20 55
893495270 2 57106 R 12.0 14 3 67 56
897894645 1 57386 R 4.0 15 1 19 55
902233976 1 57664 R 13.0 14 4 85 56
902241716 3 57665 R 8.0 15 2 38 56
911017824 3 58227 R 14.0 14 4 83 57
915477880 1 58512 R 10.0 14 3 63 57
919879337 1 58793 R 7.0 15 2 40 58
924263518 2 59075 R 15.0 14 4 84 57
928649358 2 59355 R 9.0 15 2 37 58
928698566 3 59358 R 11.0 15 3 65 58
933131200 3 59642 R 5.0 15 1 18 59
941940047 2 60206 R 6.0 16 1 19 59
955094260 3 61048 R 8.0 16 2 39 60
955115813 2 61049 R 12.0 15 3 63 60
959552435 1 61332 R 4.0 16 1 17 59
963948557 3 61614 R 14.0 15 4 88 61
968314861 1 61893 R 13.0 15 4 84 60
977170517 2 62461 R 9.0 16 2 45 61
977176818 3 62461 R 11.0 16 3 64 62
977200045 1 62462 R 10.0 15 3 68 61
981572546 2 62743 R 15.0 15 4 89 62
985928893 1 63021 R 7.0 16 2 38 62
990373560 3 63306 R 5.0 16 1 17 63
999159109 2 63868 R 6.0 17 1 15 63
1007937097 2 64430 R 12.0 16 3 60 64
1007962266 1 64431 R 4.0 17 1 19 63
1016769620 1 64994 R 13.0 16 4 85 64
1016799066 3 64997 R 14.0 16 4 86 64
1021216549 3 65280 R 8.0 17 2 327 65
1025670505 1 65564 R 10.0 16 3 66 65
1030007886 3 65842 R 11.0 17 3 62 66
1034424967 2 66125 R 15.0 16 4 88 65
1038873151 2 66410 R 9.0 17 2 41 66
1038892839 3 66411 R 5.0 17 1 20 67
1043225999 1 66688 R 7.0 17 2 40 66
1060912689 2 67820 R 12.0 17 3 67 67
1065298445 2 68101 R 6.0 18 1 19 68
1069684668 1 68381 R 13.0 17 4 87 67
1074053392 1 68661 R 4.0 18 1 299 68
1074066952 3 68662 R 14.0 17 4 85 68
1082858399 3 69225 R 11.0 18 3 61 69
1082870019 2 69226 R 15.0 17 4 86 69
1082922829 1 69228 R 10.0 17 3 66 69
1087318303 2 69510 R 9.0 18 2 42 70
1087338403 3 69511 R 8.0 18 2 323 70
1091661533 3 69788 R 5.0 18 1 14 71
1100446904 1 70350 R 7.0 18 2 37 70
1118149341 2 71483 R 12.0 18 3 64 71
1122503819 2 71762 R 6.0 19 1 15 72
1126966154 1 72047 R 13.0 18 4 89 71
1131400974 1 72331 R 10.0 18 3 66 72
1135718751 3 72608 R 14.0 18 4 86 72
1135738354 1 72608 R 4.0 19 1 294 73
1135763519 2 72611 R 15.0 18 4 87 73
1140213964 3 72895 R 8.0 19 2 44 73
1144553304 3 73173 R 11.0 19 3 62 74
1148991566 2 73457 R 9.0 19 2 41 74
1153356078 1 73736 R 7.0 19 2 42 74
1153391379 3 73739 R 5.0 19 1 18 75
1175354425 2 75145 R 6.0 20 1 13 75
1179803147 2 75429 R 12.0 19 3 70 76
1179812852 1 75429 R 10.0 19 3 65 75
1188596467 3 75992 R 8.0 20 2 42 76
1188651231 1 75995 R 13.0 19 4 88 76
1193031345 2 76276 R 15.0 19 4 88 77
1193052679 1 76276 R 4.0 20 1 18 77
1193060800 3 76278 R 14.0 19 4 90 77
1197368693 3 76553 R 11.0 20 3 59 78
1201822757 2 76839 R 9.0 20 2 39 78
1206300553 3 77125 R 5.0 20 1 20 79
1215062683 1 77685 R 7.0 20 2 41 78
1228248144 2 78530 R 12.0 20 3 61 79
1237070745 2 79094 R 6.0 21 1 16 80
1237102155 1 79096 R 10.0 20 3 64 79
1245893496 1 79658 R 4.0 21 1 16 80
1254653897 1 80219 R 13.0 20 4 83 81
1254687251 3 80222 R 14.0 20 4 86 80
1259089127 3 80503 R 8.0 21 2 324 81
1259151271 2 80508 R 15.0 20 4 90 81
1263459717 3 80783 R 11.0 21 3 341 82
1263521424 2 80787 R 9.0 21 2 40 82
1267923113 3 81069 R 5.0 21 1 17 83
1272318848 1 81350 R 7.0 21 2 41 82
1285547224 1 82196 R 10.0 21 3 64 83
1289915749 2 82477 R 12.0 21 3 61 83
1294338489 1 82759 R 4.0 22 1 16 84
1298722566 2 83040 R 6.0 22 1 14 84
1303224118 1 83327 R 13.0 21 4 90 85
1307596426 3 83608 R 14.0 21 4 89 84
1311966790 3 83888 R 11.0 22 3 63 85
1316430679 3 84173 R 8.0 22 2 43 86
1320732751 2 84449 R 15.0 21 4 82 85
1325144056 3 84731 R 5.0 22 1 13 87
1325149901 2 84732 R 9.0 22 2 37 86
1333992277 1 85297 R 10.0 22 3 62 86
1338378115 1 85577 R 7.0 22 2 37 87
1347263295 1 86146 R 4.0 23 1 19 88
1351587002 1 86423 R 13.0 22 4 86 89
1351637778 2 86427 R 12.0 22 3 64 87
1360474503 3 86992 R 14.0 22 4 89 88
1364897154 2 87275 R 6.0 23 1 20 88
1373624514 3 87834 R 11.0 23 3 63 89
1377994633 2 88114 R 9.0 23 2 36 89
1378057226 3 88117 R 8.0 23 2 40 90
1382458833 3 88399 R 5.0 23 1 16 91
1386926851 2 88685 R 15.0 22 4 91 90
1391228627 1 88960 R 7.0 23 2 37 90
1395734055 1 89248 R 10.0 23 3 77 91
1400032406 1 89523 R 4.0 24 1 301 92
1404513757 2 89811 R 12.0 23 3 64 91
1413260351 1 90370 R 13.0 23 4 85 93
1422132156 3 90938 R 14.0 23 4 87 92
1426565353 3 91222 R 11.0 24 3 356 93
1426570496 2 91222 R 6.0 24 1 17 92
1430966334 3 91504 R 8.0 24 2 43 94
1439742287 3 92065 R 5.0 24 1 17 95
1439747980 1 92065 R 7.0 24 2 40 94
1439767444 2 92067 R 9.0 24 2 42 93
1444122402 2 92346 R 15.0 23 4 85 94
1448602211 1 92632 R 10.0 24 3 69 95
1452976431 2 92912 R 12.0 24 3 64 95
1457299807 1 93188 R 4.0 25 1 13 96
1470542072 3 94036 R 14.0 24 4 85 96
1479349261 3 94600 R 11.0 25 3 61 97
1479442854 1 94605 R 13.0 24 4 90 97
1488212716 2 95168 R 6.0 25 1 17 96
1488249781 3 95170 R 5.0 25 1 20 98
1492567476 2 95446 R 15.0 24 4 84 97
1492588965 3 95447 R 8.0 25 2 40 99
1497015743 2 95731 R 9.0 25 2 41 98
1501435212 1 96013 R 10.0 25 3 66 98
1505774511 1 96291 R 7.0 25 2 322 99
1505838774 2 96296 R 12.0 25 3 64 99
1519018480 1 97138 R 4.0 26 1 15 100
1519046068 3 97141 R 14.0 25 4 88 100
1532233231 1 97984 R 13.0 25 4 87 101
1541012954 2 98547 R 15.0 25 4 83 100
1541038502 3 98548 R 11.0 26 3 60 101
1545461293 2 98831 R 9.0 26 2 40 101
1545502800 3 98834 R 8.0 26 2 335 102
1549878534 2 99114 R 6.0 26 1 17 102
1554215906 3 99392 R 5.0 26 1 13 103
1563126724 1 99961 R 10.0 26 3 65 102
1567481627 2 100241 R 12.0 26 3 62 103
1567512778 1 100242 R 7.0 26 2 42 103
1567554122 3 100245 R 14.0 26 4 91 104
1571867577 1 100521 R 4.0 27 1 15 104
1593885451 3 101930 R 8.0 27 2 37 105
1593906927 2 101932 R 15.0 26 4 86 104
1593979319 1 101936 R 13.0 26 4 92 105
1598318598 3 102214 R 11.0 27 3 62 106
1598380995 2 102218 R 9.0 27 2 333 105
1602710397 2 102495 R 6.0 27 1 299 106
1620310630 1 103621 R 7.0 27 2 36 106
1620343857 3 103624 R 5.0 27 1 17 107
1629166806 1 104188 R 10.0 27 3 64 107
1629198159 3 104190 R 14.0 27 4 88 108
1633541022 2 104468 R 12.0 27 3 61 107
1633551033 1 104468 R 4.0 28 1 300 108
1642426133 3 105037 R 8.0 28 2 42 109
1646769297 2 105315 R 15.0 27 4 86 108
1651154990 2 105596 R 9.0 28 2 37 109
1660007513 1 106162 R 13.0 27 4 86 109
1660029037 3 106164 R 11.0 28 3 65 110
1660040314 2 106164 R 6.0 28 1 18 110
1668783171 1 106723 R 7.0 28 2 38 110
1682030870 3 107572 R 5.0 28 1 16 111
1682058187 1 107573 R 4.0 29 1 18 111
1686491405 1 107857 R 10.0 28 3 66 112
1690808838 2 108134 R 12.0 28 3 66 111
1690900779 3 108139 R 14.0 28 4 90 112
1699600356 2 108696 R 15.0 28 4 82 112
1708424916 3 109261 R 8.0 29 2 37 113
1708485310 2 109265 R 9.0 29 2 41 113
1712826754 3 109543 R 11.0 29 3 60 114
1712885319 1 109546 R 13.0 28 4 87 113
1721745030 2 110114 R 6.0 29 1 20 114
1730474035 1 110671 R 7.0 29 2 38 114
1734874042 1 110953 R 4.0 30 1 304 115
1743688596 3 111518 R 5.0 29 1 15 115
1748170355 2 111805 R 15.0 29 4 90 115
1752492135 1 112081 R 10.0 29 3 62 116
1752525157 2 112083 R 12.0 29 3 63 116
1752527265 3 112083 R 14.0 29 4 86 116
1761334229 3 112647 R 8.0 30 2 39 117
1761393013 1 112650 R 13.0 29 4 91 117
1765784458 2 112932 R 9.0 30 2 43 117
1774515721 3 113491 R 11.0 30 3 61 118
1778948328 1 113774 R 4.0 31 1 16 118
1783418173 2 114061 R 6.0 30 1 20 118
1792116186 1 114617 R 7.0 30 2 35 119
1796572431 3 114902 R 5.0 30 1 21 119
1800958737 3 115183 R 14.0 30 4 86 120
1800968211 2 115184 R 12.0 30 3 60 119
1805338762 2 115464 R 15.0 30 4 84 120
1805407048 1 115467 R 10.0 30 3 61 120
1814249133 3 116034 R 8.0 31 2 43 121
1818666575 1 116316 R 13.0 30 4 90 121
1822978367 3 116592 R 11.0 31 3 62 122
1827364097 1 116872 R 4.0 32 1 13 122
1827424593 2 116877 R 9.0 31 2 47 121
1840668419 2 117725 R 6.0 31 1 18 122
1845101516 1 118008 R 7.0 31 2 45 123
1853809250 3 118565 R 14.0 31 4 85 123
1853820737 2 118566 R 15.0 31 4 86 123
1853877636 1 118569 R 10.0 31 3 65 124
1858269713 2 118851 R 12.0 31 3 349 124
1858288766 3 118852 R 5.0 31 1 18 124
1862612176 3 119129 R 8.0 32 2 36 125
1871433172 1 119693 R 13.0 31 4 84 125
1875840818 3 119976 R 11.0 32 3 58 126
1884676912 1 120540 R 4.0 33 1 15 126
1889099886 2 120824 R 9.0 32 2 40 125
1897860070 2 121385 R 6.0 32 1 14 126
1902297029 1 121668 R 7.0 32 2 39 127
1902308837 2 121670 R 15.0 32 4 86 127
1906745675 1 121953 R 10.0 32 3 66 128
1915537130 2 122516 R 12.0 32 3 65 128
1915545082 3 122517 R 14.0 32 4 88 127
1919974022 1 122799 R 13.0 32 4 90 129
1919993281 3 122801 R 5.0 32 1 20 128
1924285515 3 123076 R 8.0 33 2 36 129
1937607826 3 123929 R 11.0 33 3 73 130
1946336573 1 124487 R 4.0 34 1 15 130
1950785007 1 124771 R 7.0 33 2 40 131
1950835709 2 124775 R 9.0 33 2 44 129
1955159438 2 125052 R 15.0 33 4 86 130
1959576378 2 125335 R 6.0 33 1 16 131
1968419019 1 125900 R 10.0 33 3 66 132
1972805063 1 126181 R 13.0 33 4 87 133
1977179140 2 126461 R 12.0 33 3 66 132
1977249609 3 126466 R 14.0 33 4 90 131
1981666697 3 126748 R 5.0 33 1 19 132
1986052977 3 127029 R 11.0 34 3 65 133
1990407759 3 127308 R 8.0 34 2 323 134
2008041097 1 128436 R 4.0 35 1 16 134
2012394053 2 128715 R 15.0 34 4 84 133
2012458402 1 128718 R 7.0 34 2 41 135
2016827026 2 128999 R 6.0 34 1 295 134
2016844543 1 128999 R 10.0 34 3 61 136
2021218872 2 129280 R 9.0 34 2 606 135
2030111906 3 129849 R 14.0 34 4 89 135
2034509537 2 130130 R 12.0 34 3 65 136
2038913029 3 130412 R 8.0 35 2 41 136
2038946355 1 130414 R 13.0 34 4 92 137
2043283730 3 130692 R 5.0 34 1 299 137
2047707050 3 130975 R 11.0 35 3 346 138
2060872032 2 131818 R 6.0 35 1 14 137
2065258237 2 132098 R 15.0 35 4 83 138
2065308922 1 132101 R 4.0 36 1 16 138
2069695044 1 132382 R 7.0 35 2 39 139
2069737830 2 132385 R 9.0 35 2 41 139
2074174898 1 132668 R 10.0 35 3 65 140
2091703218 3 133791 R 14.0 35 4 84 139
2091808592 2 133798 R 12.0 35 3 68 140
2096120435 1 134073 R 13.0 35 4 84 141
2096151977 3 134075 R 5.0 35 1 303 140
2100569499 3 134358 R 11.0 36 3 345 141
2104968791 3 134640 R 8.0 36 2 608 142
2118233603 2 135489 R 6.0 36 1 19 141
2126961112 1 136047 R 10.0 36 3 62 142
2126993925 2 136049 R 9.0 36 2 40 142
2131431169 1 136333 R 4.0 37 1 303 143
2131442565 2 136334 R 15.0 36 4 90 143
2135754260 1 136609 R 7.0 36 2 36 144
2140173453 3 136893 R 5.0 36 1 14 143
2144637933 3 137179 R 11.0 37 3 66 144
2144670842 2 137181 R 12.0 36 3 65 144
2149070506 3 137462 R 8.0 37 2 43 145
2153472264 3 137744 R 14.0 36 4 89 146
2157793769 1 138020 R 13.0 36 4 85 145
2179807755 2 139430 R 15.0 37 4 83 145
2184293409 2 139717 R 6.0 37 1 300 146
2188686891 1 139997 R 4.0 38 1 17 146
2193020364 3 140275 R 11.0 38 3 59 147
2193115723 2 140281 R 9.0 37 2 43 147
2193135569 1 140282 R 10.0 37 3 68 147
2197427655 1 140556 R 7.0 37 2 37 148
2201858506 3 140841 R 8.0 38 2 38 148
2201907405 2 140844 R 12.0 37 3 68 148
2206260121 3 141122 R 5.0 37 1 14 149
2206344371 1 141127 R 13.0 37 4 89 149
2215161309 3 141692 R 14.0 37 4 90 150
2232738074 2 142817 R 6.0 38 1 17 149
2241555348 3 143381 R 11.0 39 3 65 151
2241560975 2 143382 R 15.0 38 4 87 150
2245986286 1 143664 R 10.0 38 3 65 150
2250335353 1 143943 R 7.0 38 2 324 151
2254767690 3 144227 R 8.0 39 2 41 152
2254789625 1 144228 R 4.0 39 1 307 152
2259144123 1 144506 R 13.0 38 4 84 153
2259163289 2 144508 R 9.0 38 2 40 151
2263543936 3 144789 R 14.0 38 4 85 153
2267923770 2 145069 R 12.0 38 3 61 152
2268007734 3 145074 R 5.0 38 1 18 154
2281183134 2 145918 R 6.0 39 1 16 153
2298848295 1 147047 R 7.0 39 2 43 154
2303234515 1 147328 R 10.0 39 3 69 155
2303275497 3 147331 R 11.0 40 3 66 155
2307608583 2 147609 R 15.0 39 4 85 154
2311994475 1 147889 R 4.0 40 1 15 156
2312088648 2 147896 R 9.0 39 2 329 155
2316456659 3 148175 R 8.0 40 2 41 156
2320796002 3 148453 R 14.0 39 4 86 157
2320817405 2 148454 R 12.0 39 3 62 156
2325228682 3 148736 R 5.0 39 1 15 158
2325254223 1 148737 R 13.0 39 4 87 157
2334045371 2 149301 R 6.0 40 1 15 157
2351679645 1 150429 R 10.0 40 3 65 158
2356034513 1 150707 R 7.0 40 2 321 159
2356125701 2 150714 R 9.0 40 2 43 158
2360496349 2 150994 R 15.0 40 4 87 159
2364839534 3 151271 R 11.0 41 3 60 159
2364888029 1 151274 R 4.0 41 1 16 160
2369303643 3 151557 R 14.0 40 4 86 160
2373646509 2 151835 R 12.0 40 3 59 160
2373711124 1 151839 R 13.0 40 4 86 161
2373736620 3 151841 R 8.0 41 2 322 161
2382484575 2 152401 R 6.0 41 1 15 161
2386948922 3 152686 R 5.0 40 1 19 162
