262227288 1 16679 R 12.0 0 4 0 1
262551115 1 16700 R 11.0 0 4 2 2
262839691 1 16718 R 13.0 0 4 1 3
269182643 1 17124 R 6.0 0 2 0 4
269231088 1 17128 R 7.0 0 2 1 5
269310138 1 17133 R 4.0 0 1 0 6
269528745 1 17147 R 5.0 0 2 0 7
269644228 1 17154 R 3.0 0 1 0 8
270053774 1 17180 R 2.0 0 1 0 9
283546522 1 18044 R 10.0 0 3 1 10
283618528 1 18048 R 8.0 0 3 0 11
289978512 1 18455 R 9.0 0 3 0 12
298371752 1 18993 R 4.0 1 1 0 13
299447252 1 19061 R 6.0 1 2 0 14
299654628 1 19075 R 10.0 1 3 1 15
299914894 1 19091 R 9.0 1 3 0 16
311523556 1 19834 R 8.0 1 3 0 17
329913991 1 21011 R 12.0 1 4 0 18
330237800 1 21032 R 11.0 1 4 2 19
330526098 1 21050 R 13.0 1 4 0 20
340204191 1 21670 R 7.0 1 2 1 21
340512703 1 21690 R 5.0 1 2 0 22
340628201 1 21697 R 3.0 1 1 0 23
341037805 1 21723 R 2.0 1 1 0 24
349324874 1 22254 R 4.0 2 1 0 25
353882897 1 22545 R 12.0 2 4 0 26
354206686 1 22566 R 11.0 2 4 2 27
354495133 1 22584 R 13.0 2 4 0 28
356180006 1 22692 R 8.0 2 3 0 29
361451648 1 23030 R 10.0 2 3 1 30
364852566 1 23247 R 9.0 2 3 0 31
376375971 1 23985 R 7.0 2 2 1 32
376684552 1 24005 R 5.0 2 2 0 33
376800071 1 24012 R 3.0 2 1 0 34
377209677 1 24038 R 2.0 2 1 0 35
380900592 1 24274 R 6.0 2 2 0 36
399485184 1 25464 R 7.0 3 2 1 37
399793868 1 25484 R 5.0 3 2 0 38
399909325 1 25491 R 3.0 3 1 0 39
400318961 1 25517 R 2.0 3 1 0 40
408070387 1 26013 R 12.0 3 4 0 41
408394197 1 26034 R 11.0 3 4 2 42
408682492 1 26052 R 13.0 3 4 0 43
409137856 1 26082 R 4.0 3 1 0 44
410994198 1 26200 R 6.0 3 2 0 45
413586086 1 26366 R 8.0 3 3 0 46
433399307 1 27634 R 9.0 3 3 0 47
440686018 1 28101 R 10.0 3 3 1 48
448281963 1 28587 R 7.0 4 2 1 49
448590500 1 28607 R 5.0 4 2 0 50
448706048 1 28614 R 3.0 4 1 0 51
449115725 1 28640 R 2.0 4 1 0 52
453961052 1 28950 R 8.0 4 3 0 53
455369484 1 29040 R 6.0 4 2 0 54
456107612 1 29088 R 10.0 4 3 1 55
456367898 1 29104 R 9.0 4 3 0 56
479950389 1 30614 R 4.0 4 1 0 57
480679816 1 30660 R 12.0 4 4 0 58
481003854 1 30681 R 11.0 4 4 2 59
481291868 1 30699 R 13.0 4 4 0 60
499117304 1 31840 R 8.0 5 3 0 61
505826354 1 32270 R 10.0 5 3 1 62
507750733 1 32393 R 7.0 5 2 1 63
508059245 1 32413 R 5.0 5 2 0 64
508174929 1 32420 R 3.0 5 1 0 65
508584480 1 32446 R 2.0 5 1 0 66
509727254 1 32519 R 9.0 5 3 0 67
515762837 1 32906 R 4.0 5 1 0 68
521979000 1 33303 R 6.0 5 2 0 69
536976840 1 34263 R 12.0 5 4 0 70
537300691 1 34284 R 11.0 5 4 2 71
537589028 1 34302 R 13.0 5 4 0 72
544697752 1 34757 R 6.0 6 2 0 73
558653483 1 35651 R 4.0 6 1 0 74
563774083 1 35978 R 9.0 6 3 0 75
568560733 1 36285 R 10.0 6 3 1 76
580938440 1 37077 R 7.0 6 2 1 77
581247086 1 37097 R 5.0 6 2 0 78
581362596 1 37104 R 3.0 6 1 0 79
581772142 1 37130 R 2.0 6 1 0 80
583445604 1 37237 R 12.0 6 4 0 81
583769390 1 37258 R 11.0 6 4 2 82
584057496 1 37276 R 13.0 6 4 0 83
591821316 1 37773 R 8.0 6 3 0 84
595166499 1 37987 R 6.0 7 2 0 85
597482897 1 38136 R 10.0 7 3 1 86
598387888 1 38194 R 4.0 7 1 0 87
598602406 1 38207 R 9.0 7 3 0 88
599554998 1 38268 R 12.0 7 4 0 89
599878922 1 38289 R 11.0 7 4 2 90
600167152 1 38307 R 13.0 7 4 0 91
608102400 1 38815 R 8.0 7 3 0 92
636658059 1 40643 R 7.0 7 2 1 93
636966618 1 40663 R 5.0 7 2 0 94
637082102 1 40670 R 3.0 7 1 0 95
637491638 1 40696 R 2.0 7 1 0 96
648343119 1 41391 R 10.0 8 3 1 97
649236151 1 41448 R 7.0 8 2 1 98
649544605 1 41468 R 5.0 8 2 0 99
649660442 1 41475 R 3.0 8 1 0 100
650070009 1 41501 R 2.0 8 1 0 101
654150290 1 41762 R 9.0 8 3 0 102
661352791 1 42223 R 12.0 8 4 0 103
661676588 1 42244 R 11.0 8 4 2 104
661965113 1 42262 R 13.0 8 4 1 105
662134713 1 42273 R 8.0 8 3 0 106
667246004 1 42600 R 6.0 8 2 0 107
673201499 1 42982 R 4.0 8 1 0 108
695829893 1 44430 R 7.0 9 2 1 109
696138435 1 44450 R 5.0 9 2 0 110
696254093 1 44457 R 3.0 9 1 0 111
696663618 1 44483 R 2.0 9 1 0 112
703890219 1 44946 R 10.0 9 3 1 113
708134642 1 45217 R 9.0 9 3 0 114
717775282 1 45834 R 8.0 9 3 0 115
723013858 1 46170 R 4.0 9 1 0 116
730089514 1 46622 R 6.0 9 2 0 117
740587167 1 47294 R 12.0 9 4 0 118
740910967 1 47315 R 11.0 9 4 2 119
741199659 1 47333 R 13.0 9 4 1 120
751478510 1 47991 R 9.0 10 3 0 121
756009042 1 48281 R 12.0 10 4 0 122
756332818 1 48302 R 11.0 10 4 2 123
756621465 1 48320 R 13.0 10 4 1 124
757874817 1 48401 R 10.0 10 3 1 125
770431747 1 49204 R 8.0 10 3 0 126
772935958 1 49365 R 4.0 10 1 0 127
781464760 1 49910 R 6.0 10 2 0 128
788502259 1 50361 R 7.0 10 2 1 129
788810825 1 50381 R 5.0 10 2 0 130
788926340 1 50388 R 3.0 10 1 0 131
789335937 1 50414 R 2.0 10 1 0 132
794295340 1 50732 R 4.0 11 1 0 133
801218300 1 51175 R 10.0 11 3 1 134
803105158 1 51295 R 6.0 11 2 0 135
805727702 1 51463 R 12.0 11 4 0 136
806051367 1 51484 R 11.0 11 4 2 137
806340059 1 51502 R 13.0 11 4 1 138
826728353 1 52807 R 8.0 11 3 0 139
832720987 1 53191 R 7.0 11 2 1 140
833029435 1 53211 R 5.0 11 2 0 141
833145042 1 53218 R 3.0 11 1 0 142
833554669 1 53244 R 2.0 11 1 0 143
838525520 1 53562 R 9.0 11 3 0 144
846607709 1 54080 R 4.0 12 1 0 145
855705075 1 54662 R 7.0 12 2 1 146
856013658 1 54682 R 5.0 12 2 0 147
856129321 1 54689 R 3.0 12 1 0 148
856538902 1 54715 R 2.0 12 1 0 149
856980201 1 54743 R 6.0 12 2 0 150
868462168 1 55478 R 12.0 12 4 0 151
868785904 1 55499 R 11.0 12 4 2 152
869074508 1 55517 R 13.0 12 4 1 153
874212772 1 55846 R 8.0 12 3 0 154
888265307 1 56746 R 10.0 12 3 1 155
892009864 1 56985 R 9.0 12 3 0 156
893698948 1 57093 R 6.0 13 2 0 157
903634565 1 57729 R 8.0 13 3 0 158
907877089 1 58001 R 7.0 13 2 1 159
908185531 1 58021 R 5.0 13 2 0 160
908301293 1 58028 R 3.0 13 1 0 161
908710778 1 58054 R 2.0 13 1 0 162
915305915 1 58476 R 12.0 13 4 0 163
915629787 1 58497 R 11.0 13 4 2 164
915918259 1 58515 R 13.0 13 4 1 165
916353627 1 58543 R 9.0 13 3 0 166
919920481 1 58772 R 4.0 13 1 0 167
941749690 1 60169 R 10.0 13 3 1 168
948243415 1 60584 R 12.0 14 4 0 169
948567206 1 60605 R 11.0 14 4 2 170
948855717 1 60623 R 13.0 14 4 1 171
950900527 1 60754 R 9.0 14 3 0 172
958232839 1 61224 R 4.0 14 1 0 173
964986499 1 61656 R 7.0 14 2 1 174
965295051 1 61676 R 5.0 14 2 0 175
965410666 1 61683 R 3.0 14 1 0 176
965820300 1 61709 R 2.0 14 1 0 177
966093571 1 61727 R 10.0 14 3 1 178
972922416 1 62164 R 6.0 14 2 434 179
985275507 1 62954 R 8.0 14 3 0 180
1003790217 1 64139 R 12.0 15 4 0 181
1004113872 1 64160 R 11.0 15 4 2 182
1004402420 1 64178 R 13.0 15 4 1 183
1005783332 1 64267 R 7.0 15 2 1 184
1006091791 1 64287 R 5.0 15 2 0 185
1006207535 1 64294 R 3.0 15 1 0 186
1006617027 1 64320 R 2.0 15 1 0 187
1022187196 1 65317 R 10.0 15 3 1 188
1026248487 1 65577 R 4.0 15 1 0 189
1027931745 1 65684 R 8.0 15 3 0 190
1029588064 1 65790 R 9.0 15 3 0 191
1038386890 1 66353 R 6.0 15 2 0 192
1045089623 1 66782 R 6.0 16 2 0 193
1053470985 1 67319 R 7.0 16 2 1 194
1053779568 1 67339 R 5.0 16 2 0 195
1053895045 1 67346 R 3.0 16 1 0 196
1054304688 1 67372 R 2.0 16 1 0 197
1058387104 1 67633 R 13.0 16 4 1 198
1059384793 1 67697 R 8.0 16 3 0 199
1062322466 1 67885 R 9.0 16 3 0 200
1070477940 1 68407 R 12.0 16 4 0 201
1070801805 1 68428 R 11.0 16 4 2 202
1075609588 1 68736 R 10.0 16 3 1 203
1085701739 1 69382 R 4.0 16 1 0 204
1098946542 1 70229 R 12.0 17 4 0 205
1099270423 1 70250 R 11.0 17 4 2 206
1101730982 1 70407 R 13.0 17 4 1 207
1105796698 1 70668 R 10.0 17 3 1 208
1107455411 1 70774 R 7.0 17 2 1 209
1107764091 1 70794 R 5.0 17 2 0 210
1107879456 1 70801 R 3.0 17 1 0 211
1108289072 1 70827 R 2.0 17 1 0 212
1127166190 1 72035 R 8.0 17 3 0 213
1129514097 1 72186 R 4.0 17 1 0 214
1132230480 1 72359 R 6.0 17 2 0 215
1141166216 1 72931 R 9.0 17 3 0 216
1145668363 1 73219 R 13.0 18 4 1 217
1148627246 1 73409 R 7.0 18 2 1 218
1148935682 1 73429 R 5.0 18 2 0 219
1149051316 1 73436 R 3.0 18 1 0 220
1149460952 1 73462 R 2.0 18 1 0 221
1158105408 1 74015 R 6.0 18 2 0 222
1161435969 1 74229 R 4.0 18 1 0 223
1183431830 1 75636 R 9.0 18 3 0 224
1186134388 1 75809 R 12.0 18 4 0 225
1186458218 1 75830 R 11.0 18 4 2 226
1190400528 1 76082 R 8.0 18 3 0 227
1190906295 1 76115 R 10.0 18 3 1 228
1194736531 1 76360 R 7.0 19 2 1 229
1195045061 1 76380 R 5.0 19 2 0 230
1195160691 1 76387 R 3.0 19 1 0 231
1195570334 1 76413 R 2.0 19 1 0 232
1216498469 1 77753 R 4.0 19 1 0 233
1217702952 1 77830 R 10.0 19 3 1 234
1220402239 1 78002 R 6.0 19 2 0 235
1220619327 1 78016 R 9.0 19 3 0 236
1225978655 1 78359 R 8.0 19 3 0 237
1232853092 1 78799 R 12.0 19 4 0 238
1233176813 1 78820 R 11.0 19 4 2 239
1242262247 1 79401 R 13.0 19 4 1 240
1248978562 1 79831 R 9.0 20 3 0 241
1254462729 1 80182 R 8.0 20 3 0 242
1259292840 1 80491 R 6.0 20 2 0 243
1264933824 1 80852 R 13.0 20 4 1 244
1272087314 1 81310 R 12.0 20 4 0 245
1272411193 1 81331 R 11.0 20 4 2 246
1281529719 1 81915 R 4.0 20 1 0 247
1283171688 1 82020 R 10.0 20 3 1 248
1291330500 1 82542 R 7.0 20 2 1 249
1291639079 1 82562 R 5.0 20 2 0 250
1291754551 1 82569 R 3.0 20 1 0 251
1292164094 1 82595 R 2.0 20 1 0 252
1294870819 1 82768 R 6.0 21 2 0 253
1301152612 1 83170 R 13.0 21 4 1 254
1304025415 1 83354 R 9.0 21 3 0 255
1304764080 1 83402 R 4.0 21 1 0 256
1314002130 1 83993 R 7.0 21 2 1 257
1314310671 1 84013 R 5.0 21 2 0 258
1314426286 1 84020 R 3.0 21 1 0 259
1314835924 1 84046 R 2.0 21 1 0 260
1325509216 1 84729 R 12.0 21 4 0 261
1325796329 1 84748 R 8.0 21 3 0 262
1325854959 1 84751 R 11.0 21 4 3 263
1339781227 1 85643 R 10.0 21 3 1 264
1350220879 1 86311 R 7.0 22 2 1 265
1350529431 1 86331 R 5.0 22 2 0 266
1350645057 1 86338 R 3.0 22 1 0 267
1351054696 1 86364 R 2.0 22 1 0 268
1355696564 1 86661 R 12.0 22 4 0 269
1356020423 1 86682 R 11.0 22 4 2 270
1358078106 1 86814 R 10.0 22 3 1 271
1361509961 1 87033 R 9.0 22 3 0 272
1364714852 1 87238 R 6.0 22 2 0 273
1370322398 1 87597 R 8.0 22 3 0 274
1379840388 1 88206 R 13.0 22 4 1 275
1387654855 1 88707 R 4.0 22 1 0 276
1400915434 1 89555 R 12.0 23 4 0 277
1401239183 1 89576 R 11.0 23 4 2 278
1404089710 1 89758 R 6.0 23 2 0 279
1407217210 1 89959 R 4.0 23 1 0 280
1412574601 1 90301 R 13.0 23 4 1 281
1428908411 1 91347 R 7.0 23 2 1 282
1429216927 1 91367 R 5.0 23 2 0 283
1429332554 1 91374 R 3.0 23 1 0 284
1429742193 1 91400 R 2.0 23 1 0 285
1429812487 1 91405 R 10.0 23 3 1 286
1432181826 1 91556 R 9.0 23 3 0 287
1433213075 1 91622 R 8.0 23 3 0 288
1443734054 1 92296 R 10.0 24 3 1 289
1446201588 1 92454 R 4.0 24 1 0 290
1454368974 1 92976 R 8.0 24 3 0 291
1461642736 1 93442 R 7.0 24 2 1 292
1461951160 1 93462 R 5.0 24 2 0 293
1462066924 1 93469 R 3.0 24 1 0 294
1462476403 1 93495 R 2.0 24 1 0 295
1463369333 1 93552 R 9.0 24 3 0 296
1481230504 1 94695 R 6.0 24 2 0 297
1489399973 1 95218 R 12.0 24 4 0 298
1489723836 1 95239 R 11.0 24 4 2 299
1491418518 1 95347 R 13.0 24 4 1 300
1504728499 1 96199 R 9.0 25 3 0 301
1510014089 1 96538 R 4.0 25 1 0 302
1510452840 1 96566 R 10.0 25 3 1 303
1517743725 1 97032 R 12.0 25 4 0 304
1518067440 1 97053 R 11.0 25 4 2 305
1518215233 1 97062 R 13.0 25 4 1 306
1531105367 1 97887 R 6.0 25 2 0 307
1537744276 1 98312 R 8.0 25 3 0 308
1540486631 1 98488 R 7.0 25 2 1 309
1540795201 1 98508 R 5.0 25 2 0 310
1540910726 1 98515 R 3.0 25 1 0 311
1541320337 1 98541 R 2.0 25 1 0 312
1546433345 1 98868 R 6.0 26 2 0 313
1549290328 1 99051 R 12.0 26 4 0 314
1549614259 1 99072 R 11.0 26 4 2 315
1551904713 1 99219 R 4.0 26 1 0 316
1553822288 1 99341 R 9.0 26 3 0 317
1567286795 1 100203 R 7.0 26 2 1 318
1567595327 1 100223 R 5.0 26 2 0 319
1567709685 1 100230 R 3.0 26 1 0 320
1568119290 1 100256 R 2.0 26 1 0 321
1576654837 1 100803 R 8.0 26 3 0 322
1577691785 1 100869 R 10.0 26 3 2 323
1583689801 1 101253 R 13.0 26 4 3 324
1594310954 1 101933 R 8.0 27 3 0 325
1595280358 1 101995 R 12.0 27 4 0 326
1595604609 1 102015 R 11.0 27 4 0 327
1612748586 1 103113 R 9.0 27 3 0 328
1613113651 1 103136 R 10.0 27 3 2 329
1620877290 1 103633 R 13.0 27 4 3 330
1624811798 1 103885 R 6.0 27 2 0 331
1632755669 1 104393 R 7.0 27 2 1 332
1633064176 1 104413 R 5.0 27 2 0 333
1633178411 1 104420 R 3.0 27 1 0 334
1633588012 1 104446 R 2.0 27 1 0 335
1635469460 1 104567 R 4.0 27 1 0 336
1648623954 1 105409 R 12.0 28 4 0 337
1648948142 1 105429 R 11.0 28 4 0 338
1649236629 1 105448 R 13.0 28 4 3 339
1654155402 1 105763 R 6.0 28 2 0 340
1654472882 1 105783 R 10.0 28 3 2 341
1664031813 1 106395 R 4.0 28 1 0 342
1670717214 1 106823 R 8.0 28 3 0 343
1673608328 1 107008 R 9.0 28 3 0 344
1689365044 1 108016 R 7.0 28 2 1 345
1689673592 1 108036 R 5.0 28 2 0 346
1689787828 1 108043 R 3.0 28 1 0 347
1690197440 1 108069 R 2.0 28 1 0 348
1695873305 1 108433 R 8.0 29 3 0 349
1703566633 1 108925 R 10.0 29 3 2 350
1703671113 1 108932 R 12.0 29 4 0 351
1703995016 1 108952 R 11.0 29 4 0 352
1704283439 1 108971 R 13.0 29 4 3 353
1707661827 1 109187 R 7.0 29 2 1 354
1707713065 1 109190 R 9.0 29 3 1 355
1707970435 1 109207 R 5.0 29 2 0 356
1708084667 1 109214 R 3.0 29 1 0 357
1708494276 1 109240 R 2.0 29 1 0 358
1737530700 1 111099 R 6.0 29 2 0 359
1739594505 1 111231 R 4.0 29 1 0 360
1753576430 1 112126 R 8.0 30 3 0 361
1761155497 1 112611 R 12.0 30 4 0 362
1761479392 1 112631 R 11.0 30 4 0 363
1761767817 1 112650 R 13.0 30 4 3 364
1762488654 1 112696 R 10.0 30 3 2 365
1766078687 1 112926 R 4.0 30 1 0 366
1767921053 1 113044 R 6.0 30 2 0 367
1779396305 1 113778 R 7.0 30 2 1 368
1779704836 1 113798 R 5.0 30 2 0 369
1779819083 1 113805 R 3.0 30 1 0 370
1780228691 1 113831 R 2.0 30 1 0 371
1785545754 1 114172 R 9.0 30 3 0 372
1793796041 1 114700 R 6.0 31 2 0 373
1806482971 1 115512 R 9.0 31 3 0 374
1813857829 1 115984 R 8.0 31 3 0 375
1815891625 1 116114 R 4.0 31 1 0 376
1823347898 1 116591 R 10.0 31 3 2 377
1826239955 1 116776 R 7.0 31 2 1 378
1826548451 1 116796 R 5.0 31 2 0 379
1826662807 1 116803 R 3.0 31 1 0 380
1827072409 1 116829 R 2.0 31 1 0 381
1831827396 1 117134 R 12.0 31 4 0 382
1832151410 1 117154 R 11.0 31 4 0 383
1832439834 1 117173 R 13.0 31 4 3 384
1849374164 1 118257 R 6.0 32 2 0 385
1853177410 1 118500 R 7.0 32 2 1 386
1853485942 1 118520 R 5.0 32 2 0 387
1853600243 1 118527 R 3.0 32 1 0 388
1854009853 1 118553 R 2.0 32 1 0 389
1854704140 1 118598 R 4.0 32 1 0 390
1857441653 1 118773 R 10.0 32 3 2 391
1859576865 1 118910 R 9.0 32 3 0 392
1863627449 1 119169 R 13.0 32 4 3 393
1873437036 1 119797 R 12.0 32 4 0 394
1873760810 1 119817 R 11.0 32 4 0 395
1885889222 1 120594 R 8.0 32 3 0 396
1896376013 1 121265 R 4.0 33 1 0 397
1904986446 1 121816 R 13.0 33 4 2 398
1907749168 1 121993 R 6.0 33 2 0 399
1927271152 1 123242 R 7.0 33 2 1 400
1927579565 1 123262 R 5.0 33 2 0 401
1927694023 1 123269 R 3.0 33 1 0 402
1928103619 1 123295 R 2.0 33 1 0 403
1932733476 1 123592 R 12.0 33 4 0 404
1933057539 1 123612 R 11.0 33 4 0 405
1935285542 1 123755 R 10.0 33 3 2 406
1937670469 1 123908 R 8.0 33 3 0 407
1943499017 1 124281 R 9.0 33 3 0 408
1954080253 1 124958 R 13.0 34 4 3 409
1956222901 1 125095 R 10.0 34 3 2 410
1962693040 1 125509 R 7.0 34 2 1 411
1963001564 1 125529 R 5.0 34 2 0 412
1963115887 1 125536 R 3.0 34 1 0 413
1963525490 1 125562 R 2.0 34 1 0 414
1971202429 1 126054 R 12.0 34 4 0 415
1971526409 1 126074 R 11.0 34 4 0 416
1972485440 1 126136 R 4.0 34 1 0 417
1977358108 1 126448 R 9.0 34 3 0 418
1981186240 1 126693 R 8.0 34 3 0 419
1982124449 1 126753 R 6.0 34 2 0 420
1995501012 1 127609 R 4.0 35 1 0 421
2004052252 1 128156 R 7.0 35 2 1 422
2004360761 1 128176 R 5.0 35 2 0 423
2004475181 1 128183 R 3.0 35 1 0 424
2004884781 1 128209 R 2.0 35 1 0 425
2005451562 1 128246 R 9.0 35 3 0 426
2009316625 1 128493 R 10.0 35 3 2 427
2009967921 1 128535 R 6.0 35 2 0 428
2012389574 1 128690 R 12.0 35 4 0 429
2012713548 1 128710 R 11.0 35 4 0 430
2013002195 1 128729 R 13.0 35 4 3 431
2036592344 1 130239 R 8.0 35 3 0 432
2053146154 1 131298 R 7.0 36 2 1 433
2053454599 1 131318 R 5.0 36 2 0 434
2053568975 1 131325 R 3.0 36 1 0 435
2053978694 1 131351 R 2.0 36 1 0 436
2066873732 1 132177 R 9.0 36 3 0 437
2079420610 1 132980 R 8.0 36 3 0 438
2079608899 1 132992 R 6.0 36 2 0 439
2085108758 1 133344 R 12.0 36 4 0 440
2085432385 1 133364 R 11.0 36 4 0 441
2085721326 1 133383 R 13.0 36 4 3 442
2088110571 1 133536 R 4.0 36 1 0 443
2093238957 1 133864 R 10.0 36 3 2 444
2098796139 1 134220 R 12.0 37 4 0 445
2099119922 1 134240 R 11.0 37 4 0 446
2099408690 1 134259 R 13.0 37 4 3 447
2119422920 1 135540 R 4.0 37 1 0 448
2127098171 1 136031 R 10.0 37 3 2 449
2129483676 1 136184 R 6.0 37 2 0 450
2132583803 1 136382 R 7.0 37 2 1 451
2132892352 1 136402 R 5.0 37 2 0 452
2133006602 1 136409 R 3.0 37 1 0 453
2133416191 1 136435 R 2.0 37 1 0 454
2138951870 1 136790 R 8.0 37 3 0 455
2140592932 1 136895 R 9.0 37 3 0 456
2146202432 1 137254 R 6.0 38 2 0 457
2148232970 1 137384 R 8.0 38 3 0 458
2151644904 1 137602 R 10.0 38 3 2 459
2157021326 1 137946 R 7.0 38 2 1 460
2157329989 1 137966 R 5.0 38 2 0 461
2157444106 1 137973 R 3.0 38 1 0 462
2157853691 1 137999 R 2.0 38 1 0 463
2172688645 1 138949 R 4.0 38 1 0 464
2182780925 1 139595 R 12.0 38 4 0 465
2183104676 1 139615 R 11.0 38 4 0 466
2183393354 1 139634 R 13.0 38 4 3 467
2192280291 1 140203 R 9.0 38 3 0 468
2194629300 1 140353 R 10.0 39 3 2 469
2203264216 1 140906 R 8.0 39 3 0 470
2207751031 1 141193 R 4.0 39 1 0 471
2209218163 1 141287 R 12.0 39 4 0 472
2209542177 1 141307 R 11.0 39 4 0 473
2209830624 1 141326 R 13.0 39 4 3 474
2215077574 1 141662 R 6.0 39 2 0 475
2234248879 1 142889 R 9.0 39 3 0 476
2234865226 1 142928 R 7.0 39 2 1 477
2235173896 1 142948 R 5.0 39 2 0 478
2235287989 1 142955 R 3.0 39 1 0 479
2235697580 1 142981 R 2.0 39 1 0 480
2248546179 1 143804 R 6.0 40 2 0 481
2251161952 1 143971 R 7.0 40 2 1 482
2251470502 1 143991 R 5.0 40 2 0 483
2251584746 1 143998 R 3.0 40 1 0 484
2251994299 1 144024 R 2.0 40 1 0 485
2268404984 1 145075 R 8.0 40 3 0 486
2279973326 1 145815 R 10.0 40 3 2 487
2287813652 1 146317 R 4.0 40 1 0 488
2289108105 1 146400 R 9.0 40 3 0 489
2293140579 1 146658 R 12.0 40 4 0 490
2293464334 1 146678 R 11.0 40 4 0 491
2293753012 1 146697 R 13.0 40 4 3 492
2298079142 1 146974 R 4.0 41 1 0 493
2304654863 1 147395 R 9.0 41 3 0 494
2308896309 1 147666 R 7.0 41 2 1 495
2309204833 1 147686 R 5.0 41 2 0 496
2309319086 1 147693 R 3.0 41 1 0 497
2309728620 1 147719 R 2.0 41 1 0 498
2318436949 1 148277 R 6.0 41 2 0 499
2326999428 1 148825 R 12.0 41 4 0 500
2327323459 1 148845 R 11.0 41 4 0 501
2327612028 1 148864 R 13.0 41 4 3 502
2328092490 1 148895 R 8.0 41 3 0 503
2342020343 1 149786 R 10.0 41 3 2 504
2353623776 1 150529 R 9.0 42 3 0 505
2355093174 1 150623 R 12.0 42 4 0 506
2355417175 1 150643 R 11.0 42 4 0 507
2355705717 1 150662 R 13.0 42 4 3 508
2356985447 1 150744 R 4.0 42 1 0 509
2370467509 1 151607 R 8.0 42 3 0 510
2374504627 1 151865 R 10.0 42 3 2 511
2382640077 1 152386 R 6.0 42 2 0 512
2392818387 1 153037 R 7.0 42 2 1 513
2393127058 1 153057 R 5.0 42 2 0 514
2393241142 1 153064 R 3.0 42 1 0 515
2393650566 1 153090 R 2.0 42 1 0 516
