249182184 1 15844 R 6.0 0 2 0 1
249230538 1 15847 R 7.0 0 2 1 2
249309875 1 15853 R 4.0 0 1 0 3
249528320 1 15867 R 5.0 0 2 0 4
249644085 1 15874 R 3.0 0 1 0 5
250053633 1 15900 R 2.0 0 1 0 6
259977831 1 16535 R 9.0 0 3 0 7
262227342 1 16679 R 12.0 0 4 0 8
262551159 1 16700 R 11.0 0 4 2 9
262840037 1 16718 R 13.0 0 4 1 10
263546407 1 16764 R 10.0 0 3 1 11
263618529 1 16768 R 8.0 0 3 0 12
279447201 1 17781 R 6.0 1 2 0 13
279654623 1 17795 R 10.0 1 3 1 14
279914182 1 17811 R 12.0 1 4 0 15
280238208 1 17832 R 11.0 1 4 2 16
280526384 1 17850 R 13.0 1 4 0 17
281523852 1 17914 R 8.0 1 3 0 18
290204058 1 18470 R 7.0 1 2 1 19
290512373 1 18490 R 5.0 1 2 0 20
290627774 1 18497 R 3.0 1 1 0 21
291037766 1 18523 R 2.0 1 1 0 22
298371936 1 18993 R 4.0 1 1 0 23
303024623 1 19290 R 9.0 1 3 0 24
315547656 1 20092 R 7.0 2 2 1 25
315856329 1 20112 R 5.0 2 2 0 26
315971814 1 20119 R 3.0 2 1 0 27
316248382 1 20137 R 10.0 2 3 1 28
316381445 1 20145 R 2.0 2 1 0 29
323215494 1 20583 R 4.0 2 1 0 30
323882857 1 20625 R 12.0 2 4 0 31
324206846 1 20646 R 11.0 2 4 2 32
324494850 1 20664 R 13.0 2 4 0 33
327931699 1 20884 R 6.0 2 2 0 34
328601915 1 20927 R 8.0 2 3 0 35
330993083 1 21080 R 9.0 2 3 0 36
338920115 1 21588 R 10.0 3 3 1 37
339180375 1 21604 R 9.0 3 3 0 38
339594552 1 21631 R 7.0 3 2 1 39
339903216 1 21651 R 5.0 3 2 0 40
340018683 1 21658 R 3.0 3 1 0 41
340428305 1 21684 R 2.0 3 1 0 42
345791073 1 22027 R 6.0 3 2 0 43
348633216 1 22209 R 8.0 3 3 0 44
355794169 1 22668 R 4.0 3 1 0 45
358601821 1 22847 R 12.0 3 4 0 46
358925629 1 22868 R 11.0 3 4 2 47
359213883 1 22886 R 13.0 3 4 0 48
379341045 1 24175 R 4.0 4 1 0 49
379742358 1 24200 R 8.0 4 3 0 50
383563260 1 24445 R 7.0 4 2 1 51
383871748 1 24465 R 5.0 4 2 0 52
383987438 1 24472 R 3.0 4 1 0 53
384397000 1 24498 R 2.0 4 1 0 54
385666501 1 24579 R 6.0 4 2 0 55
388529769 1 24763 R 10.0 4 3 1 56
388789925 1 24779 R 9.0 4 3 0 57
392836415 1 25038 R 12.0 4 4 0 58
393160302 1 25059 R 11.0 4 4 2 59
393448575 1 25077 R 13.0 4 4 0 60
403981569 1 25752 R 4.0 5 1 0 61
411257887 1 26217 R 12.0 5 4 0 62
411581554 1 26238 R 11.0 5 4 2 63
411869850 1 26256 R 13.0 5 4 0 64
413056984 1 26332 R 6.0 5 2 0 65
414929806 1 26452 R 8.0 5 3 0 66
416123228 1 26529 R 10.0 5 3 1 67
416383479 1 26545 R 9.0 5 3 0 68
418282172 1 26667 R 7.0 5 2 1 69
418590801 1 26687 R 5.0 5 2 0 70
418706192 1 26694 R 3.0 5 1 0 71
419115841 1 26720 R 2.0 5 1 0 72
426976660 1 27223 R 12.0 6 4 0 73
427300438 1 27244 R 11.0 6 4 2 74
427588744 1 27262 R 13.0 6 4 0 75
428336605 1 27310 R 8.0 6 3 0 76
429467124 1 27383 R 10.0 6 3 1 77
429727441 1 27399 R 9.0 6 3 0 78
447416502 1 28531 R 6.0 6 2 0 79
448637922 1 28610 R 4.0 6 1 0 80
452516542 1 28858 R 7.0 6 2 1 81
452825174 1 28878 R 5.0 6 2 0 82
452940550 1 28885 R 3.0 6 1 0 83
453350204 1 28911 R 2.0 6 1 0 84
454492652 1 28984 R 8.0 7 3 0 85
462494484 1 29496 R 6.0 7 2 0 86
468560738 1 29885 R 10.0 7 3 1 87
468821125 1 29901 R 9.0 7 3 0 88
470360311 1 30000 R 7.0 7 2 1 89
470668956 1 30020 R 5.0 7 2 0 90
470784322 1 30027 R 3.0 7 1 0 91
471193937 1 30053 R 2.0 7 1 0 92
479059852 1 30557 R 4.0 7 1 0 93
482711057 1 30790 R 12.0 7 4 0 94
483035089 1 30811 R 11.0 7 4 2 95
483323582 1 30829 R 13.0 7 4 0 96
491953845 1 31382 R 7.0 8 2 1 97
492262376 1 31402 R 5.0 8 2 0 98
492378065 1 31409 R 3.0 8 1 0 99
492787845 1 31435 R 2.0 8 1 0 100
503403669 1 32115 R 4.0 8 1 0 101
505150959 1 32226 R 6.0 8 2 0 102
505711585 1 32262 R 8.0 8 3 0 103
509998455 1 32537 R 10.0 8 3 1 104
510258703 1 32553 R 9.0 8 3 0 105
510633156 1 32577 R 12.0 8 4 0 106
510956947 1 32598 R 11.0 8 4 2 107
511245359 1 32616 R 13.0 8 4 0 108
513231713 1 32744 R 4.0 9 1 0 109
521351710 1 33263 R 12.0 9 4 0 110
521675659 1 33284 R 11.0 9 4 2 111
521963968 1 33302 R 13.0 9 4 0 112
529670475 1 33796 R 10.0 9 3 1 113
529930750 1 33812 R 9.0 9 3 0 114
531102454 1 33887 R 8.0 9 3 0 115
533126292 1 34017 R 7.0 9 2 1 116
533434937 1 34037 R 5.0 9 2 0 117
533550445 1 34044 R 3.0 9 1 0 118
533959924 1 34070 R 2.0 9 1 0 119
537245135 1 34280 R 6.0 9 2 0 120
548820871 1 35021 R 12.0 10 4 0 121
549144681 1 35042 R 11.0 10 4 2 122
549433083 1 35060 R 13.0 10 4 0 123
560088824 1 35742 R 6.0 10 2 0 124
563258979 1 35945 R 8.0 10 3 0 125
563716476 1 35975 R 4.0 10 1 0 126
563889458 1 35986 R 10.0 10 3 1 127
564149667 1 36002 R 9.0 10 3 0 128
570314028 1 36397 R 7.0 10 2 1 129
570622546 1 36417 R 5.0 10 2 0 130
570738033 1 36424 R 3.0 10 1 0 131
571147635 1 36450 R 2.0 10 1 0 132
581032529 1 37083 R 7.0 11 2 1 133
581341300 1 37103 R 5.0 11 2 0 134
581457700 1 37110 R 3.0 11 1 0 135
581489851 1 37112 R 6.0 11 2 0 136
581866287 1 37136 R 2.0 11 1 0 137
585462148 1 37366 R 8.0 11 3 0 138
586279005 1 37419 R 4.0 11 1 0 139
597874116 1 38161 R 10.0 11 3 1 140
598134394 1 38177 R 9.0 11 3 0 141
598430532 1 38196 R 12.0 11 4 0 142
598754375 1 38217 R 11.0 11 4 2 143
599042932 1 38235 R 13.0 11 4 0 144
603104450 1 38495 R 6.0 12 2 0 145
608501519 1 38841 R 7.0 12 2 1 146
608550535 1 38844 R 4.0 12 1 2 147
608809888 1 38861 R 5.0 12 2 0 148
608925420 1 38868 R 3.0 12 1 0 149
609335060 1 38894 R 2.0 12 1 0 150
623822380 1 39821 R 8.0 12 3 0 151
626024984 1 39962 R 12.0 12 4 0 152
626348714 1 39983 R 11.0 12 4 2 153
626637206 1 40001 R 13.0 12 4 1 154
629046859 1 40156 R 10.0 12 3 1 155
629306835 1 40172 R 9.0 12 3 0 156
635156073 1 40547 R 10.0 13 3 1 157
635416123 1 40563 R 9.0 13 3 0 158
638196928 1 40741 R 12.0 13 4 0 159
638520565 1 40762 R 11.0 13 4 2 160
638809260 1 40780 R 13.0 13 4 1 161
646980457 1 41303 R 6.0 13 2 0 162
654228612 1 41767 R 8.0 13 3 0 163
658111740 1 42016 R 7.0 13 2 1 164
658420472 1 42036 R 5.0 13 2 0 165
658469666 1 42039 R 4.0 13 1 2 166
658535716 1 42043 R 3.0 13 1 0 167
658945327 1 42069 R 2.0 13 1 0 168
663795330 1 42380 R 4.0 14 1 0 169
665305916 1 42476 R 12.0 14 4 0 170
665629658 1 42497 R 11.0 14 4 2 171
665918383 1 42515 R 13.0 14 4 1 172
671749671 1 42889 R 10.0 14 3 1 173
672009855 1 42905 R 9.0 14 3 0 174
674556739 1 43068 R 8.0 14 3 0 175
682808589 1 43596 R 6.0 14 2 0 176
685705501 1 43782 R 7.0 14 2 1 177
686014084 1 43802 R 5.0 14 2 0 178
686129561 1 43809 R 3.0 14 1 0 179
686539094 1 43835 R 2.0 14 1 0 180
694421553 1 44340 R 10.0 15 3 1 181
694681751 1 44356 R 9.0 15 3 0 182
696102975 1 44447 R 12.0 15 4 0 183
696426669 1 44468 R 11.0 15 4 2 184
696715345 1 44486 R 13.0 15 4 1 185
699049259 1 44636 R 7.0 15 2 1 186
699357835 1 44656 R 5.0 15 2 0 187
699473199 1 44663 R 3.0 15 1 0 188
699882810 1 44689 R 2.0 15 1 0 189
704574242 1 44989 R 6.0 15 2 0 190
720107981 1 45984 R 4.0 15 1 0 191
722572439 1 46141 R 8.0 15 3 0 192
723527067 1 46202 R 6.0 16 2 0 193
737525271 1 47098 R 8.0 16 3 0 194
738142878 1 47138 R 7.0 16 2 1 195
738451591 1 47158 R 5.0 16 2 0 196
738566938 1 47165 R 3.0 16 1 0 197
738976562 1 47191 R 2.0 16 1 0 198
742337309 1 47406 R 12.0 16 4 0 199
742661090 1 47427 R 11.0 16 4 2 200
742949730 1 47445 R 13.0 16 4 1 201
743904855 1 47507 R 4.0 16 1 0 202
750640453 1 47938 R 10.0 16 3 1 203
750900801 1 47954 R 9.0 16 3 0 204
762902068 1 48722 R 6.0 17 2 0 205
765467204 1 48887 R 4.0 17 1 0 206
774134636 1 49441 R 8.0 17 3 0 207
774759077 1 49481 R 12.0 17 4 0 208
775082778 1 49502 R 11.0 17 4 2 209
775371613 1 49520 R 13.0 17 4 1 210
775609134 1 49536 R 10.0 17 3 1 211
775884941 1 49553 R 9.0 17 3 0 212
779580506 1 49790 R 7.0 17 2 1 213
779889087 1 49810 R 5.0 17 2 0 214
780004568 1 49817 R 3.0 17 1 0 215
780414193 1 49843 R 2.0 17 1 0 216
783451587 1 50038 R 4.0 18 1 0 217
790477934 1 50487 R 12.0 18 4 0 218
790801531 1 50508 R 11.0 18 4 2 219
791090367 1 50526 R 13.0 18 4 1 220
792322374 1 50605 R 9.0 18 3 0 221
798838022 1 51022 R 8.0 18 3 0 222
799252540 1 51049 R 7.0 18 2 1 223
799561111 1 51069 R 5.0 18 2 0 224
799676600 1 51076 R 3.0 18 1 0 225
800086133 1 51102 R 2.0 18 1 0 226
808968479 1 51671 R 10.0 18 3 1 227
809792967 1 51723 R 6.0 18 2 0 228
813667705 1 51971 R 6.0 19 2 0 229
824212168 1 52646 R 12.0 19 4 0 230
824535889 1 52667 R 11.0 19 4 2 231
824824716 1 52685 R 13.0 19 4 1 232
825119137 1 52704 R 8.0 19 3 0 233
831015329 1 53082 R 10.0 19 3 1 234
833471127 1 53239 R 7.0 19 2 1 235
833779710 1 53259 R 5.0 19 2 0 236
833895087 1 53266 R 3.0 19 1 0 237
834304696 1 53292 R 2.0 19 1 0 238
837264228 1 53482 R 4.0 19 1 0 239
841166232 1 53731 R 9.0 19 3 0 240
844076586 1 53918 R 4.0 20 1 0 241
845055917 1 53980 R 12.0 20 4 0 242
845379640 1 54001 R 11.0 20 4 2 243
845668400 1 54019 R 13.0 20 4 1 244
849499822 1 54265 R 10.0 20 3 1 245
849759938 1 54281 R 9.0 20 3 0 246
855886726 1 54673 R 6.0 20 2 0 247
859150492 1 54882 R 8.0 20 3 0 248
867455507 1 55414 R 7.0 20 2 1 249
867764089 1 55434 R 5.0 20 2 0 250
867879565 1 55441 R 3.0 20 1 0 251
868289203 1 55467 R 2.0 20 1 0 252
874761495 1 55881 R 6.0 21 2 0 253
876790889 1 56011 R 8.0 21 3 0 254
877843429 1 56079 R 10.0 21 3 1 255
878103621 1 56095 R 9.0 21 3 0 256
880799258 1 56268 R 7.0 21 2 1 257
881107838 1 56288 R 5.0 21 2 0 258
881223208 1 56295 R 3.0 21 1 0 259
881633703 1 56321 R 2.0 21 1 0 260
881666189 1 56323 R 12.0 21 4 0 261
881973673 1 56343 R 11.0 21 4 2 262
882262102 1 56361 R 13.0 21 4 1 263
899248605 1 57449 R 4.0 21 1 0 264
908269953 1 58026 R 3.0 22 1 0 265
908679528 1 58052 R 2.0 22 1 0 266
910315947 1 58157 R 10.0 22 3 282 267
910367817 1 58160 R 12.0 22 4 281 268
910419702 1 58163 R 11.0 22 4 264 269
919000950 1 58713 R 13.0 22 4 795 270
919057649 1 58716 R 6.0 22 2 455 271
919108558 1 58720 R 8.0 22 3 362 272
920851258 1 58831 R 7.0 22 2 834 273
921159723 1 58851 R 5.0 22 2 834 274
929650565 1 59394 R 9.0 22 3 0 275
932857979 1 59600 R 4.0 22 1 0 276
936170343 1 59812 R 4.0 23 1 0 277
936238811 1 59816 R 3.0 23 1 0 278
936648436 1 59842 R 2.0 23 1 0 279
940359057 1 60080 R 10.0 23 3 1 280
942533496 1 60219 R 7.0 23 2 1 281
942842071 1 60239 R 5.0 23 2 0 282
945634885 1 60417 R 9.0 23 3 0 283
957744305 1 61192 R 8.0 23 3 0 284
958449237 1 61237 R 6.0 23 2 0 285
959230102 1 61287 R 12.0 23 4 0 286
960864325 1 61392 R 11.0 23 4 2 287
961153020 1 61410 R 13.0 23 4 1 288
962917823 1 61523 R 6.0 24 2 0 289
964002243 1 61593 R 7.0 24 2 1 290
964310674 1 61613 R 5.0 24 2 0 291
971962310 1 62102 R 12.0 24 4 0 292
972957550 1 62166 R 3.0 24 1 0 293
973367027 1 62192 R 2.0 24 1 0 294
983765359 1 62858 R 10.0 24 3 1 295
984025536 1 62874 R 9.0 24 3 0 296
985833069 1 62990 R 11.0 24 4 2 297
986121760 1 63008 R 13.0 24 4 1 298
988436112 1 63157 R 4.0 24 1 0 299
993010165 1 63449 R 8.0 24 3 0 300
994212874 1 63526 R 8.0 25 3 0 301
998884438 1 63825 R 12.0 25 4 0 302
1002191766 1 64037 R 3.0 25 1 0 303
1002601309 1 64063 R 2.0 25 1 0 304
1013853524 1 64783 R 9.0 25 3 0 305
1016020266 1 64922 R 11.0 25 4 2 306
1016201585 1 64934 R 4.0 25 1 0 307
1016308819 1 64940 R 13.0 25 4 1 308
1018910408 1 65107 R 7.0 25 2 0 309
1019219206 1 65127 R 5.0 25 2 0 310
1019278120 1 65130 R 6.0 25 2 0 311
1021249700 1 65257 R 10.0 25 3 1 312
1028445151 1 65717 R 2.0 26 1 0 313
1031642856 1 65922 R 7.0 26 2 0 314
1037003288 1 66265 R 10.0 26 3 327 315
1037053617 1 66268 R 4.0 26 1 89 316
1039494034 1 66424 R 8.0 26 3 0 317
1039706447 1 66438 R 5.0 26 2 497 318
1041239319 1 66536 R 11.0 26 4 2 319
1041527772 1 66554 R 13.0 26 4 1 320
1043071978 1 66653 R 12.0 26 4 0 321
1044400562 1 66738 R 9.0 26 3 0 322
1045629593 1 66817 R 3.0 26 1 0 323
1052668009 1 67267 R 6.0 26 2 0 324
1057759604 1 67593 R 8.0 27 3 0 325
1058564734 1 67645 R 7.0 27 2 0 326
1059208050 1 67686 R 11.0 27 4 2 327
1059388941 1 67698 R 5.0 27 2 0 328
1059496478 1 67704 R 13.0 27 4 1 329
1060259604 1 67753 R 12.0 27 4 0 330
1063109417 1 67936 R 10.0 27 3 1 331
1067982975 1 68248 R 4.0 27 1 0 332
1068886743 1 68305 R 6.0 27 2 0 333
1079382859 1 68977 R 2.0 27 1 0 334
1080910824 1 69075 R 3.0 27 1 0 335
1083088286 1 69214 R 9.0 27 3 0 336
1085826304 1 69390 R 5.0 28 2 0 337
1087848182 1 69519 R 3.0 28 1 0 338
1094310970 1 69933 R 4.0 28 1 0 339
1101296708 1 70380 R 10.0 28 3 1 340
1101429732 1 70388 R 2.0 28 1 0 341
1102752379 1 70473 R 7.0 28 2 0 342
1107926665 1 70804 R 11.0 28 4 2 343
1108215291 1 70822 R 13.0 28 4 1 344
1108618981 1 70848 R 12.0 28 4 0 345
1109121122 1 70880 R 6.0 28 2 0 346
1111963050 1 71062 R 8.0 28 3 0 347
1112744563 1 71112 R 9.0 28 3 0 348
1116161063 1 71331 R 11.0 29 4 2 349
1116449661 1 71349 R 13.0 29 4 1 350
1119785688 1 71563 R 3.0 29 1 0 351
1119914955 1 71571 R 2.0 29 1 0 352
1119947105 1 71573 R 7.0 29 2 0 353
1120964891 1 71638 R 6.0 29 2 0 354
1125263991 1 71914 R 5.0 29 2 0 355
1126400410 1 71986 R 8.0 29 3 0 356
1129712534 1 72198 R 12.0 29 4 0 357
1133603794 1 72447 R 9.0 29 3 0 358
1134515742 1 72506 R 10.0 29 3 1 359
1138654858 1 72771 R 4.0 29 1 0 360
1148257652 1 73385 R 2.0 30 1 0 361
1149837874 1 73486 R 8.0 30 3 0 362
1152999822 1 73689 R 10.0 30 3 1 363
1155598693 1 73855 R 11.0 30 4 2 364
1155887243 1 73873 R 13.0 30 4 1 365
1156339864 1 73902 R 6.0 30 2 0 366
1159150901 1 74082 R 9.0 30 3 0 367
1160435823 1 74165 R 5.0 30 2 0 368
1161045485 1 74204 R 4.0 30 1 0 369
1163634387 1 74369 R 12.0 30 4 0 370
1168299405 1 74668 R 7.0 30 2 0 371
1168723754 1 74695 R 3.0 30 1 0 372
1176119281 1 75168 R 8.0 31 3 0 373
1176351580 1 75183 R 2.0 31 1 0 374
1181822077 1 75533 R 12.0 31 4 0 375
1186479027 1 75831 R 9.0 31 3 0 376
1189393016 1 76018 R 7.0 31 2 0 377
1190770910 1 76106 R 11.0 31 4 2 378
1191059291 1 76124 R 13.0 31 4 1 379
1193344026 1 76271 R 10.0 31 3 2 380
1193654721 1 76291 R 5.0 31 2 0 381
1193739385 1 76296 R 3.0 31 1 0 382
1201264246 1 76778 R 4.0 31 1 0 383
1201715947 1 76807 R 6.0 31 2 0 384
1204355327 1 76975 R 6.0 32 2 0 385
1210773439 1 77386 R 2.0 32 1 0 386
1211926727 1 77460 R 3.0 32 1 0 387
1215056524 1 77660 R 8.0 32 3 0 388
1218890612 1 77906 R 10.0 32 3 1 389
1223314747 1 78189 R 7.0 32 2 0 390
1223494652 1 78200 R 9.0 32 3 0 391
1223623467 1 78209 R 5.0 32 2 0 392
1223989606 1 78232 R 11.0 32 4 2 393
1224053399 1 78236 R 12.0 32 4 2 394
1224278046 1 78250 R 13.0 32 4 1 395
1228967833 1 78551 R 4.0 32 1 0 396
1237354028 1 79087 R 9.0 33 3 0 397
1241502312 1 79353 R 7.0 33 2 0 398
1241810824 1 79373 R 5.0 33 2 0 399
1243009393 1 79449 R 12.0 33 4 0 400
1243114254 1 79456 R 3.0 33 1 0 401
1251578132 1 79998 R 10.0 33 3 1 402
1253958197 1 80150 R 11.0 33 4 2 403
1254246589 1 80168 R 13.0 33 4 1 404
1258683632 1 80452 R 6.0 33 2 0 405
1258994308 1 80472 R 8.0 33 3 0 406
1259108461 1 80480 R 4.0 33 1 0 407
1259140644 1 80482 R 2.0 33 1 0 408
1263058452 1 80732 R 6.0 34 2 0 409
1263567351 1 80765 R 3.0 34 1 0 410
1275291526 1 81515 R 9.0 34 3 0 411
1280226563 1 81831 R 2.0 34 1 0 412
1281827006 1 81934 R 4.0 34 1 0 413
1283720976 1 82055 R 7.0 34 2 0 414
1284029566 1 82075 R 5.0 34 2 0 415
1286063546 1 82205 R 10.0 34 3 433 416
1286120282 1 82208 R 13.0 34 4 131 417
1288819460 1 82381 R 8.0 34 3 229 418
1290478758 1 82487 R 11.0 34 4 427 419
1292728269 1 82631 R 12.0 34 4 0 420
1293462309 1 82678 R 12.0 35 4 0 421
1293518993 1 82682 R 8.0 35 3 3 422
1296295763 1 82860 R 4.0 35 1 0 423
1298199498 1 82981 R 13.0 35 4 1 424
1302998169 1 83289 R 5.0 35 2 0 425
1304156066 1 83363 R 10.0 35 3 1 426
1309322776 1 83693 R 9.0 35 3 0 427
1309824213 1 83725 R 6.0 35 2 0 428
1312705533 1 83910 R 7.0 35 2 0 429
1314148438 1 84002 R 2.0 35 1 0 430
1314364316 1 84016 R 11.0 35 4 2 431
1315208112 1 84070 R 3.0 35 1 0 432
1326166413 1 84771 R 9.0 36 3 0 433
1331777216 1 85130 R 6.0 36 2 0 434
1331952947 1 85142 R 10.0 36 3 1 435
1333333196 1 85230 R 11.0 36 4 2 436
1334043480 1 85275 R 13.0 36 4 1 437
1334076446 1 85278 R 7.0 36 2 0 438
1338895496 1 85586 R 3.0 36 1 0 439
1341853642 1 85775 R 8.0 36 3 0 440
1342306481 1 85804 R 12.0 36 4 0 441
1344007852 1 85913 R 2.0 36 1 0 442
1348514681 1 86202 R 4.0 36 1 0 443
1352717067 1 86471 R 5.0 36 2 0 444
1353451302 1 86518 R 5.0 37 2 0 445
1358101403 1 86815 R 2.0 37 1 0 446
1359103914 1 86879 R 9.0 37 3 0 447
1366223604 1 87335 R 3.0 37 1 0 448
1371152352 1 87650 R 6.0 37 2 0 449
1373637236 1 87809 R 13.0 37 4 1 450
1374095999 1 87839 R 7.0 37 2 0 451
1375103167 1 87903 R 12.0 37 4 0 452
1377681737 1 88068 R 8.0 37 3 0 453
1379217779 1 88167 R 4.0 37 1 0 454
1381421853 1 88308 R 10.0 37 3 1 455
1383051945 1 88412 R 11.0 37 4 2 456
1383785922 1 88459 R 11.0 38 4 2 457
1384571707 1 88509 R 12.0 38 4 0 458
1392580368 1 89022 R 7.0 38 2 0 459
1393945317 1 89109 R 2.0 38 1 0 460
1394161104 1 89123 R 3.0 38 1 0 461
1394650901 1 89154 R 9.0 38 3 0 462
1400592790 1 89535 R 4.0 38 1 0 463
1401808985 1 89612 R 13.0 38 4 1 464
1402295046 1 89644 R 5.0 38 2 0 465
1408527350 1 90042 R 6.0 38 2 0 466
1409619192 1 90112 R 8.0 38 3 0 467
1411640356 1 90242 R 10.0 38 3 1 468
1417098605 1 90591 R 3.0 39 1 0 469
1423077018 1 90974 R 4.0 39 1 0 470
1424556528 1 91068 R 8.0 39 3 0 471
1424624708 1 91073 R 10.0 39 3 1 472
1428790585 1 91339 R 12.0 39 4 0 473
1430917991 1 91475 R 6.0 39 2 0 474
1432630086 1 91585 R 11.0 39 4 2 475
1432924119 1 91604 R 7.0 39 2 0 476
1433539096 1 91643 R 2.0 39 1 0 477
1435027888 1 91738 R 13.0 39 4 1 478
1435092077 1 91743 R 5.0 39 2 0 479
1438635559 1 91969 R 9.0 39 3 0 480
1444560675 1 92349 R 5.0 40 2 0 481
1456614230 1 93120 R 3.0 40 1 0 482
1458470878 1 93239 R 7.0 40 2 0 483
1461710928 1 93446 R 2.0 40 1 0 484
1462775468 1 93514 R 12.0 40 4 0 485
1463291134 1 93547 R 8.0 40 3 0 486
1465426948 1 93684 R 11.0 40 4 2 487
1468249033 1 93865 R 4.0 40 1 0 488
1468792895 1 93899 R 6.0 40 2 0 489
1469025899 1 93914 R 9.0 40 3 0 490
1469968878 1 93975 R 10.0 40 3 1 491
1472996755 1 94168 R 13.0 40 4 1 492
1474895476 1 94290 R 11.0 41 4 2 493
1477439652 1 94453 R 7.0 41 2 0 494
1482015891 1 94746 R 10.0 41 3 2 495
1483713400 1 94854 R 9.0 41 3 0 496
1484652227 1 94914 R 6.0 41 2 0 497
1486978533 1 95063 R 8.0 41 3 0 498
1488780187 1 95179 R 5.0 41 2 0 499
1489213065 1 95206 R 12.0 41 4 0 500
1493856046 1 95503 R 13.0 41 4 1 501
1494929743 1 95572 R 2.0 41 1 0 502
1498801889 1 95820 R 3.0 41 1 0 503
1501764669 1 96010 R 4.0 41 1 0 504
1503984501 1 96152 R 10.0 42 3 2 505
1504017294 1 96154 R 3.0 42 1 0 506
1514056498 1 96796 R 12.0 42 4 0 507
1515799544 1 96908 R 7.0 42 2 0 508
1516745949 1 96968 R 6.0 42 2 0 509
1517949607 1 97045 R 13.0 42 4 1 510
1519114461 1 97120 R 11.0 42 4 2 511
1522764516 1 97354 R 5.0 42 2 0 512
1523400902 1 97394 R 9.0 42 3 0 513
1529666126 1 97795 R 8.0 42 3 0 514
1532686548 1 97989 R 4.0 42 1 0 515
1532898424 1 98002 R 2.0 42 1 0 516
1533120834 1 98016 R 6.0 43 2 0 517
1534385163 1 98097 R 9.0 43 3 0 518
1535353500 1 98159 R 8.0 43 3 0 519
1538082945 1 98334 R 11.0 43 4 2 520
1538844030 1 98383 R 10.0 43 3 2 521
1541853604 1 98575 R 12.0 43 4 0 522
1545793507 1 98827 R 13.0 43 4 1 523
1548030286 1 98971 R 4.0 43 1 0 524
1549202019 1 99046 R 5.0 43 2 0 525
1552846563 1 99279 R 7.0 43 2 0 526
1553757810 1 99337 R 2.0 43 1 0 527
1562176874 1 99876 R 3.0 43 1 0 528
1574048919 1 100636 R 5.0 44 2 0 529
1577499181 1 100857 R 6.0 44 2 0 530
1577853563 1 100879 R 2.0 44 1 0 531
1578334123 1 100910 R 7.0 44 2 0 532
1582096008 1 101151 R 13.0 44 4 3 533
1584276693 1 101290 R 11.0 44 4 0 534
1585186240 1 101349 R 8.0 44 3 0 535
1586942364 1 101461 R 10.0 44 3 2 536
1588126155 1 101537 R 4.0 44 1 0 537
1588382024 1 101553 R 3.0 44 1 0 538
1588827436 1 101582 R 9.0 44 3 0 539
1591328091 1 101742 R 12.0 44 4 0 540
1596677846 1 102084 R 7.0 45 2 0 541
1601845588 1 102415 R 5.0 45 2 0 542
1603363929 1 102512 R 10.0 45 3 2 543
1604141590 1 102562 R 4.0 45 1 0 544
1605123441 1 102625 R 8.0 45 3 0 545
1605697308 1 102661 R 2.0 45 1 0 546
1610819392 1 102989 R 3.0 45 1 0 547
1611749039 1 103049 R 9.0 45 3 0 548
1613495331 1 103160 R 11.0 45 4 0 549
1614565208 1 103229 R 13.0 45 4 3 550
1617515351 1 103418 R 6.0 45 2 0 551
1621546830 1 103676 R 12.0 45 4 0 552
1624771497 1 103882 R 7.0 46 2 0 553
1625110366 1 103904 R 4.0 46 1 0 554
1627936517 1 104085 R 9.0 46 3 0 555
1634060946 1 104477 R 8.0 46 3 0 556
1634530916 1 104507 R 12.0 46 4 0 557
1638979725 1 104791 R 11.0 46 4 0 558
1641994223 1 104984 R 2.0 46 1 0 559
1643783963 1 105099 R 13.0 46 4 3 560
1648390353 1 105394 R 6.0 46 2 0 561
1649082982 1 105438 R 10.0 46 3 2 562
1650257000 1 105513 R 3.0 46 1 0 563
1651314574 1 105581 R 5.0 46 2 0 564
1657265208 1 105962 R 6.0 47 2 0 565
1664615329 1 106432 R 7.0 47 2 0 566
1664894699 1 106450 R 11.0 47 4 486 567
1664953505 1 106454 R 9.0 47 3 283 568
1668076714 1 106654 R 8.0 47 3 0 569
1670817355 1 106829 R 10.0 47 3 2 570
1673147546 1 106978 R 3.0 47 1 0 571
1673752726 1 107017 R 13.0 47 4 3 572
1674463027 1 107062 R 2.0 47 1 0 573
1674938635 1 107093 R 4.0 47 1 0 574
1679874954 1 107409 R 12.0 47 4 0 575
1681533344 1 107515 R 5.0 47 2 0 576
1684738944 1 107720 R 10.0 48 3 2 577
1685417216 1 107763 R 11.0 48 4 0 578
1692715743 1 108230 R 9.0 48 3 463 579
1692775066 1 108234 R 13.0 48 4 333 580
1694282281 1 108331 R 4.0 48 1 0 581
1694517693 1 108346 R 5.0 48 2 0 582
1697835070 1 108558 R 3.0 48 1 0 583
1698968708 1 108631 R 12.0 48 4 0 584
1699912253 1 108691 R 7.0 48 2 0 585
1700234109 1 108712 R 6.0 48 2 0 586
1703682151 1 108932 R 2.0 48 1 0 587
1712264356 1 109482 R 8.0 48 3 0 588
1713890439 1 109586 R 12.0 49 4 0 589
1715451573 1 109686 R 8.0 49 3 0 590
1715705706 1 109702 R 13.0 49 4 3 591
1717421080 1 109812 R 9.0 49 3 0 592
1723522476 1 110202 R 3.0 49 1 0 593
1725261070 1 110313 R 11.0 49 4 0 594
1729062234 1 110557 R 6.0 49 2 0 595
1729166527 1 110563 R 2.0 49 1 0 596
1730173018 1 110628 R 4.0 49 1 0 597
1738380992 1 111153 R 7.0 49 2 0 598
1739861453 1 111248 R 5.0 49 2 0 599
1742927042 1 111444 R 10.0 49 3 2 600
1744904708 1 111571 R 8.0 50 3 0 601
1746609210 1 111680 R 12.0 50 4 0 602
1747510264 1 111737 R 2.0 50 1 0 603
1747678789 1 111748 R 3.0 50 1 0 604
1747984110 1 111768 R 6.0 50 2 0 605
1751599739 1 111999 R 7.0 50 2 0 606
1753407382 1 112115 R 4.0 50 1 0 607
1755549457 1 112252 R 13.0 50 4 3 608
1758955175 1 112470 R 5.0 50 2 0 609
1760557945 1 112572 R 11.0 50 4 0 610
1763145479 1 112738 R 10.0 50 3 2 611
1769218197 1 113127 R 9.0 50 3 0 612
1775604049 1 113535 R 2.0 51 1 0 613
1775798878 1 113548 R 5.0 51 2 0 614
1784084095 1 114078 R 7.0 51 2 0 615
1784610402 1 114112 R 4.0 51 1 0 616
1785545329 1 114172 R 8.0 51 3 0 617
1788702720 1 114374 R 6.0 51 2 0 618
1790846341 1 114511 R 13.0 51 4 3 619
1797748444 1 114953 R 9.0 51 3 439 620
1797801148 1 114956 R 12.0 51 4 62 621
1798114404 1 114976 R 10.0 51 3 2 622
1799026697 1 115034 R 11.0 51 4 0 623
1800866375 1 115152 R 3.0 51 1 0 624
1806595753 1 115519 R 5.0 52 2 0 625
1807473468 1 115575 R 10.0 52 3 2 626
1812245350 1 115880 R 11.0 52 4 0 627
1812687325 1 115909 R 12.0 52 4 0 628
1815447760 1 116085 R 2.0 52 1 0 629
1821155986 1 116451 R 6.0 52 2 0 630
1821889787 1 116498 R 9.0 52 3 0 631
1823094890 1 116575 R 4.0 52 1 0 632
1826623591 1 116801 R 8.0 52 3 0 633
1829053819 1 116956 R 3.0 52 1 0 634
1829315225 1 116973 R 13.0 52 4 3 635
1831755979 1 117129 R 7.0 52 2 0 636
1835560958 1 117373 R 8.0 53 3 0 637
1836327296 1 117422 R 9.0 53 3 0 638
1839756840 1 117641 R 3.0 53 1 0 639
1840530842 1 117691 R 6.0 53 2 0 640
1843147765 1 117858 R 13.0 53 4 434 641
1843974722 1 117911 R 7.0 53 2 0 642
1844729817 1 117959 R 11.0 53 4 0 643
1850744650 1 118344 R 2.0 53 1 0 644
1852547999 1 118460 R 4.0 53 1 0 645
1855624824 1 118657 R 12.0 53 4 0 646
1856830198 1 118734 R 5.0 53 2 0 647
1858567515 1 118845 R 10.0 53 3 2 648
1863764790 1 119178 R 9.0 54 3 0 649
1867221481 1 119399 R 13.0 54 4 3 650
1868194340 1 119461 R 3.0 54 1 0 651
1872673884 1 119748 R 5.0 54 2 0 652
1872943473 1 119765 R 7.0 54 2 0 653
1876092493 1 119967 R 8.0 54 3 0 654
1877905977 1 120083 R 6.0 54 2 0 655
1880641770 1 120258 R 4.0 54 1 0 656
1880718565 1 120263 R 12.0 54 4 0 657
1889213400 1 120806 R 2.0 54 1 0 658
1892207985 1 120998 R 10.0 54 3 2 659
1892401739 1 121010 R 11.0 54 4 0 660
1894640442 1 121154 R 12.0 55 4 0 661
1897676743 1 121348 R 10.0 55 3 2 662
1902432105 1 121652 R 2.0 55 1 0 663
1904620352 1 121792 R 11.0 55 4 0 664
1904796461 1 121804 R 6.0 55 2 0 665
1905485512 1 121848 R 4.0 55 1 0 666
1913982973 1 122392 R 8.0 55 3 0 667
1915302864 1 122476 R 7.0 55 2 0 668
1915354168 1 122479 R 3.0 55 1 2 669
1915436663 1 122485 R 9.0 55 3 0 670
1915611530 1 122496 R 5.0 55 2 0 671
1922690217 1 122949 R 13.0 55 4 3 672
1923079104 1 122974 R 4.0 56 1 0 673
1924045897 1 123036 R 9.0 56 3 0 674
1930285831 1 123435 R 10.0 56 3 2 675
1933359046 1 123632 R 12.0 56 4 0 676
1933589095 1 123646 R 11.0 56 4 0 677
1934908975 1 123731 R 13.0 56 4 3 678
1934943184 1 123733 R 2.0 56 1 0 679
1940396597 1 124082 R 7.0 56 2 0 680
1940705120 1 124102 R 5.0 56 2 0 681
1942670750 1 124228 R 8.0 56 3 0 682
1945022572 1 124378 R 3.0 56 1 0 683
1946671602 1 124484 R 6.0 56 2 0 684
1956546468 1 125116 R 6.0 57 2 0 685
1956983409 1 125144 R 9.0 57 3 0 686
1959422905 1 125300 R 4.0 57 1 0 687
1962326573 1 125486 R 8.0 57 3 0 688
1966582849 1 125758 R 10.0 57 3 2 689
1969850626 1 125967 R 3.0 57 1 0 690
1972593566 1 126143 R 12.0 57 4 0 691
1977240342 1 126440 R 7.0 57 2 0 692
1977548923 1 126460 R 5.0 57 2 0 693
1979307944 1 126572 R 11.0 57 4 0 694
1979596623 1 126591 R 13.0 57 4 3 695
1982588420 1 126782 R 2.0 57 1 0 696
1984366178 1 126896 R 3.0 58 1 0 697
1986065235 1 127005 R 13.0 58 4 3 698
1991124595 1 127329 R 6.0 58 2 0 699
1994807153 1 127564 R 2.0 58 1 0 700
1996921078 1 127700 R 9.0 58 3 0 701
2000514515 1 127930 R 8.0 58 3 0 702
2002270310 1 128042 R 10.0 58 3 2 703
2008015337 1 128410 R 12.0 58 4 0 704
2008516726 1 128442 R 4.0 58 1 0 705
2008995320 1 128472 R 11.0 58 4 0 706
2009834073 1 128526 R 7.0 58 2 0 707
2010142683 1 128546 R 5.0 58 2 0 708
2014553624 1 128828 R 3.0 59 1 0 709
2014964069 1 128854 R 11.0 59 4 0 710
2015499579 1 128889 R 6.0 59 2 0 711
2017032235 1 128987 R 4.0 59 1 0 712
2023775863 1 129418 R 2.0 59 1 0 713
2027718193 1 129671 R 8.0 59 3 0 714
2027777145 1 129674 R 12.0 59 4 3 715
2032271581 1 129962 R 7.0 59 2 0 716
2033033223 1 130011 R 5.0 59 2 0 717
2034239223 1 130088 R 10.0 59 3 2 718
2037858680 1 130320 R 9.0 59 3 0 719
2038174741 1 130340 R 13.0 59 4 3 720
2046954121 1 130902 R 4.0 60 1 0 721
2052115332 1 131232 R 7.0 60 2 0 722
2053682802 1 131332 R 11.0 60 4 0 723
2053874586 1 131345 R 6.0 60 2 0 724
2054202792 1 131366 R 12.0 60 4 0 725
2057256965 1 131561 R 3.0 60 1 0 726
2066098462 1 132127 R 10.0 60 3 2 727
2068002065 1 132249 R 5.0 60 2 0 728
2069494793 1 132344 R 2.0 60 1 0 729
2069796322 1 132364 R 9.0 60 3 0 730
2070154998 1 132387 R 8.0 60 3 0 731
2070768491 1 132426 R 13.0 60 4 3 732
2073709094 1 132614 R 7.0 61 2 0 733
2075718342 1 132743 R 6.0 61 2 0 734
2078192216 1 132901 R 10.0 61 3 2 735
2082016635 1 133146 R 4.0 61 1 0 736
2083421544 1 133236 R 12.0 61 4 0 737
2084733552 1 133320 R 9.0 61 3 0 738
2087720826 1 133511 R 5.0 61 2 0 739
2091112116 1 133728 R 13.0 61 4 3 740
2093592484 1 133887 R 8.0 61 3 0 741
2098072920 1 134173 R 2.0 61 1 0 742
2099538250 1 134267 R 3.0 61 1 0 743
2103151871 1 134498 R 11.0 61 4 0 744
2106035960 1 134683 R 10.0 62 3 2 745
2111093340 1 135007 R 6.0 62 2 0 746
2112761070 1 135113 R 11.0 62 4 0 747
2113408304 1 135155 R 5.0 62 2 0 748
2114475650 1 135223 R 3.0 62 1 0 749
2116391677 1 135346 R 4.0 62 1 0 750
2116780443 1 135371 R 9.0 62 3 0 751
2123658979 1 135811 R 13.0 62 4 3 752
2128146599 1 136098 R 7.0 62 2 0 753
2130666545 1 136259 R 2.0 62 1 0 754
2131483115 1 136312 R 8.0 62 3 0 755
2132109330 1 136352 R 12.0 62 4 0 756
2134354716 1 136495 R 11.0 63 4 0 757
2144811239 1 137165 R 8.0 63 3 0 758
2148990372 1 137432 R 7.0 63 2 0 759
2151010276 1 137561 R 2.0 63 1 0 760
2151270937 1 137578 R 9.0 63 3 0 761
2151377088 1 137585 R 5.0 63 2 0 762
2151630081 1 137601 R 10.0 63 3 2 763
2153235506 1 137704 R 4.0 63 1 0 764
2158491337 1 138040 R 3.0 63 1 0 765
2158627869 1 138049 R 13.0 63 4 3 766
2160343853 1 138159 R 12.0 63 4 0 767
2162234103 1 138280 R 6.0 63 2 0 768
2166067216 1 138525 R 10.0 64 3 2 769
2169062095 1 138717 R 6.0 64 2 0 770
2170187318 1 138789 R 12.0 64 4 0 771
2174376140 1 139057 R 4.0 64 1 0 772
2174526745 1 139066 R 11.0 64 4 0 773
2178346626 1 139311 R 13.0 64 4 3 774
2180678849 1 139460 R 3.0 64 1 0 775
2180936955 1 139477 R 9.0 64 3 0 776
2183104170 1 139615 R 2.0 64 1 0 777
2191787265 1 140171 R 7.0 64 2 0 778
2191827859 1 140174 R 8.0 64 3 0 779
2192095830 1 140191 R 5.0 64 2 0 780
2195172890 1 140388 R 4.0 65 1 0 781
2195779849 1 140427 R 8.0 65 3 0 782
2195838546 1 140430 R 6.0 65 2 2 783
2197256015 1 140521 R 7.0 65 2 0 784
2200229821 1 140711 R 11.0 65 4 0 785
2201866278 1 140816 R 3.0 65 1 0 786
2202124159 1 140833 R 9.0 65 3 0 787
2204033975 1 140955 R 13.0 65 4 3 788
2218525929 1 141882 R 2.0 65 1 0 789
2218911328 1 141907 R 10.0 65 3 2 790
2220330214 1 141998 R 5.0 65 2 0 791
2221781350 1 142091 R 12.0 65 4 0 792
2223504725 1 142201 R 10.0 66 3 2 793
2227901744 1 142482 R 11.0 66 4 0 794
2228483686 1 142520 R 9.0 66 3 0 795
2229865363 1 142608 R 7.0 66 2 0 796
2230173959 1 142628 R 5.0 66 2 0 797
2230266783 1 142634 R 4.0 66 1 0 798
2233217491 1 142823 R 8.0 66 3 0 799
2238244701 1 143144 R 2.0 66 1 0 800
2240702863 1 143302 R 6.0 66 2 0 801
2242002859 1 143385 R 13.0 66 4 3 802
2243319510 1 143469 R 3.0 66 1 0 803
2248953225 1 143830 R 12.0 66 4 0 804
2255530407 1 144251 R 9.0 67 3 0 805
2257577709 1 144382 R 6.0 67 2 0 806
2264713391 1 144838 R 2.0 67 1 0 807
2266162214 1 144931 R 7.0 67 2 0 808
2266470823 1 144951 R 5.0 67 2 0 809
2268110509 1 145056 R 4.0 67 1 0 810
2268756939 1 145097 R 3.0 67 1 0 811
2269654844 1 145155 R 8.0 67 3 0 812
2272171830 1 145316 R 12.0 67 4 0 813
2274120443 1 145440 R 11.0 67 4 0 814
2275177402 1 145508 R 10.0 67 3 2 815
2282721617 1 145991 R 13.0 67 4 3 816
2287046463 1 146268 R 6.0 68 2 0 817
2289656063 1 146435 R 12.0 68 4 0 818
2290704163 1 146502 R 4.0 68 1 0 819
2293395345 1 146674 R 10.0 68 3 2 820
2295896631 1 146834 R 7.0 68 2 0 821
2296205205 1 146854 R 5.0 68 2 0 822
2299822918 1 147085 R 2.0 68 1 0 823
2309092488 1 147679 R 8.0 68 3 0 824
2310218202 1 147751 R 9.0 68 3 0 825
2310956000 1 147798 R 13.0 68 4 3 826
2312104818 1 147871 R 11.0 68 4 0 827
2313194569 1 147941 R 3.0 68 1 0 828
2313379727 1 147953 R 10.0 69 3 2 829
2315448466 1 148085 R 11.0 69 4 0 830
2316740340 1 148168 R 7.0 69 2 0 831
2317048923 1 148188 R 5.0 69 2 0 832
2320799761 1 148428 R 13.0 69 4 3 833
2323975671 1 148631 R 3.0 69 1 0 834
2326760276 1 148809 R 2.0 69 1 0 835
2328983255 1 148952 R 8.0 69 3 0 836
2336000243 1 149401 R 12.0 69 4 0 837
2336921608 1 149460 R 6.0 69 2 0 838
2338048044 1 149532 R 4.0 69 1 0 839
2343452575 1 149878 R 9.0 69 3 0 840
2343670614 1 149892 R 8.0 70 3 0 841
2344551742 1 149948 R 10.0 70 3 2 842
2349280845 1 150251 R 6.0 70 2 0 843
2349334941 1 150254 R 7.0 70 2 0 844
2349642715 1 150274 R 5.0 70 2 0 845
2352938641 1 150485 R 4.0 70 1 0 846
2354874309 1 150609 R 9.0 70 3 0 847
2357096630 1 150751 R 13.0 70 4 3 848
2360546981 1 150972 R 12.0 70 4 0 849
2362495446 1 151096 R 11.0 70 4 0 850
2370854170 1 151631 R 2.0 70 1 0 851
2371913285 1 151699 R 3.0 70 1 0 852
2380157268 1 152227 R 4.0 71 1 0 853
2383357974 1 152432 R 8.0 71 3 0 854
2384233597 1 152488 R 9.0 71 3 0 855
2386830881 1 152654 R 13.0 71 4 3 856
2388850714 1 152783 R 3.0 71 1 0 857
2391770494 1 152970 R 10.0 71 3 2 858
2394464480 1 153142 R 11.0 71 4 0 859
2395515875 1 153210 R 12.0 71 4 0 860
2395678146 1 153220 R 7.0 71 2 0 861
2395986613 1 153240 R 5.0 71 2 0 862
2398374887 1 153393 R 6.0 71 2 0 863
