253545727 1 16124 R 10.0 0 3 1 1
253617967 1 16128 R 8.0 0 3 0 2
259182184 1 16484 R 6.0 0 2 0 3
259230634 1 16487 R 7.0 0 2 1 4
259309991 1 16493 R 4.0 0 1 0 5
259528484 1 16507 R 5.0 0 2 0 6
259644077 1 16514 R 3.0 0 1 0 7
259977990 1 16535 R 9.0 0 3 0 8
260053634 1 16540 R 2.0 0 1 0 9
262227567 1 16679 R 12.0 0 4 0 10
262551481 1 16700 R 11.0 0 4 1 11
262840037 1 16718 R 13.0 0 4 1 12
268188278 1 17061 R 7.0 1 2 1 13
268371747 1 17073 R 4.0 1 1 0 14
268496919 1 17081 R 5.0 1 2 0 15
270628059 1 17217 R 3.0 1 1 0 16
271037678 1 17243 R 2.0 1 1 0 17
272603573 1 17343 R 6.0 1 2 0 18
273071018 1 17373 R 9.0 1 3 0 19
279654766 1 17795 R 10.0 1 3 1 20
279914342 1 17811 R 12.0 1 4 0 21
280238261 1 17832 R 11.0 1 4 2 22
280526384 1 17850 R 13.0 1 4 0 23
281524030 1 17914 R 8.0 1 3 0 24
283882930 1 18065 R 12.0 2 4 0 25
284206904 1 18086 R 11.0 2 4 2 26
284495134 1 18104 R 13.0 2 4 0 27
285547798 1 18172 R 7.0 2 2 1 28
285856451 1 18192 R 5.0 2 2 0 29
285971828 1 18199 R 3.0 2 1 0 30
286248517 1 18217 R 10.0 2 3 1 31
286381487 1 18225 R 2.0 2 1 0 32
288602000 1 18367 R 8.0 2 3 0 33
290322467 1 18477 R 6.0 2 2 0 34
290993387 1 18520 R 9.0 2 3 0 35
292481715 1 18616 R 4.0 2 1 0 36
305778464 1 19467 R 4.0 3 1 0 37
308367307 1 19632 R 8.0 3 3 0 38
308601644 1 19647 R 12.0 3 4 0 39
308925445 1 19668 R 11.0 3 4 2 40
309213884 1 19686 R 13.0 3 4 0 41
312641554 1 19906 R 7.0 3 2 1 42
312950184 1 19926 R 5.0 3 2 0 43
313065707 1 19933 R 3.0 3 1 0 44
313475258 1 19959 R 2.0 3 1 0 45
314592406 1 20031 R 10.0 3 3 1 46
319197608 1 20325 R 6.0 3 2 0 47
321711819 1 20486 R 9.0 3 3 0 48
323563272 1 20605 R 7.0 4 2 1 49
323871744 1 20625 R 5.0 4 2 0 50
323987431 1 20632 R 3.0 4 1 0 51
324397007 1 20658 R 2.0 4 1 0 52
325650450 1 20738 R 6.0 4 2 0 53
328070392 1 20893 R 12.0 4 4 0 54
328394235 1 20914 R 11.0 4 4 2 55
328682493 1 20932 R 13.0 4 4 0 56
329341182 1 20975 R 4.0 4 1 0 57
330070596 1 21021 R 8.0 4 3 0 58
330686014 1 21061 R 10.0 4 3 1 59
330946208 1 21077 R 9.0 4 3 0 60
346107747 1 22048 R 10.0 5 3 1 61
346367858 1 22064 R 9.0 5 3 0 62
348283078 1 22187 R 7.0 5 2 1 63
348332033 1 22190 R 12.0 5 4 2 64
348591758 1 22207 R 5.0 5 2 0 65
348640741 1 22210 R 11.0 5 4 3 66
348706211 1 22214 R 3.0 5 1 0 67
348901527 1 22226 R 13.0 5 4 0 68
349115871 1 22240 R 2.0 5 1 0 69
350352159 1 22319 R 8.0 5 3 0 70
355903548 1 22675 R 4.0 5 1 0 71
357026019 1 22746 R 6.0 5 2 0 72
364382933 1 23217 R 8.0 6 3 0 73
364439563 1 23221 R 6.0 6 2 3 74
368637845 1 23490 R 4.0 6 1 0 75
369466985 1 23543 R 10.0 6 3 1 76
369727280 1 23559 R 9.0 6 3 0 77
382273597 1 24362 R 12.0 6 4 0 78
382516551 1 24378 R 7.0 6 2 1 79
382597653 1 24383 R 11.0 6 4 2 80
382940553 1 24405 R 3.0 6 1 0 81
383350186 1 24431 R 2.0 6 1 0 82
390737120 1 24904 R 5.0 6 2 507 83
390785076 1 24907 R 3.0 7 1 0 84
390818273 1 24909 R 4.0 7 1 332 85
390869609 1 24912 R 10.0 7 3 149 86
391193852 1 24933 R 2.0 7 1 0 87
400531352 1 25531 R 9.0 7 3 750 88
400589414 1 25534 R 13.0 6 4 1135 89
400639948 1 25538 R 12.0 7 4 460 90
400690239 1 25541 R 6.0 7 2 384 91
401506644 1 25593 R 7.0 7 2 715 92
402139303 1 25634 R 11.0 7 4 537 93
402202061 1 25638 R 13.0 7 4 522 94
402518334 1 25658 R 5.0 7 2 760 95
403024279 1 25690 R 8.0 7 3 0 96
406760334 1 25929 R 13.0 8 4 0 97
408869342 1 26064 R 6.0 8 2 0 98
410258412 1 26153 R 9.0 8 3 0 99
410633198 1 26177 R 12.0 8 4 0 100
410957183 1 26198 R 11.0 8 4 2 101
412133642 1 26273 R 8.0 8 3 0 102
413436623 1 26357 R 5.0 8 2 0 103
417483113 1 26616 R 10.0 8 3 1 104
419300017 1 26732 R 7.0 8 2 0 105
420919348 1 26836 R 4.0 8 1 0 106
422378280 1 26929 R 3.0 8 1 0 107
422787933 1 26955 R 2.0 8 1 0 108
428342207 1 27311 R 10.0 9 3 1 109
429930579 1 27412 R 9.0 9 3 0 110
430966181 1 27479 R 4.0 9 1 0 111
432768916 1 27594 R 3.0 9 1 0 112
433959706 1 27670 R 2.0 9 1 0 113
434492723 1 27704 R 12.0 9 4 0 114
434816585 1 27725 R 11.0 9 4 2 115
439432718 1 28020 R 13.0 9 4 0 116
441032264 1 28123 R 7.0 9 2 0 117
441340902 1 28143 R 5.0 9 2 1 118
442713600 1 28230 R 6.0 9 2 0 119
443243290 1 28264 R 8.0 9 3 0 120
444341302 1 28335 R 4.0 10 1 0 121
448430269 1 28596 R 12.0 10 4 0 122
449042315 1 28635 R 13.0 10 4 0 123
450266802 1 28714 R 7.0 10 2 0 124
450575506 1 28734 R 5.0 10 2 1 125
453178681 1 28900 R 2.0 10 1 0 126
453363723 1 28912 R 11.0 10 4 2 127
454149609 1 28962 R 9.0 10 3 0 128
458149667 1 29218 R 8.0 10 3 0 129
460088825 1 29342 R 6.0 10 2 0 130
461456671 1 29430 R 3.0 10 1 0 131
462436466 1 29493 R 10.0 10 3 1 132
463682292 1 29572 R 6.0 11 2 0 133
464858056 1 29648 R 10.0 11 3 1 134
465118269 1 29664 R 9.0 11 3 0 135
465688738 1 29701 R 7.0 11 2 0 136
465997520 1 29721 R 5.0 11 2 1 137
466348090 1 29743 R 11.0 11 4 2 138
471147494 1 30050 R 2.0 11 1 0 139
472935184 1 30165 R 4.0 11 1 0 140
473144147 1 30178 R 3.0 11 1 0 141
473805821 1 30220 R 8.0 11 3 0 142
475727606 1 30343 R 12.0 11 4 0 143
476339335 1 30382 R 13.0 11 4 0 144
484211829 1 30886 R 8.0 12 3 0 145
488195972 1 31141 R 12.0 12 4 0 146
488807943 1 31180 R 13.0 12 4 0 147
489048077 1 31196 R 7.0 12 2 0 148
489691709 1 31237 R 11.0 12 4 2 149
491477935 1 31351 R 9.0 12 3 0 150
492026326 1 31386 R 6.0 12 2 0 151
494700824 1 31558 R 4.0 12 1 0 152
495716138 1 31623 R 5.0 12 2 1 153
495831663 1 31630 R 3.0 12 1 0 154
500577244 1 31934 R 10.0 12 3 1 155
501866303 1 32016 R 2.0 12 1 0 156
504169401 1 32164 R 4.0 13 1 0 157
504311035 1 32173 R 10.0 13 3 1 158
504539953 1 32187 R 8.0 13 3 0 159
504596397 1 32191 R 9.0 13 3 3 160
507401039 1 32370 R 6.0 13 2 0 161
508141840 1 32418 R 7.0 13 2 0 162
508450487 1 32438 R 5.0 13 2 1 163
508785283 1 32459 R 11.0 13 4 2 164
513414742 1 32755 R 12.0 13 4 0 165
513519134 1 32762 R 3.0 13 1 0 166
514026690 1 32794 R 13.0 13 4 0 167
519335163 1 33134 R 2.0 13 1 0 168
525294075 1 33516 R 5.0 14 2 1 169
525388293 1 33522 R 4.0 14 1 0 170
526522497 1 33594 R 2.0 14 1 0 171
529675529 1 33796 R 3.0 14 1 0 172
529899283 1 33810 R 12.0 14 4 0 173
530511208 1 33849 R 13.0 14 4 0 174
533071432 1 34013 R 8.0 14 3 0 175
535155217 1 34147 R 10.0 14 3 1 176
536493441 1 34232 R 9.0 14 3 0 177
537064019 1 34269 R 7.0 14 2 0 178
537707674 1 34310 R 11.0 14 4 2 179
541495217 1 34552 R 6.0 14 2 0 180
544862889 1 34768 R 3.0 15 1 0 181
545352693 1 34799 R 8.0 15 3 0 182
546091143 1 34847 R 5.0 15 2 1 183
548566871 1 35005 R 11.0 15 4 2 184
548854958 1 35023 R 13.0 15 4 0 185
549251422 1 35049 R 7.0 15 2 0 186
549571541 1 35069 R 12.0 15 4 0 187
552357119 1 35248 R 4.0 15 1 0 188
556241357 1 35496 R 2.0 15 1 0 189
559870217 1 35728 R 6.0 15 2 0 190
561748963 1 35849 R 10.0 15 3 1 191
563212609 1 35942 R 9.0 15 3 0 192
566092454 1 36127 R 10.0 16 3 1 193
566245076 1 36136 R 6.0 16 2 0 194
568710007 1 36294 R 2.0 16 1 0 195
573470037 1 36599 R 7.0 16 2 0 196
573789953 1 36619 R 12.0 16 4 0 197
574118391 1 36640 R 8.0 16 3 0 198
574401692 1 36658 R 13.0 16 4 0 199
578232122 1 36904 R 4.0 16 1 0 200
579050537 1 36956 R 3.0 16 1 0 201
582325524 1 37166 R 5.0 16 2 1 202
582446576 1 37173 R 9.0 16 3 0 203
582660811 1 37187 R 11.0 16 4 2 204
585082489 1 37342 R 11.0 17 4 2 205
585260699 1 37353 R 6.0 17 2 0 206
585370584 1 37360 R 13.0 17 4 0 207
588290669 1 37547 R 9.0 17 3 0 208
588821580 1 37581 R 8.0 17 3 0 209
590169273 1 37668 R 5.0 17 2 1 210
593928832 1 37908 R 2.0 17 1 0 211
597454551 1 38134 R 7.0 17 2 0 212
597774608 1 38154 R 12.0 17 4 0 213
599951023 1 38294 R 4.0 17 1 0 214
601754121 1 38409 R 3.0 17 1 0 215
602186605 1 38437 R 10.0 17 3 1 216
605623967 1 38657 R 10.0 18 3 1 217
609587454 1 38910 R 9.0 18 3 0 218
610413154 1 38963 R 2.0 18 1 0 219
610798400 1 38988 R 7.0 18 2 0 220
611118362 1 39008 R 12.0 18 4 0 221
613904327 1 39187 R 4.0 18 1 0 222
620136744 1 39585 R 6.0 18 2 0 223
620467070 1 39607 R 5.0 18 2 0 224
620802283 1 39628 R 11.0 18 4 1 225
621090374 1 39646 R 13.0 18 4 1 226
621713027 1 39686 R 8.0 18 3 0 227
622192495 1 39717 R 3.0 18 1 0 228
623892869 1 39826 R 7.0 19 2 0 229
624212681 1 39846 R 12.0 19 4 0 230
624536328 1 39867 R 11.0 19 4 1 231
624824751 1 39885 R 13.0 19 4 1 232
625629882 1 39937 R 3.0 19 1 0 233
625796908 1 39948 R 10.0 19 3 1 234
627011721 1 40025 R 6.0 19 2 0 235
630086083 1 40222 R 2.0 19 1 0 236
632322484 1 40365 R 9.0 19 3 0 237
634998604 1 40537 R 4.0 19 1 0 238
638935710 1 40789 R 5.0 19 2 0 239
640041187 1 40859 R 8.0 19 3 0 240
644572103 1 41149 R 8.0 20 3 0 241
647214719 1 41318 R 6.0 20 2 0 242
649514081 1 41466 R 4.0 20 1 0 243
651015445 1 41562 R 10.0 20 3 1 244
651048304 1 41564 R 3.0 20 1 0 245
654304670 1 41772 R 2.0 20 1 0 246
655814725 1 41869 R 7.0 20 2 0 247
656134572 1 41889 R 12.0 20 4 0 248
656458336 1 41910 R 11.0 20 4 1 249
656746591 1 41928 R 13.0 20 4 1 250
658154562 1 42019 R 5.0 20 2 0 251
661166225 1 42211 R 9.0 20 3 0 252
665273277 1 42474 R 2.0 21 1 0 253
665673986 1 42500 R 7.0 21 2 0 254
667707860 1 42630 R 3.0 21 1 0 255
668589699 1 42686 R 6.0 21 2 0 256
669759872 1 42761 R 9.0 21 3 0 257
672853520 1 42959 R 8.0 21 3 0 258
674217351 1 43047 R 4.0 21 1 0 259
678984199 1 43352 R 10.0 21 3 1 260
681638938 1 43522 R 5.0 21 2 0 261
682853511 1 43599 R 12.0 21 4 0 262
683177224 1 43620 R 11.0 21 4 1 263
683465571 1 43638 R 13.0 21 4 1 264
684310672 1 43693 R 5.0 22 2 0 265
684645695 1 43714 R 11.0 22 4 2 266
684934025 1 43732 R 13.0 22 4 1 267
687592210 1 43903 R 4.0 22 1 0 268
687702949 1 43910 R 10.0 22 3 1 269
688103690 1 43935 R 9.0 22 3 0 270
689786092 1 44043 R 3.0 22 1 0 271
691632800 1 44161 R 2.0 22 1 0 272
695619315 1 44416 R 8.0 22 3 0 273
699292982 1 44651 R 6.0 22 2 0 274
701767874 1 44810 R 7.0 22 2 0 275
702087731 1 44830 R 12.0 22 4 0 276
703525230 1 44922 R 8.0 23 3 0 277
704726402 1 44999 R 2.0 23 1 0 278
705605449 1 45055 R 6.0 23 2 0 279
706197375 1 45093 R 9.0 23 3 0 280
707611694 1 45184 R 7.0 23 2 0 281
707931480 1 45204 R 12.0 23 4 0 282
710529569 1 45371 R 5.0 23 2 0 283
710864737 1 45392 R 11.0 23 4 1 284
711152876 1 45410 R 13.0 23 4 1 285
718154853 1 45859 R 4.0 23 1 0 286
718723630 1 45895 R 3.0 23 1 0 287
723171987 1 46180 R 10.0 23 3 1 288
725205363 1 46310 R 7.0 24 2 0 289
725525231 1 46330 R 12.0 24 4 0 290
726660988 1 46403 R 3.0 24 1 0 291
727480381 1 46455 R 6.0 24 2 0 292
730619279 1 46656 R 9.0 24 3 0 293
735498318 1 46969 R 5.0 24 2 0 294
735570152 1 46973 R 2.0 24 1 0 295
735833629 1 46990 R 11.0 24 4 1 296
736121804 1 47008 R 13.0 24 4 1 297
739390664 1 47218 R 10.0 24 3 1 298
741529860 1 47355 R 4.0 24 1 0 299
742603691 1 47423 R 8.0 24 3 0 300
745374824 1 47601 R 10.0 25 3 1 301
745407010 1 47603 R 7.0 25 2 0 302
745697137 1 47621 R 12.0 25 4 0 303
749192901 1 47845 R 11.0 25 4 1 304
749225880 1 47847 R 5.0 25 2 0 305
749481143 1 47863 R 13.0 25 4 1 306
753598593 1 48127 R 3.0 25 1 0 307
754369267 1 48176 R 8.0 25 3 0 308
758978732 1 48471 R 9.0 25 3 0 309
759623651 1 48513 R 4.0 25 1 0 310
761308626 1 48620 R 6.0 25 2 0 311
762164056 1 48675 R 2.0 25 1 0 312
763535968 1 48763 R 3.0 26 1 0 313
764835777 1 48846 R 2.0 26 1 0 314
765685542 1 48901 R 5.0 26 2 0 315
769074108 1 49117 R 6.0 26 2 0 316
770595991 1 49215 R 7.0 26 2 0 317
770915857 1 49235 R 12.0 26 4 0 318
771239463 1 49256 R 11.0 26 4 1 319
771528022 1 49274 R 13.0 26 4 1 320
772275555 1 49322 R 8.0 26 3 0 321
773639229 1 49410 R 4.0 26 1 0 322
780072472 1 49821 R 9.0 26 3 0 323
780546895 1 49852 R 10.0 26 3 1 324
783765449 1 50058 R 10.0 27 3 1 325
786607836 1 50240 R 4.0 27 1 0 326
786916134 1 50259 R 9.0 27 3 0 327
789723971 1 50439 R 11.0 27 4 1 328
791054527 1 50524 R 2.0 27 1 0 329
791301737 1 50540 R 3.0 27 1 0 330
793949249 1 50709 R 6.0 27 2 0 331
798564802 1 51005 R 7.0 27 2 0 332
798884787 1 51025 R 12.0 27 4 0 333
799496780 1 51064 R 13.0 27 4 1 334
800353852 1 51119 R 8.0 27 3 0 335
800795347 1 51148 R 5.0 27 2 0 336
802823923 1 51277 R 6.0 28 2 0 337
807283333 1 51563 R 7.0 28 2 0 338
807603235 1 51583 R 12.0 28 4 0 339
808067562 1 51613 R 11.0 28 4 1 340
808355893 1 51631 R 13.0 28 4 1 341
809119260 1 51680 R 8.0 28 3 0 342
809388820 1 51698 R 5.0 28 2 0 343
812489216 1 51896 R 3.0 28 1 0 344
813734394 1 51976 R 10.0 28 3 1 345
816023427 1 52122 R 2.0 28 1 0 346
819326742 1 52334 R 4.0 28 1 0 347
820713281 1 52422 R 9.0 28 3 0 348
824676583 1 52676 R 3.0 29 1 0 349
826161325 1 52771 R 11.0 29 4 2 350
827699078 1 52869 R 6.0 29 2 0 351
829742027 1 53000 R 2.0 29 1 0 352
835211572 1 53350 R 8.0 29 3 397 353
835643818 1 53378 R 5.0 29 2 507 354
836201731 1 53414 R 4.0 29 1 0 355
839902863 1 53650 R 13.0 29 4 1 356
840453100 1 53686 R 10.0 29 3 1 357
842181815 1 53796 R 9.0 29 3 0 358
842752276 1 53833 R 7.0 29 2 0 359
843072311 1 53853 R 12.0 29 4 0 360
844152212 1 53922 R 6.0 30 2 0 361
844400509 1 53938 R 9.0 30 3 0 362
846103406 1 54047 R 8.0 30 3 0 363
846210777 1 54054 R 2.0 30 1 0 364
847864226 1 54160 R 3.0 30 1 0 365
849076617 1 54238 R 4.0 30 1 0 366
849681481 1 54276 R 12.0 30 4 0 367
850005264 1 54297 R 11.0 30 4 1 368
850871771 1 54352 R 13.0 30 4 1 369
858971036 1 54871 R 7.0 30 2 0 370
859279570 1 54891 R 5.0 30 2 0 371
861921903 1 55060 R 10.0 30 3 1 372
863531242 1 55163 R 10.0 31 3 1 373
864955364 1 55254 R 7.0 31 2 0 374
865275262 1 55274 R 12.0 31 4 0 375
865545338 1 55292 R 4.0 31 1 0 376
865604612 1 55295 R 11.0 31 4 1 377
866042886 1 55323 R 6.0 31 2 0 378
866134894 1 55329 R 8.0 31 3 0 379
870248358 1 55593 R 5.0 31 2 0 380
873369337 1 55792 R 9.0 31 3 0 381
879230995 1 56167 R 13.0 31 4 1 382
879317372 1 56173 R 3.0 31 1 0 383
881320334 1 56301 R 2.0 31 1 0 384
889913902 1 56851 R 2.0 32 1 0 385
890620990 1 56896 R 6.0 32 2 0 386
897775378 1 57354 R 8.0 32 3 0 387
897966930 1 57367 R 5.0 32 2 0 388
900127252 1 57505 R 7.0 32 2 0 389
900324657 1 57517 R 13.0 32 4 1 390
900447107 1 57525 R 12.0 32 4 0 391
900770998 1 57546 R 11.0 32 4 1 392
901764225 1 57610 R 4.0 32 1 0 393
901957966 1 57622 R 3.0 32 1 0 394
902827948 1 57678 R 10.0 32 3 1 395
903088279 1 57694 R 9.0 32 3 0 396
903345708 1 57711 R 7.0 33 2 0 397
904431529 1 57780 R 8.0 33 3 0 398
906556310 1 57916 R 12.0 33 4 0 399
906880071 1 57937 R 11.0 33 4 1 400
908257652 1 58025 R 2.0 33 1 0 401
911296700 1 58220 R 10.0 33 3 1 402
911556826 1 58236 R 9.0 33 3 0 403
916639227 1 58562 R 4.0 33 1 0 404
918277361 1 58666 R 6.0 33 2 0 405
919701733 1 58758 R 5.0 33 2 0 406
921645493 1 58882 R 3.0 33 1 0 407
921762287 1 58889 R 13.0 33 4 1 408
924515306 1 59066 R 10.0 34 3 1 409
925884764 1 59153 R 8.0 34 3 0 410
926351402 1 59183 R 2.0 34 1 0 411
931060982 1 59485 R 4.0 34 1 0 412
932666148 1 59587 R 9.0 34 3 0 413
933623462 1 59649 R 5.0 34 2 0 414
934106011 1 59679 R 13.0 34 4 1 415
939371118 1 60016 R 6.0 34 2 0 416
940332990 1 60078 R 3.0 34 1 0 417
940830420 1 60110 R 7.0 34 2 0 418
941150232 1 60130 R 12.0 34 4 0 419
941473876 1 60151 R 11.0 34 4 1 420
944652744 1 60354 R 13.0 35 4 1 421
945463018 1 60406 R 9.0 35 3 0 422
946326591 1 60462 R 4.0 35 1 0 423
950195152 1 60709 R 2.0 35 1 0 424
952484056 1 60856 R 10.0 35 3 1 425
953174157 1 60900 R 7.0 35 2 0 426
953493981 1 60920 R 12.0 35 4 0 427
953817772 1 60941 R 11.0 35 4 1 428
954525533 1 60986 R 8.0 35 3 0 429
957746132 1 61192 R 6.0 35 2 0 430
960342223 1 61359 R 5.0 35 2 0 431
962020486 1 61466 R 3.0 35 1 0 432
964040787 1 61595 R 12.0 36 4 0 433
964779710 1 61643 R 4.0 36 1 0 434
964931743 1 61652 R 9.0 36 3 0 435
965202949 1 61670 R 10.0 36 3 1 436
965788902 1 61707 R 2.0 36 1 0 437
966707971 1 61766 R 3.0 36 1 0 438
971181755 1 62052 R 8.0 36 3 0 439
973621686 1 62208 R 13.0 36 4 1 440
974761726 1 62281 R 6.0 36 2 0 441
977267861 1 62442 R 7.0 36 2 0 442
977911607 1 62483 R 11.0 36 4 1 443
981810820 1 62733 R 5.0 36 2 0 444
983420053 1 62836 R 5.0 37 2 0 445
984980854 1 62935 R 13.0 37 4 1 446
988670345 1 63172 R 4.0 37 1 0 447
989150507 1 63202 R 9.0 37 3 0 448
992689748 1 63429 R 7.0 37 2 0 449
993025206 1 63450 R 12.0 37 4 0 450
993333497 1 63470 R 11.0 37 4 1 451
994395489 1 63538 R 3.0 37 1 0 452
997437499 1 63733 R 10.0 37 3 1 453
1000960950 1 63958 R 2.0 37 1 0 454
1001634941 1 64001 R 8.0 37 3 0 455
1001691756 1 64005 R 6.0 37 2 3 456
1003248881 1 64105 R 4.0 38 1 0 457
1004074434 1 64157 R 13.0 38 4 1 458
1004179433 1 64164 R 2.0 38 1 0 459
1004368751 1 64176 R 12.0 38 4 0 460
1005280926 1 64235 R 10.0 38 3 1 461
1009415878 1 64499 R 8.0 38 3 0 462
1013134865 1 64737 R 9.0 38 3 0 463
1015551715 1 64892 R 3.0 38 1 0 464
1016511717 1 64953 R 6.0 38 2 0 465
1022408389 1 65331 R 7.0 38 2 0 466
1022717070 1 65351 R 5.0 38 2 0 467
1023052230 1 65372 R 11.0 38 4 1 468
1023142573 1 65378 R 7.0 39 2 0 469
1023245844 1 65384 R 6.0 39 2 0 470
1023458757 1 65398 R 3.0 39 1 0 471
1023491159 1 65400 R 12.0 39 4 0 472
1023786182 1 65419 R 11.0 39 4 1 473
1026478650 1 65591 R 9.0 39 3 0 474
1031185831 1 65893 R 5.0 39 2 0 475
1032764659 1 65994 R 4.0 39 1 0 476
1032874714 1 66001 R 10.0 39 3 1 477
1039024621 1 66394 R 13.0 39 4 393 478
1041664122 1 66563 R 2.0 39 1 0 479
1041931814 1 66580 R 8.0 39 3 0 480
1044404422 1 66739 R 5.0 40 2 0 481
1046218427 1 66855 R 10.0 40 3 1 482
1049686389 1 67077 R 4.0 40 1 0 483
1051986600 1 67224 R 7.0 40 2 0 484
1052306437 1 67244 R 12.0 40 4 0 485
1052630206 1 67265 R 11.0 40 4 1 486
1053512268 1 67321 R 13.0 40 4 1 487
1055338068 1 67438 R 8.0 40 3 0 488
1058101564 1 67615 R 2.0 40 1 0 489
1061277372 1 67818 R 6.0 40 2 0 490
1063145617 1 67938 R 3.0 40 1 0 491
1063494550 1 67960 R 9.0 40 3 0 492
1063855767 1 67983 R 13.0 41 4 1 493
1066061386 1 68125 R 4.0 41 1 0 494
1072373318 1 68529 R 5.0 41 2 0 495
1072580362 1 68542 R 7.0 41 2 0 496
1072900131 1 68562 R 12.0 41 4 0 497
1073223967 1 68583 R 11.0 41 4 1 498
1073523436 1 68602 R 2.0 41 1 0 499
1075074127 1 68701 R 6.0 41 2 0 500
1077833018 1 68878 R 3.0 41 1 0 501
1079312324 1 68973 R 10.0 41 3 1 502
1081494280 1 69112 R 8.0 41 3 0 503
1082213065 1 69158 R 9.0 41 3 0 504
1082923838 1 69204 R 7.0 42 2 0 505
1083243785 1 69224 R 12.0 42 4 0 506
1083567452 1 69245 R 11.0 42 4 1 507
1084882818 1 69329 R 2.0 42 1 0 508
1085092517 1 69343 R 5.0 42 2 0 509
1088749828 1 69577 R 10.0 42 3 1 510
1089402899 1 69618 R 13.0 42 4 1 511
1091681817 1 69764 R 9.0 42 3 0 512
1092405160 1 69811 R 4.0 42 1 0 513
1096746120 1 70088 R 6.0 42 2 0 514
1098400594 1 70194 R 8.0 42 3 0 515
1099411256 1 70259 R 3.0 42 1 0 516
1103120819 1 70496 R 6.0 43 2 0 517
1103976402 1 70551 R 2.0 43 1 0 518
1104561247 1 70589 R 5.0 43 2 0 519
1104862042 1 70608 R 7.0 43 2 0 520
1105181815 1 70628 R 12.0 43 4 0 521
1105505074 1 70649 R 11.0 43 4 1 522
1106869268 1 70736 R 9.0 43 3 0 523
1107795777 1 70796 R 4.0 43 1 0 524
1108088012 1 70814 R 8.0 43 3 0 525
1111421705 1 71028 R 10.0 43 3 1 526
1112208127 1 71078 R 3.0 43 1 0 527
1113387833 1 71153 R 13.0 43 4 1 528
1125170626 1 71908 R 5.0 44 2 0 529
1126731254 1 72007 R 13.0 44 4 1 530
1128915857 1 72147 R 8.0 44 3 0 531
1132455792 1 72374 R 7.0 44 2 0 532
1132775448 1 72394 R 12.0 44 4 0 533
1132821056 1 72397 R 2.0 44 1 0 534
1133099296 1 72415 R 11.0 44 4 1 535
1135031231 1 72539 R 10.0 44 3 1 536
1137496101 1 72696 R 6.0 44 2 0 537
1139873903 1 72849 R 4.0 44 1 0 538
1140286250 1 72875 R 3.0 44 1 0 539
1140588065 1 72894 R 9.0 44 3 0 540
1144717645 1 73159 R 4.0 45 1 0 541
1145223614 1 73191 R 3.0 45 1 0 542
1145799457 1 73228 R 7.0 45 2 0 543
1146119167 1 73248 R 12.0 45 4 0 544
1146443011 1 73269 R 11.0 45 4 1 545
1149057095 1 73436 R 9.0 45 3 0 546
1152764517 1 73674 R 5.0 45 2 0 547
1153414057 1 73715 R 2.0 45 1 0 548
1155431751 1 73844 R 8.0 45 3 0 549
1155871538 1 73872 R 6.0 45 2 0 550
1160328545 1 74158 R 10.0 45 3 2 551
1163747258 1 74376 R 13.0 45 4 1 552
1163780030 1 74379 R 2.0 46 1 0 553
1163858270 1 74384 R 4.0 46 1 0 554
1166108126 1 74528 R 5.0 46 2 0 555
1166246291 1 74536 R 6.0 46 2 0 556
1168797009 1 74700 R 10.0 46 3 2 557
1174239250 1 75048 R 3.0 46 1 0 558
1177618983 1 75264 R 8.0 46 3 0 559
1178893305 1 75346 R 7.0 46 2 0 560
1179213065 1 75366 R 12.0 46 4 0 561
1179536764 1 75387 R 11.0 46 4 1 562
1182275901 1 75562 R 9.0 46 3 0 563
1182465810 1 75574 R 13.0 46 4 1 564
1185696205 1 75781 R 2.0 47 1 0 565
1185728589 1 75783 R 13.0 47 4 1 566
1193737055 1 76296 R 7.0 47 2 0 567
1194056816 1 76316 R 12.0 47 4 0 568
1194244650 1 76328 R 9.0 47 3 0 569
1194380679 1 76337 R 11.0 47 4 1 570
1197262172 1 76521 R 6.0 47 2 0 571
1199202023 1 76646 R 5.0 47 2 0 572
1200655295 1 76739 R 4.0 47 1 0 573
1202015768 1 76826 R 10.0 47 3 2 574
1202426764 1 76852 R 3.0 47 1 0 575
1202666108 1 76867 R 8.0 47 3 0 576
1205614304 1 77056 R 3.0 48 1 0 577
1206963349 1 77142 R 9.0 48 3 0 578
1207121793 1 77152 R 13.0 48 4 1 579
1213289057 1 77547 R 2.0 48 1 0 580
1213984648 1 77592 R 10.0 48 3 2 581
1219534440 1 77947 R 5.0 48 2 352 582
1221292173 1 78059 R 8.0 48 3 455 583
1221343593 1 78063 R 4.0 48 1 147 584
1221533932 1 78075 R 7.0 48 2 0 585
1223405144 1 78195 R 4.0 49 1 0 586
1225020486 1 78298 R 3.0 49 1 0 587
1226633159 1 78401 R 2.0 49 1 0 588
1231002675 1 78681 R 7.0 49 2 0 589
1232704250 1 78790 R 6.0 48 2 784 590
1232761613 1 78793 R 12.0 48 4 699 591
1232812844 1 78797 R 11.0 48 4 681 592
1232863700 1 78800 R 6.0 49 2 449 593
1236983130 1 79064 R 5.0 49 2 0 594
1237197920 1 79077 R 9.0 49 3 1 595
1238844043 1 79183 R 10.0 49 3 1 596
1242811557 1 79437 R 8.0 49 3 910 597
1243379866 1 79473 R 3.0 50 1 0 598
1245076750 1 79582 R 5.0 50 2 0 599
1247892650 1 79762 R 12.0 49 4 1062 600
1247948602 1 79765 R 6.0 50 2 288 601
1247999592 1 79769 R 12.0 50 4 223 602
1249844643 1 79887 R 11.0 49 4 1167 603
1249906611 1 79891 R 11.0 50 4 198 604
1253041527 1 80091 R 9.0 50 3 1 605
1256674957 1 80324 R 13.0 49 4 1016 606
1256741885 1 80328 R 13.0 50 4 22 607
1256937757 1 80341 R 10.0 50 3 1 608
1258123890 1 80417 R 4.0 50 1 0 609
1259727070 1 80519 R 2.0 50 1 0 610
1260416192 1 80563 R 8.0 50 3 1 611
1261221567 1 80615 R 7.0 50 2 0 612
1265947248 1 80917 R 8.0 51 3 1 613
1266190171 1 80933 R 7.0 51 2 0 614
1268697329 1 81093 R 12.0 51 4 1 615
1269536110 1 81147 R 3.0 51 1 0 616
1272781430 1 81355 R 10.0 51 3 1 617
1274570697 1 81469 R 2.0 51 1 0 618
1274920645 1 81492 R 5.0 51 2 0 619
1275592653 1 81535 R 4.0 51 1 0 620
1275807296 1 81548 R 9.0 51 3 1 621
1279358494 1 81776 R 13.0 51 4 2 622
1280193316 1 81829 R 11.0 51 4 0 623
1281996548 1 81944 R 6.0 51 2 1 624
1284514226 1 82106 R 5.0 52 2 0 625
1284994653 1 82136 R 9.0 52 3 1 626
1288375146 1 82353 R 10.0 52 3 1 627
1293636995 1 82689 R 6.0 52 2 1 628
1294903134 1 82770 R 13.0 52 4 2 629
1295119283 1 82784 R 8.0 52 3 1 630
1297811393 1 82957 R 4.0 52 1 0 631
1299286808 1 83051 R 11.0 52 4 0 632
1299909065 1 83091 R 7.0 52 2 0 633
1301916102 1 83219 R 12.0 52 4 1 634
1302367583 1 83248 R 2.0 52 1 0 635
1303208110 1 83302 R 3.0 52 1 0 636
1304965010 1 83414 R 6.0 53 2 1 637
1305718573 1 83463 R 10.0 53 3 1 638
1306603387 1 83519 R 12.0 53 4 1 639
1306795758 1 83532 R 4.0 53 1 0 640
1306927402 1 83540 R 11.0 53 4 0 641
1309590773 1 83710 R 13.0 53 4 2 642
1311836301 1 83854 R 2.0 53 1 0 643
1312947916 1 83925 R 9.0 53 3 1 644
1313317374 1 83949 R 3.0 53 1 0 645
1318643326 1 84290 R 7.0 53 2 0 646
1319858261 1 84368 R 5.0 53 2 0 647
1323228692 1 84583 R 8.0 53 3 1 648
1324385148 1 84657 R 9.0 54 3 1 649
1332967634 1 85207 R 4.0 54 1 0 650
1335487038 1 85368 R 7.0 54 2 0 651
1336059390 1 85404 R 13.0 54 4 2 652
1337387001 1 85489 R 6.0 54 2 1 653
1338765745 1 85578 R 10.0 54 3 1 654
1338952018 1 85590 R 5.0 54 2 0 655
1342056059 1 85788 R 2.0 54 1 0 656
1342088497 1 85790 R 12.0 54 4 1 657
1342166401 1 85795 R 8.0 54 3 1 658
1342396265 1 85810 R 11.0 54 4 0 659
1342629991 1 85825 R 3.0 54 1 0 660
1344734502 1 85960 R 10.0 55 3 1 661
1346283825 1 86059 R 7.0 55 2 0 662
1347023782 1 86106 R 2.0 55 1 0 663
1352176721 1 86436 R 3.0 55 1 0 664
1352681814 1 86468 R 12.0 55 4 1 665
1353005515 1 86489 R 11.0 55 4 0 666
1353873749 1 86545 R 5.0 55 2 0 667
1354713065 1 86598 R 8.0 55 3 1 668
1358822921 1 86861 R 9.0 55 3 1 669
1359278429 1 86890 R 13.0 55 4 2 670
1361105942 1 87007 R 6.0 55 2 1 671
1362186530 1 87077 R 4.0 55 1 0 672
1363453257 1 87158 R 10.0 56 3 1 673
1365400494 1 87282 R 8.0 56 3 1 674
1366155142 1 87331 R 4.0 56 1 0 675
1366592500 1 87359 R 5.0 56 2 0 676
1368978690 1 87511 R 12.0 56 4 1 677
1369302571 1 87532 R 11.0 56 4 0 678
1377980885 1 88087 R 6.0 56 2 1 679
1379661244 1 88195 R 3.0 56 1 0 680
1380260417 1 88233 R 9.0 56 3 1 681
1380743558 1 88264 R 2.0 56 1 0 682
1380776005 1 88266 R 13.0 56 4 2 683
1381752798 1 88329 R 7.0 56 2 0 684
1384150901 1 88482 R 9.0 57 3 1 685
1390873891 1 88913 R 4.0 57 1 0 686
1392362040 1 89008 R 7.0 57 2 0 687
1392922038 1 89044 R 10.0 57 3 1 688
1393200303 1 89061 R 13.0 57 4 2 689
1395447583 1 89205 R 12.0 57 4 1 690
1395771527 1 89226 R 11.0 57 4 0 691
1396827016 1 89294 R 5.0 57 2 0 692
1398855963 1 89423 R 6.0 57 2 1 693
1399476958 1 89463 R 2.0 57 1 0 694
1399833128 1 89486 R 3.0 57 1 0 695
1400135208 1 89505 R 8.0 57 3 1 696
1406838401 1 89934 R 9.0 58 3 1 697
1407955785 1 90006 R 7.0 58 2 0 698
1408808790 1 90060 R 6.0 58 2 1 699
1412670625 1 90308 R 5.0 58 2 0 700
1413572442 1 90365 R 8.0 58 3 1 701
1414442349 1 90421 R 3.0 58 1 0 702
1415108266 1 90464 R 4.0 58 1 0 703
1416320668 1 90541 R 2.0 58 1 0 704
1418666095 1 90691 R 12.0 58 4 1 705
1418990199 1 90712 R 11.0 58 4 0 706
1422531651 1 90939 R 10.0 58 3 1 707
1423044092 1 90971 R 13.0 58 4 2 708
1424125142 1 91041 R 10.0 59 3 1 709
1424605818 1 91071 R 6.0 59 2 1 710
1424663096 1 91075 R 12.0 59 4 3 711
1424712703 1 91078 R 13.0 59 4 4 712
1424958789 1 91094 R 11.0 59 4 0 713
1427117536 1 91232 R 2.0 59 1 0 714
1428967659 1 91351 R 5.0 59 2 0 715
1430009982 1 91417 R 8.0 59 3 1 716
1432239379 1 91560 R 3.0 59 1 0 717
1432526046 1 91578 R 9.0 59 3 1 718
1435127842 1 91745 R 7.0 59 2 0 719
1438952168 1 91990 R 4.0 59 1 0 720
1445801727 1 92428 R 3.0 60 1 0 721
1447468577 1 92535 R 10.0 60 3 1 722
1447981318 1 92567 R 13.0 60 4 2 723
1449213544 1 92646 R 9.0 60 3 1 724
1450074424 1 92701 R 6.0 60 2 1 725
1450701899 1 92742 R 5.0 60 2 0 726
1452822263 1 92877 R 12.0 60 4 1 727
1453146027 1 92898 R 11.0 60 4 0 728
1454431815 1 92980 R 8.0 60 3 1 729
1458346709 1 93231 R 7.0 60 2 0 730
1462545912 1 93500 R 4.0 60 1 0 731
1462587163 1 93502 R 2.0 60 1 0 732
1464028189 1 93594 R 13.0 61 4 2 733
1464315168 1 93613 R 7.0 61 2 0 734
1464623750 1 93633 R 5.0 61 2 0 735
1466291670 1 93739 R 9.0 61 3 1 736
1467889518 1 93842 R 4.0 61 1 0 737
1473195660 1 94181 R 2.0 61 1 0 738
1473949675 1 94229 R 6.0 61 2 1 739
1474364272 1 94256 R 3.0 61 1 0 740
1474791199 1 94283 R 8.0 61 3 1 741
1478562918 1 94525 R 10.0 61 3 1 742
1483041333 1 94811 R 12.0 61 4 1 743
1483365449 1 94832 R 11.0 61 4 0 744
1484025450 1 94874 R 12.0 62 4 1 745
1484349257 1 94895 R 11.0 62 4 0 746
1484457984 1 94902 R 3.0 62 1 0 747
1488789409 1 95179 R 2.0 62 1 0 748
1491884941 1 95377 R 8.0 62 3 1 749
1491997098 1 95384 R 13.0 62 4 2 750
1492502710 1 95417 R 7.0 62 2 0 751
1494936417 1 95573 R 4.0 62 1 0 752
1495229188 1 95591 R 9.0 62 3 1 753
1499406675 1 95859 R 10.0 62 3 1 754
1500483309 1 95928 R 5.0 62 2 0 755
1502309176 1 96044 R 6.0 62 2 1 756
1504525404 1 96186 R 8.0 63 3 1 757
1505043157 1 96219 R 6.0 63 2 1 758
1506133160 1 96289 R 2.0 63 1 0 759
1506856404 1 96335 R 13.0 63 4 2 760
1507369208 1 96368 R 12.0 63 4 1 761
1507693147 1 96389 R 11.0 63 4 0 762
1517244795 1 97000 R 9.0 63 3 1 763
1518420771 1 97076 R 4.0 63 1 0 764
1520000416 1 97177 R 10.0 63 3 1 765
1520489283 1 97208 R 3.0 63 1 0 766
1522721563 1 97351 R 7.0 63 2 0 767
1523030141 1 97371 R 5.0 63 2 0 768
1523415857 1 97395 R 12.0 64 4 1 769
1523739884 1 97416 R 11.0 64 4 0 770
1525759941 1 97545 R 8.0 64 3 1 771
1526223614 1 97575 R 3.0 64 1 0 772
1527672154 1 97668 R 10.0 64 3 1 773
1527721302 1 97671 R 7.0 64 2 1 774
1527998746 1 97689 R 5.0 64 2 0 775
1528197920 1 97701 R 9.0 64 3 1 776
1530764525 1 97866 R 4.0 64 1 0 777
1531226953 1 97895 R 2.0 64 1 0 778
1531918438 1 97939 R 6.0 64 2 1 779
1540950328 1 98517 R 13.0 64 4 2 780
1543890773 1 98706 R 10.0 65 3 1 781
1544619795 1 98752 R 9.0 65 3 1 782
1545181818 1 98788 R 8.0 65 3 1 783
1549645494 1 99074 R 3.0 65 1 0 784
1551708628 1 99206 R 11.0 65 4 0 785
1556203053 1 99494 R 13.0 65 4 312 786
1556265994 1 99498 R 12.0 65 4 313 787
1557081177 1 99550 R 4.0 65 1 370 788
1557409073 1 99571 R 7.0 65 2 0 789
1557717650 1 99591 R 5.0 65 2 0 790
1558070897 1 99613 R 2.0 65 1 0 791
1558793472 1 99659 R 6.0 65 2 1 792
1563867536 1 99984 R 2.0 66 1 0 793
1564545324 1 100028 R 8.0 66 3 1 794
1566077289 1 100126 R 9.0 66 3 1 795
1567096496 1 100191 R 13.0 66 4 2 796
1568506927 1 100281 R 3.0 66 1 0 797
1570864098 1 100432 R 10.0 66 3 1 798
1572109191 1 100512 R 12.0 66 4 1 799
1572433084 1 100532 R 11.0 66 4 1 800
1574189570 1 100645 R 5.0 66 2 0 801
1574298015 1 100652 R 4.0 66 1 0 802
1577671745 1 100868 R 6.0 66 2 1 803
1578146873 1 100898 R 7.0 66 2 0 804
1583408126 1 101235 R 5.0 67 2 0 805
1584592203 1 101311 R 8.0 67 3 1 806
1585223475 1 101351 R 10.0 67 3 1 807
1585374731 1 101361 R 6.0 67 2 1 808
1586830994 1 101454 R 13.0 67 4 2 809
1593338400 1 101870 R 2.0 67 1 0 810
1593754163 1 101897 R 9.0 67 3 400 811
1599480789 1 102263 R 11.0 67 4 742 812
1599533380 1 102267 R 7.0 67 2 35 813
1601641612 1 102402 R 4.0 67 1 0 814
1601769699 1 102410 R 12.0 67 4 911 815
1602819459 1 102477 R 3.0 67 1 0 816
1602968086 1 102487 R 6.0 68 2 1 817
1605834932 1 102670 R 3.0 68 1 0 818
1606316918 1 102701 R 10.0 68 3 1 819
1608735231 1 102856 R 4.0 68 1 0 820
1609076576 1 102878 R 8.0 68 3 1 821
1611780912 1 103051 R 12.0 68 4 1 822
1612095722 1 103071 R 5.0 68 2 0 823
1617674599 1 103428 R 13.0 68 4 2 824
1619584114 1 103550 R 7.0 68 2 0 825
1620511210 1 103609 R 11.0 68 4 1 826
1622405548 1 103731 R 9.0 68 3 1 827
1623557150 1 103804 R 2.0 68 1 0 828
1625124668 1 103905 R 12.0 69 4 1 829
1625927841 1 103956 R 7.0 69 2 0 830
1627564464 1 104061 R 5.0 69 2 0 831
1628525838 1 104122 R 2.0 69 1 0 832
1628967337 1 104151 R 8.0 69 3 1 833
1632104847 1 104351 R 11.0 69 4 1 834
1637092907 1 104671 R 9.0 69 3 1 835
1637579148 1 104702 R 4.0 69 1 0 836
1639679384 1 104836 R 3.0 69 1 0 837
1639754845 1 104841 R 10.0 69 3 1 838
1640268484 1 104874 R 13.0 69 4 2 839
1642234239 1 105000 R 6.0 69 2 1 840
1643108815 1 105056 R 6.0 70 2 1 841
1643474706 1 105079 R 7.0 70 2 0 842
1643783124 1 105099 R 5.0 70 2 0 843
1646218558 1 105255 R 12.0 70 4 1 844
1647885243 1 105361 R 2.0 70 1 0 845
1649276721 1 105450 R 11.0 70 4 1 846
1650172883 1 105508 R 4.0 70 1 0 847
1654671032 1 105796 R 9.0 70 3 1 848
1656098598 1 105887 R 10.0 70 3 1 849
1656612235 1 105920 R 13.0 70 4 2 850
1659757403 1 106121 R 3.0 70 1 0 851
1660951718 1 106198 R 8.0 70 3 1 852
1666123448 1 106529 R 8.0 71 3 1 853
1668192210 1 106661 R 10.0 71 3 1 854
1668705846 1 106694 R 13.0 71 4 2 855
1669608613 1 106752 R 9.0 71 3 1 856
1671459117 1 106870 R 7.0 71 2 0 857
1671767688 1 106890 R 5.0 71 2 0 858
1672495623 1 106936 R 11.0 71 4 1 859
1674140720 1 107042 R 12.0 71 4 1 860
1675844813 1 107151 R 4.0 71 1 0 861
1678979028 1 107351 R 2.0 71 1 0 862
1679984249 1 107416 R 6.0 71 2 1 863
1682976150 1 107607 R 3.0 71 1 0 864
1683545937 1 107644 R 9.0 72 3 1 865
1684802834 1 107724 R 7.0 72 2 0 866
1685111271 1 107744 R 5.0 72 2 0 867
1685397994 1 107762 R 3.0 72 1 0 868
1686035963 1 107803 R 10.0 72 3 1 869
1686127721 1 107809 R 13.0 72 4 2 870
1688859190 1 107984 R 12.0 72 4 1 871
1691900903 1 108178 R 2.0 72 1 0 872
1692063524 1 108189 R 4.0 72 1 0 873
1694464374 1 108342 R 11.0 72 4 1 874
1696859246 1 108496 R 6.0 72 2 1 875
1702232961 1 108840 R 8.0 72 3 1 876
1705896589 1 109074 R 7.0 73 2 0 877
1706204986 1 109094 R 5.0 73 2 0 878
1706760216 1 109129 R 2.0 73 1 0 879
1708311658 1 109229 R 9.0 73 3 1 880
1709182971 1 109284 R 11.0 73 4 1 881
1711629853 1 109441 R 10.0 73 3 1 882
1713170466 1 109540 R 8.0 73 3 1 883
1713734106 1 109576 R 6.0 73 2 1 884
1715257380 1 109673 R 3.0 73 1 0 885
1715846475 1 109711 R 13.0 73 4 2 886
1719032393 1 109915 R 4.0 73 1 0 887
1722328077 1 110126 R 12.0 73 4 1 888
1729717205 1 110599 R 8.0 74 3 1 889
1730751001 1 110665 R 4.0 74 1 0 890
1733304244 1 110828 R 3.0 74 1 0 891
1733499304 1 110841 R 9.0 74 3 1 892
1735801740 1 110988 R 10.0 74 3 1 893
1736315380 1 111021 R 13.0 74 4 2 894
1736740366 1 111048 R 7.0 74 2 0 895
1737048954 1 111068 R 5.0 74 2 0 896
1740547119 1 111292 R 12.0 74 4 1 897
1740854033 1 111311 R 2.0 74 1 0 898
1742187518 1 111397 R 6.0 74 2 1 899
1742652172 1 111426 R 11.0 74 4 1 900
1745020354 1 111578 R 10.0 75 3 1 901
1746261497 1 111657 R 11.0 75 4 1 902
1748845802 1 111823 R 5.0 75 2 0 903
1751275903 1 111978 R 2.0 75 1 0 904
1751531380 1 111995 R 12.0 75 4 1 905
1752077854 1 112030 R 6.0 75 2 1 906
1756701859 1 112326 R 8.0 75 3 1 907
1759288621 1 112491 R 3.0 75 1 0 908
1761219896 1 112615 R 4.0 75 1 0 909
1765285984 1 112875 R 7.0 75 2 381 910
1765340167 1 112878 R 13.0 75 4 381 911
1766994569 1 112984 R 2.0 76 1 0 912
1770832461 1 113230 R 9.0 75 3 586 913
1770891439 1 113234 R 8.0 76 3 241 914
1772655982 1 113347 R 6.0 76 2 1 915
1774874957 1 113489 R 12.0 76 4 1 916
1775329983 1 113518 R 4.0 76 1 0 917
1775558801 1 113532 R 11.0 76 4 1 918
1776989230 1 113624 R 10.0 76 3 1 919
1778221617 1 113703 R 13.0 76 4 1 920
1778757394 1 113737 R 3.0 76 1 0 921
1782005964 1 113945 R 7.0 76 2 0 922
1782314571 1 113965 R 5.0 76 2 0 923
1782891891 1 114002 R 9.0 76 3 0 924
1784921691 1 114132 R 12.0 77 4 1 925
1785615422 1 114176 R 7.0 77 2 0 926
1785922874 1 114196 R 4.0 77 1 0 927
1786293079 1 114219 R 11.0 77 4 1 928
1786729015 1 114247 R 2.0 77 1 0 929
1787991744 1 114328 R 3.0 77 1 0 930
1788457141 1 114358 R 13.0 77 4 2 931
1788968062 1 114391 R 9.0 77 3 1 932
1789848765 1 114447 R 10.0 77 3 1 933
1795220837 1 114791 R 5.0 77 2 0 934
1796312380 1 114861 R 6.0 77 2 1 935
1798923172 1 115028 R 8.0 77 3 0 936
1803392473 1 115314 R 5.0 78 2 0 937
1803725976 1 115335 R 3.0 78 1 0 938
1803791715 1 115339 R 10.0 78 3 2 939
1804299452 1 115372 R 13.0 78 4 1 940
1806266624 1 115498 R 4.0 78 1 0 941
1808171606 1 115620 R 6.0 78 2 1 942
1811209099 1 115814 R 7.0 78 2 0 943
1816890439 1 116178 R 12.0 78 4 1 944
1817572779 1 116221 R 2.0 78 1 0 945
1819046329 1 116316 R 9.0 78 3 1 946
1819136790 1 116321 R 11.0 78 4 1 947
1820858543 1 116432 R 8.0 78 3 1 948
1823730530 1 116615 R 11.0 79 4 1 949
1824251848 1 116649 R 5.0 79 2 0 950
1826108970 1 116768 R 6.0 79 2 1 951
1828082841 1 116894 R 10.0 79 3 1 952
1829749818 1 117001 R 12.0 79 4 1 953
1831983684 1 117144 R 9.0 79 3 1 954
1834552850 1 117308 R 7.0 79 2 0 955
1837237127 1 117480 R 13.0 79 4 1 956
1840166530 1 117667 R 2.0 79 1 0 957
1842116744 1 117792 R 3.0 79 1 0 958
1842360505 1 117808 R 4.0 79 1 0 959
1842889785 1 117842 R 8.0 79 3 1 960
1845646492 1 118018 R 7.0 80 2 0 961
1846330719 1 118062 R 13.0 80 4 1 962
1847843707 1 118159 R 12.0 80 4 1 963
1850074423 1 118301 R 11.0 80 4 1 964
1852350999 1 118447 R 3.0 80 1 0 965
1852811375 1 118477 R 8.0 80 3 1 966
1853405979 1 118515 R 6.0 80 2 1 967
1856510274 1 118713 R 2.0 80 1 0 968
1858999449 1 118873 R 9.0 80 3 1 969
1859627129 1 118913 R 5.0 80 2 0 970
1861770484 1 119050 R 10.0 80 3 1 971
1861804839 1 119052 R 4.0 80 1 0 972
1863083960 1 119134 R 7.0 81 2 0 973
1864265579 1 119210 R 12.0 81 4 1 974
1864670753 1 119236 R 8.0 81 3 1 975
1867186949 1 119397 R 9.0 81 3 1 976
1867501012 1 119417 R 4.0 81 1 0 977
1868168028 1 119459 R 11.0 81 4 1 978
1868604026 1 119487 R 2.0 81 1 0 979
1869423957 1 119540 R 5.0 81 2 0 980
1871163618 1 119651 R 3.0 81 1 0 981
1874140500 1 119842 R 6.0 81 2 1 982
1879739236 1 120200 R 10.0 81 3 1 983
1880252765 1 120233 R 13.0 81 4 1 984
1884589668 1 120510 R 11.0 82 4 1 985
1886025855 1 120602 R 2.0 82 1 0 986
1886390073 1 120626 R 9.0 82 3 1 987
1886448914 1 120629 R 5.0 82 2 3 988
1887969749 1 120727 R 4.0 82 1 0 989
1889427841 1 120820 R 7.0 82 2 0 990
1889632369 1 120833 R 3.0 82 1 0 991
1894457992 1 121142 R 10.0 82 3 1 992
1894608685 1 121152 R 8.0 82 3 1 993
1894971349 1 121175 R 13.0 82 4 1 994
1895062378 1 121181 R 6.0 82 2 1 995
1896625098 1 121281 R 12.0 82 4 1 996
1903329976 1 121710 R 5.0 83 2 0 997
1905719974 1 121863 R 12.0 83 4 1 998
1905921465 1 121876 R 6.0 83 2 1 999
1907522633 1 121978 R 7.0 83 2 0 1000
1907574044 1 121981 R 8.0 83 3 2 1001
1908308868 1 122028 R 11.0 83 4 1 1002
1908440451 1 122037 R 13.0 83 4 1 1003
1909188757 1 122085 R 4.0 83 1 0 1004
1909945153 1 122133 R 3.0 83 1 0 1005
1911692581 1 122245 R 10.0 83 3 1 1006
1913780925 1 122379 R 9.0 83 3 1 1007
1915744904 1 122504 R 2.0 83 1 0 1008
1923365455 1 122992 R 7.0 84 2 0 1009
1926043394 1 123163 R 11.0 84 4 1 1010
1927468558 1 123255 R 6.0 84 2 1 1011
1929741885 1 123400 R 3.0 84 1 0 1012
1931114315 1 123488 R 10.0 84 3 1 1013
1933205242 1 123622 R 5.0 84 2 0 1014
1936213625 1 123814 R 2.0 84 1 0 1015
1936562684 1 123837 R 12.0 84 4 1 1016
1937157527 1 123875 R 4.0 84 1 0 1017
1938468425 1 123959 R 9.0 84 3 1 1018
1939593003 1 124031 R 8.0 84 3 1 1019
1942659079 1 124227 R 13.0 84 4 1 1020
1942959167 1 124246 R 7.0 85 2 0 1021
1945876224 1 124433 R 4.0 85 1 0 1022
1950156066 1 124707 R 6.0 85 2 1 1023
1950546408 1 124732 R 9.0 85 3 1 1024
1951304404 1 124780 R 3.0 85 1 0 1025
1951627839 1 124801 R 13.0 85 4 1 1026
1954359409 1 124976 R 12.0 85 4 1 1027
1956077418 1 125086 R 8.0 85 3 1 1028
1956833210 1 125134 R 10.0 85 3 1 1029
1956893291 1 125138 R 11.0 85 4 1 1030
1959323001 1 125293 R 2.0 85 1 0 1031
1961314808 1 125421 R 5.0 85 2 0 1032
1963916698 1 125587 R 2.0 86 1 0 1033
1966110600 1 125728 R 4.0 86 1 0 1034
1966520575 1 125754 R 10.0 86 3 1 1035
1967480753 1 125815 R 11.0 86 4 1 1036
1968898149 1 125906 R 3.0 86 1 0 1037
1969890453 1 125970 R 6.0 86 2 1 1038
1971593662 1 126079 R 12.0 86 4 1 1039
1973861597 1 126224 R 5.0 86 2 0 1040
1974131192 1 126241 R 7.0 86 2 0 1041
1974987201 1 126296 R 13.0 86 4 1 1042
1975484049 1 126328 R 9.0 86 3 1 1043
1979749530 1 126601 R 8.0 86 3 1 1044
1985588580 1 126974 R 2.0 87 1 0 1045
1987824665 1 127117 R 11.0 87 4 1 1046
1988736648 1 127176 R 5.0 87 2 0 1047
1988788036 1 127179 R 3.0 87 1 1 1048
1989437398 1 127221 R 12.0 87 4 1 1049
1991004955 1 127321 R 10.0 87 3 1 1050
1992499434 1 127417 R 9.0 87 3 1 1051
1999161666 1 127843 R 4.0 87 1 425 1052
2000301605 1 127916 R 8.0 87 3 253 1053
2000354342 1 127919 R 6.0 87 2 67 1054
2001350010 1 127983 R 7.0 87 2 0 1055
2002080923 1 128030 R 13.0 87 4 1 1056
2005295824 1 128236 R 8.0 88 3 1 1057
2009348527 1 128495 R 10.0 88 3 1 1058
2010970799 1 128599 R 5.0 88 2 0 1059
2013807319 1 128780 R 2.0 88 1 0 1060
2014924519 1 128852 R 13.0 88 4 1 1061
2015070010 1 128861 R 3.0 88 1 0 1062
2016734257 1 128968 R 12.0 88 4 1 1063
2017999947 1 129049 R 6.0 88 2 1 1064
2018891828 1 129106 R 4.0 88 1 0 1065
2019318680 1 129133 R 7.0 88 2 0 1066
2020686881 1 129221 R 9.0 88 3 1 1067
2022371485 1 129328 R 11.0 88 4 1 1068
2023442288 1 129397 R 10.0 89 3 1 1069
2023791677 1 129419 R 2.0 89 1 0 1070
2024382510 1 129457 R 3.0 89 1 0 1071
2025203018 1 129510 R 12.0 89 4 1 1072
2027985568 1 129688 R 4.0 89 1 0 1073
2029233327 1 129768 R 8.0 89 3 1 1074
2029609260 1 129792 R 6.0 89 2 1 1075
2031518441 1 129914 R 13.0 89 4 1 1076
2034037438 1 130075 R 7.0 89 2 0 1077
2034142910 1 130082 R 5.0 89 2 0 1078
2037890296 1 130322 R 9.0 89 3 1 1079
2043356023 1 130671 R 11.0 89 4 1 1080
2045030350 1 130779 R 8.0 90 3 1 1081
2045527518 1 130810 R 11.0 90 4 1 1082
2046421911 1 130868 R 12.0 90 4 1 1083
2046546688 1 130876 R 6.0 90 2 1 1084
2048601263 1 131007 R 3.0 90 1 0 1085
2049862181 1 131088 R 13.0 90 4 1 1086
2051271824 1 131178 R 7.0 90 2 0 1087
2051907487 1 131219 R 4.0 90 1 0 1088
2054963673 1 131414 R 2.0 90 1 0 1089
2056424176 1 131508 R 5.0 90 2 0 1090
2060327800 1 131758 R 9.0 90 3 1 1091
2061864703 1 131856 R 10.0 90 3 1 1092
2066484332 1 132152 R 6.0 91 2 1 1093
2066746370 1 132168 R 11.0 91 4 1 1094
2067409196 1 132211 R 13.0 91 4 1 1095
2068223688 1 132263 R 10.0 91 3 1 1096
2069115612 1 132320 R 7.0 91 2 0 1097
2069299174 1 132332 R 5.0 91 2 0 1098
2070108632 1 132384 R 8.0 91 3 1 1099
2073765300 1 132618 R 9.0 91 3 1 1100
2075492028 1 132728 R 3.0 91 1 0 1101
2077073049 1 132829 R 2.0 91 1 0 1102
2077767001 1 132874 R 4.0 91 1 0 1103
2078390950 1 132914 R 12.0 91 4 1 1104
2087666743 1 133507 R 2.0 92 1 0 1105
2089226260 1 133607 R 3.0 92 1 0 1106
2090096554 1 133663 R 13.0 92 4 1 1107
2090192835 1 133669 R 5.0 92 2 0 1108
2090251060 1 133673 R 9.0 92 3 4 1109
2093281207 1 133867 R 6.0 92 2 1 1110
2093340596 1 133870 R 10.0 92 3 3 1111
2093860756 1 133904 R 4.0 92 1 0 1112
2095405495 1 134003 R 8.0 92 3 1 1113
2096412589 1 134067 R 7.0 92 2 0 1114
2098715280 1 134214 R 11.0 92 4 1 1115
2103109552 1 134496 R 12.0 92 4 1 1116
2104881184 1 134609 R 7.0 93 2 0 1117
2107704349 1 134790 R 4.0 93 1 0 1118
2108010505 1 134809 R 2.0 93 1 0 1119
2108161327 1 134819 R 10.0 93 3 1 1120
2108565442 1 134845 R 13.0 93 4 1 1121
2110038902 1 134939 R 3.0 93 1 0 1122
2110578161 1 134974 R 12.0 93 4 1 1123
2114139866 1 135202 R 8.0 93 3 1 1124
2116968714 1 135383 R 6.0 93 2 1 1125
2118343425 1 135471 R 9.0 93 3 1 1126
2122158546 1 135715 R 5.0 93 2 0 1127
2123434172 1 135796 R 11.0 93 4 1 1128
2126099947 1 135967 R 7.0 94 2 0 1129
2129298091 1 136172 R 4.0 94 1 0 1130
2130902627 1 136274 R 11.0 94 4 1 1131
2130983477 1 136280 R 8.0 94 3 1 1132
2131507651 1 136313 R 3.0 94 1 0 1133
2132104252 1 136351 R 2.0 94 1 0 1134
2134953081 1 136534 R 6.0 94 2 1 1135
2135784101 1 136587 R 13.0 94 4 1 1136
2138755745 1 136777 R 10.0 94 3 1 1137
2138807603 1 136780 R 12.0 94 4 2 1138
2140030923 1 136859 R 9.0 94 3 1 1139
2140314801 1 136877 R 5.0 94 2 0 1140
2144641866 1 137154 R 4.0 95 1 0 1141
2144718141 1 137159 R 9.0 95 3 1 1142
2145248980 1 137193 R 8.0 95 3 1 1143
2145689732 1 137221 R 5.0 95 2 0 1144
2148125041 1 137377 R 12.0 95 4 1 1145
2151526153 1 137594 R 2.0 95 1 0 1146
2153390725 1 137714 R 6.0 95 2 1 1147
2153752951 1 137737 R 13.0 95 4 1 1148
2153820152 1 137741 R 3.0 95 1 0 1149
2155098837 1 137823 R 10.0 95 3 1 1150
2158068838 1 138013 R 7.0 95 2 0 1151
2159105915 1 138079 R 11.0 95 4 1 1152
2165036189 1 138459 R 10.0 96 3 1 1153
2166688725 1 138565 R 4.0 96 1 0 1154
2167116910 1 138592 R 3.0 96 1 0 1155
2167858336 1 138640 R 8.0 96 3 1 1156
2168449515 1 138677 R 11.0 96 4 1 1157
2171312460 1 138861 R 6.0 96 2 1 1158
2173140665 1 138978 R 12.0 96 4 1 1159
2175796554 1 139148 R 9.0 96 3 1 1160
2177245020 1 139240 R 2.0 96 1 0 1161
2180471847 1 139447 R 13.0 96 4 1 1162
2182787592 1 139595 R 7.0 96 2 0 1163
2183064801 1 139613 R 5.0 96 2 0 1164
2184733765 1 139720 R 9.0 97 3 1 1165
2188795985 1 139980 R 8.0 97 3 1 1166
2189351302 1 140015 R 3.0 97 1 0 1167
2190256200 1 140073 R 7.0 97 2 0 1168
2193465147 1 140278 R 11.0 97 4 1 1169
2194611687 1 140352 R 5.0 97 2 0 1170
2198333223 1 140590 R 10.0 97 3 1 1171
2198657648 1 140611 R 4.0 97 1 0 1172
2199171980 1 140644 R 6.0 97 2 1 1173
2199859563 1 140688 R 12.0 97 4 1 1174
2201979396 1 140823 R 2.0 97 1 0 1175
2203706213 1 140934 R 13.0 97 4 1 1176
2204780542 1 141003 R 9.0 98 3 1 1177
2205549715 1 141052 R 13.0 98 4 1 1178
2206801817 1 141132 R 10.0 98 3 1 1179
2209142850 1 141282 R 5.0 98 2 0 1180
2211516920 1 141434 R 4.0 98 1 0 1181
2213718712 1 141575 R 6.0 98 2 1 1182
2213843035 1 141583 R 8.0 98 3 1 1183
2214823018 1 141645 R 2.0 98 1 0 1184
2218459468 1 141878 R 7.0 98 2 0 1185
2219273277 1 141930 R 3.0 98 1 0 1186
2220184038 1 141988 R 11.0 98 4 1 1187
2221328454 1 142062 R 12.0 98 4 1 1188
2224937543 1 142293 R 12.0 99 4 1 1189
2226703081 1 142406 R 6.0 99 2 1 1190
2227803076 1 142476 R 7.0 99 2 0 1191
2228020570 1 142490 R 10.0 99 3 1 1192
2229610750 1 142592 R 4.0 99 1 0 1193
2231416773 1 142707 R 2.0 99 1 0 1194
2233017930 1 142810 R 5.0 99 2 0 1195
2234335778 1 142894 R 3.0 99 1 0 1196
2235327380 1 142958 R 8.0 99 3 1 1197
2236937181 1 143061 R 9.0 99 3 1 1198
2241652761 1 143362 R 11.0 99 4 1 1199
2243143611 1 143458 R 13.0 99 4 1 1200
2245262238 1 143593 R 11.0 100 4 1 1201
2246945294 1 143701 R 3.0 100 1 0 1202
2247989543 1 143768 R 10.0 100 3 1 1203
2249760726 1 143881 R 2.0 100 1 0 1204
2252818906 1 144077 R 7.0 100 2 0 1205
2254487397 1 144184 R 13.0 100 4 1 1206
2257048456 1 144348 R 4.0 100 1 0 1207
2259765092 1 144522 R 8.0 100 3 1 1208
2260124896 1 144545 R 9.0 100 3 1 1209
2260393144 1 144562 R 5.0 100 2 0 1210
2262094069 1 144671 R 6.0 100 2 1 1211
2262531794 1 144699 R 12.0 100 4 1 1212
2266312021 1 144941 R 9.0 101 3 1 1213
2266392081 1 144946 R 4.0 101 1 0 1214
2266703241 1 144966 R 12.0 101 4 1 1215
2267307601 1 145004 R 2.0 101 1 0 1216
2268534424 1 145083 R 13.0 101 4 1 1217
2268849074 1 145103 R 10.0 101 3 1 1218
2270742200 1 145224 R 3.0 101 1 0 1219
2278559276 1 145724 R 11.0 101 4 1 1220
2278611119 1 145728 R 6.0 101 2 1 1221
2279187113 1 145765 R 8.0 101 3 1 1222
2279537811 1 145787 R 7.0 101 2 0 1223
2279768158 1 145802 R 5.0 101 2 0 1224
2287018799 1 146266 R 13.0 102 4 1 1225
2287077964 1 146270 R 11.0 102 4 3 1226
2287485876 1 146296 R 4.0 102 1 0 1227
2287922424 1 146324 R 12.0 102 4 1 1228
2289015527 1 146394 R 9.0 102 3 1 1229
2293374759 1 146673 R 8.0 102 3 1 1230
2298250328 1 146985 R 6.0 102 2 1 1231
2300396272 1 147122 R 10.0 102 3 1 1232
2301006720 1 147161 R 7.0 102 2 0 1233
2301476795 1 147191 R 3.0 102 1 0 1234
2302065017 1 147229 R 5.0 102 2 0 1235
2302276496 1 147242 R 2.0 102 1 0 1236
2304615795 1 147392 R 7.0 103 2 0 1237
2306561842 1 147517 R 8.0 103 3 1 1238
2307891031 1 147602 R 12.0 103 4 1 1239
2308246638 1 147624 R 11.0 103 4 1 1240
2309362835 1 147696 R 13.0 103 4 1 1241
2309408565 1 147699 R 4.0 103 1 0 1242
2309549403 1 147708 R 5.0 103 2 0 1243
2309995150 1 147736 R 2.0 103 1 0 1244
2314859840 1 148048 R 6.0 103 2 1 1245
2315365004 1 148080 R 10.0 103 3 1 1246
2321453170 1 148470 R 9.0 103 3 1 1247
2322289232 1 148523 R 3.0 103 1 0 1248
2326971052 1 148823 R 5.0 104 2 0 1249
2328126453 1 148897 R 4.0 104 1 0 1250
2328215231 1 148902 R 11.0 104 4 1 1251
2328463852 1 148918 R 2.0 104 1 0 1252
2328609638 1 148928 R 12.0 104 4 1 1253
2331083441 1 149086 R 10.0 104 3 1 1254
2331797059 1 149132 R 6.0 104 2 1 1255
2334101554 1 149279 R 3.0 104 1 0 1256
2336890526 1 149458 R 9.0 104 3 1 1257
2340909486 1 149715 R 13.0 104 4 1 1258
2341421496 1 149748 R 8.0 104 3 1 1259
2342209572 1 149798 R 7.0 104 2 0 1260
2344812543 1 149965 R 6.0 105 2 1 1261
2346844302 1 150095 R 12.0 105 4 1 1262
2346968085 1 150103 R 8.0 105 3 1 1263
2348934279 1 150228 R 11.0 105 4 1 1264
2350281159 1 150315 R 9.0 105 3 1 1265
2353553301 1 150524 R 7.0 105 2 0 1266
2353651379 1 150530 R 2.0 105 1 0 1267
2355023428 1 150618 R 3.0 105 1 0 1268
2355878377 1 150673 R 13.0 105 4 1 1269
2357552388 1 150780 R 10.0 105 3 1 1270
2357596085 1 150783 R 4.0 105 1 0 1271
2362080660 1 151070 R 5.0 105 2 0 1272
2366671920 1 151364 R 6.0 106 2 1 1273
2366968513 1 151383 R 9.0 106 3 1 1274
2367168650 1 151395 R 11.0 106 4 1 1275
2371596950 1 151679 R 13.0 106 4 1 1276
2373382795 1 151793 R 3.0 106 1 0 1277
2375814129 1 151949 R 4.0 106 1 0 1278
2377627533 1 152065 R 5.0 106 2 0 1279
2378687908 1 152133 R 12.0 106 4 1 1280
2379661770 1 152195 R 10.0 106 3 1 1281
2380370240 1 152240 R 2.0 106 1 0 1282
2380647068 1 152258 R 7.0 106 2 0 1283
2382952737 1 152406 R 8.0 106 3 1 1284
2384502325 1 152505 R 5.0 107 2 0 1285
2385929669 1 152596 R 3.0 107 1 0 1286
2386655863 1 152643 R 9.0 107 3 1 1287
2394255185 1 153129 R 10.0 107 3 1 1288
2395343086 1 153199 R 8.0 107 3 1 1289
2396798490 1 153292 R 4.0 107 1 0 1290
2398065695 1 153373 R 13.0 107 4 1 1291
2398281664 1 153387 R 12.0 107 4 1 1292
2399012410 1 153433 R 11.0 107 4 1 1293
2399219223 1 153447 R 6.0 107 2 1 1294
