259977715 1 16535 R 9.0 0 3 0 1
262227310 1 16679 R 12.0 0 4 0 2
262551256 1 16700 R 11.0 0 4 2 3
262839731 1 16718 R 13.0 0 4 1 4
279182534 1 17764 R 6.0 0 2 0 5
279230896 1 17768 R 7.0 0 2 1 6
279310138 1 17773 R 4.0 0 1 0 7
279528745 1 17787 R 5.0 0 2 0 8
279644245 1 17794 R 3.0 0 1 0 9
280053999 1 17820 R 2.0 0 1 0 10
293546531 1 18684 R 10.0 0 3 1 11
293618725 1 18688 R 8.0 0 3 0 12
309447263 1 19701 R 6.0 1 2 0 13
328371744 1 20913 R 4.0 1 1 0 14
333024047 1 21210 R 9.0 1 3 0 15
339654479 1 21635 R 10.0 1 3 1 16
339914166 1 21651 R 12.0 1 4 0 17
340237807 1 21672 R 11.0 1 4 2 18
340526242 1 21690 R 13.0 1 4 0 19
341523782 1 21754 R 8.0 1 3 0 20
350204200 1 22310 R 7.0 1 2 1 21
350512736 1 22330 R 5.0 1 2 0 22
350628210 1 22337 R 3.0 1 1 0 23
351037826 1 22363 R 2.0 1 1 0 24
366375787 1 23345 R 7.0 2 2 1 25
366684443 1 23365 R 5.0 2 2 0 26
366799934 1 23372 R 3.0 2 1 0 27
367209566 1 23398 R 2.0 2 1 0 28
374852560 1 23887 R 9.0 2 3 0 29
382398575 1 24370 R 12.0 2 4 0 30
382722556 1 24391 R 11.0 2 4 2 31
383010902 1 24409 R 13.0 2 4 0 32
386195728 1 24613 R 8.0 2 3 0 33
392434429 1 25013 R 4.0 2 1 0 34
398920398 1 25428 R 10.0 2 3 1 35
410900449 1 26194 R 6.0 2 2 0 36
433138714 1 27618 R 10.0 3 3 1 37
433399013 1 27634 R 9.0 3 3 0 38
443563236 1 28285 R 7.0 3 2 1 39
443871749 1 28305 R 5.0 3 2 0 40
443987439 1 28312 R 3.0 3 1 0 41
444396993 1 28338 R 2.0 3 1 0 42
450070432 1 28701 R 8.0 3 3 0 43
455497202 1 29049 R 4.0 3 1 0 44
465791073 1 29707 R 6.0 3 2 0 45
482836056 1 30798 R 12.0 3 4 0 46
483159983 1 30819 R 11.0 3 4 2 47
483448400 1 30837 R 13.0 3 4 0 48
504422570 1 32180 R 7.0 4 2 1 49
504731119 1 32200 R 5.0 4 2 0 50
504846659 1 32207 R 3.0 4 1 0 51
505256325 1 32233 R 2.0 4 1 0 52
506123227 1 32289 R 10.0 4 3 1 53
506383478 1 32305 R 9.0 4 3 0 54
508072610 1 32413 R 6.0 4 2 0 55
531258157 1 33897 R 12.0 4 4 0 56
531582040 1 33918 R 11.0 4 4 2 57
531870276 1 33936 R 13.0 4 4 0 58
533559945 1 34045 R 4.0 4 1 0 59
533961388 1 34070 R 8.0 4 3 0 60
559617499 1 35712 R 12.0 5 4 0 61
559941250 1 35733 R 11.0 5 4 2 62
560229652 1 35751 R 13.0 5 4 0 63
567969674 1 36247 R 7.0 5 2 1 64
568278327 1 36267 R 5.0 5 2 0 65
568393726 1 36274 R 3.0 5 1 0 66
568803371 1 36300 R 2.0 5 1 0 67
581856693 1 37136 R 4.0 5 1 0 68
584383205 1 37297 R 8.0 5 3 0 69
587885394 1 37521 R 6.0 5 2 0 70
588561348 1 37565 R 10.0 5 3 1 71
588821656 1 37581 R 9.0 5 3 0 72
604492308 1 38584 R 8.0 6 3 0 73
606201532 1 38694 R 10.0 6 3 1 74
609169121 1 38884 R 4.0 6 1 0 75
630259438 1 40233 R 9.0 6 3 0 76
632665376 1 40387 R 12.0 6 4 0 77
632988990 1 40408 R 11.0 6 4 2 78
633277476 1 40426 R 13.0 6 4 1 79
641954890 1 40982 R 7.0 6 2 1 80
642263484 1 41002 R 5.0 6 2 0 81
642378954 1 41009 R 3.0 6 1 0 82
642788519 1 41035 R 2.0 6 1 0 83
658589426 1 42046 R 6.0 6 2 0 84
663964153 1 42390 R 6.0 7 2 0 85
680216761 1 43431 R 4.0 7 1 0 86
682436868 1 43573 R 10.0 7 3 1 87
685696697 1 43781 R 8.0 7 3 0 88
706149438 1 45090 R 12.0 7 4 0 89
706473105 1 45111 R 11.0 7 4 2 90
706761776 1 45129 R 13.0 7 4 1 91
709931597 1 45332 R 9.0 7 3 0 92
713126828 1 45537 R 7.0 7 2 1 93
713435389 1 45557 R 5.0 7 2 0 94
713550871 1 45564 R 3.0 7 1 0 95
713960408 1 45590 R 2.0 7 1 0 96
730586827 1 46654 R 12.0 8 4 0 97
730910589 1 46675 R 11.0 8 4 2 98
731199350 1 46693 R 13.0 8 4 1 99
731605256 1 46719 R 6.0 8 2 0 100
750541111 1 47931 R 9.0 8 3 0 101
752345747 1 48047 R 7.0 8 2 1 102
752654337 1 48067 R 5.0 8 2 0 103
752769813 1 48074 R 3.0 8 1 0 104
753179385 1 48100 R 2.0 8 1 0 105
772795138 1 49356 R 4.0 8 1 0 106
777874646 1 49681 R 10.0 8 3 1 107
780978403 1 49879 R 8.0 8 3 0 108
785480114 1 50167 R 6.0 9 2 0 109
791218211 1 50535 R 10.0 9 3 1 110
797107618 1 50912 R 4.0 9 1 0 111
803243719 1 51304 R 8.0 9 3 0 112
820837551 1 52430 R 9.0 9 3 0 113
821032988 1 52443 R 7.0 9 2 1 114
821341700 1 52463 R 5.0 9 2 0 115
821457322 1 52470 R 3.0 9 1 0 116
821866885 1 52496 R 2.0 9 1 0 117
826008902 1 52761 R 12.0 9 4 0 118
826332690 1 52782 R 11.0 9 4 2 119
826621280 1 52800 R 13.0 9 4 1 120
849368558 1 54256 R 12.0 10 4 0 121
849692184 1 54277 R 11.0 10 4 2 122
849980846 1 54295 R 13.0 10 4 1 123
850267763 1 54314 R 7.0 10 2 1 124
850576303 1 54334 R 5.0 10 2 0 125
850691928 1 54341 R 3.0 10 1 0 126
851101563 1 54367 R 2.0 10 1 0 127
862904709 1 55123 R 4.0 10 1 0 128
866199153 1 55333 R 6.0 10 2 0 129
878265448 1 56106 R 10.0 10 3 1 130
884572439 1 56509 R 9.0 10 3 0 131
898791133 1 57419 R 8.0 10 3 0 132
928111469 1 59296 R 7.0 11 2 1 133
928419913 1 59316 R 5.0 11 2 0 134
928469505 1 59319 R 4.0 11 1 1 135
928535676 1 59323 R 3.0 11 1 0 136
928945152 1 59349 R 2.0 11 1 0 137
935416136 1 59763 R 9.0 11 3 0 138
941749821 1 60169 R 10.0 11 3 1 139
952667849 1 60867 R 6.0 11 2 0 140
953415485 1 60915 R 12.0 11 4 0 141
953739312 1 60936 R 11.0 11 4 2 142
954027866 1 60954 R 13.0 11 4 1 143
961322454 1 61421 R 8.0 11 3 0 144
966094294 1 61727 R 10.0 12 3 2 145
966151033 1 61730 R 12.0 12 4 3 146
966426563 1 61748 R 11.0 12 4 2 147
966715210 1 61766 R 13.0 12 4 1 148
973029712 1 62171 R 4.0 12 1 0 149
984745969 1 62920 R 6.0 12 2 0 150
995408497 1 63603 R 7.0 12 2 1 151
995717075 1 63623 R 5.0 12 2 0 152
995832567 1 63630 R 3.0 12 1 0 153
996242199 1 63656 R 2.0 12 1 0 154
1003213253 1 64102 R 9.0 12 3 0 155
1003603433 1 64127 R 8.0 12 3 0 156
1042337168 1 66606 R 12.0 13 4 0 157
1042660899 1 66627 R 11.0 13 4 2 158
1042949585 1 66645 R 13.0 13 4 1 159
1044587879 1 66750 R 8.0 13 3 0 160
1050640610 1 67138 R 10.0 13 3 1 161
1050900604 1 67154 R 9.0 13 3 0 162
1052592346 1 67263 R 4.0 13 1 0 163
1065761725 1 68105 R 6.0 13 2 0 164
1073096170 1 68575 R 7.0 13 2 1 165
1073404710 1 68595 R 5.0 13 2 0 166
1073520188 1 68602 R 3.0 13 1 0 167
1073929830 1 68628 R 2.0 13 1 0 168
1084744122 1 69320 R 8.0 14 3 0 169
1105884953 1 70673 R 9.0 14 3 0 170
1109328249 1 70894 R 10.0 14 3 1 171
1127924125 1 72084 R 7.0 14 2 1 172
1128232833 1 72104 R 5.0 14 2 0 173
1128348202 1 72111 R 3.0 14 1 0 174
1128757809 1 72137 R 2.0 14 1 0 175
1131154853 1 72291 R 4.0 14 1 0 176
1137774998 1 72714 R 12.0 14 4 0 177
1138098737 1 72735 R 11.0 14 4 2 178
1138387272 1 72753 R 13.0 14 4 1 179
1141183654 1 72932 R 6.0 14 2 0 180
1159384746 1 74097 R 8.0 15 3 0 181
1168717215 1 74695 R 4.0 15 1 0 182
1169861529 1 74768 R 7.0 15 2 1 183
1170169940 1 74788 R 5.0 15 2 0 184
1170285687 1 74795 R 3.0 15 1 0 185
1170695317 1 74821 R 2.0 15 1 0 186
1181558512 1 75516 R 6.0 15 2 0 187
1191015454 1 76122 R 10.0 15 3 1 188
1191275552 1 76138 R 9.0 15 3 0 189
1198947021 1 76629 R 12.0 15 4 0 190
1199270734 1 76650 R 11.0 15 4 2 191
1199559285 1 76668 R 13.0 15 4 1 192
1209499722 1 77305 R 10.0 16 3 1 193
1209759892 1 77321 R 9.0 16 3 0 194
1212324084 1 77485 R 6.0 16 2 0 195
1225279757 1 78315 R 4.0 16 1 0 196
1235056208 1 78940 R 12.0 16 4 0 197
1235379983 1 78961 R 11.0 16 4 2 198
1235668645 1 78979 R 13.0 16 4 1 199
1237166153 1 79075 R 8.0 16 3 0 200
1240158686 1 79267 R 7.0 16 2 1 201
1240467216 1 79287 R 5.0 16 2 0 202
1240582705 1 79294 R 3.0 16 1 0 203
1240992239 1 79320 R 2.0 16 1 0 204
1267843481 1 81039 R 10.0 17 3 1 205
1268103624 1 81055 R 9.0 17 3 0 206
1287607909 1 82304 R 4.0 17 1 0 207
1302852791 1 83279 R 12.0 17 4 0 208
1303176650 1 83300 R 11.0 17 4 2 209
1303465213 1 83318 R 13.0 17 4 1 210
1303892854 1 83346 R 7.0 17 2 1 211
1304201293 1 83366 R 5.0 17 2 0 212
1304316911 1 83373 R 3.0 17 1 0 213
1304697367 1 83397 R 8.0 17 3 0 214
1304730314 1 83399 R 2.0 17 1 0 215
1317199352 1 84197 R 6.0 17 2 0 216
1347652072 1 86146 R 6.0 18 2 0 217
1354736469 1 86600 R 7.0 18 2 1 218
1355044909 1 86620 R 5.0 18 2 0 219
1355160674 1 86627 R 3.0 18 1 0 220
1355570153 1 86653 R 2.0 18 1 0 221
1355978404 1 86679 R 8.0 18 3 0 222
1362087195 1 87070 R 12.0 18 4 0 223
1362411037 1 87091 R 11.0 18 4 2 224
1362699654 1 87109 R 13.0 18 4 1 225
1379390445 1 88178 R 10.0 18 3 1 226
1379439480 1 88181 R 4.0 18 1 2 227
1379650564 1 88194 R 9.0 18 3 0 228
1404967078 1 89815 R 4.0 19 1 0 229
1419542609 1 90747 R 6.0 19 2 0 230
1422533349 1 90939 R 7.0 19 2 1 231
1422841788 1 90959 R 5.0 19 2 0 232
1422957549 1 90966 R 3.0 19 1 0 233
1423367027 1 90992 R 2.0 19 1 0 234
1435509059 1 91769 R 12.0 19 4 0 235
1435832930 1 91790 R 11.0 19 4 2 236
1436121633 1 91808 R 13.0 19 4 1 237
1437009884 1 91865 R 8.0 19 3 0 238
1438077856 1 91934 R 10.0 19 3 1 239
1438338082 1 91950 R 9.0 19 3 0 240
1444761441 1 92361 R 6.0 20 2 0 241
1459812182 1 93325 R 10.0 20 3 1 242
1460072313 1 93341 R 9.0 20 3 0 243
1462951587 1 93526 R 4.0 20 1 0 244
1465696541 1 93701 R 12.0 20 4 0 245
1470645057 1 94018 R 3.0 20 1 0 246
1471054683 1 94044 R 2.0 20 1 0 247
1471776533 1 94090 R 7.0 20 2 100 248
1471826839 1 94094 R 5.0 20 2 83 249
1473342831 1 94191 R 8.0 20 3 485 250
1477891395 1 94482 R 11.0 20 4 761 251
1478905516 1 94547 R 13.0 20 4 808 252
1523212721 1 97382 R 8.0 21 3 0 253
1525205226 1 97510 R 7.0 21 2 1 254
1525513662 1 97530 R 5.0 21 2 0 255
1525629429 1 97537 R 3.0 21 1 0 256
1526038901 1 97563 R 2.0 21 1 0 257
1526655925 1 97603 R 10.0 21 3 1 258
1526916118 1 97619 R 9.0 21 3 0 259
1541092217 1 98527 R 4.0 21 1 0 260
1541964735 1 98582 R 6.0 21 2 0 261
1550915595 1 99155 R 12.0 21 4 0 262
1551239332 1 99176 R 11.0 21 4 2 263
1551527890 1 99194 R 13.0 21 4 1 264
1567545181 1 100220 R 8.0 22 3 0 265
1569405351 1 100339 R 12.0 22 4 0 266
1569729395 1 100359 R 11.0 22 4 0 267
1570017924 1 100378 R 13.0 22 4 3 268
1571646193 1 100482 R 7.0 22 2 1 269
1571954689 1 100502 R 5.0 22 2 0 270
1572069039 1 100509 R 3.0 22 1 0 271
1572478645 1 100535 R 2.0 22 1 0 272
1584561806 1 101309 R 6.0 22 2 0 273
1607656922 1 102787 R 4.0 22 1 0 274
1613598031 1 103167 R 10.0 22 3 2 275
1613858248 1 103184 R 9.0 22 3 0 276
1623905408 1 103827 R 6.0 23 2 0 277
1627748951 1 104073 R 12.0 23 4 0 278
1628072792 1 104093 R 11.0 23 4 0 279
1628361570 1 104112 R 13.0 23 4 3 280
1644144899 1 105122 R 10.0 23 3 2 281
1651391183 1 105586 R 4.0 23 1 0 282
1652279690 1 105643 R 8.0 23 3 0 283
1657951995 1 106006 R 9.0 23 3 0 284
1658568169 1 106045 R 7.0 23 2 1 285
1658876698 1 106065 R 5.0 23 2 0 286
1658990959 1 106072 R 3.0 23 1 0 287
1659400554 1 106098 R 2.0 23 1 0 288
1689686597 1 108037 R 12.0 24 4 0 289
1690010642 1 108057 R 11.0 24 4 0 290
1690299167 1 108076 R 13.0 24 4 3 291
1707286781 1 109163 R 7.0 24 2 1 292
1707595309 1 109183 R 5.0 24 2 0 293
1707709642 1 109190 R 3.0 24 1 0 294
1708119236 1 109216 R 2.0 24 1 0 295
1710936236 1 109397 R 8.0 24 3 0 296
1733389503 1 110834 R 9.0 24 3 0 297
1733999306 1 110873 R 6.0 24 2 0 298
1736203890 1 111014 R 4.0 24 1 0 299
1742832707 1 111438 R 10.0 24 3 2 300
1745521170 1 111610 R 7.0 25 2 1 301
1745829619 1 111630 R 5.0 25 2 0 302
1745944008 1 111637 R 3.0 25 1 0 303
1746353608 1 111663 R 2.0 25 1 0 304
1780016199 1 113818 R 4.0 25 1 0 305
1784732968 1 114120 R 9.0 25 3 0 306
1791301172 1 114540 R 10.0 25 3 2 307
1792342485 1 114607 R 8.0 25 3 0 308
1797983907 1 114968 R 12.0 25 4 0 309
1798307662 1 114988 R 11.0 25 4 0 310
1798596343 1 115007 R 13.0 25 4 3 311
1802671176 1 115268 R 6.0 25 2 0 312
1809364911 1 115696 R 7.0 26 2 1 313
1809673345 1 115716 R 5.0 26 2 0 314
1809787722 1 115723 R 3.0 26 1 0 315
1810197330 1 115749 R 2.0 26 1 0 316
1811906801 1 115859 R 4.0 26 1 0 317
1819718140 1 116359 R 12.0 26 4 0 318
1820041895 1 116379 R 11.0 26 4 0 319
1820330455 1 116398 R 13.0 26 4 3 320
1824780124 1 116683 R 9.0 26 3 0 321
1832488808 1 117176 R 10.0 26 3 2 322
1842498733 1 117817 R 8.0 26 3 0 323
1848890073 1 118226 R 6.0 26 2 0 324
1867764789 1 119434 R 6.0 27 2 0 325
1873264362 1 119786 R 9.0 27 3 0 326
1885207414 1 120550 R 10.0 27 3 2 327
1911701715 1 122246 R 8.0 27 3 0 328
1913640014 1 122370 R 12.0 27 4 0 329
1913963796 1 122390 R 11.0 27 4 0 330
1914252316 1 122409 R 13.0 27 4 3 331
1918302582 1 122668 R 7.0 27 2 1 332
1918611229 1 122688 R 5.0 27 2 0 333
1918725365 1 122695 R 3.0 27 1 0 334
1919134940 1 122721 R 2.0 27 1 0 335
1919735154 1 122760 R 4.0 27 1 0 336
1937060948 1 123869 R 8.0 28 3 0 337
1937701862 1 123910 R 9.0 28 3 0 338
1941047417 1 124124 R 4.0 28 1 0 339
1943349285 1 124271 R 7.0 28 2 1 340
1943657706 1 124291 R 5.0 28 2 0 341
1943772148 1 124298 R 3.0 28 1 0 342
1944181750 1 124324 R 2.0 28 1 0 343
1960968059 1 125399 R 6.0 28 2 0 344
1968894920 1 125906 R 10.0 28 3 2 345
1973499417 1 126201 R 12.0 28 4 0 346
1973823283 1 126221 R 11.0 28 4 0 347
1974111818 1 126240 R 13.0 28 4 3 348
2008013920 1 128410 R 8.0 29 3 0 349
2009594238 1 128511 R 4.0 29 1 0 350
2017592703 1 129023 R 12.0 29 4 0 351
2017916693 1 129043 R 11.0 29 4 0 352
2018205318 1 129062 R 13.0 29 4 3 353
2020608531 1 129216 R 6.0 29 2 0 354
2031582413 1 129918 R 10.0 29 3 2 355
2033139354 1 130018 R 9.0 29 3 0 356
2040833806 1 130510 R 7.0 29 2 1 357
2041142356 1 130530 R 5.0 29 2 0 358
2041256598 1 130537 R 3.0 29 1 0 359
2041666170 1 130563 R 2.0 29 1 0 360
2045888930 1 130834 R 8.0 30 3 0 361
2053014721 1 131290 R 12.0 30 4 0 362
2053338671 1 131310 R 11.0 30 4 0 363
2053627431 1 131329 R 13.0 30 4 3 364
2059316926 1 131693 R 10.0 30 3 2 365
2059577003 1 131710 R 9.0 30 3 0 366
2068672631 1 132292 R 4.0 30 1 0 367
2081505868 1 133113 R 7.0 30 2 1 368
2081814480 1 133133 R 5.0 30 2 0 369
2081928634 1 133140 R 3.0 30 1 0 370
2082338234 1 133166 R 2.0 30 1 0 371
2086483822 1 133432 R 6.0 30 2 0 372
2112693040 1 135109 R 7.0 31 2 1 373
2113001575 1 135129 R 5.0 31 2 0 374
2113115867 1 135136 R 3.0 31 1 0 375
2113525467 1 135162 R 2.0 31 1 0 376
2119202430 1 135526 R 6.0 31 2 0 377
2122985435 1 135768 R 4.0 31 1 0 378
2123498734 1 135801 R 9.0 31 3 0 379
2141957550 1 136982 R 10.0 31 3 2 380
2144374530 1 137137 R 12.0 31 4 0 381
2144698426 1 137157 R 11.0 31 4 0 382
2144986962 1 137176 R 13.0 31 4 3 383
2154530126 1 137787 R 8.0 31 3 0 384
2165191785 1 138469 R 10.0 32 3 2 385
2173655560 1 139011 R 6.0 32 2 0 386
2174545470 1 139068 R 8.0 32 3 0 387
2184421407 1 139700 R 12.0 32 4 0 388
2184745335 1 139720 R 11.0 32 4 0 389
2185033983 1 139739 R 13.0 32 4 3 390
2191686521 1 140165 R 9.0 32 3 0 391
2196298041 1 140460 R 4.0 32 1 0 392
2204052564 1 140956 R 7.0 32 2 1 393
2204361123 1 140976 R 5.0 32 2 0 394
2204475335 1 140983 R 3.0 32 1 0 395
2204884942 1 141009 R 2.0 32 1 0 396
2244099298 1 143519 R 7.0 33 2 1 397
2244407829 1 143539 R 5.0 33 2 0 398
2244522119 1 143546 R 3.0 33 1 0 399
2244931716 1 143572 R 2.0 33 1 0 400
2245108905 1 143584 R 12.0 33 4 0 401
2245432799 1 143604 R 11.0 33 4 0 402
2245721474 1 143623 R 13.0 33 4 3 403
2256610513 1 144320 R 4.0 33 1 0 404
2265030692 1 144859 R 6.0 33 2 0 405
2266613800 1 144960 R 10.0 33 3 2 406
2278561377 1 145725 R 8.0 33 3 0 407
2281905269 1 145939 R 9.0 33 3 0 408
2292583663 1 146622 R 7.0 34 2 1 409
2292892197 1 146642 R 5.0 34 2 0 410
2293006491 1 146649 R 3.0 34 1 0 411
2293416102 1 146675 R 2.0 34 1 0 412
2297343423 1 146927 R 12.0 34 4 0 413
2297667187 1 146947 R 11.0 34 4 0 414
2297955738 1 146966 R 13.0 34 4 3 415
2300332718 1 147118 R 10.0 34 3 2 416
2324889669 1 148690 R 9.0 34 3 0 417
2326967623 1 148823 R 8.0 34 3 0 418
2327126158 1 148833 R 4.0 34 1 0 419
2332124448 1 149153 R 6.0 34 2 0 420
2357021174 1 150746 R 7.0 35 2 1 421
2357329860 1 150766 R 5.0 35 2 0 422
2357444018 1 150773 R 3.0 35 1 0 423
2357853623 1 150799 R 2.0 35 1 0 424
2358235454 1 150824 R 4.0 35 1 0 425
2381640074 1 152322 R 6.0 35 2 0 426
2382019921 1 152346 R 10.0 35 3 2 427
2388123621 1 152737 R 8.0 35 3 0 428
2392780788 1 153035 R 12.0 35 4 0 429
2393104703 1 153055 R 11.0 35 4 0 430
2393393369 1 153074 R 13.0 35 4 3 431
