253545727 1 16124 R 10.0 0 3 1 1
253617966 1 16128 R 8.0 0 3 0 2
259977951 1 16535 R 9.0 0 3 0 3
262227373 1 16679 R 12.0 0 4 0 4
262551399 1 16700 R 11.0 0 4 1 5
262839813 1 16718 R 13.0 0 4 1 6
279182627 1 17764 R 6.0 0 2 0 7
279231209 1 17768 R 7.0 0 2 1 8
279310137 1 17773 R 4.0 0 1 0 9
279528970 1 17787 R 5.0 0 2 0 10
279644591 1 17794 R 3.0 0 1 0 11
280054030 1 17820 R 2.0 0 1 0 12
289447031 1 18421 R 6.0 1 2 0 13
290203908 1 18470 R 7.0 1 2 1 14
290512568 1 18490 R 5.0 1 2 0 15
290628058 1 18497 R 3.0 1 1 0 16
291037693 1 18523 R 2.0 1 1 0 17
293024102 1 18650 R 9.0 1 3 0 18
301523703 1 19194 R 8.0 1 3 0 19
308371928 1 19633 R 4.0 1 1 0 20
319654627 1 20355 R 10.0 1 3 1 21
319914153 1 20371 R 12.0 1 4 0 22
320238144 1 20392 R 11.0 1 4 2 23
320526383 1 20410 R 13.0 1 4 0 24
326375781 1 20785 R 7.0 2 2 1 25
326684238 1 20805 R 5.0 2 2 0 26
326799919 1 20812 R 3.0 2 1 0 27
327209494 1 20838 R 2.0 2 1 0 28
330900321 1 21074 R 6.0 2 2 0 29
332434246 1 21173 R 4.0 2 1 0 30
343882920 1 21905 R 12.0 2 4 0 31
344206690 1 21926 R 11.0 2 4 2 32
344494992 1 21944 R 13.0 2 4 0 33
346248516 1 22057 R 10.0 2 3 1 34
346508809 1 22073 R 9.0 2 3 0 35
348602037 1 22207 R 8.0 2 3 0 36
369485163 1 23544 R 7.0 3 2 1 37
369793804 1 23564 R 5.0 3 2 0 38
369909318 1 23571 R 3.0 3 1 0 39
370275333 1 23594 R 6.0 3 2 0 40
370319624 1 23597 R 2.0 3 1 0 41
384742268 1 24520 R 12.0 3 4 0 42
385065928 1 24541 R 11.0 3 4 2 43
385354367 1 24559 R 13.0 3 4 0 44
385794107 1 24588 R 4.0 3 1 0 45
390685875 1 24901 R 10.0 3 3 1 46
390946282 1 24917 R 9.0 3 3 0 47
393586320 1 25086 R 8.0 3 3 0 48
405650113 1 25858 R 6.0 4 2 0 49
409742285 1 26120 R 8.0 4 3 0 50
422106574 1 26912 R 4.0 4 1 0 51
428283029 1 27307 R 7.0 4 2 1 52
428331898 1 27310 R 12.0 4 4 2 53
428529480 1 27323 R 10.0 4 3 1 54
428706200 1 27334 R 3.0 4 1 0 55
429115844 1 27360 R 2.0 4 1 0 56
436510715 1 27833 R 11.0 4 4 507 57
436561737 1 27837 R 9.0 4 3 497 58
439672188 1 28036 R 13.0 4 4 690 59
445879301 1 28433 R 5.0 4 2 1108 60
446976282 1 28503 R 12.0 5 4 1 61
447300158 1 28524 R 11.0 5 4 1 62
447588742 1 28542 R 13.0 5 4 1 63
453434145 1 28916 R 6.0 5 2 1 64
455826500 1 29070 R 10.0 5 3 1 65
455903463 1 29075 R 4.0 5 1 0 66
466383817 1 29745 R 9.0 5 3 1 67
467750791 1 29833 R 7.0 5 2 1 68
468174940 1 29860 R 3.0 5 1 0 69
468278173 1 29867 R 5.0 5 2 0 70
468584585 1 29886 R 2.0 5 1 0 71
477945766 1 30485 R 8.0 5 3 1 72
490309722 1 31277 R 4.0 6 1 0 73
492702133 1 31430 R 5.0 6 2 0 74
492768697 1 31434 R 3.0 6 1 0 75
493445228 1 31477 R 12.0 6 4 1 76
493769211 1 31498 R 11.0 6 4 1 77
494057506 1 31516 R 13.0 6 4 1 78
495775876 1 31626 R 6.0 6 2 1 79
508555601 1 32444 R 9.0 6 3 1 80
508612652 1 32448 R 10.0 6 3 2 81
510360156 1 32560 R 7.0 6 2 1 82
511193958 1 32613 R 2.0 6 1 0 83
515226889 1 32871 R 8.0 6 3 1 84
525404624 1 33523 R 10.0 7 3 1 85
525665024 1 33539 R 9.0 7 3 1 86
526657023 1 33603 R 7.0 7 2 1 87
527490788 1 33656 R 2.0 7 1 0 88
528637880 1 33730 R 4.0 7 1 0 89
528869625 1 33744 R 6.0 7 2 1 90
530621935 1 33857 R 5.0 7 2 1 91
542258652 1 34601 R 8.0 7 3 1 92
549471964 1 35063 R 3.0 7 1 0 93
559554831 1 35708 R 12.0 7 4 1 94
559878790 1 35729 R 11.0 7 4 1 95
560167480 1 35747 R 13.0 7 4 1 96
566201501 1 36134 R 10.0 8 3 1 97
567385251 1 36209 R 6.0 8 2 1 98
569399143 1 36338 R 8.0 8 3 1 99
572344781 1 36527 R 7.0 8 2 1 100
573178537 1 36580 R 2.0 8 1 0 101
578809792 1 36941 R 5.0 8 2 1 102
582441392 1 37173 R 3.0 8 1 0 103
586148782 1 37410 R 12.0 8 4 1 104
586472561 1 37431 R 11.0 8 4 1 105
586761125 1 37449 R 13.0 8 4 1 106
590259330 1 37673 R 9.0 8 3 1 107
600575799 1 38334 R 4.0 8 1 0 108
610313552 1 38957 R 7.0 9 2 1 109
611147302 1 39010 R 2.0 9 1 0 110
613889700 1 39186 R 10.0 9 3 1 111
618821711 1 39501 R 12.0 9 4 1 112
619145336 1 39522 R 11.0 9 4 1 113
619433756 1 39540 R 13.0 9 4 2 114
622697436 1 39749 R 9.0 9 3 1 115
622842131 1 39759 R 4.0 9 1 0 116
628420110 1 40116 R 5.0 9 2 0 117
629572421 1 40189 R 8.0 9 3 1 118
640089681 1 40862 R 6.0 9 2 1 119
641754641 1 40969 R 3.0 9 1 0 120
645045331 1 41180 R 4.0 10 1 0 121
648973596 1 41431 R 3.0 10 1 0 122
655716919 1 41863 R 5.0 10 2 0 123
661033375 1 42203 R 7.0 10 2 1 124
661867072 1 42256 R 2.0 10 1 0 125
665119260 1 42464 R 9.0 10 3 1 126
668431213 1 42676 R 12.0 10 4 1 127
668754787 1 42697 R 11.0 10 4 1 128
669043334 1 42715 R 13.0 10 4 2 129
677230461 1 43239 R 6.0 10 2 1 130
677874724 1 43281 R 10.0 10 3 1 131
679463082 1 43382 R 8.0 10 3 1 132
684058455 1 43676 R 6.0 11 2 1 133
695728116 1 44423 R 12.0 11 4 1 134
696051520 1 44444 R 11.0 11 4 1 135
696340211 1 44462 R 13.0 11 4 2 136
698791188 1 44619 R 8.0 11 3 1 137
699046700 1 44636 R 10.0 11 3 1 138
708451443 1 45238 R 5.0 11 2 0 139
710267864 1 45354 R 7.0 11 2 1 140
711101550 1 45407 R 2.0 11 1 0 141
719395526 1 45938 R 3.0 11 1 0 142
720217358 1 45991 R 4.0 11 1 0 143
720838398 1 46030 R 9.0 11 3 1 144
724572439 1 46269 R 9.0 12 3 1 145
733739223 1 46856 R 3.0 12 1 0 146
747402208 1 47730 R 6.0 12 2 1 147
748111508 1 47776 R 7.0 12 2 1 148
748196949 1 47781 R 12.0 12 4 1 149
748520706 1 47802 R 11.0 12 4 1 150
748809118 1 47820 R 13.0 12 4 2 151
748945310 1 47829 R 2.0 12 1 0 152
757373459 1 48369 R 5.0 12 2 0 153
758265360 1 48426 R 10.0 12 3 1 154
760920481 1 48596 R 4.0 12 1 0 155
761322660 1 48621 R 8.0 12 3 1 156
764212898 1 48806 R 8.0 13 3 1 157
765306060 1 48876 R 12.0 13 4 1 158
765629781 1 48897 R 11.0 13 4 1 159
765918337 1 48915 R 13.0 13 4 2 160
775408488 1 49523 R 7.0 13 2 1 161
776242027 1 49576 R 2.0 13 1 0 162
788232839 1 50344 R 5.0 13 2 0 163
795416431 1 50803 R 9.0 13 3 1 164
797357863 1 50928 R 4.0 13 1 0 165
801749700 1 51209 R 10.0 13 3 1 166
802777334 1 51274 R 6.0 13 2 1 167
802835392 1 51278 R 3.0 13 1 1 168
806093422 1 51487 R 10.0 14 3 1 169
811751651 1 51849 R 5.0 14 2 101 170
811802793 1 51852 R 6.0 14 2 362 171
828142710 1 52898 R 7.0 14 2 1 172
828976402 1 52951 R 2.0 14 1 0 173
829899711 1 53010 R 12.0 14 4 1 174
830223397 1 53031 R 11.0 14 4 1 175
830511934 1 53049 R 13.0 14 4 2 176
831369288 1 53104 R 8.0 14 3 1 177
832795340 1 53196 R 4.0 14 1 0 178
837442361 1 53493 R 3.0 14 1 0 179
842009938 1 53785 R 9.0 14 3 1 180
843232702 1 53864 R 4.0 15 1 0 181
844986332 1 53976 R 7.0 15 2 1 182
845820152 1 54029 R 2.0 15 1 0 183
849571683 1 54269 R 12.0 15 4 1 184
849895274 1 54290 R 11.0 15 4 1 185
850183877 1 54308 R 13.0 15 4 2 186
853072361 1 54493 R 8.0 15 3 1 187
862187322 1 55077 R 10.0 15 3 1 188
864681857 1 55236 R 9.0 15 3 1 189
866246103 1 55336 R 6.0 15 2 1 190
880467212 1 56247 R 5.0 15 2 0 191
881957979 1 56342 R 3.0 15 1 0 192
884201152 1 56486 R 5.0 16 2 0 193
890180959 1 56868 R 12.0 16 4 1 194
890504641 1 56889 R 11.0 16 4 1 195
890793095 1 56907 R 13.0 16 4 2 196
890900564 1 56914 R 9.0 16 3 1 197
905261583 1 57833 R 6.0 16 2 1 198
905353635 1 57839 R 8.0 16 3 1 199
907924105 1 58004 R 7.0 16 2 1 200
908757799 1 58057 R 2.0 16 1 0 201
908802453 1 58060 R 3.0 16 1 0 202
912154852 1 58275 R 4.0 16 1 0 203
915609131 1 58496 R 10.0 16 3 1 204
929327806 1 59374 R 10.0 17 3 1 205
932785996 1 59595 R 3.0 17 1 0 206
933470867 1 59639 R 7.0 17 2 1 207
934119031 1 59680 R 8.0 17 3 1 208
934304526 1 59692 R 2.0 17 1 0 209
945884947 1 60433 R 9.0 17 3 1 210
955045055 1 61020 R 5.0 17 2 0 211
957107843 1 61152 R 4.0 17 1 0 212
960136636 1 61345 R 6.0 17 2 1 213
960477981 1 61367 R 12.0 17 4 1 214
960801680 1 61388 R 11.0 17 4 1 215
961090235 1 61406 R 13.0 17 4 2 216
963457848 1 61558 R 3.0 18 1 0 217
964212173 1 61606 R 12.0 18 4 1 218
964535765 1 61627 R 11.0 18 4 1 219
964824300 1 61645 R 13.0 18 4 2 220
972062181 1 62109 R 10.0 18 3 1 221
972322440 1 62125 R 9.0 18 3 1 222
978105334 1 62495 R 6.0 18 2 1 223
984439740 1 62901 R 7.0 18 2 1 224
985273441 1 62954 R 2.0 18 1 0 225
987529858 1 63099 R 4.0 18 1 0 226
1001639072 1 64002 R 5.0 18 2 0 227
1002025458 1 64026 R 8.0 18 3 1 228
1005888938 1 64274 R 4.0 19 1 0 229
1015103375 1 64863 R 8.0 19 3 1 230
1018983915 1 65112 R 10.0 19 3 1 231
1019980327 1 65175 R 6.0 19 2 1 232
1022076442 1 65310 R 5.0 19 2 0 233
1030799110 1 65868 R 7.0 19 2 1 234
1031632806 1 65921 R 2.0 19 1 0 235
1034301744 1 66092 R 3.0 19 1 0 236
1035055950 1 66140 R 12.0 19 4 1 237
1035379644 1 66161 R 11.0 19 4 1 238
1035668239 1 66179 R 13.0 19 4 2 239
1041166430 1 66531 R 9.0 19 3 1 240
1047702661 1 66950 R 10.0 20 3 1 241
1047963042 1 66966 R 9.0 20 3 1 242
1059134870 1 67681 R 8.0 20 3 1 243
1065855337 1 68111 R 6.0 20 2 1 244
1070864227 1 68432 R 3.0 20 1 0 245
1074736635 1 68680 R 7.0 20 2 1 246
1075498337 1 68729 R 5.0 20 2 0 247
1075570330 1 68733 R 2.0 20 1 0 248
1081650002 1 69122 R 12.0 20 4 1 249
1081973535 1 69143 R 11.0 20 4 1 250
1082261950 1 69161 R 13.0 20 4 2 251
1082904851 1 69203 R 4.0 20 1 0 252
1085937084 1 69397 R 10.0 21 3 1 253
1089217067 1 69607 R 5.0 21 2 0 254
1091092214 1 69727 R 4.0 21 1 0 255
1103432074 1 70516 R 9.0 21 3 1 256
1104321949 1 70573 R 12.0 21 4 1 257
1104645702 1 70594 R 11.0 21 4 1 258
1104934126 1 70612 R 13.0 21 4 2 259
1106775805 1 70730 R 8.0 21 3 1 260
1108958125 1 70870 R 3.0 21 1 0 261
1120183648 1 71588 R 6.0 21 2 1 262
1121330523 1 71662 R 7.0 21 2 1 263
1122164206 1 71715 R 2.0 21 1 0 264
1125674121 1 71940 R 7.0 22 2 1 265
1126507664 1 71993 R 2.0 22 1 0 266
1130540630 1 72251 R 12.0 22 4 1 267
1130864180 1 72272 R 11.0 22 4 1 268
1131152730 1 72290 R 13.0 22 4 2 269
1131951446 1 72342 R 5.0 22 2 0 270
1134701625 1 72518 R 4.0 22 1 0 271
1146067394 1 73245 R 3.0 22 1 0 272
1148447586 1 73397 R 8.0 22 3 1 273
1150041473 1 73499 R 9.0 22 3 1 274
1150359386 1 73520 R 10.0 22 3 1 275
1158449269 1 74037 R 6.0 22 2 1 276
1163902234 1 74386 R 6.0 23 2 1 277
1164364226 1 74416 R 3.0 23 1 0 278
1169227982 1 74727 R 12.0 23 4 1 279
1169551540 1 74748 R 11.0 23 4 1 280
1169840277 1 74766 R 13.0 23 4 2 281
1170221031 1 74791 R 7.0 23 2 1 282
1171054694 1 74844 R 2.0 23 1 0 283
1178077952 1 75294 R 10.0 23 3 1 284
1178338309 1 75310 R 9.0 23 3 1 285
1178838228 1 75342 R 8.0 23 3 1 286
1199639238 1 76674 R 4.0 23 1 0 287
1200795490 1 76748 R 5.0 23 2 0 288
1206792846 1 77131 R 6.0 24 2 1 289
1207592214 1 77183 R 5.0 24 2 0 290
1207641303 1 77186 R 3.0 24 1 1 291
1208908492 1 77267 R 7.0 24 2 1 292
1209742199 1 77320 R 2.0 24 1 0 293
1211962465 1 77462 R 12.0 24 4 1 294
1212286324 1 77483 R 11.0 24 4 1 295
1212574757 1 77501 R 13.0 24 4 2 296
1219812328 1 77965 R 10.0 24 3 1 297
1220072691 1 77981 R 9.0 24 3 1 298
1221686104 1 78085 R 4.0 24 1 0 299
1232994546 1 78808 R 8.0 24 3 1 300
1246655969 1 79683 R 10.0 25 3 1 301
1246916209 1 79699 R 9.0 25 3 1 302
1251642849 1 80002 R 7.0 25 2 1 303
1252476561 1 80055 R 2.0 25 1 0 304
1256370989 1 80304 R 6.0 25 2 1 305
1258884416 1 80465 R 12.0 25 4 1 306
1259208098 1 80486 R 11.0 25 4 1 307
1259496617 1 80504 R 13.0 25 4 2 308
1263060962 1 80733 R 5.0 25 2 0 309
1264197655 1 80805 R 8.0 25 3 1 310
1266373607 1 80945 R 4.0 25 1 0 311
1281567513 1 81917 R 3.0 25 1 0 312
1287603014 1 82303 R 12.0 26 4 1 313
1287926659 1 82324 R 11.0 26 4 1 314
1288215133 1 82342 R 13.0 26 4 2 315
1298564740 1 83005 R 7.0 26 2 1 316
1299398439 1 83058 R 2.0 26 1 0 317
1299478700 1 83063 R 8.0 26 3 1 318
1302745968 1 83272 R 6.0 26 2 1 319
1314061104 1 83997 R 4.0 26 1 0 320
1319279708 1 84331 R 5.0 26 2 0 321
1320452943 1 84406 R 10.0 26 3 1 322
1320713284 1 84422 R 9.0 26 3 1 323
1321864352 1 84496 R 3.0 26 1 0 324
1325264085 1 84714 R 5.0 27 2 0 325
1325837543 1 84750 R 12.0 27 4 1 326
1326161039 1 84771 R 11.0 27 4 1 327
1326449603 1 84789 R 13.0 27 4 2 328
1327283470 1 84843 R 7.0 27 2 1 329
1328117181 1 84896 R 2.0 27 1 0 330
1329121103 1 84960 R 6.0 27 2 1 331
1341921695 1 85780 R 10.0 27 3 1 332
1342182043 1 85796 R 9.0 27 3 1 333
1348045480 1 86172 R 4.0 27 1 0 334
1359958123 1 86934 R 3.0 27 1 0 335
1360353929 1 86959 R 8.0 27 3 1 336
1364140302 1 87202 R 10.0 28 3 1 337
1364400547 1 87218 R 9.0 28 3 1 338
1365517858 1 87290 R 7.0 28 2 1 339
1366351572 1 87343 R 2.0 28 1 0 340
1370482855 1 87608 R 4.0 28 1 0 341
1386384948 1 88625 R 8.0 28 3 1 342
1389681341 1 88836 R 12.0 28 4 1 343
1390005074 1 88857 R 11.0 28 4 1 344
1390293507 1 88875 R 13.0 28 4 2 345
1394636788 1 89153 R 6.0 28 2 1 346
1400436130 1 89525 R 5.0 28 2 0 347
1401067507 1 89565 R 3.0 28 1 0 348
1405274994 1 89834 R 12.0 29 4 1 349
1405598535 1 89855 R 11.0 29 4 1 350
1405887007 1 89873 R 13.0 29 4 2 351
1406545197 1 89916 R 5.0 29 2 0 352
1418786119 1 90699 R 3.0 29 1 0 353
1426339737 1 91182 R 6.0 29 2 1 354
1429025581 1 91354 R 8.0 29 3 1 355
1429361662 1 91376 R 7.0 29 2 1 356
1430195332 1 91429 R 2.0 29 1 0 357
1433124826 1 91617 R 10.0 29 3 1 358
1433385179 1 91633 R 9.0 29 3 1 359
1439920483 1 92052 R 4.0 29 1 0 360
1444468432 1 92343 R 10.0 30 3 1 361
1444728692 1 92359 R 9.0 30 3 1 362
1444955366 1 92374 R 7.0 30 2 1 363
1445789061 1 92427 R 2.0 30 1 0 364
1446103690 1 92447 R 8.0 30 3 1 365
1465458009 1 93686 R 3.0 30 1 0 366
1466480500 1 93751 R 6.0 30 2 1 367
1472592359 1 94143 R 4.0 30 1 0 368
1480342220 1 94639 R 5.0 30 2 0 369
1480447106 1 94645 R 12.0 30 4 1 370
1480770855 1 94666 R 11.0 30 4 1 371
1481059317 1 94684 R 13.0 30 4 2 372
1483562326 1 94845 R 10.0 31 3 1 373
1483822462 1 94861 R 9.0 31 3 1 374
1499199180 1 95845 R 6.0 31 2 1 375
1501810956 1 96013 R 5.0 31 2 0 376
1503665816 1 96131 R 12.0 31 4 1 377
1503989451 1 96152 R 11.0 31 4 1 378
1504278004 1 96170 R 13.0 31 4 2 379
1506135191 1 96289 R 8.0 31 3 1 380
1507779856 1 96395 R 4.0 31 1 0 381
1520127299 1 97185 R 7.0 31 2 1 382
1520301884 1 97196 R 3.0 31 1 0 383
1520961092 1 97238 R 2.0 31 1 0 384
1523420198 1 97396 R 5.0 32 2 0 385
1540864239 1 98512 R 3.0 32 1 0 386
1543345995 1 98671 R 7.0 32 2 1 387
1544179691 1 98724 R 2.0 32 1 0 388
1547139105 1 98914 R 4.0 32 1 0 389
1549916213 1 99091 R 8.0 32 3 1 390
1552484202 1 99256 R 10.0 32 3 1 391
1552744551 1 99272 R 9.0 32 3 1 392
1553652511 1 99330 R 6.0 32 2 1 393
1561150239 1 99810 R 12.0 32 4 1 394
1561473990 1 99831 R 11.0 32 4 1 395
1561762426 1 99849 R 13.0 32 4 2 396
1564436090 1 100021 R 8.0 33 3 1 397
1581827514 1 101134 R 12.0 33 4 1 398
1582151459 1 101154 R 11.0 33 4 1 399
1582440085 1 101173 R 13.0 33 4 2 400
1583188230 1 101221 R 4.0 33 1 0 401
1585030556 1 101339 R 6.0 33 2 1 402
1585207848 1 101350 R 10.0 33 3 1 403
1585467800 1 101367 R 9.0 33 3 1 404
1600833830 1 102350 R 7.0 33 2 1 405
1601666190 1 102403 R 2.0 33 1 0 406
1602100695 1 102431 R 3.0 33 1 0 407
1602720438 1 102471 R 5.0 33 2 0 408
1604046149 1 102556 R 12.0 34 4 1 409
1604370017 1 102576 R 11.0 34 4 1 410
1604658527 1 102595 R 13.0 34 4 2 411
1607344415 1 102767 R 4.0 34 1 0 412
1608895040 1 102866 R 10.0 34 3 1 413
1609154973 1 102883 R 9.0 34 3 1 414
1621505538 1 103673 R 7.0 34 2 1 415
1621842618 1 103695 R 8.0 34 3 1 416
1622338065 1 103726 R 2.0 34 1 0 417
1625421318 1 103924 R 6.0 34 2 1 418
1631189241 1 104293 R 5.0 34 2 0 419
1640069493 1 104861 R 3.0 34 1 0 420
1643724277 1 105095 R 7.0 35 2 1 421
1644556721 1 105148 R 2.0 35 1 0 422
1652298299 1 105644 R 5.0 35 2 0 423
1657788137 1 105995 R 3.0 35 1 0 424
1667863656 1 106640 R 10.0 35 3 1 425
1667998586 1 106649 R 8.0 35 3 1 426
1668123730 1 106657 R 9.0 35 3 1 427
1673030633 1 106971 R 12.0 35 4 1 428
1673354676 1 106991 R 11.0 35 4 1 429
1673643207 1 107010 R 13.0 35 4 2 430
1677296318 1 107244 R 6.0 35 2 1 431
1679953959 1 107414 R 4.0 35 1 0 432
1684374288 1 107697 R 12.0 36 4 1 433
1684459973 1 107702 R 3.0 36 1 0 434
1684698284 1 107717 R 11.0 36 4 1 435
1684986690 1 107736 R 13.0 36 4 2 436
1686223180 1 107815 R 10.0 36 3 1 437
1686483132 1 107832 R 9.0 36 3 1 438
1688719502 1 107975 R 4.0 36 1 0 439
1692892321 1 108242 R 5.0 36 2 0 440
1712708806 1 109510 R 7.0 36 2 1 441
1713541190 1 109563 R 2.0 36 1 0 442
1714545748 1 109628 R 8.0 36 3 1 443
1717171462 1 109796 R 6.0 36 2 1 444
1723249303 1 110185 R 6.0 37 2 1 445
1723468137 1 110199 R 12.0 37 4 1 446
1723792046 1 110219 R 11.0 37 4 1 447
1724059484 1 110236 R 7.0 37 2 1 448
1724093145 1 110239 R 13.0 37 4 2 449
1724884941 1 110289 R 2.0 37 1 0 450
1736828870 1 111054 R 4.0 37 1 0 451
1739316937 1 111213 R 10.0 37 3 1 452
1739577007 1 111230 R 9.0 37 3 1 453
1744522574 1 111546 R 3.0 37 1 0 454
1757329836 1 112366 R 5.0 37 2 0 455
1758561376 1 112445 R 8.0 37 3 1 456
1763146157 1 112738 R 7.0 38 2 1 457
1763514214 1 112762 R 8.0 38 3 1 458
1763978619 1 112791 R 2.0 38 1 0 459
1781288105 1 113899 R 3.0 38 1 0 460
1785173306 1 114148 R 5.0 38 2 0 461
1792389892 1 114610 R 12.0 38 4 1 462
1792714051 1 114630 R 11.0 38 4 1 463
1793002310 1 114649 R 13.0 38 4 2 464
1795766399 1 114826 R 4.0 38 1 0 465
1797624481 1 114945 R 6.0 38 2 1 466
1803239704 1 115304 R 10.0 38 3 1 467
1803298524 1 115308 R 12.0 39 4 3 468
1803498874 1 115321 R 9.0 38 3 1 469
1803573286 1 115325 R 11.0 39 4 1 470
1803861669 1 115344 R 13.0 39 4 2 471
1805703826 1 115462 R 4.0 39 1 0 472
1811470387 1 115831 R 5.0 39 2 0 473
1828756878 1 116937 R 3.0 39 1 0 474
1828808148 1 116940 R 6.0 39 2 2 475
1832068184 1 117149 R 7.0 39 2 1 476
1832900568 1 117202 R 2.0 39 1 0 477
1833389238 1 117234 R 8.0 39 3 1 478
1841957553 1 117782 R 10.0 39 3 1 479
1842217624 1 117799 R 9.0 39 3 1 480
1842927549 1 117844 R 7.0 40 2 1 481
1843759870 1 117897 R 2.0 40 1 0 482
1845191833 1 117989 R 10.0 40 3 1 483
1845451856 1 118006 R 9.0 40 3 1 484
1848804243 1 118220 R 3.0 40 1 0 485
1853938941 1 118549 R 5.0 40 2 0 486
1854656988 1 118595 R 4.0 40 1 0 487
1864014934 1 119194 R 6.0 40 2 1 488
1877343131 1 120047 R 12.0 40 4 1 489
1877667226 1 120067 R 11.0 40 4 1 490
1877955701 1 120086 R 13.0 40 4 2 491
1880030128 1 120219 R 8.0 40 3 1 492
1885107967 1 120544 R 8.0 41 3 1 493
1895035548 1 121179 R 10.0 41 3 1 494
1895295615 1 121196 R 9.0 41 3 1 495
1896218055 1 121255 R 6.0 41 2 1 496
1904703692 1 121798 R 4.0 41 1 0 497
1905187028 1 121829 R 12.0 41 4 1 498
1905510783 1 121849 R 11.0 41 4 1 499
1905799334 1 121868 R 13.0 41 4 2 500
1913157969 1 122339 R 5.0 41 2 0 501
1917021177 1 122586 R 7.0 41 2 1 502
1917853690 1 122639 R 2.0 41 1 0 503
1920788663 1 122827 R 3.0 41 1 0 504
1923188001 1 122981 R 4.0 42 1 0 505
1924600973 1 123071 R 3.0 42 1 0 506
1928642470 1 123330 R 5.0 42 2 0 507
1931483764 1 123512 R 12.0 42 4 1 508
1931807552 1 123532 R 11.0 42 4 1 509
1932096189 1 123551 R 13.0 42 4 2 510
1940332417 1 124078 R 10.0 42 3 1 511
1944865846 1 124368 R 7.0 42 2 1 512
1944900230 1 124370 R 9.0 42 3 1 513
1945593196 1 124415 R 6.0 42 2 1 514
1945697441 1 124421 R 2.0 42 1 0 515
1946873733 1 124497 R 8.0 42 3 1 516
1968779845 1 125899 R 8.0 43 3 1 517
1971161797 1 126051 R 7.0 43 2 1 518
1971314363 1 126061 R 5.0 43 2 0 519
1971994216 1 126104 R 2.0 43 1 0 520
1973952516 1 126230 R 12.0 43 4 1 521
1974276408 1 126250 R 11.0 43 4 1 522
1974564811 1 126269 R 13.0 43 4 2 523
1987625794 1 127105 R 4.0 43 1 0 524
1988801323 1 127180 R 10.0 43 3 1 525
1989061531 1 127197 R 9.0 43 3 1 526
1998569906 1 127805 R 3.0 43 1 0 527
2000733832 1 127944 R 6.0 43 2 1 528
2006608406 1 128320 R 6.0 44 2 1 529
2007766120 1 128394 R 4.0 44 1 0 530
2013630523 1 128769 R 7.0 44 2 1 531
2014462907 1 128822 R 2.0 44 1 0 532
2015910384 1 128915 R 10.0 44 3 1 533
2016170462 1 128932 R 9.0 44 3 1 534
2018857964 1 129104 R 8.0 44 3 1 535
2021533230 1 129275 R 5.0 44 2 0 536
2033171257 1 130020 R 12.0 44 4 1 537
2033495040 1 130040 R 11.0 44 4 1 538
2033783682 1 130059 R 13.0 44 4 2 539
2039882369 1 130449 R 3.0 44 1 0 540
2046501853 1 130873 R 5.0 45 2 0 541
2048656064 1 131011 R 12.0 45 4 1 542
2048979819 1 131031 R 11.0 45 4 1 543
2049268489 1 131050 R 13.0 45 4 2 544
2056484108 1 131512 R 6.0 45 2 1 545
2061453874 1 131830 R 4.0 45 1 0 546
2064889357 1 132050 R 8.0 45 3 1 547
2066707973 1 132166 R 10.0 45 3 1 548
2066968051 1 132183 R 9.0 45 3 1 549
2072849576 1 132559 R 7.0 45 2 1 550
2073682008 1 132612 R 2.0 45 1 0 551
2082429385 1 133172 R 3.0 45 1 0 552
2087281801 1 133483 R 4.0 46 1 0 553
2090913619 1 133715 R 3.0 46 1 0 554
2091328082 1 133742 R 12.0 46 4 1 555
2091651597 1 133762 R 11.0 46 4 1 556
2091940103 1 133781 R 13.0 46 4 2 557
2094312230 1 133933 R 6.0 46 2 1 558
2102670340 1 134468 R 8.0 46 3 1 559
2119861451 1 135568 R 5.0 46 2 0 560
2121536942 1 135675 R 7.0 46 2 1 561
2122176732 1 135716 R 10.0 46 3 1 562
2122369316 1 135728 R 2.0 46 1 0 563
2122436802 1 135733 R 9.0 46 3 1 564
2124771182 1 135882 R 7.0 47 2 1 565
2125603690 1 135935 R 2.0 47 1 0 566
2126201731 1 135974 R 8.0 47 3 1 567
2132786106 1 136395 R 10.0 47 3 1 568
2133046175 1 136412 R 9.0 47 3 1 569
2134077855 1 136478 R 6.0 47 2 1 570
2138955204 1 136790 R 5.0 47 2 0 571
2141546835 1 136956 R 12.0 47 4 1 572
2141870485 1 136976 R 11.0 47 4 1 573
2142159112 1 136995 R 13.0 47 4 2 574
2159382510 1 138097 R 3.0 47 1 0 575
2161828910 1 138254 R 4.0 47 1 0 576
2166515724 1 138554 R 12.0 48 4 1 577
2166839193 1 138574 R 11.0 48 4 1 578
2167127871 1 138593 R 13.0 48 4 2 579
2169483254 1 138744 R 8.0 48 3 1 580
2173877080 1 139025 R 5.0 48 2 0 581
2174615514 1 139072 R 7.0 48 2 1 582
2175447816 1 139125 R 2.0 48 1 0 583
2175929385 1 139156 R 3.0 48 1 0 584
2182813301 1 139597 R 4.0 48 1 0 585
2182952997 1 139606 R 6.0 48 2 1 586
2189083322 1 139998 R 10.0 48 3 1 587
2189343198 1 140015 R 9.0 48 3 1 588
2222522993 1 142138 R 3.0 49 1 0 589
2224209236 1 142246 R 7.0 49 2 1 590
2225041527 1 142299 R 2.0 49 1 0 591
2226203868 1 142374 R 4.0 49 1 0 592
2228703084 1 142534 R 12.0 49 4 1 593
2229026694 1 142554 R 11.0 49 4 1 594
2229315229 1 142573 R 13.0 49 4 2 595
2233967349 1 142871 R 8.0 49 3 1 596
2235551955 1 142972 R 10.0 49 3 1 597
2235811962 1 142989 R 9.0 49 3 1 598
2235870956 1 142992 R 6.0 49 2 3 599
2238736510 1 143176 R 5.0 49 2 0 600
2255812309 1 144269 R 12.0 50 4 1 601
2256135976 1 144289 R 11.0 50 4 1 602
2256424475 1 144308 R 13.0 50 4 2 603
2262882369 1 144721 R 3.0 50 1 0 604
2262915783 1 144723 R 4.0 50 1 0 605
2268380989 1 145073 R 7.0 50 2 1 606
2269213403 1 145126 R 2.0 50 1 0 607
2273780984 1 145419 R 6.0 50 2 1 608
2275295474 1 145516 R 8.0 50 3 1 609
2276830196 1 145614 R 5.0 50 2 0 610
2277661296 1 145667 R 10.0 50 3 1 611
2277921180 1 145684 R 9.0 50 3 1 612
2284405926 1 146099 R 12.0 51 4 1 613
2284729678 1 146119 R 11.0 51 4 1 614
2285018238 1 146138 R 13.0 51 4 2 615
2286578844 1 146238 R 4.0 51 1 0 616
2295490363 1 146808 R 7.0 51 2 1 617
2296322778 1 146861 R 2.0 51 1 0 618
2301155995 1 147171 R 6.0 51 2 1 619
2311101260 1 147807 R 3.0 51 1 0 620
2313252083 1 147945 R 5.0 51 2 0 621
2317826723 1 148238 R 8.0 51 3 1 622
2320255063 1 148393 R 10.0 51 3 1 623
2320514934 1 148410 R 9.0 51 3 1 624
2327046462 1 148828 R 6.0 52 2 1 625
2329266301 1 148970 R 4.0 52 1 0 626
2332692224 1 149189 R 10.0 52 3 1 627
2332952291 1 149206 R 9.0 52 3 1 628
2334717349 1 149319 R 8.0 52 3 1 629
2337913647 1 149523 R 3.0 52 1 0 630
2345611539 1 150016 R 5.0 52 2 0 631
2346287375 1 150059 R 7.0 52 2 1 632
2347119659 1 150112 R 2.0 52 1 0 633
2362077946 1 151070 R 12.0 52 4 1 634
2362401840 1 151090 R 11.0 52 4 1 635
2362690385 1 151109 R 13.0 52 4 2 636
2365873467 1 151313 R 8.0 53 3 1 637
2370705176 1 151622 R 5.0 53 2 0 638
2374382379 1 151857 R 3.0 53 1 0 639
2374953861 1 151894 R 4.0 53 1 0 640
2387624780 1 152705 R 6.0 53 2 1 641
2394296695 1 153132 R 12.0 53 4 1 642
2394620441 1 153152 R 11.0 53 4 1 643
2394908994 1 153171 R 13.0 53 4 2 644
