250447838 1 15925 R 2.0 0 1 0 1
256538647 1 16315 R 3.0 0 1 419 2
263198611 1 16741 R 12.0 0 4 391 3
265203555 1 16870 R 5.0 0 2 930 4
266204373 1 16934 R 4.0 0 3 1002 5
266703777 1 16966 R 13.0 0 4 559 6
269705341 1 17158 R 6.0 0 2 1222 7
276203542 1 17574 R 7.0 0 2 1115 8
280201904 1 17830 R 3.0 1 1 0 9
285454883 1 18166 R 11.0 0 4 1807 10
287204898 1 18278 R 8.0 0 3 1000 11
289703023 1 18438 R 4.0 1 1 0 12
290703066 1 18502 R 6.0 1 2 0 13
292949698 1 18645 R 9.0 0 3 1800 14
293953782 1 18710 R 8.0 1 3 524 15
298449780 1 18997 R 12.0 1 4 1126 16
298948720 1 19029 R 2.0 1 1 778 17
300449922 1 19125 R 10.0 0 3 1728 18
310199786 1 19749 R 10.0 1 3 1558 19
310699557 1 19781 R 5.0 1 2 1242 20
313454655 1 19958 R 7.0 1 2 1237 21
317954655 1 20246 R 4.0 2 1 543 22
318954983 1 20310 R 11.0 1 4 1543 23
323453028 1 20598 R 6.0 2 2 0 24
327453775 1 20854 R 7.0 2 2 399 25
328947105 1 20949 R 2.0 2 1 0 26
332699561 1 21189 R 9.0 1 3 2992 27
338953022 1 21590 R 4.0 3 1 0 28
339703036 1 21638 R 6.0 3 2 0 29
347454846 1 22134 R 10.0 2 3 2477 30
350199557 1 22309 R 8.0 2 3 1467 31
350698943 1 22341 R 13.0 2 4 978 32
351697788 1 22405 R 2.0 3 1 46 33
356450728 1 22709 R 3.0 2 1 1777 34
364699787 1 23237 R 13.0 1 4 4437 35
366699781 1 23365 R 12.0 2 4 2626 36
367199783 1 23397 R 11.0 2 4 2117 37
372204749 1 23718 R 5.0 2 2 2620 38
372704836 1 23750 R 10.0 3 3 2267 39
373203787 1 23782 R 3.0 3 1 786 40
373702951 1 23814 R 3.0 4 1 17 41
376453044 1 23990 R 6.0 4 2 0 42
385198716 1 24549 R 2.0 4 1 524 43
385699560 1 24581 R 7.0 3 2 1584 44
387199788 1 24677 R 13.0 3 4 3108 45
391206134 1 24934 R 8.0 3 3 2598 46
397204708 1 25318 R 4.0 4 1 721 47
403199563 1 25701 R 5.0 3 2 3141 48
403698716 1 25733 R 2.0 5 1 433 49
404948719 1 25813 R 8.0 4 3 987 50
406949557 1 25941 R 9.0 2 3 5121 51
408709888 1 26054 R 3.0 5 1 0 52
415215187 1 26470 R 9.0 3 3 4970 53
415715409 1 26502 R 11.0 4 4 2916 54
420712490 1 26822 R 4.0 5 1 451 55
421213458 1 26854 R 11.0 3 5 5127 56
426459784 1 27190 R 3.0 6 1 0 57
429463333 1 27382 R 9.0 4 3 3637 58
435713558 1 27782 R 12.0 3 4 4917 59
437465183 1 27894 R 5.0 4 2 3608 60
438465186 1 27958 R 5.0 5 2 2117 61
439215189 1 28006 R 7.0 4 2 3827 62
445462360 1 28406 R 4.0 6 1 459 63
452213461 1 28838 R 10.0 4 3 4917 64
452715063 1 28870 R 5.0 6 2 1534 65
453964346 1 28950 R 2.0 6 1 572 66
454465088 1 28982 R 7.0 5 2 3407 67
455213339 1 29030 R 6.0 5 2 2509 68
459212545 1 29286 R 2.0 7 1 0 69
464210625 1 29606 R 4.0 7 1 0 70
466465188 1 29750 R 7.0 6 2 2528 71
469959917 1 29974 R 3.0 7 1 0 72
473964348 1 30230 R 7.0 7 2 773 73
478463344 1 30518 R 6.0 6 2 2510 74
479463553 1 30582 R 13.0 5 4 4802 75
480463558 1 30646 R 12.0 5 4 5152 76
482965282 1 30806 R 13.0 4 4 5646 77
484713334 1 30918 R 9.0 5 3 5228 78
491715187 1 31366 R 8.0 5 3 4512 79
492715407 1 31430 R 11.0 6 4 4249 80
494215412 1 31526 R 10.0 5 3 6036 81
495214302 1 31590 R 2.0 8 1 396 82
499964422 1 31894 R 12.0 6 5 4648 83
509215079 1 32486 R 8.0 6 3 3626 84
513713327 1 32774 R 6.0 7 2 2217 85
516715055 1 32966 R 3.0 8 1 392 86
517968614 1 33047 R 5.0 7 2 2942 87
519218525 1 33127 R 5.0 8 2 1837 88
520463556 1 33206 R 11.0 5 5 7925 89
520963327 1 33238 R 9.0 6 3 5766 90
521493392 1 33272 R 4.0 8 1 697 91
522460750 1 33334 R 4.0 9 1 0 92
526713647 1 33606 R 6.0 8 2 2457 93
535968895 1 34199 R 10.0 6 3 6756 94
536718536 1 34247 R 7.0 8 2 3248 95
537710191 1 34310 R 5.0 9 2 0 96
543211624 1 34662 R 3.0 9 1 329 97
545459995 1 34806 R 3.0 10 1 0 98
553964344 1 35350 R 2.0 9 1 725 99
555215524 1 35430 R 12.0 7 5 5501 100
556713098 1 35526 R 2.0 10 1 0 101
561215407 1 35814 R 7.0 9 2 1968 102
563711208 1 35974 R 4.0 10 1 0 103
571215634 1 36454 R 7.0 10 2 1509 104
571965305 1 36502 R 9.0 7 3 6033 105
574215417 1 36646 R 8.0 7 3 6384 106
580961072 1 37078 R 4.0 11 1 0 107
581960358 1 37142 R 3.0 11 1 0 108
587715311 1 37510 R 8.0 8 3 5287 109
588536143 1 37563 R 2.0 11 1 586 110
592215412 1 37798 R 8.0 9 3 3585 111
601215513 1 38374 R 13.0 6 4 9965 112
606210216 1 38694 R 3.0 12 1 0 113
608465310 1 38838 R 6.0 9 2 5694 114
614715639 1 39238 R 6.0 10 2 3756 115
616215634 1 39334 R 8.0 10 3 3417 116
622965534 1 39766 R 7.0 11 2 2460 117
628215535 1 40102 R 6.0 11 2 1637 118
629215635 1 40166 R 8.0 11 3 2499 119
634462821 1 40502 R 4.0 12 1 373 120
636714803 1 40646 R 2.0 12 1 673 121
637464792 1 40694 R 7.0 12 2 897 122
642460216 1 41014 R 3.0 13 1 0 123
650211094 1 41510 R 4.0 13 1 0 124
658463788 1 42038 R 12.0 9 5 9038 125
658963781 1 42070 R 6.0 12 2 2865 126
664714391 1 42438 R 13.0 7 5 12039 127
676965512 1 43222 R 5.0 10 2 6726 128
677715543 1 43270 R 5.0 11 2 5991 129
684465499 1 43702 R 2.0 13 1 2883 130
684964737 1 43734 R 2.0 14 1 733 131
685710224 1 43782 R 3.0 14 1 0 132
686963755 1 43862 R 11.0 8 4 12507 133
689963782 1 44054 R 6.0 13 2 2110 134
690463876 1 44086 R 12.0 10 4 7937 135
692016871 1 44186 R 4.0 14 1 509 136
693716346 1 44294 R 10.0 7 3 14847 137
694461073 1 44342 R 4.0 15 1 0 138
696963527 1 44502 R 9.0 8 3 11647 139
699213973 1 44646 R 12.0 11 4 6440 140
704213518 1 44966 R 9.0 9 3 12058 141
710462937 1 45366 R 7.0 13 2 3672 142
712712928 1 45510 R 7.0 14 2 1891 143
715960365 1 45718 R 3.0 15 1 0 144
718213794 1 45862 R 8.0 12 3 6245 145
718713800 1 45894 R 8.0 13 3 4744 146
719213794 1 45926 R 6.0 14 2 2238 147
719962021 1 45974 R 7.0 15 2 864 148
727461999 1 46454 R 8.0 15 3 832 149
733715535 1 46854 R 5.0 12 2 6991 150
734215635 1 46886 R 5.0 13 2 5170 151
736215551 1 47014 R 2.0 15 1 1504 152
737214110 1 47078 R 2.0 16 1 0 153
737961081 1 47126 R 4.0 16 1 0 154
749963791 1 47894 R 6.0 15 2 2705 155
750713797 1 47942 R 8.0 14 3 3936 156
754962924 1 48214 R 3.0 16 1 1723 157
755463622 1 48246 R 9.0 10 3 12179 158
757462944 1 48374 R 6.0 16 2 264 159
761969415 1 48663 R 5.0 14 2 5652 160
766041968 1 48923 R 9.0 12 3 10186 161
766479524 1 48951 R 10.0 12 3 8599 162
766978521 1 48983 R 2.0 17 1 0 163
769480319 1 49143 R 13.0 11 4 10848 164
772228470 1 49319 R 5.0 15 2 4149 165
772728479 1 49351 R 5.0 16 2 2911 166
773227512 1 49383 R 3.0 17 1 492 167
778979276 1 49751 R 9.0 11 3 11301 168
785728493 1 50183 R 7.0 16 2 3282 169
788228542 1 50343 R 4.0 17 1 984 170
789730417 1 50439 R 11.0 11 4 12944 171
791979595 1 50583 R 10.0 14 3 6509 172
793495106 1 50680 R 13.0 10 4 15451 173
793993240 1 50712 R 7.0 17 2 980 174
794493095 1 50744 R 3.0 18 1 154 175
795986193 1 50840 R 2.0 18 1 0 176
799993995 1 51096 R 5.0 17 2 1290 177
805501542 1 51449 R 4.0 18 1 587 178
808501519 1 51641 R 8.0 16 3 4286 179
810251765 1 51753 R 10.0 16 3 4719 180
813002586 1 51929 R 10.0 15 3 6460 181
813502374 1 51961 R 6.0 17 2 2332 182
816002432 1 52121 R 12.0 12 4 12274 183
818497216 1 52280 R 4.0 19 1 0 184
822751521 1 52553 R 8.0 17 3 2478 185
823250688 1 52585 R 5.0 18 2 628 186
828500556 1 52921 R 5.0 19 2 254 187
832752526 1 53193 R 6.0 18 2 1840 188
833251537 1 53225 R 6.0 19 2 144 189
835752588 1 53385 R 11.0 12 4 13530 190
838251811 1 53545 R 2.0 19 1 0 191
840501520 1 53689 R 7.0 18 2 1769 192
843001736 1 53849 R 10.0 17 3 3881 193
845500680 1 54009 R 3.0 19 1 182 194
846002435 1 54041 R 11.0 13 4 11630 195
847001515 1 54105 R 7.0 19 2 1453 196
848501530 1 54201 R 9.0 15 3 8296 197
852751743 1 54473 R 10.0 18 3 2914 198
854749896 1 54601 R 4.0 20 1 0 199
862002582 1 55065 R 13.0 13 4 13784 200
863249736 1 55145 R 3.0 20 1 13 201
864001816 1 55193 R 2.0 20 1 0 202
869251414 1 55529 R 9.0 16 3 7392 203
875501552 1 55929 R 8.0 18 3 5595 204
877000694 1 56025 R 5.0 20 2 351 205
877751761 1 56073 R 2.0 21 1 0 206
878501538 1 56121 R 9.0 17 3 7076 207
884501548 1 56505 R 6.0 20 2 721 208
894250576 1 57129 R 3.0 21 1 775 209
894751530 1 57161 R 7.0 20 2 1559 210
897790549 1 57355 R 4.0 21 1 0 211
908002375 1 58009 R 7.0 21 2 1342 212
914000436 1 58393 R 8.0 19 3 4691 213
916001782 1 58521 R 2.0 22 1 0 214
917752597 1 58633 R 12.0 13 4 17489 215
922501766 1 58937 R 10.0 19 3 6141 216
927250299 1 59241 R 9.0 19 3 7036 217
930011969 1 59417 R 6.0 21 2 3114 218
931753447 1 59529 R 6.0 22 2 505 219
936635235 1 59841 R 9.0 18 3 9162 220
939251539 1 60009 R 5.0 21 2 2512 221
940000989 1 60057 R 3.0 22 1 618 222
947002383 1 60505 R 4.0 22 1 2579 223
948002401 1 60569 R 9.0 20 3 5023 224
954751542 1 61001 R 9.0 21 3 3801 225
955251782 1 61033 R 10.0 20 3 6393 226
955750704 1 61065 R 3.0 23 1 709 227
958828950 1 61262 R 7.0 22 2 2407 228
959499874 1 61305 R 7.0 23 2 24 229
961753444 1 61449 R 2.0 23 1 382 230
963752526 1 61577 R 4.0 23 1 1757 231
964752531 1 61641 R 5.0 22 2 2427 232
965502527 1 61689 R 8.0 20 3 7647 233
967505287 1 61817 R 11.0 15 4 16127 234
969502675 1 61945 R 5.0 23 2 1175 235
977503583 1 62457 R 12.0 18 4 11231 236
978749909 1 62537 R 4.0 24 1 0 237
979750702 1 62601 R 7.0 24 2 884 238
980999045 1 62681 R 3.0 24 1 2 239
983004276 1 62809 R 8.0 21 3 5185 240
984005330 1 62873 R 12.0 16 4 15881 241
984503467 1 62905 R 2.0 24 1 543 242
988502631 1 63161 R 12.0 19 4 9880 243
991002398 1 63321 R 8.0 23 3 2290 244
993251526 1 63465 R 6.0 23 2 2245 245
998752599 1 63817 R 11.0 17 4 15432 246
1006502385 1 64313 R 8.0 24 3 2514 247
1008002516 1 64409 R 8.0 22 3 4628 248
1017127502 1 64993 R 9.0 22 3 6661 249
1018250694 1 65065 R 3.0 25 1 455 250
1020502380 1 65209 R 5.0 24 2 1877 251
1021290536 1 65259 R 4.0 25 1 2 252
1024003442 1 65433 R 12.0 17 4 17061 253
1025253467 1 65513 R 2.0 25 1 543 254
1029127414 1 65761 R 6.0 24 2 3073 255
1039251780 1 66409 R 2.0 26 1 0 256
1042001520 1 66585 R 6.0 25 2 2134 257
1042502585 1 66617 R 11.0 18 4 15739 258
1043751541 1 66697 R 4.0 26 1 854 259
1045002377 1 66777 R 5.0 25 2 1788 260
1049752623 1 67081 R 10.0 21 3 9510 261
1055502369 1 67449 R 9.0 23 3 6642 262
1058002376 1 67609 R 5.0 26 2 1118 263
1062501521 1 67897 R 3.0 26 1 1547 264
1063000692 1 67929 R 3.0 27 1 306 265
1064752365 1 68041 R 9.0 24 3 5144 266
1065752582 1 68105 R 12.0 21 4 11827 267
1069001801 1 68313 R 2.0 27 1 0 268
1073002568 1 68569 R 12.0 22 4 10468 269
1078543352 1 68923 R 10.0 22 3 9210 270
1079251556 1 68969 R 4.0 27 1 760 271
1080752385 1 69065 R 5.0 27 2 1366 272
1090501810 1 69689 R 6.0 26 2 3348 273
1091001812 1 69721 R 6.0 27 2 1143 274
1091500846 1 69753 R 3.0 28 1 348 275
1102752617 1 70473 R 10.0 23 3 9843 276
1106751809 1 70729 R 2.0 28 1 0 277
1107249905 1 70761 R 4.0 28 1 0 278
1110251101 1 70953 R 7.0 25 2 6067 279
1114499907 1 71225 R 5.0 28 2 0 280
1116752395 1 71369 R 7.0 26 2 4295 281
1118000727 1 71449 R 4.0 29 1 39 282
1123577972 1 71806 R 6.0 28 2 842 283
1128501550 1 72121 R 5.0 29 2 345 284
1129002399 1 72153 R 7.0 27 2 4768 285
1132750710 1 72393 R 3.0 29 1 755 286
1136500707 1 72633 R 6.0 29 2 448 287
1141501820 1 72953 R 2.0 29 1 0 288
1143002582 1 73049 R 10.0 24 3 10729 289
1150501774 1 73529 R 10.0 25 3 8990 290
1152251534 1 73641 R 9.0 25 3 9372 291
1157044122 1 73947 R 12.0 23 4 12612 292
1162499053 1 74297 R 3.0 30 1 0 293
1164536137 1 74427 R 2.0 30 1 854 294
1172001546 1 74905 R 9.0 26 3 7589 295
1173751535 1 75017 R 6.0 30 2 1345 296
1176501560 1 75193 R 9.0 27 3 6900 297
1177000703 1 75225 R 3.0 31 1 101 298
1181502417 1 75513 R 7.0 28 2 4936 299
1187501815 1 75897 R 2.0 31 1 0 300
1189252590 1 76009 R 11.0 24 4 13245 301
1192004292 1 76185 R 9.0 28 3 6754 302
1196752393 1 76489 R 7.0 29 2 5211 303
1197253232 1 76521 R 8.0 25 3 12026 304
1197793153 1 76555 R 4.0 30 1 2156 305
1199751573 1 76681 R 4.0 31 1 810 306
1202001745 1 76825 R 11.0 27 4 7781 307
1202504251 1 76857 R 9.0 29 3 4497 308
1203004282 1 76889 R 5.0 30 2 2739 309
1206752579 1 77129 R 13.0 25 4 11662 310
1207251528 1 77161 R 7.0 30 2 2141 311
1209753471 1 77321 R 5.0 31 2 516 312
1211252607 1 77417 R 2.0 32 1 60 313
1211755296 1 77449 R 10.0 26 3 10961 314
1215001528 1 77657 R 7.0 31 2 2163 315
1215501526 1 77689 R 6.0 31 2 1734 316
1216001534 1 77721 R 9.0 30 3 2942 317
1219999055 1 77977 R 3.0 32 1 0 318
1223749906 1 78217 R 4.0 32 1 0 319
1226250711 1 78377 R 7.0 32 2 539 320
1234004524 1 78873 R 10.0 27 3 9647 321
1236501554 1 79033 R 9.0 31 3 3622 322
1241004534 1 79321 R 10.0 28 3 8737 323
1242003442 1 79385 R 2.0 33 1 385 324
1243540579 1 79483 R 11.0 28 4 9553 325
1244039470 1 79515 R 6.0 32 2 741 326
1244499914 1 79545 R 4.0 33 1 0 327
1246504493 1 79673 R 10.0 29 3 6727 328
1248004303 1 79769 R 5.0 32 2 2061 329
1253252568 1 80105 R 12.0 26 4 13051 330
1259499041 1 80505 R 7.0 33 2 0 331
1261005140 1 80601 R 8.0 27 3 11511 332
1266504301 1 80953 R 5.0 33 2 1879 333
1267005125 1 80985 R 8.0 28 3 10127 334
1267504308 1 81017 R 8.0 29 3 9409 335
1268501763 1 81081 R 11.0 29 4 8847 336
1269001539 1 81113 R 9.0 32 3 2807 337
1269500710 1 81145 R 6.0 33 2 589 338
1270000711 1 81177 R 3.0 33 1 384 339
1271000710 1 81241 R 3.0 34 1 303 340
1275504284 1 81529 R 8.0 30 3 7216 341
1280000709 1 81817 R 7.0 34 2 280 342
1285751738 1 82185 R 11.0 32 4 3522 343
1288004285 1 82329 R 8.0 31 3 6610 344
1288503457 1 82361 R 2.0 34 1 555 345
1291254280 1 82537 R 5.0 34 2 1617 346
1294001525 1 82713 R 9.0 33 3 2574 347
1296001755 1 82841 R 11.0 33 4 3053 348
1297250699 1 82921 R 9.0 34 3 391 349
1301501571 1 83193 R 4.0 34 1 600 350
1304000710 1 83353 R 6.0 34 2 804 351
1315001531 1 84057 R 8.0 33 3 3781 352
1315501662 1 84089 R 8.0 34 3 2030 353
1315999897 1 84121 R 4.0 35 1 0 354
1319000705 1 84313 R 6.0 35 2 460 355
1320749046 1 84425 R 3.0 35 1 0 356
1323252583 1 84585 R 12.0 29 4 12449 357
1341001906 1 85721 R 11.0 34 4 4335 358
1344005337 1 85913 R 11.0 30 4 12117 359
1345254499 1 85993 R 11.0 31 4 8961 360
1349752586 1 86281 R 12.0 30 4 12162 361
1350250710 1 86313 R 6.0 36 2 848 362
1351251549 1 86377 R 7.0 35 2 2190 363
1352251530 1 86441 R 5.0 35 2 3021 364
1356751742 1 86729 R 11.0 35 4 2481 365
1357250690 1 86761 R 3.0 36 1 137 366
1358251518 1 86825 R 5.0 36 2 1778 367
1360502575 1 86969 R 10.0 31 3 10895 368
1361501773 1 87033 R 10.0 32 3 9686 369
1363251763 1 87145 R 10.0 33 3 7531 370
1364751519 1 87241 R 8.0 35 3 4282 371
1369504301 1 87545 R 2.0 35 1 3960 372
1371004285 1 87641 R 2.0 36 1 1618 373
1374751543 1 87881 R 8.0 36 3 3090 374
1375251543 1 87913 R 7.0 36 2 1989 375
1375750718 1 87945 R 3.0 37 1 319 376
1376753442 1 88009 R 2.0 37 1 792 377
1379752590 1 88201 R 12.0 32 4 11025 378
1382001758 1 88345 R 12.0 33 4 7746 379
1383500683 1 88441 R 5.0 37 2 176 380
1387002377 1 88665 R 4.0 36 1 2202 381
1387502380 1 88697 R 4.0 37 1 1502 382
1392001521 1 88985 R 7.0 37 2 1881 383
1395249915 1 89193 R 4.0 38 1 0 384
1402002087 1 89625 R 8.0 37 3 2765 385
1402501743 1 89657 R 10.0 34 3 8067 386
1403000685 1 89689 R 3.0 38 1 360 387
1406253460 1 89897 R 2.0 38 1 353 388
1406749041 1 89929 R 5.0 38 2 0 389
1414251532 1 90409 R 9.0 35 3 5815 390
1415250703 1 90473 R 7.0 38 2 844 391
1421251548 1 90857 R 9.0 36 3 4298 392
1421751745 1 90889 R 10.0 35 3 6417 393
1423251535 1 90985 R 9.0 37 3 3275 394
1430751963 1 91465 R 4.0 39 1 0 395
1432786150 1 91595 R 2.0 39 1 562 396
1436001564 1 91801 R 9.0 38 3 2940 397
1436750707 1 91849 R 5.0 39 2 628 398
1437502199 1 91897 R 11.0 36 4 6591 399
1438500719 1 91961 R 3.0 39 1 399 400
1440751530 1 92105 R 9.0 39 3 1020 401
1442751760 1 92233 R 10.0 37 3 5330 402
1444251520 1 92329 R 8.0 38 3 2437 403
1454251751 1 92969 R 11.0 37 4 6052 404
1454752587 1 93001 R 13.0 32 4 14347 405
1457751783 1 93193 R 2.0 40 1 0 406
1460501759 1 93369 R 10.0 36 3 8034 407
1466501555 1 93753 R 4.0 40 1 330 408
1471751533 1 94089 R 6.0 37 2 6174 409
1473877399 1 94225 R 6.0 38 2 4706 410
1474501531 1 94265 R 6.0 39 2 2731 411
1476000713 1 94361 R 3.0 40 1 552 412
1481501541 1 94713 R 7.0 39 2 2665 413
1485251804 1 94953 R 2.0 41 1 0 414
1487251527 1 95081 R 6.0 40 2 1010 415
1487749880 1 95113 R 3.0 41 1 12 416
1492502605 1 95417 R 13.0 33 4 15326 417
1493501772 1 95481 R 10.0 38 3 5699 418
1495501773 1 95609 R 11.0 38 4 5401 419
1499001543 1 95833 R 5.0 40 2 3260 420
1499999061 1 95897 R 6.0 41 2 0 421
1502999890 1 96089 R 4.0 41 1 0 422
1506251529 1 96297 R 5.0 41 2 1883 423
1507999887 1 96409 R 4.0 42 1 0 424
1509252575 1 96489 R 12.0 34 4 14268 425
1515999051 1 96921 R 3.0 42 1 0 426
1522753464 1 97353 R 2.0 42 1 388 427
1528501521 1 97721 R 7.0 40 2 3603 428
1530000696 1 97817 R 6.0 42 2 866 429
1536750691 1 98249 R 5.0 42 2 192 430
1538499050 1 98361 R 6.0 43 2 0 431
1544750700 1 98761 R 3.0 43 1 278 432
1550001768 1 99097 R 10.0 39 3 7761 433
1557251534 1 99561 R 7.0 41 2 3480 434
1558251529 1 99625 R 7.0 42 2 2626 435
1560501556 1 99769 R 4.0 43 1 429 436
1564252345 1 100009 R 7.0 43 2 1809 437
1569536819 1 100347 R 2.0 43 1 323 438
1576000287 1 100761 R 2.0 44 1 433 439
1578253018 1 100905 R 10.0 40 3 6834 440
1578752595 1 100937 R 10.0 41 3 4872 441
1579251536 1 100969 R 3.0 44 1 719 442
1584753427 1 101321 R 12.0 37 4 14012 443
1588503428 1 101561 R 12.0 35 4 18508 444
1591500749 1 101753 R 4.0 44 1 0 445
1592502600 1 101817 R 10.0 42 3 4453 446
1604501515 1 102585 R 6.0 44 2 708 447
1605002358 1 102617 R 9.0 40 3 9953 448
1605501515 1 102649 R 3.0 45 1 534 449
1607000714 1 102745 R 4.0 45 1 0 450
1608752345 1 102857 R 5.0 43 2 3405 451
1616002578 1 103321 R 10.0 43 3 4891 452
1618504266 1 103481 R 2.0 45 1 535 453
1622752347 1 103753 R 5.0 44 2 2640 454
1623292175 1 103787 R 12.0 36 4 17494 455
1627250713 1 104041 R 4.0 46 1 0 456
1630502359 1 104249 R 7.0 44 2 3174 457
1635752345 1 104585 R 5.0 45 2 1803 458
1641002621 1 104921 R 2.0 46 1 0 459
1647753187 1 105353 R 9.0 41 3 10697 460
1648252363 1 105385 R 9.0 42 3 8292 461
1648750696 1 105417 R 3.0 46 1 12 462
1653503413 1 105721 R 13.0 39 4 15067 463
1661503424 1 106233 R 13.0 40 4 12120 464
1662001519 1 106265 R 5.0 46 2 697 465
1672010369 1 106905 R 10.0 44 3 6438 466
1672502364 1 106937 R 7.0 45 2 3954 467
1673001518 1 106969 R 3.0 47 1 208 468
1674502365 1 107065 R 6.0 45 2 4921 469
1679250729 1 107369 R 4.0 47 1 0 470
1684252623 1 107689 R 2.0 47 1 0 471
1686253191 1 107817 R 8.0 40 3 13844 472
1688252786 1 107945 R 7.0 46 2 3328 473
1689253188 1 108009 R 8.0 42 3 10173 474
1690003185 1 108057 R 8.0 41 3 13361 475
1698502366 1 108601 R 6.0 46 2 3557 476
1700002361 1 108697 R 6.0 47 2 1015 477
1701002363 1 108761 R 9.0 46 3 4088 478
1702252587 1 108841 R 2.0 48 1 0 479
1703793056 1 108939 R 4.0 48 1 326 480
1709502348 1 109305 R 9.0 47 3 2444 481
1710002366 1 109337 R 9.0 43 3 9338 482
1711000690 1 109401 R 3.0 48 1 44 483
1713502353 1 109561 R 7.0 47 2 2705 484
1717542179 1 109819 R 12.0 42 4 12033 485
1724752358 1 110281 R 6.0 48 2 1499 486
1725629263 1 110337 R 13.0 43 4 10549 487
1727004964 1 110425 R 2.0 49 1 0 488
1728263818 1 110505 R 4.0 49 1 444 489
1731769112 1 110730 R 9.0 44 3 9473 490
1733267897 1 110826 R 9.0 45 3 8529 491
1735017148 1 110938 R 6.0 49 2 887 492
1749517989 1 111866 R 5.0 47 2 4299 493
1750017152 1 111898 R 3.0 49 1 826 494
1750518225 1 111930 R 10.0 45 3 9837 495
1752019030 1 112026 R 13.0 44 4 11633 496
1758260648 1 112425 R 4.0 50 1 0 497
1760018210 1 112538 R 11.0 46 4 6752 498
1760517982 1 112570 R 8.0 46 3 6744 499
1761267161 1 112618 R 6.0 50 2 758 500
1764517978 1 112826 R 5.0 48 2 4111 501
1765768117 1 112906 R 2.0 50 1 0 502
1771275738 1 113258 R 9.0 48 3 3927 503
1771775955 1 113290 R 10.0 46 3 8197 504
1772274080 1 113322 R 3.0 50 1 92 505
1773525726 1 113402 R 5.0 49 2 2082 506
1777275799 1 113642 R 2.0 51 1 0 507
1778275732 1 113706 R 9.0 49 3 3348 508
1783024146 1 114010 R 4.0 51 1 0 509
1784275752 1 114090 R 7.0 48 2 4799 510
1788525884 1 114362 R 5.0 50 2 2314 511
1795274913 1 114794 R 3.0 51 1 390 512
1795774913 1 114826 R 5.0 51 2 479 513
1802526795 1 115258 R 11.0 41 4 19187 514
1803025941 1 115290 R 10.0 47 3 8983 515
1807023163 1 115546 R 5.0 52 2 0 516
1810025731 1 115738 R 7.0 49 2 5782 517
1814025726 1 115994 R 4.0 52 1 443 518
1815775749 1 116106 R 8.0 47 3 8942 519
1816775798 1 116170 R 2.0 52 1 0 520
1822025872 1 116506 R 6.0 51 2 2670 521
1822526778 1 116538 R 13.0 42 4 19233 522
1823275739 1 116586 R 8.0 48 3 8526 523
1836775745 1 117450 R 8.0 49 3 6142 524
1843378213 1 117873 R 8.0 50 3 4445 525
1844025060 1 117914 R 3.0 52 1 616 526
1844775882 1 117962 R 8.0 51 3 3560 527
1853026550 1 118490 R 8.0 45 4 15678 528
1854525715 1 118586 R 9.0 50 3 5443 529
1857274889 1 118762 R 5.0 53 2 679 530
1859274073 1 118890 R 3.0 53 1 75 531
1860025737 1 118938 R 9.0 51 3 3899 532
1860776783 1 118986 R 11.0 47 4 11885 533
1863025799 1 119130 R 2.0 53 1 0 534
1866776616 1 119370 R 4.0 53 1 1802 535
1867786786 1 119435 R 10.0 49 3 8097 536
1872791363 1 119755 R 9.0 52 3 4002 537
1874791411 1 119883 R 9.0 53 3 1997 538
1877544492 1 120059 R 6.0 52 2 2999 539
1883307992 1 120428 R 12.0 48 4 12423 540
1885065508 1 120541 R 13.0 48 4 12643 541
1888061948 1 120733 R 5.0 54 2 0 542
1890314460 1 120877 R 8.0 52 3 3855 543
1892817353 1 121037 R 7.0 52 2 5277 544
1897563601 1 121341 R 3.0 54 1 420 545
1898628254 1 121409 R 8.0 53 3 2364 546
1903819056 1 121741 R 6.0 53 2 3686 547
1904571253 1 121789 R 9.0 54 3 608 548
1907794188 1 121995 R 7.0 53 2 3883 549
1908317332 1 122029 R 7.0 54 2 2649 550
1910567370 1 122173 R 4.0 54 1 1008 551
1911066481 1 122205 R 4.0 55 1 689 552
1912069062 1 122269 R 6.0 54 2 2050 553
1912564484 1 122301 R 8.0 54 3 1529 554
1916064653 1 122525 R 7.0 55 2 680 555
1919819105 1 122765 R 2.0 54 1 2375 556
1920566577 1 122813 R 2.0 55 1 0 557
1927823455 1 123277 R 11.0 49 4 12538 558
1928313601 1 123309 R 3.0 55 1 646 559
1929570097 1 123389 R 10.0 50 3 11536 560
1930565487 1 123453 R 11.0 50 4 11458 561
1934317418 1 123693 R 10.0 51 3 8198 562
1938564472 1 123965 R 5.0 55 2 1987 563
1942069268 1 124189 R 10.0 52 3 7216 564
1943569045 1 124285 R 6.0 55 2 2629 565
1944316562 1 124333 R 6.0 56 2 0 566
1947318376 1 124525 R 13.0 49 4 13487 567
1948065512 1 124573 R 11.0 51 4 10992 568
1948812851 1 124621 R 4.0 56 1 5 569
1950286970 1 124715 R 2.0 56 1 163 570
1954331887 1 124974 R 7.0 56 2 565 571
1956837848 1 125134 R 3.0 56 1 1278 572
1957587845 1 125182 R 8.0 55 3 2637 573
1958585952 1 125246 R 3.0 57 1 48 574
1961837936 1 125454 R 11.0 52 4 9358 575
1965591482 1 125694 R 2.0 57 1 327 576
1972591717 1 126142 R 13.0 50 4 14089 577
1973341739 1 126190 R 13.0 51 4 11879 578
1975838337 1 126350 R 4.0 57 1 0 579
1980857025 1 126671 R 6.0 57 2 452 580
1984613897 1 126912 R 7.0 57 2 1495 581
1987628719 1 127105 R 11.0 53 4 9414 582
1988378971 1 127153 R 5.0 56 2 2332 583
1988878547 1 127185 R 5.0 57 2 1602 584
1996126007 1 127649 R 3.0 58 1 0 585
1999879340 1 127889 R 9.0 55 3 5135 586
2000379552 1 127921 R 10.0 54 3 8293 587
2004881312 1 128209 R 10.0 55 3 6412 588
2005631224 1 128257 R 10.0 56 3 5004 589
2006381009 1 128305 R 2.0 58 1 1134 590
2010128509 1 128545 R 7.0 58 2 822 591
2015641764 1 128898 R 5.0 58 2 0 592
2018402793 1 129074 R 11.0 54 4 8205 593
2018902568 1 129106 R 9.0 56 3 4175 594
2019401659 1 129138 R 4.0 58 1 316 595
2020654586 1 129218 R 10.0 57 3 3349 596
2021405386 1 129266 R 13.0 53 4 10633 597
2022404580 1 129330 R 13.0 54 4 9850 598
2027900216 1 129682 R 4.0 59 1 0 599
2030914826 1 129875 R 3.0 59 1 0 600
2035668405 1 130179 R 13.0 56 4 5508 601
2042924109 1 130644 R 5.0 59 2 760 602
2044425861 1 130740 R 8.0 56 3 6327 603
2051424885 1 131188 R 4.0 60 1 174 604
2053176763 1 131300 R 13.0 52 4 14025 605
2058926768 1 131668 R 12.0 51 4 16579 606
2060673970 1 131780 R 3.0 60 1 431 607
2068922459 1 132308 R 5.0 60 2 0 608
2073925854 1 132628 R 7.0 59 2 1958 609
2077925853 1 132884 R 7.0 60 2 1573 610
2078674941 1 132932 R 6.0 58 3 5162 611
2079174951 1 132964 R 6.0 59 3 3753 612
2080674949 1 133060 R 2.0 59 2 3081 613
2087173971 1 133476 R 5.0 61 2 534 614
2095426793 1 134004 R 12.0 52 4 17022 615
2097425034 1 134132 R 13.0 57 5 8531 616
2098425860 1 134196 R 12.0 53 5 16396 617
2099676092 1 134276 R 10.0 59 3 5009 618
2103787817 1 134539 R 2.0 60 1 2967 619
2111674891 1 135044 R 4.0 61 1 587 620
2112175723 1 135076 R 8.0 57 3 8433 621
2113675862 1 135172 R 7.0 61 2 1759 622
2116176748 1 135332 R 2.0 61 1 768 623
2123674948 1 135812 R 3.0 61 1 1570 624
2124175033 1 135844 R 10.0 58 4 7924 625
2131676926 1 136324 R 2.0 62 1 0 626
2132673969 1 136388 R 3.0 62 1 230 627
2135041146 1 136539 R 6.0 60 3 4651 628
2139431436 1 136820 R 8.0 58 3 7966 629
2140182180 1 136868 R 9.0 57 3 10680 630
2146940521 1 137301 R 4.0 62 1 923 631
2148941166 1 137429 R 6.0 61 3 3915 632
2149441129 1 137461 R 5.0 62 2 2049 633
2157691142 1 137989 R 6.0 62 3 2065 634
2158189422 1 138021 R 3.0 63 1 10 635
2160442194 1 138165 R 9.0 58 3 10772 636
2163940571 1 138389 R 2.0 63 1 0 637
2166186546 1 138533 R 5.0 63 2 811 638
2173692225 1 139013 R 2.0 64 1 489 639
2175941388 1 139157 R 4.0 63 1 1246 640
2178191376 1 139301 R 8.0 59 3 8888 641
2182688841 1 139589 R 4.0 64 1 0 642
2184691397 1 139717 R 7.0 62 2 3408 643
2192189705 1 140197 R 6.0 63 3 1696 644
2193190429 1 140261 R 3.0 64 1 1199 645
2197192228 1 140517 R 6.0 64 2 564 646
2199687802 1 140677 R 3.0 65 1 0 647
2207441389 1 141173 R 7.0 63 2 2936 648
2207941347 1 141205 R 11.0 55 4 18331 649
2209439631 1 141301 R 5.0 64 2 938 650
2212474707 1 141495 R 9.0 60 3 10701 651
2215191475 1 141669 R 10.0 60 3 10471 652
2215689601 1 141701 R 5.0 65 2 624 653
2216192200 1 141733 R 8.0 60 3 10589 654
2217190523 1 141797 R 4.0 65 1 258 655
2217690295 1 141829 R 8.0 61 3 8826 656
2221441406 1 142069 R 7.0 64 2 2549 657
2226942212 1 142421 R 2.0 65 1 327 658
2230191390 1 142629 R 7.0 65 2 1620 659
2233190288 1 142821 R 8.0 62 3 8146 660
2237438857 1 143093 R 7.0 66 2 0 661
2239438861 1 143221 R 4.0 66 1 0 662
2243442222 1 143477 R 2.0 66 1 381 663
2245187947 1 143589 R 3.0 66 1 0 664
2246443882 1 143669 R 9.0 61 3 10335 665
2252693038 1 144069 R 9.0 62 3 8498 666
2253440662 1 144117 R 10.0 61 3 9568 667
2261940663 1 144661 R 10.0 62 3 9746 668
2263440278 1 144757 R 8.0 63 3 6602 669
2269543065 1 145147 R 4.0 67 1 472 670
2270787826 1 145227 R 6.0 65 2 3126 671
2271193070 1 145253 R 6.0 66 2 2185 672
2277440461 1 145653 R 5.0 66 2 1667 673
2286200918 1 146213 R 9.0 63 3 9065 674
2286455119 1 146230 R 3.0 67 1 711 675
2288729269 1 146375 R 8.0 65 3 5433 676
2289206902 1 146406 R 8.0 66 3 3057 677
2292537800 1 146619 R 6.0 67 2 2116 678
2293466414 1 146678 R 9.0 64 3 7174 679
2293965536 1 146710 R 2.0 67 1 739 680
2294714683 1 146758 R 8.0 67 3 1945 681
2296541423 1 146875 R 4.0 68 1 4 682
2301713836 1 147206 R 8.0 64 3 8518 683
2303966467 1 147350 R 9.0 65 3 6698 684
2310465526 1 147766 R 6.0 68 2 463 685
2310963967 1 147798 R 2.0 68 1 6 686
2313214692 1 147942 R 7.0 67 2 2016 687
2313715617 1 147974 R 13.0 62 4 12103 688
2315464901 1 148086 R 10.0 63 3 10874 689
2315963879 1 148118 R 3.0 68 1 1596 690
2316463903 1 148150 R 5.0 67 2 1950 691
2318713882 1 148294 R 5.0 68 2 1670 692
2325963922 1 148758 R 2.0 69 1 0 693
2327713925 1 148870 R 6.0 69 2 0 694
2328962077 1 148950 R 4.0 69 1 0 695
2331961344 1 149142 R 3.0 69 1 0 696
2332464880 1 149174 R 10.0 64 3 9734 697
2340214787 1 149670 R 10.0 65 3 9156 698
2346964544 1 150102 R 9.0 66 3 6773 699
2352714689 1 150470 R 7.0 68 2 2443 700
2356712065 1 150726 R 4.0 70 1 0 701
2359216481 1 150886 R 9.0 68 3 3821 702
2360714700 1 150982 R 5.0 69 2 1563 703
2368489510 1 151480 R 9.0 69 3 2021 704
2369488687 1 151544 R 6.0 70 2 890 705
2369988689 1 151576 R 2.0 70 1 371 706
2372487855 1 151736 R 7.0 69 2 2478 707
2372987632 1 151768 R 9.0 67 3 6646 708
2374743983 1 151880 R 3.0 70 1 298 709
2378754304 1 152137 R 9.0 70 3 480 710
2380752632 1 152265 R 2.0 71 1 0 711
2385503429 1 152569 R 7.0 70 2 1389 712
2391506217 1 152953 R 12.0 66 4 10235 713
2399753455 1 153481 R 13.0 63 4 16818 714
