251201805 1 15974 R 4.0 0 3 0 1
257453554 1 16374 R 6.0 0 3 479 2
271951901 1 17302 R 8.0 0 3 0 3
278953809 1 17750 R 10.0 0 3 351 4
280202755 1 17830 R 3.0 0 1 23 5
289477175 1 18423 R 5.0 0 2 578 6
289977535 1 18455 R 13.0 0 4 128 7
292977520 1 18647 R 11.0 0 4 360 8
294227307 1 18727 R 7.0 0 2 356 9
297727815 1 18951 R 12.0 0 4 701 10
301726148 1 19207 R 2.0 0 1 1361 11
306477547 1 19511 R 9.0 0 3 759 12
308228111 1 19623 R 5.0 1 2 1 13
308728884 1 19655 R 2.0 1 1 36 14
312225967 1 19879 R 13.0 1 4 0 15
316727718 1 20167 R 12.0 1 4 387 16
319725766 1 20359 R 6.0 1 2 0 17
322475762 1 20535 R 7.0 1 2 0 18
338977248 1 21591 R 3.0 1 1 891 19
339477435 1 21623 R 11.0 1 4 897 20
342475584 1 21815 R 9.0 1 3 0 21
347227192 1 22119 R 10.0 1 4 1114 22
351475632 1 22391 R 4.0 1 2 1 23
357978175 1 22807 R 8.0 1 4 2967 24
370490989 1 23608 R 9.0 2 3 0 25
374741003 1 23880 R 3.0 2 1 0 26
384735725 1 24520 R 2.0 2 1 0 27
386241265 1 24616 R 13.0 2 4 0 28
397493015 1 25336 R 12.0 2 4 513 29
398742818 1 25416 R 4.0 2 2 498 30
407742801 1 25992 R 6.0 2 3 755 31
411241089 1 26216 R 7.0 2 2 0 32
414492817 1 26424 R 5.0 2 3 505 33
418241088 1 26664 R 8.0 2 3 0 34
422493916 1 26936 R 11.0 2 5 2059 35
426490971 1 27192 R 3.0 3 1 0 36
428993807 1 27352 R 10.0 2 4 887 37
433748582 1 27657 R 5.0 3 3 1 38
443248585 1 28265 R 8.0 3 3 0 39
445501298 1 28409 R 2.0 3 1 0 40
456748587 1 29129 R 4.0 3 2 1 41
459250251 1 29289 R 7.0 3 2 550 42
466751086 1 29769 R 9.0 3 3 1014 43
475750623 1 30345 R 10.0 3 4 912 44
482000616 1 30745 R 13.0 3 5 637 45
491501445 1 31353 R 11.0 3 4 1215 46
492000606 1 31385 R 12.0 3 4 464 47
497250245 1 31721 R 5.0 4 3 454 48
502751282 1 32073 R 10.0 4 4 1024 49
504251193 1 32169 R 6.0 3 3 1711 50
512248583 1 32681 R 9.0 4 3 0 51
523750464 1 33417 R 11.0 4 4 571 52
525249412 1 33513 R 3.0 4 1 46 53
528500463 1 33721 R 12.0 4 4 341 54
534250372 1 34089 R 7.0 4 2 293 55
534751427 1 34121 R 13.0 4 4 1308 56
537748734 1 34313 R 4.0 4 2 1 57
543751356 1 34697 R 2.0 4 1 0 58
553500397 1 35321 R 6.0 4 3 912 59
554000251 1 35353 R 6.0 5 3 368 60
554500245 1 35385 R 3.0 5 1 142 61
558751228 1 35657 R 8.0 4 3 1181 62
564998580 1 36057 R 4.0 5 2 1 63
567000242 1 36185 R 7.0 5 2 979 64
569998813 1 36377 R 10.0 5 4 0 65
571748588 1 36489 R 8.0 5 3 0 66
579001446 1 36953 R 13.0 5 5 1454 67
583251355 1 37225 R 2.0 5 1 0 68
587000624 1 37465 R 11.0 5 4 949 69
589000622 1 37593 R 12.0 5 5 502 70
598000400 1 38169 R 5.0 5 3 275 71
601498761 1 38393 R 9.0 5 4 1 72
613247653 1 39145 R 6.0 6 3 1 73
618500469 1 39481 R 10.0 6 4 368 74
626748583 1 40009 R 8.0 6 3 0 75
627999401 1 40089 R 3.0 6 1 45 76
629498809 1 40185 R 11.0 6 4 0 77
630998736 1 40281 R 5.0 6 3 1 78
637750389 1 40713 R 9.0 6 4 338 79
639748959 1 40841 R 12.0 6 5 1 80
641748707 1 40969 R 4.0 6 2 1 81
643750599 1 41097 R 13.0 6 5 402 82
649500372 1 41465 R 7.0 6 2 441 83
654501485 1 41785 R 2.0 6 1 0 84
668498811 1 42681 R 10.0 7 4 1 85
674750463 1 43081 R 12.0 7 5 273 86
681000241 1 43481 R 8.0 7 3 670 87
686248596 1 43817 R 7.0 7 2 0 88
688248588 1 43945 R 6.0 7 3 1 89
693501353 1 44281 R 2.0 7 1 0 90
695750621 1 44425 R 11.0 7 4 559 91
697750392 1 44553 R 4.0 7 2 533 92
704252997 1 44969 R 5.0 7 2 374 93
711251225 1 45417 R 9.0 7 4 1248 94
711749553 1 45449 R 3.0 7 1 21 95
719499246 1 45945 R 13.0 7 4 305 96
728248592 1 46505 R 7.0 8 2 0 97
731004185 1 46681 R 10.0 8 3 0 98
732016865 1 46746 R 9.0 8 3 1 99
734024814 1 46874 R 2.0 8 1 0 100
743772246 1 47498 R 4.0 8 2 0 101
746024895 1 47642 R 5.0 8 2 0 102
751025178 1 47962 R 12.0 8 4 0 103
758276732 1 48426 R 13.0 8 4 432 104
771772235 1 49290 R 3.0 8 1 0 105
774272465 1 49450 R 11.0 8 4 1 106
778025095 1 49690 R 6.0 8 2 0 107
780272261 1 49834 R 8.0 8 3 1 108
791774896 1 50570 R 9.0 9 3 0 109
800524822 1 51130 R 6.0 9 2 0 110
808026658 1 51610 R 12.0 9 4 161 111
809773887 1 51722 R 8.0 9 3 520 112
812526733 1 51898 R 10.0 9 3 333 113
816524211 1 52154 R 11.0 9 4 346 114
825272244 1 52714 R 4.0 9 2 0 115
829022240 1 52954 R 3.0 9 1 0 116
831273893 1 53098 R 7.0 9 2 345 117
835275177 1 53354 R 13.0 9 4 1 118
842776599 1 53834 R 2.0 9 1 281 119
843276592 1 53866 R 5.0 9 2 129 120
860522334 1 54970 R 4.0 10 2 0 121
862524938 1 55098 R 9.0 10 3 0 122
868024940 1 55450 R 5.0 10 2 0 123
874289718 1 55851 R 8.0 10 3 836 124
878034997 1 56091 R 10.0 10 3 0 125
878784644 1 56139 R 2.0 10 1 0 126
884788018 1 56523 R 3.0 10 1 0 127
890538251 1 56891 R 11.0 10 4 1 128
894288030 1 57131 R 7.0 10 2 0 129
897786671 1 57355 R 12.0 10 4 838 130
898535015 1 57403 R 13.0 10 4 1 131
903785604 1 57739 R 6.0 10 2 81 132
906034640 1 57883 R 5.0 11 2 1 133
912784648 1 58315 R 6.0 11 2 0 134
913787976 1 58379 R 8.0 11 3 0 135
923787975 1 59019 R 4.0 11 2 0 136
930034649 1 59419 R 2.0 11 1 0 137
936815819 1 59853 R 12.0 11 4 0 138
938038019 1 59931 R 7.0 11 2 0 139
941035018 1 60123 R 11.0 11 4 0 140
944788047 1 60363 R 3.0 11 1 0 141
953285012 1 60907 R 10.0 11 3 0 142
961536680 1 61435 R 13.0 11 4 112 143
962534781 1 61499 R 9.0 11 3 0 144
969536520 1 61947 R 12.0 12 4 192 145
970534646 1 62011 R 5.0 12 2 0 146
973037974 1 62171 R 3.0 12 1 0 147
978286299 1 62507 R 2.0 12 1 460 148
980792132 1 62667 R 4.0 12 2 1 149
984800619 1 62924 R 10.0 12 3 0 150
1004567608 1 64189 R 11.0 12 4 561 151
1004817629 1 64205 R 13.0 12 4 555 152
1011317430 1 64621 R 9.0 12 3 764 153
1011567430 1 64637 R 6.0 12 2 363 154
1012562796 1 64701 R 8.0 12 3 442 155
1014312245 1 64813 R 7.0 12 2 16 156
1024311241 1 65453 R 7.0 13 2 0 157
1031067610 1 65885 R 10.0 13 3 398 158
1036567625 1 66237 R 11.0 13 4 634 159
1044815724 1 66765 R 2.0 13 1 0 160
1051065973 1 67165 R 12.0 13 4 0 161
1062311380 1 67885 R 4.0 13 2 0 162
1064815972 1 68045 R 13.0 13 4 0 163
1072565781 1 68541 R 9.0 13 3 0 164
1075076868 1 68702 R 8.0 13 3 1 165
1078076726 1 68894 R 3.0 13 1 0 166
1079324462 1 68973 R 5.0 13 2 32 167
1081323623 1 69101 R 6.0 13 2 0 168
1094826613 1 69966 R 8.0 14 3 1 169
1098823482 1 70221 R 6.0 14 2 0 170
1106573707 1 70717 R 12.0 14 4 0 171
1109078382 1 70878 R 3.0 14 1 357 172
1109828381 1 70926 R 7.0 14 2 272 173
1117825263 1 71437 R 5.0 14 2 899 174
1125075493 1 71901 R 11.0 14 4 832 175
1125575279 1 71933 R 9.0 14 3 752 176
1126825500 1 72013 R 13.0 14 4 967 177
1130578389 1 72254 R 4.0 14 2 432 178
1135325313 1 72557 R 2.0 14 1 371 179
1136074687 1 72605 R 10.0 14 3 81 180
1150112275 1 73504 R 12.0 15 4 0 181
1158576727 1 74046 R 8.0 15 3 1 182
1161825193 1 74253 R 6.0 15 2 603 183
1175325216 1 75117 R 5.0 15 2 700 184
1175575449 1 75133 R 11.0 15 4 593 185
1176075230 1 75165 R 2.0 15 1 257 186
1177325461 1 75245 R 13.0 15 4 656 187
1183826731 1 75662 R 3.0 15 1 0 188
1188823849 1 75981 R 10.0 15 3 1 189
1192078408 1 76190 R 4.0 15 2 471 190
1192828415 1 76238 R 7.0 15 2 208 191
1194573626 1 76349 R 9.0 15 3 0 192
1203826598 1 76942 R 4.0 16 2 1 193
1215575289 1 77693 R 13.0 16 4 449 194
1224328350 1 78254 R 3.0 16 1 0 195
1225340643 1 78318 R 6.0 16 2 321 196
1239588977 1 79230 R 2.0 16 1 0 197
1243588998 1 79486 R 9.0 16 3 0 198
1249840665 1 79886 R 5.0 16 2 337 199
1250340901 1 79918 R 10.0 16 3 320 200
1254084439 1 80158 R 8.0 16 3 0 201
1259862401 1 80528 R 12.0 16 4 1 202
1263586245 1 80766 R 7.0 16 2 531 203
1266591052 1 80958 R 11.0 16 4 258 204
1267090643 1 80990 R 2.0 17 1 110 205
1274338965 1 81454 R 6.0 17 2 1 206
1288589190 1 82366 R 11.0 17 4 0 207
1292834439 1 82638 R 4.0 17 2 1 208
1301340867 1 83182 R 10.0 17 3 323 209
1302834435 1 83278 R 7.0 17 2 0 210
1311086095 1 83806 R 3.0 17 1 262 211
1312589014 1 83902 R 5.0 17 2 1 212
1314834427 1 84046 R 8.0 17 3 0 213
1320334693 1 84398 R 13.0 17 4 0 214
1323339109 1 84590 R 9.0 17 3 0 215
1326584309 1 84798 R 8.0 18 3 0 216
1328836092 1 84942 R 3.0 18 1 117 217
1331090644 1 85086 R 5.0 18 2 369 218
1334836345 1 85326 R 11.0 18 4 207 219
1339836093 1 85646 R 4.0 18 2 128 220
1342087291 1 85790 R 12.0 17 4 1357 221
1344088985 1 85918 R 6.0 18 2 0 222
1353836344 1 86542 R 12.0 18 4 777 223
1364338997 1 87214 R 2.0 18 1 0 224
1367084443 1 87390 R 7.0 18 2 0 225
1368339108 1 87470 R 9.0 18 3 0 226
1375334826 1 87918 R 13.0 18 4 0 227
1382589332 1 88382 R 10.0 18 3 0 228
1387084295 1 88670 R 7.0 19 2 0 229
1401084537 1 89566 R 11.0 19 4 0 230
1405834436 1 89870 R 3.0 19 1 0 231
1416336756 1 90542 R 6.0 19 2 453 232
1416840646 1 90574 R 2.0 19 1 264 233
1417340648 1 90606 R 9.0 19 3 437 234
1426084452 1 91166 R 4.0 19 2 0 235
1429341806 1 91374 R 10.0 19 3 1258 236
1430086107 1 91422 R 8.0 19 3 448 237
1432586562 1 91582 R 13.0 19 4 568 238
1438591041 1 91966 R 12.0 19 4 828 239
1439090835 1 91998 R 5.0 19 2 341 240
1449088966 1 92638 R 2.0 20 1 0 241
1464588965 1 93630 R 5.0 20 2 1 242
1469584457 1 93950 R 7.0 20 2 0 243
1470837182 1 94030 R 12.0 20 4 402 244
1475336060 1 94318 R 3.0 20 1 0 245
1477839854 1 94478 R 9.0 20 3 0 246
1484839223 1 94926 R 10.0 20 3 1 247
1489338104 1 95214 R 6.0 20 2 767 248
1494584680 1 95550 R 13.0 20 4 0 249
1505334304 1 96238 R 7.0 21 2 0 250
1508836250 1 96462 R 4.0 20 2 930 251
1514086555 1 96798 R 11.0 20 4 694 252
1514836241 1 96846 R 8.0 20 3 639 253
1526084303 1 97566 R 6.0 21 2 0 254
1529584441 1 97790 R 8.0 21 3 1 255
1541088966 1 98526 R 9.0 21 3 1 256
1541837281 1 98574 R 4.0 21 1 0 257
1543089197 1 98654 R 10.0 21 3 0 258
1546447473 1 98869 R 5.0 21 2 1 259
1551586349 1 99198 R 11.0 21 4 526 260
1552836116 1 99278 R 3.0 21 1 314 261
1553839344 1 99342 R 12.0 21 4 0 262
1559587276 1 99710 R 13.0 21 4 882 263
1560338130 1 99758 R 2.0 21 1 18 264
1564589819 1 100030 R 2.0 22 1 0 265
1567835136 1 100238 R 7.0 22 2 1 266
1578339902 1 100910 R 10.0 22 3 0 267
1585585285 1 101374 R 6.0 22 2 0 268
1586336111 1 101422 R 3.0 22 1 13 269
1592587542 1 101822 R 13.0 22 4 384 270
1596589846 1 102078 R 5.0 22 2 0 271
1604338100 1 102574 R 4.0 22 1 0 272
1618589848 1 103486 R 9.0 22 3 0 273
1620341840 1 103598 R 11.0 22 4 399 274
1622591844 1 103742 R 12.0 22 4 556 275
1629341628 1 104174 R 8.0 22 3 523 276
1630586992 1 104254 R 13.0 23 4 240 277
1635089820 1 104542 R 9.0 23 3 0 278
1644339821 1 105134 R 7.0 23 2 0 279
1648588104 1 105406 R 4.0 23 1 0 280
1655836990 1 105870 R 8.0 23 3 432 281
1662590043 1 106302 R 12.0 23 4 0 282
1666585491 1 106558 R 11.0 23 4 0 283
1670335270 1 106798 R 6.0 23 2 0 284
1671585270 1 106878 R 3.0 23 1 0 285
1672090085 1 106910 R 10.0 23 3 0 286
1675339962 1 107118 R 2.0 23 1 0 287
1682839962 1 107598 R 5.0 23 2 0 288
1685589725 1 107774 R 7.0 24 2 0 289
1697839821 1 108558 R 2.0 24 1 0 290
1709839821 1 109326 R 5.0 24 2 0 291
1710585269 1 109374 R 3.0 24 1 0 292
1712337137 1 109486 R 11.0 24 4 411 293
1713838113 1 109582 R 4.0 24 1 0 294
1728585493 1 110526 R 13.0 24 4 0 295
1730336097 1 110638 R 6.0 24 2 42 296
1732339852 1 110766 R 9.0 24 3 1 297
1738836992 1 111182 R 8.0 24 3 393 298
1740840187 1 111310 R 10.0 24 3 0 299
1742090187 1 111390 R 12.0 24 4 0 300
1747841507 1 111758 R 9.0 25 3 112 301
1759335278 1 112494 R 3.0 25 1 0 302
1761335511 1 112622 R 13.0 25 4 0 303
1765085269 1 112862 R 8.0 25 3 0 304
1765841771 1 112910 R 12.0 25 4 327 305
1768085275 1 113054 R 6.0 25 2 0 306
1773087152 1 113374 R 11.0 25 4 426 307
1778588138 1 113726 R 4.0 25 1 0 308
1786840094 1 114254 R 10.0 25 3 0 309
1790339964 1 114478 R 2.0 25 1 0 310
1792589965 1 114622 R 7.0 25 2 0 311
1801089965 1 115166 R 5.0 25 2 1 312
1814339686 1 116014 R 4.0 26 1 0 313
1819590046 1 116350 R 12.0 26 4 0 314
1834339823 1 117294 R 9.0 26 3 1 315
1840089822 1 117662 R 7.0 26 2 0 316
1843335281 1 117870 R 3.0 26 1 0 317
1843839822 1 117902 R 5.0 26 2 1 318
1847335282 1 118126 R 8.0 26 3 0 319
1849091487 1 118238 R 2.0 26 1 0 320
1851085511 1 118366 R 11.0 26 4 0 321
1852590184 1 118462 R 10.0 26 3 0 322
1857337388 1 118766 R 13.0 26 4 394 323
1863585427 1 119166 R 6.0 26 2 0 324
1877335354 1 120046 R 13.0 27 4 0 325
1884589817 1 120510 R 9.0 27 3 1 326
1888838126 1 120782 R 4.0 27 1 0 327
1889840043 1 120846 R 10.0 27 3 0 328
1894590043 1 121150 R 12.0 27 4 0 329
1896852524 1 121295 R 8.0 27 3 438 330
1902855301 1 121679 R 7.0 27 2 0 331
1913616713 1 122368 R 11.0 27 4 0 332
1916113159 1 122528 R 2.0 27 1 0 333
1919116447 1 122720 R 6.0 27 2 0 334
1920113166 1 122784 R 5.0 27 2 0 335
1922866429 1 122960 R 3.0 27 1 0 336
1925613079 1 123136 R 9.0 28 3 1 337
1926863223 1 123216 R 10.0 28 3 0 338
1934863007 1 123728 R 2.0 28 1 0 339
1935618014 1 123776 R 8.0 28 3 500 340
1941366568 1 124144 R 11.0 28 4 0 341
1943866356 1 124304 R 6.0 28 2 0 342
1945863154 1 124432 R 7.0 28 2 0 343
1961113159 1 125408 R 5.0 28 2 1 344
1977611466 1 126464 R 4.0 28 1 0 345
1981866408 1 126736 R 3.0 28 1 0 346
1983117478 1 126816 R 13.0 28 4 48 347
1990615034 1 127296 R 12.0 28 4 481 348
1999877649 1 127889 R 8.0 29 3 828 349
2000376018 1 127921 R 3.0 29 1 9 350
2002381210 1 128049 R 10.0 29 3 1024 351
2014129342 1 128801 R 7.0 29 2 1161 352
2024376254 1 129457 R 13.0 29 4 0 353
2029876279 1 129809 R 11.0 29 4 0 354
2040517007 1 130490 R 6.0 29 2 765 355
2041143375 1 130530 R 5.0 29 2 471 356
2046393412 1 130866 R 9.0 29 3 352 357
2047392463 1 130930 R 3.0 30 1 77 358
2048144139 1 130978 R 4.0 29 1 505 359
2055649225 1 131458 R 5.0 30 2 0 360
2057399387 1 131570 R 10.0 30 3 0 361
2064904700 1 132050 R 12.0 29 4 4568 362
2066149350 1 132130 R 8.0 30 3 0 363
2067900216 1 132242 R 4.0 30 1 0 364
2068899597 1 132306 R 12.0 30 4 0 365
2074654478 1 132674 R 2.0 29 1 2881 366
2085899603 1 133394 R 13.0 30 4 0 367
2090650229 1 133698 R 7.0 30 2 0 368
2092899349 1 133842 R 9.0 30 3 0 369
2102899581 1 134482 R 11.0 30 4 0 370
2104900085 1 134610 R 7.0 31 2 0 371
2109904501 1 134930 R 2.0 30 1 3149 372
2114150077 1 135202 R 4.0 31 1 0 373
2116150890 1 135330 R 5.0 31 2 764 374
2117901030 1 135442 R 6.0 30 2 914 375
2121401893 1 135666 R 2.0 31 1 0 376
2128399601 1 136114 R 10.0 31 3 0 377
2135649351 1 136578 R 8.0 31 3 0 378
2143401204 1 137074 R 12.0 31 4 432 379
2143901028 1 137106 R 3.0 31 1 149 380
2147649609 1 137346 R 11.0 31 4 0 381
2149651884 1 137474 R 6.0 31 2 369 382
2161899350 1 138258 R 9.0 31 3 0 383
2167900087 1 138642 R 4.0 32 1 0 384
2169901059 1 138770 R 10.0 32 3 400 385
2172401207 1 138930 R 13.0 31 4 557 386
2179651062 1 139394 R 13.0 32 4 357 387
2182901798 1 139602 R 2.0 32 1 0 388
2188399350 1 139954 R 5.0 32 2 0 389
2193399351 1 140274 R 9.0 32 3 0 390
2195400232 1 140402 R 7.0 32 2 0 391
2198899351 1 140626 R 3.0 32 1 0 392
2209150231 1 141282 R 6.0 32 2 0 393
2215649352 1 141698 R 8.0 32 3 0 394
2219399606 1 141938 R 12.0 32 4 0 395
2227151203 1 142434 R 11.0 32 4 368 396
2229651062 1 142594 R 13.0 33 4 144 397
2233401063 1 142834 R 10.0 33 3 454 398
2236900095 1 143058 R 7.0 33 2 0 399
2246399247 1 143666 R 8.0 33 3 0 400
2250649348 1 143938 R 9.0 33 3 0 401
2253400226 1 144114 R 6.0 33 2 0 402
2261901893 1 144658 R 2.0 33 1 0 403
2263149598 1 144738 R 11.0 33 4 0 404
2266400231 1 144946 R 4.0 33 1 0 405
2267149347 1 144994 R 5.0 33 2 0 406
2270151202 1 145186 R 12.0 33 4 392 407
2273649348 1 145410 R 3.0 33 1 0 408
2284649376 1 146114 R 12.0 34 4 0 409
2310399242 1 147762 R 5.0 34 2 0 410
2315149370 1 148066 R 11.0 34 4 0 411
2317150096 1 148194 R 6.0 34 2 0 412
2318899349 1 148306 R 3.0 34 1 0 413
2323901029 1 148626 R 9.0 34 3 326 414
2327649592 1 148866 R 10.0 34 3 0 415
2329401893 1 148978 R 2.0 34 1 0 416
2332153774 1 149154 R 7.0 34 2 0 417
2334542398 1 149307 R 4.0 34 1 13 418
2338166643 1 149539 R 8.0 34 3 354 419
2338666824 1 149571 R 13.0 34 4 240 420
2346414840 1 150067 R 3.0 35 1 0 421
2348165711 1 150179 R 4.0 35 1 0 422
2348915020 1 150227 R 10.0 35 3 0 423
2353417245 1 150515 R 2.0 35 1 0 424
2359172684 1 150884 R 13.0 35 4 0 425
2370922466 1 151636 R 9.0 35 3 0 426
2372173393 1 151716 R 7.0 35 2 0 427
2382172463 1 152356 R 5.0 35 2 0 428
2384172682 1 152484 R 12.0 35 4 0 429
2387922463 1 152724 R 8.0 35 3 0 430
2392673820 1 153028 R 6.0 35 2 0 431
