251201805 1 15974 R 4.0 0 3 0 1
257453554 1 16374 R 6.0 0 3 479 2
267952148 1 17046 R 13.0 0 4 0 3
269953426 1 17174 R 3.0 0 1 0 4
276448494 1 17589 R 2.0 0 1 391 5
280453613 1 17846 R 8.0 0 3 572 6
285703692 1 18182 R 5.0 0 2 338 7
294454749 1 18742 R 11.0 0 4 1746 8
296704741 1 18886 R 12.0 0 4 1924 9
297204757 1 18918 R 7.0 0 2 1195 10
300202146 1 19110 R 3.0 1 1 0 11
303952153 1 19350 R 7.0 1 2 0 12
305704174 1 19462 R 10.0 0 3 765 13
311704778 1 19846 R 9.0 0 3 1747 14
313954286 1 19990 R 13.0 1 4 804 15
317704052 1 20230 R 11.0 1 4 813 16
319204143 1 20326 R 10.0 1 3 261 17
320204979 1 20390 R 12.0 1 4 1248 18
321948719 1 20501 R 2.0 1 1 536 19
326453922 1 20790 R 9.0 1 3 697 20
331202267 1 21094 R 6.0 1 2 0 21
332202265 1 21158 R 5.0 1 2 0 22
339453922 1 21622 R 4.0 1 2 513 23
347703959 1 22150 R 8.0 1 3 512 24
349702352 1 22278 R 11.0 2 4 0 25
356702125 1 22726 R 8.0 2 3 0 26
361452172 1 23030 R 6.0 2 2 0 27
366203921 1 23334 R 9.0 2 3 454 28
369452402 1 23542 R 10.0 2 3 0 29
370952273 1 23638 R 3.0 2 1 0 30
373202495 1 23782 R 12.0 2 4 0 31
380697115 1 24261 R 2.0 2 1 0 32
388204149 1 24742 R 13.0 2 4 894 33
388703923 1 24774 R 7.0 2 2 112 34
389703920 1 24838 R 5.0 2 3 137 35
392952278 1 25046 R 4.0 2 2 0 36
396702129 1 25286 R 7.0 3 2 0 37
400202396 1 25510 R 10.0 3 3 0 38
403203791 1 25702 R 4.0 3 2 426 39
408947105 1 26069 R 2.0 3 1 0 40
410704137 1 26182 R 13.0 3 4 400 41
411203916 1 26214 R 6.0 3 2 341 42
413204744 1 26342 R 5.0 3 3 1060 43
414953092 1 26454 R 3.0 3 1 74 44
420204746 1 26790 R 9.0 3 3 1306 45
428703928 1 27334 R 8.0 3 3 607 46
432202495 1 27558 R 12.0 3 4 0 47
439452523 1 28022 R 11.0 3 4 0 48
449202126 1 28646 R 3.0 4 1 0 49
455452143 1 29046 R 9.0 4 3 1 50
457202966 1 29158 R 6.0 4 2 22 51
458202163 1 29222 R 7.0 4 2 0 52
470960051 1 30038 R 10.0 4 3 0 53
473202273 1 30182 R 8.0 4 3 0 54
482952491 1 30806 R 13.0 4 4 0 55
489197221 1 31205 R 2.0 4 1 0 56
489702271 1 31238 R 4.0 4 2 1 57
491953931 1 31382 R 5.0 4 3 550 58
496954153 1 31702 R 12.0 4 4 416 59
504204162 1 32166 R 11.0 4 4 827 60
505204009 1 32230 R 10.0 5 3 598 61
506202142 1 32294 R 7.0 5 2 0 62
508202138 1 32422 R 6.0 5 2 0 63
513452787 1 32758 R 5.0 5 3 426 64
518703933 1 33094 R 4.0 5 2 794 65
522203921 1 33318 R 8.0 5 3 867 66
525702272 1 33542 R 9.0 5 3 0 67
526203094 1 33574 R 3.0 5 1 17 68
529954973 1 33814 R 12.0 5 4 1127 69
542947223 1 34645 R 2.0 5 1 0 70
544702538 1 34758 R 11.0 5 4 0 71
555704204 1 35462 R 13.0 5 4 757 72
564452835 1 36022 R 5.0 6 3 0 73
569453800 1 36342 R 6.0 6 2 327 74
570453787 1 36406 R 8.0 6 3 208 75
572952387 1 36566 R 11.0 6 4 0 76
575953927 1 36758 R 7.0 6 2 346 77
581448722 1 37109 R 4.0 6 2 715 78
584197117 1 37285 R 2.0 6 1 0 79
586454152 1 37430 R 13.0 6 4 888 80
589952273 1 37654 R 3.0 6 1 0 81
591699083 1 37765 R 10.0 6 3 529 82
595202140 1 37990 R 7.0 7 2 0 83
599702161 1 38278 R 5.0 7 3 0 84
600949923 1 38357 R 12.0 6 4 1374 85
603947114 1 38549 R 4.0 7 2 0 86
617703924 1 39430 R 9.0 7 4 499 87
621448719 1 39669 R 2.0 7 1 390 88
623949087 1 39829 R 11.0 7 4 553 89
624949700 1 39893 R 9.0 6 3 2040 90
630447474 1 40245 R 10.0 7 3 0 91
632202270 1 40358 R 3.0 7 1 0 92
633448858 1 40437 R 8.0 7 3 417 93
639447222 1 40821 R 6.0 7 2 0 94
642204967 1 40998 R 12.0 7 5 2044 95
645449083 1 41205 R 13.0 7 4 289 96
651697098 1 41605 R 8.0 8 3 0 97
658959768 1 42070 R 5.0 8 3 0 98
664452161 1 42422 R 7.0 8 2 0 99
667449165 1 42613 R 13.0 8 4 640 100
667948940 1 42645 R 2.0 8 1 244 101
670697332 1 42821 R 4.0 8 2 0 102
671699170 1 42885 R 10.0 8 3 789 103
672204145 1 42918 R 9.0 8 3 342 104
682952490 1 43606 R 3.0 8 1 0 105
688449085 1 43957 R 6.0 8 2 502 106
688949310 1 43989 R 12.0 8 4 999 107
691699307 1 44165 R 11.0 8 4 496 108
718699168 1 45893 R 11.0 9 4 534 109
719947483 1 45973 R 13.0 9 4 0 110
722699165 1 46149 R 10.0 9 3 408 111
724947336 1 46293 R 2.0 9 1 0 112
726202407 1 46374 R 5.0 9 3 0 113
729202493 1 46566 R 7.0 9 2 0 114
730949166 1 46677 R 12.0 9 4 343 115
735452497 1 46966 R 3.0 9 1 0 116
736948942 1 47061 R 6.0 9 2 256 117
737449085 1 47093 R 8.0 9 3 225 118
738197446 1 47141 R 4.0 9 2 1 119
740704196 1 47302 R 9.0 9 3 588 120
746197006 1 47653 R 5.0 10 3 0 121
751702570 1 48006 R 3.0 10 1 0 122
752949164 1 48085 R 2.0 10 1 400 123
753449165 1 48117 R 8.0 10 3 480 124
762454592 1 48694 R 13.0 10 4 446 125
763199393 1 48741 R 11.0 10 4 393 126
763699165 1 48773 R 6.0 10 2 360 127
765454366 1 48886 R 7.0 10 2 416 128
777702721 1 49670 R 9.0 10 3 0 129
780197941 1 49829 R 10.0 10 3 0 130
786197672 1 50213 R 4.0 10 2 1 131
792447944 1 50613 R 12.0 10 4 0 132
803947560 1 51349 R 6.0 11 2 0 133
810199393 1 51749 R 11.0 11 4 350 134
811698560 1 51845 R 10.0 11 3 39 135
819699166 1 52357 R 4.0 11 2 337 136
821199391 1 52453 R 12.0 11 4 288 137
827954363 1 52886 R 7.0 11 2 488 138
829703545 1 52998 R 3.0 11 1 50 139
834204598 1 53286 R 13.0 11 4 768 140
839699166 1 53637 R 2.0 11 1 369 141
840449313 1 53685 R 8.0 11 3 614 142
843204388 1 53862 R 9.0 11 3 661 143
849955229 1 54294 R 5.0 11 3 1064 144
852697692 1 54469 R 11.0 12 4 0 145
859949165 1 54933 R 6.0 12 2 320 146
860449164 1 54965 R 4.0 12 2 160 147
861947560 1 55061 R 8.0 12 3 0 148
865455202 1 55286 R 7.0 12 2 1399 149
869449391 1 55541 R 12.0 12 4 688 150
873202725 1 55782 R 5.0 12 3 0 151
874452725 1 55862 R 9.0 12 3 0 152
875703550 1 55942 R 3.0 12 1 13 153
886703088 1 56646 R 2.0 12 1 592 154
887453193 1 56694 R 10.0 12 3 241 155
889702981 1 56838 R 13.0 12 4 2 156
895952809 1 57238 R 11.0 13 4 1 157
902202849 1 57638 R 12.0 13 4 1 158
908964777 1 58070 R 2.0 13 1 262 159
909786270 1 58123 R 4.0 13 2 241 160
921462928 1 58870 R 8.0 13 3 1083 161
929713155 1 59398 R 10.0 13 3 1056 162
930712019 1 59462 R 3.0 13 1 277 163
937214790 1 59878 R 9.0 13 3 966 164
942725800 1 60231 R 5.0 13 2 192 165
944230420 1 60327 R 7.0 13 2 719 166
949477757 1 60663 R 6.0 13 2 474 167
951226174 1 60775 R 13.0 13 4 832 168
952475786 1 60855 R 7.0 14 2 224 169
953225647 1 60903 R 2.0 14 1 225 170
955478648 1 61047 R 8.0 14 3 0 171
957478229 1 61175 R 4.0 14 2 398 172
963478675 1 61559 R 9.0 14 3 0 173
965478899 1 61687 R 11.0 14 4 0 174
967728922 1 61831 R 13.0 14 4 1 175
968226027 1 61863 R 6.0 14 2 0 176
984478921 1 62903 R 12.0 14 4 0 177
986476289 1 63031 R 10.0 14 3 0 178
989978782 1 63255 R 5.0 14 2 1 179
993226075 1 63463 R 3.0 14 1 0 180
999725535 1 63879 R 5.0 15 2 0 181
1007980509 1 64407 R 11.0 15 4 390 182
1008725783 1 64455 R 8.0 15 3 336 183
1014730293 1 64839 R 9.0 15 3 400 184
1021036394 1 65243 R 13.0 15 4 703 185
1021725776 1 65287 R 4.0 15 2 240 186
1027228705 1 65639 R 7.0 15 2 0 187
1031728824 1 65927 R 10.0 15 3 1592 188
1032228607 1 65959 R 3.0 15 1 1342 189
1032728616 1 65991 R 6.0 15 2 1402 190
1041228922 1 66535 R 12.0 15 4 0 191
1042228766 1 66599 R 2.0 15 1 0 192
1057480268 1 67575 R 4.0 16 2 502 193
1058480522 1 67639 R 12.0 16 4 558 194
1062975943 1 67927 R 3.0 16 1 0 195
1066730376 1 68167 R 9.0 16 3 898 196
1067480608 1 68215 R 11.0 16 4 689 197
1074226210 1 68647 R 10.0 16 3 0 198
1080728783 1 69063 R 7.0 16 2 0 199
1088230642 1 69543 R 13.0 16 4 434 200
1088980414 1 69591 R 8.0 16 3 208 201
1092976048 1 69847 R 6.0 16 2 0 202
1094980414 1 69975 R 2.0 16 1 343 203
1095730423 1 70023 R 5.0 16 2 941 204
1098978705 1 70231 R 4.0 17 2 0 205
1101978858 1 70423 R 11.0 17 4 1 206
1109980311 1 70935 R 7.0 17 2 469 207
1110480306 1 70967 R 2.0 17 1 402 208
1111478697 1 71031 R 5.0 17 2 0 209
1117975995 1 71447 R 3.0 17 1 0 210
1120480598 1 71607 R 12.0 17 4 983 211
1128230604 1 72103 R 13.0 17 4 932 212
1129726251 1 72199 R 10.0 17 3 1 213
1136228759 1 72615 R 8.0 17 3 0 214
1138226114 1 72743 R 6.0 17 2 0 215
1144226969 1 73127 R 9.0 17 4 81 216
1148728549 1 73415 R 7.0 18 2 0 217
1153978648 1 73751 R 5.0 18 2 0 218
1154725949 1 73799 R 6.0 18 2 1 219
1159727624 1 74119 R 8.0 18 3 288 220
1163227934 1 74343 R 10.0 18 3 445 221
1167980351 1 74647 R 2.0 18 1 502 222
1174478062 1 75063 R 11.0 18 5 365 223
1175231128 1 75111 R 4.0 18 2 1333 224
1180478836 1 75447 R 12.0 18 4 1217 225
1180976969 1 75479 R 9.0 18 4 80 226
1190726072 1 76103 R 3.0 18 1 0 227
1192976309 1 76247 R 13.0 18 5 1 228
1202475906 1 76855 R 8.0 19 3 1 229
1203976826 1 76951 R 3.0 19 1 55 230
1210480311 1 77367 R 2.0 19 1 503 231
1216480341 1 77751 R 7.0 19 2 382 232
1219726227 1 77959 R 13.0 19 5 0 233
1221226021 1 78055 R 6.0 19 2 1 234
1223477386 1 78199 R 11.0 19 5 95 235
1226476024 1 78391 R 9.0 19 4 0 236
1230976258 1 78679 R 10.0 19 3 0 237
1232993529 1 78808 R 12.0 19 4 496 238
1236738830 1 79048 R 4.0 19 2 1677 239
1237238008 1 79080 R 5.0 19 2 241 240
1250311194 1 79917 R 11.0 20 5 0 241
1254491461 1 80184 R 5.0 20 3 0 242
1256736177 1 80328 R 2.0 20 1 0 243
1260493149 1 80568 R 6.0 20 2 261 244
1261243399 1 80616 R 13.0 20 5 675 245
1262991525 1 80728 R 4.0 20 2 1 246
1275741745 1 81544 R 10.0 20 4 0 247
1276241550 1 81576 R 3.0 20 1 0 248
1279491556 1 81784 R 8.0 20 3 0 249
1287993240 1 82328 R 7.0 20 3 304 250
1288993540 1 82392 R 12.0 20 4 331 251
1301493104 1 83192 R 4.0 21 2 448 252
1301993384 1 83224 R 11.0 21 4 449 253
1302493384 1 83256 R 13.0 21 4 352 254
1304991461 1 83416 R 9.0 21 3 0 255
1308741478 1 83656 R 7.0 21 3 0 256
1314987973 1 84056 R 2.0 21 1 396 257
1322241754 1 84520 R 12.0 21 4 0 258
1327241542 1 84840 R 6.0 21 2 0 259
1330491559 1 85048 R 3.0 21 1 0 260
1333491579 1 85240 R 5.0 21 3 0 261
1338993244 1 85592 R 8.0 21 3 272 262
1343993559 1 85912 R 10.0 21 4 515 263
1345491655 1 86008 R 12.0 22 4 0 264
1348241461 1 86184 R 3.0 22 1 0 265
1352991465 1 86488 R 8.0 22 3 0 266
1363237578 1 87144 R 9.0 22 3 471 267
1364242314 1 87208 R 6.0 22 2 66 268
1372243255 1 87720 R 10.0 22 4 642 269
1377001060 1 88025 R 11.0 22 4 977 270
1381253472 1 88297 R 2.0 22 1 313 271
1383015444 1 88410 R 13.0 22 4 0 272
1385264798 1 88554 R 5.0 22 3 0 273
1389267295 1 88810 R 4.0 22 1 409 274
1389767295 1 88842 R 7.0 22 2 128 275
1406265304 1 89898 R 13.0 23 4 0 276
1410767159 1 90186 R 4.0 23 1 285 277
1418015794 1 90650 R 9.0 23 3 0 278
1421015510 1 90842 R 7.0 23 2 0 279
1425264661 1 91114 R 6.0 23 2 0 280
1432522486 1 91578 R 3.0 23 1 0 281
1434024801 1 91674 R 8.0 23 3 924 282
1434775453 1 91722 R 11.0 23 4 555 283
1436773564 1 91850 R 12.0 23 4 0 284
1440273702 1 92074 R 10.0 23 4 82 285
1442031166 1 92187 R 5.0 23 3 398 286
1444537259 1 92347 R 2.0 23 1 1223 287
1454290829 1 92971 R 5.0 24 2 1 288
1460292518 1 93355 R 8.0 24 3 778 289
1461293770 1 93419 R 3.0 24 1 440 290
1462303799 1 93484 R 13.0 24 4 1 291
1467066749 1 93789 R 12.0 24 4 1089 292
1477040822 1 94427 R 4.0 24 1 0 293
1478312327 1 94509 R 10.0 24 3 0 294
1484062899 1 94877 R 9.0 24 3 367 295
1484562296 1 94909 R 11.0 24 4 32 296
1487064132 1 95069 R 7.0 24 2 0 297
1488315890 1 95149 R 2.0 24 1 0 298
1489811248 1 95245 R 6.0 24 2 1 299
1499061136 1 95837 R 6.0 25 2 1 300
1501813998 1 96013 R 5.0 25 2 0 301
1503311137 1 96109 R 9.0 25 3 1 302
1508814851 1 96461 R 7.0 25 2 48 303
1514311152 1 96813 R 3.0 25 1 0 304
1514565742 1 96829 R 2.0 25 1 0 305
1522561469 1 97341 R 11.0 25 4 1 306
1529064334 1 97757 R 12.0 25 4 1 307
1537065765 1 98269 R 8.0 25 3 176 308
1538813126 1 98381 R 13.0 25 4 340 309
1540562327 1 98493 R 10.0 25 3 0 310
1542064144 1 98589 R 4.0 25 1 9 311
1553811335 1 99341 R 11.0 26 4 1 312
1555064006 1 99421 R 8.0 26 3 1 313
1561813836 1 99853 R 12.0 26 4 273 314
1562312807 1 99885 R 6.0 26 2 518 315
1562812907 1 99917 R 3.0 26 1 451 316
1564061253 1 99997 R 9.0 26 3 1 317
1570307354 1 100396 R 10.0 26 3 590 318
1570816569 1 100429 R 7.0 26 2 384 319
1571066571 1 100445 R 4.0 26 1 184 320
1576312215 1 100781 R 13.0 26 4 1 321
1583816707 1 101261 R 2.0 26 1 0 322
1590564978 1 101693 R 5.0 26 2 0 323
1596316469 1 102061 R 8.0 27 3 145 324
1602312890 1 102445 R 10.0 27 3 0 325
1603562679 1 102525 R 4.0 27 1 3 326
1605066542 1 102621 R 2.0 27 1 0 327
1608067342 1 102813 R 3.0 27 1 320 328
1616566542 1 103357 R 7.0 27 2 844 329
1619311983 1 103533 R 6.0 27 2 1 330
1624316789 1 103853 R 12.0 27 4 865 331
1626561984 1 103997 R 9.0 27 3 0 332
1630816588 1 104269 R 5.0 27 2 399 333
1634562193 1 104509 R 11.0 27 4 0 334
1640063849 1 104861 R 13.0 27 4 355 335
1650312168 1 105517 R 11.0 28 4 0 336
1654064813 1 105757 R 7.0 28 2 1 337
1659314820 1 106093 R 4.0 28 1 0 338
1661563858 1 106237 R 13.0 28 4 398 339
1662316548 1 106285 R 2.0 28 1 0 340
1671563617 1 106877 R 3.0 28 1 0 341
1676061987 1 107165 R 9.0 28 3 0 342
1679315133 1 107373 R 10.0 28 3 1 343
1688811985 1 107981 R 6.0 28 2 0 344
1692814933 1 108237 R 5.0 28 2 0 345
1693316817 1 108269 R 12.0 28 4 881 346
1697816563 1 108557 R 2.0 29 1 0 347
1698316624 1 108589 R 8.0 28 3 497 348
1698566686 1 108605 R 10.0 29 3 256 349
1702566471 1 108861 R 5.0 29 2 446 350
1705811965 1 109069 R 3.0 29 1 0 351
1710314864 1 109357 R 4.0 29 1 0 352
1714564875 1 109629 R 8.0 29 3 1 353
1721311991 1 110061 R 6.0 29 2 0 354
1729312206 1 110573 R 11.0 29 4 1 355
1734812209 1 110925 R 13.0 29 4 1 356
1735564961 1 110973 R 7.0 29 2 1 357
1738811997 1 111181 R 9.0 29 3 0 358
1743066016 1 111453 R 12.0 29 4 33 359
1748061949 1 111773 R 3.0 30 1 0 360
1756315053 1 112301 R 10.0 30 3 0 361
1757562187 1 112381 R 11.0 30 4 1 362
1758562797 1 112445 R 6.0 30 2 16 363
1764811971 1 112845 R 9.0 30 3 0 364
1768814879 1 113101 R 4.0 30 1 0 365
1770314919 1 113197 R 5.0 30 2 0 366
1776065155 1 113565 R 12.0 30 4 1 367
1782316698 1 113965 R 2.0 30 1 0 368
1782816591 1 113997 R 8.0 30 3 210 369
1786566615 1 114237 R 7.0 30 2 322 370
1795791568 1 114827 R 4.0 31 1 0 371
1799317737 1 115053 R 13.0 30 4 841 372
1799813610 1 115085 R 6.0 31 2 304 373
1801066738 1 115165 R 12.0 31 4 378 374
1805561979 1 115453 R 9.0 31 3 0 375
1809565935 1 115709 R 10.0 31 3 53 376
1816063485 1 116125 R 8.0 31 3 374 377
1824813858 1 116685 R 11.0 31 4 884 378
1827061977 1 116829 R 3.0 31 1 0 379
1831317115 1 117101 R 7.0 31 2 883 380
1834311986 1 117293 R 5.0 31 2 0 381
1837313864 1 117485 R 13.0 31 4 497 382
1838068372 1 117533 R 2.0 31 1 392 383
1853313532 1 118509 R 3.0 32 1 0 384
1855812210 1 118669 R 13.0 32 4 1 385
1859061960 1 118877 R 5.0 32 2 0 386
1862818224 1 119117 R 2.0 32 1 444 387
1863564887 1 119165 R 4.0 32 1 0 388
1865561997 1 119293 R 9.0 32 3 0 389
1872563649 1 119741 R 8.0 32 3 381 390
1876312098 1 119981 R 6.0 32 2 0 391
1879815878 1 120205 R 7.0 32 2 435 392
1881564111 1 120317 R 10.0 32 3 331 393
1890064836 1 120861 R 12.0 32 4 1226 394
1894562500 1 121149 R 11.0 32 4 1 395
1896564833 1 121277 R 4.0 33 1 0 396
1899066581 1 121437 R 2.0 33 1 0 397
1904061998 1 121757 R 3.0 33 1 0 398
1910812006 1 122189 R 5.0 33 2 1 399
1915812214 1 122509 R 10.0 33 3 2 400
1919561406 1 122749 R 7.0 33 2 0 401
1924327566 1 123054 R 6.0 33 2 0 402
1925827570 1 123150 R 9.0 33 3 1 403
1928827790 1 123342 R 11.0 33 4 2 404
1930577571 1 123454 R 8.0 33 3 1 405
1934827810 1 123726 R 12.0 33 4 1 406
1943577822 1 124286 R 13.0 33 4 2 407
1948080233 1 124574 R 7.0 34 2 0 408
1959086848 1 125278 R 6.0 34 2 422 409
1961339820 1 125422 R 2.0 34 1 0 410
1965339997 1 125678 R 13.0 34 4 778 411
1966840729 1 125774 R 12.0 34 4 834 412
1973090513 1 126174 R 8.0 34 4 1169 413
1975356381 1 126319 R 11.0 34 5 1202 414
1976106162 1 126367 R 5.0 34 3 1242 415
1979611697 1 126592 R 10.0 34 4 0 416
1986875918 1 127057 R 3.0 34 1 0 417
1994113059 1 127520 R 4.0 34 1 482 418
1994863061 1 127568 R 9.0 34 3 193 419
1997863454 1 127760 R 2.0 35 1 0 420
2000117999 1 127904 R 3.0 35 1 312 421
2005614430 1 128256 R 8.0 35 4 493 422
2006362956 1 128304 R 9.0 35 3 457 423
2013112964 1 128736 R 7.0 35 2 640 424
2021113270 1 129248 R 11.0 35 4 192 425
2027611467 1 129664 R 5.0 35 3 1 426
2036613055 1 130240 R 4.0 35 1 358 427
2038361632 1 130352 R 10.0 35 4 1 428
2041116436 1 130528 R 6.0 35 2 0 429
2048363275 1 130992 R 13.0 35 4 386 430
2052361264 1 131248 R 7.0 36 2 0 431
2058628890 1 131649 R 12.0 35 4 963 432
2069394230 1 132338 R 10.0 36 3 316 433
2074151649 1 132642 R 9.0 36 3 904 434
2077400588 1 132850 R 13.0 36 4 0 435
2081399351 1 133106 R 3.0 36 1 0 436
2082901203 1 133202 R 12.0 36 4 869 437
2085651877 1 133378 R 4.0 36 1 209 438
2086151884 1 133410 R 5.0 36 2 145 439
2088150232 1 133538 R 8.0 36 3 0 440
2089901441 1 133650 R 6.0 36 2 407 441
2092649592 1 133826 R 11.0 36 4 0 442
2094903655 1 133970 R 2.0 36 1 347 443
2097900082 1 134162 R 5.0 37 2 0 444
2104150234 1 134562 R 13.0 37 4 0 445
2108150075 1 134818 R 4.0 37 1 0 446
2110900894 1 134994 R 6.0 37 2 444 447
2116151672 1 135330 R 7.0 37 2 292 448
2118901035 1 135506 R 9.0 37 3 709 449
2120900234 1 135634 R 8.0 37 3 0 450
2133901894 1 136466 R 2.0 37 1 0 451
2137400376 1 136690 R 10.0 37 3 0 452
2143405351 1 137075 R 11.0 37 4 0 453
2144665787 1 137155 R 3.0 37 1 49 454
2147665668 1 137347 R 7.0 38 2 0 455
2156166831 1 137891 R 12.0 37 4 785 456
2159417242 1 138099 R 2.0 38 1 0 457
2162673369 1 138308 R 5.0 38 2 0 458
2168173368 1 138660 R 8.0 38 3 0 459
2175424112 1 139124 R 6.0 38 2 417 460
2177672458 1 139268 R 9.0 38 3 0 461
2178673377 1 139332 R 4.0 38 1 0 462
2181675163 1 139524 R 12.0 38 4 1147 463
2187172461 1 139876 R 3.0 38 1 0 464
2189175252 1 140004 R 10.0 38 3 429 465
2190922694 1 140116 R 11.0 38 4 0 466
2194922544 1 140372 R 12.0 39 4 0 467
2198672551 1 140612 R 11.0 39 4 0 468
2201925386 1 140820 R 13.0 38 4 438 469
2205690575 1 141061 R 2.0 39 1 0 470
2207940555 1 141205 R 5.0 39 2 134 471
2211437992 1 141429 R 3.0 39 1 0 472
2215956092 1 141718 R 8.0 39 3 647 473
2216964874 1 141782 R 13.0 39 4 1248 474
2217462211 1 141814 R 4.0 39 1 0 475
2219711390 1 141958 R 6.0 39 2 0 476
2225722195 1 142343 R 10.0 39 3 0 477
2232728655 1 142791 R 9.0 39 3 427 478
2237479520 1 143095 R 7.0 39 2 695 479
2253979432 1 144151 R 2.0 40 1 0 480
2254742452 1 144200 R 11.0 40 4 0 481
2255500873 1 144249 R 4.0 40 1 0 482
2270499887 1 145209 R 9.0 40 3 0 483
2274249886 1 145449 R 7.0 40 2 0 484
2280252824 1 145833 R 12.0 40 4 533 485
2284001187 1 146073 R 10.0 40 3 0 486
2288500044 1 146361 R 6.0 40 2 0 487
2289000049 1 146393 R 3.0 40 1 7 488
2292002641 1 146585 R 5.0 40 2 482 489
2293752675 1 146697 R 8.0 40 3 555 490
2296499907 1 146873 R 9.0 41 3 0 491
2300750139 1 147145 R 11.0 41 4 0 492
2302249890 1 147241 R 7.0 41 2 0 493
2303115421 1 147296 R 13.0 40 4 1046 494
2318249893 1 148265 R 3.0 41 1 0 495
2320001146 1 148377 R 10.0 41 3 0 496
2323252636 1 148585 R 2.0 41 1 0 497
2325750956 1 148745 R 4.0 41 1 0 498
2330251208 1 149033 R 12.0 41 4 0 499
2341768154 1 149770 R 5.0 41 2 489 500
2343268177 1 149866 R 8.0 41 3 815 501
2343768418 1 149898 R 13.0 41 4 544 502
2344760401 1 149961 R 2.0 42 1 0 503
2348766582 1 150218 R 10.0 42 3 0 504
2356517302 1 150714 R 6.0 41 2 862 505
2357268014 1 150762 R 9.0 42 3 624 506
2361515537 1 151034 R 7.0 42 2 0 507
2371267184 1 151658 R 8.0 42 3 49 508
2384761973 1 152521 R 5.0 42 2 722 509
2388515871 1 152762 R 12.0 42 4 0 510
2390765645 1 152906 R 3.0 42 1 0 511
2391762329 1 152969 R 13.0 42 4 763 512
