248451799 1 15798 R 7.0 0 2 0 1
251201904 1 15974 R 4.0 0 3 0 2
257453580 1 16374 R 6.0 0 3 479 3
265203587 1 16870 R 8.0 0 3 855 4
265703814 1 16902 R 10.0 0 3 784 5
276204525 1 17574 R 9.0 0 3 1385 6
279953472 1 17814 R 3.0 0 1 0 7
285453687 1 18166 R 5.0 0 2 320 8
285954752 1 18198 R 12.0 0 4 1172 9
291202133 1 18534 R 6.0 1 2 0 10
294198857 1 18725 R 2.0 0 1 886 11
294698712 1 18757 R 2.0 1 1 166 12
298953828 1 19030 R 4.0 1 2 468 13
302452172 1 19254 R 9.0 1 3 0 14
311953810 1 19862 R 3.0 1 1 539 15
315454982 1 20086 R 11.0 0 4 3107 16
324454997 1 20662 R 13.0 0 4 3645 17
332704749 1 21190 R 7.0 1 2 1746 18
338449783 1 21557 R 11.0 1 4 3048 19
339199556 1 21605 R 5.0 1 2 1949 20
340198716 1 21669 R 5.0 2 2 825 21
341203804 1 21734 R 3.0 2 1 523 22
341876085 1 21777 R 4.0 2 2 500 23
346203919 1 22054 R 6.0 2 2 413 24
356954970 1 22742 R 12.0 1 4 3361 25
357954744 1 22806 R 8.0 2 3 1346 26
358454975 1 22838 R 10.0 1 3 2767 27
360697118 1 22981 R 2.0 2 1 0 28
361204979 1 23014 R 13.0 2 4 1090 29
366202129 1 23334 R 8.0 3 3 0 30
380454971 1 24246 R 10.0 2 3 2014 31
380954031 1 24278 R 13.0 3 4 545 32
381453816 1 24310 R 3.0 3 1 344 33
383697112 1 24453 R 2.0 3 1 0 34
385954762 1 24598 R 8.0 1 3 5534 35
388204980 1 24742 R 12.0 2 5 2458 36
393954760 1 25110 R 9.0 2 4 2771 37
395954756 1 25238 R 5.0 3 2 1242 38
404127271 1 25761 R 11.0 2 5 3395 39
404704742 1 25798 R 7.0 2 2 4161 40
405954970 1 25878 R 12.0 3 4 1034 41
419704975 1 26758 R 10.0 3 3 1792 42
421704840 1 26886 R 13.0 1 4 7149 43
423454610 1 26998 R 6.0 4 2 1108 44
424453996 1 27062 R 10.0 4 3 103 45
426704740 1 27206 R 4.0 3 2 1724 46
431447120 1 27509 R 2.0 4 1 0 47
432454746 1 27574 R 6.0 3 3 2629 48
432954987 1 27606 R 11.0 3 5 3111 49
435204766 1 27750 R 7.0 3 2 2552 50
440204664 1 28070 R 5.0 4 2 1678 51
440704980 1 28102 R 12.0 4 4 1255 52
441704055 1 28166 R 3.0 4 1 211 53
443954753 1 28310 R 8.0 4 3 1858 54
446952350 1 28502 R 11.0 5 4 0 55
448704986 1 28614 R 11.0 4 4 2350 56
450204753 1 28710 R 9.0 4 3 1673 57
450704158 1 28742 R 13.0 4 4 599 58
452952138 1 28886 R 3.0 5 1 0 59
453952986 1 28950 R 9.0 5 3 22 60
454704753 1 28998 R 4.0 4 2 1662 61
458704762 1 29254 R 9.0 3 3 3671 62
467448716 1 29813 R 2.0 5 1 447 63
482954739 1 30806 R 8.0 5 3 1643 64
483454971 1 30838 R 13.0 5 4 1442 65
483954749 1 30870 R 7.0 4 2 3230 66
485204749 1 30950 R 7.0 5 2 2004 67
486952137 1 31062 R 3.0 6 1 0 68
489205790 1 31206 R 4.0 5 1 2749 69
489703926 1 31238 R 5.0 5 2 726 70
493712677 1 31494 R 2.0 6 1 0 71
497212852 1 31718 R 12.0 5 4 1946 72
497712857 1 31750 R 10.0 5 5 1736 73
499213479 1 31846 R 4.0 6 1 0 74
503711776 1 32134 R 12.0 6 5 453 75
509211766 1 32486 R 7.0 6 2 781 76
511711767 1 32646 R 5.0 6 2 457 77
513461925 1 32758 R 13.0 6 6 946 78
514712614 1 32838 R 6.0 5 2 2311 79
516712597 1 32966 R 9.0 6 3 1786 80
517626226 1 33025 R 6.0 6 2 708 81
519211932 1 33126 R 11.0 6 4 613 82
525211933 1 33510 R 10.0 6 5 304 83
533459897 1 34038 R 3.0 7 1 0 84
542712520 1 34630 R 4.0 7 2 0 85
545961622 1 34838 R 5.0 7 2 876 86
551214311 1 35174 R 7.0 7 3 573 87
558712635 1 35654 R 8.0 6 3 2381 88
559212698 1 35686 R 13.0 7 4 1777 89
561464327 1 35830 R 2.0 7 1 368 90
565876225 1 36113 R 6.0 7 2 377 91
566712299 1 36166 R 10.0 7 3 310 92
568715186 1 36294 R 9.0 7 5 1835 93
569211778 1 36326 R 13.0 8 4 241 94
571211624 1 36454 R 5.0 8 2 282 95
572132256 1 36513 R 3.0 8 1 0 96
575715409 1 36742 R 11.0 7 5 1894 97
576464285 1 36790 R 7.0 8 3 314 98
594712494 1 37958 R 6.0 8 2 1831 99
595212862 1 37990 R 8.0 7 3 2864 100
601719033 1 38407 R 4.0 8 2 1856 101
602215297 1 38438 R 9.0 8 5 2168 102
602715303 1 38470 R 2.0 8 1 1024 103
606213059 1 38694 R 12.0 8 5 2023 104
607962834 1 38806 R 8.0 8 3 2776 105
609463065 1 38902 R 11.0 8 4 2831 106
609962926 1 38934 R 12.0 7 5 3309 107
614462693 1 39222 R 8.0 9 4 0 108
619713079 1 39558 R 10.0 8 3 1051 109
622464524 1 39734 R 2.0 9 1 481 110
631214540 1 40294 R 7.0 9 3 459 111
635963487 1 40598 R 4.0 9 2 345 112
637965542 1 40726 R 10.0 9 6 1992 113
641978328 1 40983 R 3.0 9 1 1275 114
646725767 1 41287 R 2.0 10 1 102 115
648731360 1 41415 R 6.0 9 2 929 116
649243042 1 41448 R 5.0 9 2 529 117
650987228 1 41560 R 11.0 10 4 49 118
654001790 1 41753 R 7.0 10 2 0 119
662003449 1 42265 R 4.0 10 2 517 120
667249034 1 42601 R 3.0 10 1 0 121
673749037 1 43017 R 6.0 10 2 1 122
675254299 1 43113 R 12.0 9 7 2454 123
676254295 1 43177 R 9.0 10 6 1797 124
677287327 1 43243 R 12.0 10 7 1555 125
681251557 1 43497 R 5.0 10 2 459 126
685003585 1 43737 R 5.0 11 2 0 127
686762442 1 43849 R 13.0 10 5 1283 128
693019900 1 44250 R 8.0 10 4 1152 129
700277131 1 44714 R 10.0 10 7 990 130
702277639 1 44842 R 7.0 11 3 1073 131
706276965 1 45098 R 12.0 11 6 862 132
707525995 1 45178 R 2.0 11 1 25 133
709522473 1 45306 R 3.0 11 1 0 134
712022470 1 45466 R 6.0 11 2 1 135
719527657 1 45946 R 9.0 11 5 1700 136
720277894 1 45994 R 11.0 11 5 1265 137
721527891 1 46074 R 10.0 11 8 1243 138
725022331 1 46298 R 6.0 12 2 1 139
728526114 1 46522 R 13.0 11 6 1082 140
734275886 1 46890 R 4.0 11 1 1049 141
739272474 1 47210 R 3.0 12 1 0 142
744025184 1 47514 R 2.0 12 1 0 143
756775811 1 48330 R 4.0 12 1 1779 144
757525896 1 48378 R 8.0 11 3 2354 145
758274990 1 48426 R 7.0 12 2 304 146
759774356 1 48522 R 10.0 12 5 763 147
760274220 1 48554 R 5.0 12 2 464 148
765026826 1 48858 R 9.0 12 3 946 149
766273332 1 48938 R 7.0 13 2 0 150
773277888 1 49386 R 11.0 12 4 1811 151
774026987 1 49434 R 13.0 12 4 922 152
776026978 1 49562 R 12.0 12 4 992 153
778526136 1 49722 R 8.0 12 3 1006 154
785772483 1 50186 R 5.0 13 2 1 155
790524947 1 50490 R 2.0 13 1 0 156
797273560 1 50922 R 4.0 13 1 0 157
798523560 1 51002 R 8.0 13 3 1 158
803022450 1 51290 R 3.0 13 1 0 159
809522457 1 51706 R 5.0 14 2 1 160
813026827 1 51930 R 6.0 13 2 941 161
818526165 1 52282 R 12.0 13 5 1056 162
824773330 1 52682 R 4.0 14 1 0 163
827526163 1 52858 R 10.0 13 6 2049 164
830022694 1 53018 R 10.0 14 3 1 165
834025065 1 53274 R 7.0 14 2 318 166
836275072 1 53418 R 8.0 14 3 794 167
838272468 1 53546 R 3.0 14 1 0 168
842775292 1 53834 R 13.0 14 4 991 169
844527878 1 53946 R 11.0 13 4 3385 170
845277880 1 53994 R 13.0 13 4 3360 171
846026822 1 54042 R 2.0 14 1 254 172
847525282 1 54138 R 12.0 14 5 330 173
851275053 1 54378 R 9.0 13 4 3017 174
851774261 1 54410 R 10.0 15 3 448 175
854024212 1 54554 R 6.0 14 2 659 176
858025065 1 54810 R 8.0 15 3 378 177
861022344 1 55002 R 6.0 15 2 0 178
864022333 1 55194 R 3.0 15 1 0 179
866025039 1 55322 R 5.0 15 2 1242 180
868525268 1 55482 R 11.0 14 5 2993 181
871776109 1 55690 R 13.0 15 4 1488 182
874026136 1 55834 R 12.0 15 5 1797 183
875777250 1 55946 R 9.0 14 6 2387 184
880026831 1 56218 R 2.0 15 1 374 185
892022327 1 56986 R 5.0 16 2 0 186
893538571 1 57083 R 3.0 16 1 52 187
894025041 1 57114 R 2.0 16 1 0 188
894775218 1 57162 R 4.0 15 1 995 189
895526184 1 57210 R 11.0 15 4 1267 190
896276042 1 57258 R 7.0 15 2 1105 191
899025050 1 57434 R 9.0 15 6 1243 192
907272344 1 57962 R 6.0 16 2 0 193
908025265 1 58010 R 11.0 16 4 1470 194
917772474 1 58634 R 7.0 16 2 0 195
921025083 1 58842 R 4.0 16 1 314 196
924275036 1 59050 R 2.0 17 1 0 197
929774356 1 59402 R 10.0 16 8 842 198
934772332 1 59722 R 3.0 17 1 0 199
941524080 1 60154 R 5.0 17 2 380 200
943126785 1 60257 R 11.0 17 4 528 201
947522476 1 60538 R 7.0 17 2 0 202
950774228 1 60746 R 9.0 17 5 948 203
953523324 1 60922 R 4.0 17 1 0 204
955022476 1 61018 R 6.0 17 2 0 205
962524351 1 61498 R 10.0 17 3 981 206
974275269 1 62250 R 12.0 17 5 2845 207
975127508 1 62305 R 8.0 17 3 1817 208
980775280 1 62666 R 13.0 17 4 1585 209
983773263 1 62858 R 4.0 18 1 0 210
986275037 1 63018 R 2.0 18 1 0 211
989775128 1 63242 R 11.0 18 5 1238 212
996274096 1 63658 R 3.0 18 1 205 213
996774215 1 63690 R 6.0 18 2 176 214
1000522496 1 63930 R 5.0 18 2 0 215
1005775021 1 64266 R 7.0 18 2 1166 216
1008025026 1 64410 R 9.0 18 3 1312 217
1013022323 1 64730 R 7.0 19 2 0 218
1015274350 1 64874 R 10.0 18 3 932 219
1018272328 1 65066 R 9.0 19 3 0 220
1019522339 1 65146 R 5.0 19 2 0 221
1023774349 1 65418 R 12.0 19 5 495 222
1025776625 1 65546 R 2.0 19 1 761 223
1032024350 1 65946 R 10.0 19 3 958 224
1032524200 1 65978 R 6.0 19 2 400 225
1033024195 1 66010 R 3.0 19 1 203 226
1036774349 1 66250 R 13.0 19 4 494 227
1038523340 1 66362 R 4.0 19 1 0 228
1041274224 1 66538 R 8.0 19 3 795 229
1045524376 1 66810 R 11.0 19 4 943 230
1050524351 1 67130 R 11.0 20 4 289 231
1059267700 1 67690 R 4.0 20 1 0 232
1066277865 1 68138 R 8.0 20 3 554 233
1066774350 1 68170 R 12.0 20 5 385 234
1067274351 1 68202 R 13.0 20 4 320 235
1069772468 1 68362 R 9.0 20 4 0 236
1074275168 1 68650 R 2.0 20 1 0 237
1076524360 1 68794 R 10.0 20 3 377 238
1080772483 1 69066 R 6.0 20 2 0 239
1083522472 1 69242 R 3.0 20 1 0 240
1086524227 1 69434 R 7.0 20 2 300 241
1089774946 1 69642 R 2.0 21 1 0 242
1092775190 1 69834 R 5.0 20 2 1164 243
1094774318 1 69962 R 13.0 21 4 559 244
1096022482 1 70042 R 7.0 21 2 0 245
1100078359 1 70302 R 10.0 21 3 705 246
1101774190 1 70410 R 5.0 21 2 169 247
1103274210 1 70506 R 9.0 21 4 471 248
1110025073 1 70938 R 4.0 21 1 646 249
1112524349 1 71098 R 3.0 21 1 455 250
1113024350 1 71130 R 6.0 21 2 596 251
1128273210 1 72106 R 4.0 22 1 0 252
1132525036 1 72378 R 2.0 22 1 0 253
1134774345 1 72522 R 8.0 21 3 800 254
1135274220 1 72554 R 7.0 22 2 710 255
1135775403 1 72586 R 12.0 21 5 2406 256
1136787982 1 72651 R 3.0 22 1 0 257
1142040877 1 72987 R 11.0 21 5 1438 258
1148287995 1 73387 R 5.0 22 2 0 259
1156290816 1 73899 R 10.0 22 7 1455 260
1156790594 1 73931 R 9.0 22 6 1762 261
1157376677 1 73969 R 6.0 22 2 149 262
1158539964 1 74043 R 11.0 22 4 536 263
1167789793 1 74635 R 8.0 22 3 569 264
1169039974 1 74715 R 12.0 22 6 472 265
1169788759 1 74763 R 6.0 23 2 24 266
1172287949 1 74923 R 9.0 23 3 0 267
1175539716 1 75131 R 8.0 23 3 366 268
1179788002 1 75403 R 5.0 23 2 0 269
1182536184 1 75579 R 2.0 23 1 0 270
1187538239 1 75899 R 13.0 23 4 1 271
1190038840 1 76059 R 3.0 23 1 89 272
1194039786 1 76315 R 7.0 23 2 321 273
1200540893 1 76731 R 4.0 23 1 0 274
1202539965 1 76859 R 10.0 23 5 870 275
1203539975 1 76923 R 11.0 23 4 580 276
1205787941 1 77067 R 6.0 24 2 0 277
1207040837 1 77147 R 4.0 24 1 0 278
1207284636 1 77163 R 2.0 24 1 0 279
1208288023 1 77227 R 9.0 24 3 0 280
1214539728 1 77627 R 8.0 24 3 272 281
1215040874 1 77659 R 12.0 23 5 1653 282
1217539971 1 77819 R 10.0 24 5 346 283
1219788022 1 77963 R 3.0 24 1 0 284
1223539965 1 78203 R 13.0 24 4 340 285
1225792581 1 78347 R 5.0 24 2 363 286
1226538082 1 78395 R 7.0 24 2 0 287
1229788317 1 78603 R 11.0 24 4 0 288
1239288338 1 79211 R 12.0 24 5 0 289
1245788172 1 79627 R 13.0 25 4 0 290
1250787989 1 79947 R 9.0 25 3 0 291
1254787977 1 80203 R 6.0 25 2 0 292
1257540860 1 80379 R 4.0 25 1 0 293
1268789079 1 81099 R 10.0 25 3 1 294
1276038024 1 81563 R 3.0 25 1 0 295
1276792610 1 81611 R 5.0 25 2 341 296
1279538274 1 81787 R 11.0 25 4 0 297
1280784795 1 81867 R 2.0 25 1 0 298
1282038287 1 81947 R 12.0 25 5 0 299
1289289808 1 82411 R 7.0 25 2 407 300
1290538771 1 82491 R 3.0 26 1 39 301
1291539846 1 82555 R 8.0 25 3 492 302
1296038185 1 82843 R 13.0 26 4 0 303
1302292474 1 83243 R 5.0 26 2 327 304
1302784624 1 83275 R 2.0 26 1 0 305
1307539735 1 83579 R 9.0 26 3 703 306
1310050016 1 83740 R 4.0 26 1 459 307
1315789764 1 84107 R 6.0 26 2 817 308
1316539965 1 84155 R 11.0 26 4 736 309
1321790862 1 84491 R 10.0 26 3 501 310
1325040643 1 84699 R 8.0 26 3 1069 311
1329538155 1 84987 R 13.0 27 6 0 312
1332786285 1 85195 R 2.0 27 1 486 313
1333038188 1 85211 R 11.0 27 4 0 314
1335537985 1 85371 R 6.0 27 2 0 315
1336040862 1 85403 R 4.0 27 1 0 316
1340540872 1 85691 R 12.0 26 5 1707 317
1348288845 1 86187 R 3.0 27 1 67 318
1349040863 1 86235 R 5.0 27 2 0 319
1356540599 1 86715 R 8.0 27 5 1004 320
1357127506 1 86753 R 7.0 26 2 2678 321
1357790603 1 86795 R 7.0 27 2 1661 322
1359539186 1 86907 R 12.0 27 4 2 323
1360538096 1 86971 R 9.0 27 3 0 324
1365042875 1 87259 R 10.0 27 3 209 325
1365787956 1 87307 R 6.0 28 2 0 326
1370542507 1 87611 R 5.0 28 2 280 327
1371037995 1 87643 R 8.0 28 5 0 328
1375288004 1 87915 R 9.0 28 3 0 329
1379289076 1 88171 R 12.0 28 4 1 330
1385289758 1 88555 R 7.0 28 2 370 331
1387042724 1 88667 R 10.0 28 3 271 332
1389538045 1 88827 R 3.0 28 1 0 333
1392538292 1 89019 R 11.0 28 4 0 334
1393293599 1 89067 R 13.0 28 4 1414 335
1399291001 1 89451 R 4.0 28 1 0 336
1403034772 1 89691 R 2.0 28 1 0 337
1403540833 1 89723 R 5.0 29 2 0 338
1404040829 1 89755 R 4.0 29 1 9 339
1410039722 1 90139 R 6.0 29 2 368 340
1413039063 1 90331 R 12.0 29 4 0 341
1413534646 1 90363 R 2.0 29 1 0 342
1416038023 1 90523 R 7.0 29 2 0 343
1428038239 1 91291 R 11.0 29 4 0 344
1434539965 1 91707 R 13.0 29 5 386 345
1436290883 1 91819 R 10.0 29 3 472 346
1440540177 1 92091 R 3.0 29 1 0 347
1441539851 1 92155 R 9.0 29 3 784 348
1443540838 1 92283 R 5.0 30 2 0 349
1444291001 1 92331 R 12.0 30 4 0 350
1448540657 1 92603 R 8.0 29 4 1123 351
1454792725 1 93003 R 10.0 30 3 376 352
1459287992 1 93291 R 3.0 30 1 0 353
1462287997 1 93483 R 6.0 30 2 0 354
1464792564 1 93643 R 4.0 30 1 291 355
1466539974 1 93755 R 13.0 30 5 874 356
1469197499 1 93925 R 2.0 30 1 0 357
1472539964 1 94139 R 11.0 30 4 880 358
1479538084 1 94587 R 7.0 30 2 0 359
1482040652 1 94747 R 9.0 30 3 1294 360
1488792604 1 95179 R 8.0 30 4 465 361
1497291829 1 95723 R 9.0 31 3 600 362
1503542630 1 96123 R 12.0 31 4 705 363
1504042637 1 96155 R 10.0 31 3 304 364
1506534642 1 96315 R 2.0 31 1 0 365
1507042546 1 96347 R 5.0 31 2 418 366
1508290859 1 96427 R 8.0 31 4 0 367
1510788034 1 96587 R 3.0 31 1 0 368
1515788099 1 96907 R 7.0 31 2 0 369
1522788044 1 97355 R 6.0 31 2 0 370
1531038046 1 97883 R 5.0 32 2 321 371
1531792769 1 97931 R 11.0 31 4 912 372
1533292586 1 98027 R 4.0 31 1 677 373
1537536802 1 98299 R 13.0 31 5 884 374
1543899157 1 98706 R 4.0 32 1 0 375
1551041240 1 99163 R 9.0 32 3 1258 376
1551541400 1 99195 R 12.0 32 4 1620 377
1552540260 1 99259 R 3.0 32 1 339 378
1558534646 1 99643 R 2.0 32 1 0 379
1559289975 1 99691 R 13.0 32 5 522 380
1560540883 1 99771 R 6.0 32 2 549 381
1564289230 1 100011 R 7.0 32 2 0 382
1570791109 1 100427 R 7.0 33 2 304 383
1571292246 1 100459 R 10.0 32 3 1191 384
1577288592 1 100843 R 11.0 32 4 1774 385
1583792101 1 101259 R 8.0 32 4 2030 386
1584291111 1 101291 R 8.0 33 4 657 387
1590543346 1 101691 R 4.0 33 1 432 388
1592787412 1 101835 R 5.0 33 2 843 389
1598788848 1 102219 R 3.0 33 1 0 390
1601035638 1 102363 R 2.0 33 1 0 391
1603050934 1 102492 R 6.0 33 2 510 392
1606807217 1 102732 R 10.0 33 5 1965 393
1612566471 1 103101 R 6.0 34 2 545 394
1615311941 1 103277 R 3.0 34 1 0 395
1622567416 1 103741 R 9.0 33 3 2241 396
1629064847 1 104157 R 4.0 34 1 0 397
1631067653 1 104285 R 13.0 33 6 2251 398
1633816550 1 104461 R 2.0 34 1 0 399
1636814459 1 104653 R 7.0 34 2 1392 400
1637315359 1 104685 R 12.0 33 8 2221 401
1637814213 1 104717 R 5.0 34 2 608 402
1649317395 1 105453 R 8.0 34 5 1023 403
1656567404 1 105917 R 9.0 34 5 1133 404
1657067622 1 105949 R 11.0 34 5 1121 405
1661814812 1 106253 R 13.0 34 5 1048 406
1667313812 1 106605 R 12.0 35 4 662 407
1668814424 1 106701 R 9.0 35 4 1071 408
1672564438 1 106941 R 6.0 35 2 1063 409
1676064855 1 107165 R 4.0 35 1 0 410
1682563635 1 107581 R 7.0 35 3 557 411
1683063636 1 107613 R 5.0 35 2 959 412
1683316574 1 107629 R 2.0 35 1 0 413
1690567368 1 108093 R 3.0 35 1 890 414
1691312774 1 108141 R 3.0 36 1 62 415
1699314835 1 108653 R 4.0 36 1 0 416
1701069412 1 108765 R 13.0 35 7 1969 417
1704319391 1 108973 R 10.0 35 7 2647 418
1712818218 1 109517 R 2.0 36 1 507 419
1714819255 1 109645 R 12.0 36 5 1761 420
1719569191 1 109949 R 8.0 35 7 2776 421
1719819419 1 109965 R 11.0 35 8 3571 422
1728566561 1 110525 R 2.0 37 1 0 423
1744063231 1 111517 R 3.0 37 1 0 424
1744816520 1 111565 R 6.0 37 2 563 425
1749564482 1 111869 R 5.0 36 2 2334 426
1756314482 1 112301 R 6.0 36 3 3109 427
1763314481 1 112749 R 7.0 36 4 3159 428
1763814463 1 112781 R 9.0 37 3 1369 429
1764877426 1 112849 R 5.0 37 2 620 430
1773378591 1 113393 R 13.0 36 5 3245 431
1774064692 1 113437 R 13.0 37 4 2405 432
1779567392 1 113789 R 7.0 37 3 2437 433
1780067393 1 113821 R 4.0 37 1 2033 434
1780566458 1 113853 R 4.0 38 1 694 435
1785317658 1 114157 R 11.0 37 4 3398 436
1787316695 1 114285 R 13.0 38 4 325 437
1787814462 1 114317 R 7.0 38 3 1063 438
1788314483 1 114349 R 8.0 36 8 5715 439
1788814698 1 114381 R 12.0 37 5 2671 440
1795311994 1 114797 R 6.0 38 2 0 441
1801062000 1 115165 R 3.0 38 1 0 442
1802317579 1 115245 R 10.0 36 8 5875 443
1806537048 1 115515 R 2.0 38 1 319 444
1807316622 1 115565 R 2.0 39 1 0 445
1809830223 1 115726 R 4.0 39 1 0 446
1811590668 1 115838 R 8.0 37 3 4505 447
1813353692 1 115951 R 12.0 38 6 2974 448
1816100712 1 116127 R 3.0 39 1 0 449
1819856262 1 116367 R 5.0 38 2 2142 450
1820605361 1 116415 R 5.0 39 2 506 451
1829378538 1 116977 R 7.0 39 2 982 452
1832878576 1 117201 R 9.0 38 4 3096 453
1837628540 1 117505 R 8.0 39 3 1845 454
1848878571 1 118225 R 6.0 39 2 2490 455
1854378795 1 118577 R 12.0 39 6 1878 456
1858136269 1 118817 R 2.0 40 1 0 457
1859790259 1 118923 R 6.0 40 2 416 458
1860394236 1 118962 R 9.0 39 3 1534 459
1867267003 1 119402 R 3.0 40 1 407 460
1867767844 1 119434 R 9.0 40 3 1255 461
1873144825 1 119778 R 5.0 40 2 1147 462
1873910477 1 119827 R 10.0 39 3 3098 463
1874402818 1 119858 R 10.0 38 6 4456 464
1875150236 1 119906 R 4.0 40 1 0 465
1876650283 1 120002 R 7.0 40 2 0 466
1883668494 1 120451 R 11.0 39 7 3348 467
1884426071 1 120500 R 10.0 40 3 1133 468
1904174873 1 121764 R 7.0 41 2 289 469
1906423976 1 121908 R 8.0 41 4 545 470
1914175161 1 122404 R 12.0 41 6 1780 471
1919423381 1 122740 R 5.0 41 2 0 472
1920933056 1 122836 R 10.0 41 4 1365 473
1922939728 1 122965 R 3.0 41 1 67 474
1926442248 1 123189 R 2.0 41 1 363 475
1928442213 1 123317 R 2.0 42 1 101 476
1932190467 1 123557 R 8.0 40 7 5123 477
1932689741 1 123589 R 6.0 41 2 616 478
1933189739 1 123621 R 9.0 41 3 919 479
1941456934 1 124150 R 4.0 41 1 1280 480
1946962051 1 124502 R 4.0 42 1 0 481
1950714112 1 124742 R 11.0 41 4 3243 482
1951214010 1 124774 R 13.0 40 6 4713 483
1951714116 1 124806 R 13.0 41 4 2284 484
1954712201 1 124998 R 5.0 42 2 0 485
1956211344 1 125094 R 3.0 42 1 0 486
1958462207 1 125238 R 7.0 42 2 0 487
1965549926 1 125692 R 5.0 43 2 16 488
1972964115 1 126166 R 12.0 42 4 2060 489
1974464113 1 126262 R 13.0 42 4 1663 490
1974963914 1 126294 R 6.0 42 2 1073 491
1976213947 1 126374 R 2.0 43 1 0 492
1977463009 1 126454 R 6.0 43 2 848 493
1978214119 1 126502 R 10.0 42 5 1263 494
1987213930 1 127078 R 8.0 42 4 1686 495
1987963940 1 127126 R 9.0 42 3 1666 496
1988714870 1 127174 R 10.0 43 3 1377 497
1994964873 1 127574 R 11.0 43 5 1175 498
1996212220 1 127654 R 4.0 43 1 0 499
2000462223 1 127926 R 7.0 43 2 0 500
2005714061 1 128262 R 12.0 43 4 851 501
2006713958 1 128326 R 9.0 43 3 2371 502
2007713112 1 128390 R 3.0 43 1 658 503
2008464316 1 128438 R 11.0 42 5 2786 504
2009961222 1 128534 R 3.0 44 1 0 505
2011462043 1 128630 R 7.0 44 2 0 506
2019214577 1 129126 R 8.0 43 5 1021 507
2020713942 1 129222 R 12.0 44 4 893 508
2026963939 1 129622 R 2.0 44 1 0 509
2028541350 1 129723 R 13.0 44 4 863 510
2034463849 1 130102 R 8.0 44 5 491 511
2036712397 1 130246 R 10.0 44 3 0 512
2038962210 1 130390 R 4.0 44 1 0 513
2042211362 1 130598 R 6.0 44 2 0 514
2044964073 1 130774 R 11.0 44 4 209 515
2045963855 1 130838 R 5.0 44 2 228 516
2050962297 1 131158 R 13.0 45 4 0 517
2052962811 1 131286 R 4.0 45 1 96 518
2054963143 1 131414 R 9.0 44 3 868 519
2056964077 1 131542 R 12.0 45 4 451 520
2059212197 1 131686 R 7.0 45 2 0 521
2062963051 1 131926 R 3.0 45 1 306 522
2065215553 1 132070 R 2.0 45 1 469 523
2066211344 1 132134 R 6.0 45 2 0 524
2072713106 1 132550 R 9.0 45 3 385 525
2078730499 1 132935 R 10.0 45 3 1184 526
2079229372 1 132967 R 5.0 45 2 912 527
2080479478 1 133047 R 8.0 45 5 368 528
2085229731 1 133351 R 11.0 45 4 288 529
2085977666 1 133399 R 4.0 46 1 7 530
2086729458 1 133447 R 2.0 46 1 0 531
2096235351 1 134056 R 7.0 46 2 0 532
2099992310 1 134296 R 6.0 46 2 0 533
2100749907 1 134345 R 3.0 46 1 0 534
2109252598 1 134889 R 8.0 46 5 450 535
2110293205 1 134955 R 5.0 46 2 232 536
2111500042 1 135033 R 9.0 46 3 0 537
2115502854 1 135289 R 13.0 46 4 770 538
2118252869 1 135465 R 12.0 46 4 966 539
2123753152 1 135817 R 10.0 46 3 1 540
2129016004 1 136154 R 11.0 46 4 241 541
2133016508 1 136410 R 10.0 47 3 160 542
2134513737 1 136505 R 2.0 47 1 0 543
2137015495 1 136666 R 6.0 47 2 0 544
2141511697 1 136953 R 7.0 47 2 0 545
2150518252 1 137530 R 13.0 47 4 356 546
2154517181 1 137786 R 9.0 47 3 470 547
2155015540 1 137818 R 3.0 47 1 3 548
2156518389 1 137914 R 12.0 47 4 608 549
2160766517 1 138186 R 4.0 47 1 0 550
2169518173 1 138746 R 5.0 47 2 872 551
2176269043 1 139178 R 8.0 47 5 1855 552
2177018009 1 139226 R 5.0 48 2 592 553
2177760399 1 139273 R 2.0 48 1 0 554
2188265503 1 139946 R 3.0 48 1 0 555
2190515500 1 140090 R 9.0 48 3 0 556
2191016371 1 140122 R 7.0 48 2 1 557
2197765546 1 140554 R 6.0 48 2 0 558
2201266411 1 140778 R 4.0 48 1 0 559
2204017289 1 140954 R 8.0 48 5 347 560
2218043060 1 141851 R 7.0 49 2 427 561
2223516352 1 142202 R 4.0 49 1 0 562
2226014308 1 142361 R 13.0 48 4 1594 563
2226517989 1 142394 R 9.0 49 3 1312 564
2227768348 1 142474 R 8.0 49 5 1062 565
2228774233 1 142538 R 3.0 49 1 13 566
2231277024 1 142698 R 12.0 48 4 1772 567
2239527031 1 143226 R 11.0 48 5 2182 568
2240774185 1 143306 R 6.0 49 2 0 569
2247028424 1 143706 R 2.0 49 1 1301 570
2248525948 1 143802 R 2.0 50 1 0 571
2256229150 1 144295 R 6.0 50 2 513 572
2256544413 1 144315 R 13.0 49 4 1236 573
2256800870 1 144332 R 4.0 50 1 385 574
2262052055 1 144668 R 10.0 49 3 1502 575
2277125733 1 145633 R 3.0 50 1 0 576
2283067586 1 146013 R 13.0 50 4 2192 577
2283817377 1 146061 R 7.0 50 2 1714 578
2286566817 1 146237 R 11.0 50 7 893 579
2294567632 1 146749 R 12.0 50 6 1003 580
2295315061 1 146797 R 11.0 51 4 0 581
2297064572 1 146909 R 9.0 50 3 2734 582
2299064802 1 147037 R 10.0 50 3 2482 583
2300561954 1 147133 R 3.0 51 1 0 584
2301069128 1 147165 R 5.0 49 2 3802 585
2302338483 1 147246 R 5.0 50 2 3397 586
2303091204 1 147294 R 5.0 51 2 192 587
2304589796 1 147390 R 7.0 51 2 434 588
2305339795 1 147438 R 4.0 51 1 340 589
2311590042 1 147838 R 13.0 51 6 352 590
2313337942 1 147950 R 8.0 50 5 2829 591
2314128347 1 148001 R 6.0 51 2 1602 592
2318590067 1 148286 R 10.0 51 5 288 593
2323091614 1 148574 R 2.0 51 1 0 594
2324352618 1 148655 R 9.0 51 3 572 595
2327863125 1 148880 R 8.0 51 3 493 596
2328613356 1 148928 R 12.0 51 5 522 597
2333868008 1 149264 R 9.0 52 3 303 598
2335630207 1 149377 R 5.0 52 2 483 599
2341636271 1 149761 R 4.0 52 1 363 600
2341893171 1 149778 R 3.0 52 1 390 601
2343899277 1 149906 R 6.0 52 2 1 602
2349901063 1 150290 R 7.0 52 2 430 603
2359152934 1 150882 R 10.0 52 4 1858 604
2359652961 1 150914 R 13.0 52 5 1841 605
2360152710 1 150946 R 8.0 52 3 1224 606
2362401920 1 151090 R 2.0 52 1 0 607
2367400191 1 151410 R 4.0 53 1 0 608
2368149273 1 151458 R 6.0 53 2 0 609
2370152967 1 151586 R 12.0 52 5 1364 610
2371901896 1 151698 R 2.0 53 1 0 611
2376902983 1 152018 R 11.0 52 4 1260 612
2383652104 1 152450 R 12.0 53 5 722 613
2392149288 1 152994 R 3.0 53 1 0 614
2393401619 1 153074 R 10.0 53 3 1139 615
2398901952 1 153426 R 7.0 53 2 548 616
