247952017 1 15766 R 12.0 0 4 0 1
256703563 1 16326 R 7.0 0 2 520 2
258954514 1 16470 R 6.0 0 2 591 3
259953281 1 16534 R 3.0 0 1 0 4
260478915 1 16567 R 2.0 0 1 0 5
264242553 1 16808 R 4.0 0 3 880 6
264741566 1 16840 R 6.0 1 2 0 7
265752771 1 16905 R 5.0 0 2 354 8
266248361 1 16937 R 3.0 1 1 0 9
268501326 1 17081 R 5.0 1 2 1 10
270003007 1 17177 R 9.0 0 3 990 11
270749442 1 17225 R 4.0 1 1 0 12
277751209 1 17673 R 8.0 0 3 1673 13
283501365 1 18041 R 7.0 1 2 1031 14
284250528 1 18089 R 8.0 1 3 568 15
285753007 1 18185 R 2.0 1 1 916 16
286253227 1 18217 R 12.0 1 4 818 17
291750587 1 18569 R 13.0 1 4 649 18
293250223 1 18665 R 7.0 2 2 160 19
296253830 1 18857 R 9.0 1 3 1327 20
299751098 1 19081 R 4.0 2 1 397 21
302248571 1 19241 R 6.0 2 2 0 22
308752973 1 19657 R 2.0 2 1 516 23
309494685 1 19704 R 11.0 0 4 3966 24
310002097 1 19737 R 2.0 3 1 60 25
315750241 1 20105 R 3.0 2 1 816 26
316250250 1 20137 R 3.0 3 1 471 27
319246151 1 20328 R 9.0 2 3 2078 28
326000246 1 20761 R 6.0 3 2 796 29
329253819 1 20969 R 5.0 2 2 1851 30
330003771 1 21017 R 5.0 3 2 1486 31
333516708 1 21242 R 8.0 2 3 2829 32
336268422 1 21418 R 5.0 4 2 618 33
342127145 1 21793 R 11.0 1 4 4310 34
342813406 1 21837 R 11.0 2 4 3634 35
343312305 1 21869 R 3.0 4 1 620 36
346563271 1 22077 R 7.0 3 2 1678 37
349067879 1 22237 R 10.0 0 3 6093 38
349565032 1 22269 R 2.0 4 1 570 39
349816142 1 22285 R 4.0 3 1 1938 40
350066310 1 22301 R 13.0 0 4 6589 41
350321627 1 22317 R 6.0 4 2 698 42
350565228 1 22333 R 4.0 4 1 588 43
351310652 1 22381 R 3.0 5 1 0 44
352063347 1 22429 R 10.0 1 3 5449 45
353265705 1 22506 R 6.0 5 2 445 46
355063266 1 22621 R 7.0 4 2 1842 47
357567657 1 22781 R 8.0 3 3 3121 48
358560783 1 22845 R 4.0 5 1 353 49
362315270 1 23085 R 2.0 5 1 0 50
368067883 1 23453 R 13.0 2 4 5033 51
379815154 1 24205 R 4.0 6 1 419 52
382316304 1 24365 R 9.0 3 3 4264 53
382812302 1 24397 R 3.0 6 1 818 54
384626942 1 24513 R 7.0 5 2 2297 55
385376913 1 24561 R 6.0 6 2 1061 56
387314336 1 24685 R 4.0 7 1 90 57
388813391 1 24781 R 12.0 3 4 5320 58
396312329 1 25261 R 3.0 7 1 440 59
400036661 1 25499 R 2.0 6 1 2085 60
402813173 1 25677 R 7.0 6 2 2131 61
406066264 1 25885 R 10.0 2 3 7652 62
412071021 1 26269 R 12.0 2 4 6964 63
415325380 1 26477 R 2.0 7 1 1641 64
419828762 1 26766 R 5.0 5 2 4378 65
420839451 1 26830 R 10.0 3 3 6551 66
421339309 1 26862 R 6.0 7 2 2074 67
422586060 1 26942 R 4.0 8 1 2 68
427336545 1 27246 R 5.0 6 2 3334 69
428085493 1 27294 R 3.0 8 1 537 70
428836432 1 27342 R 9.0 4 3 6354 71
430589470 1 27454 R 11.0 3 4 7023 72
434856490 1 27727 R 2.0 8 1 1617 73
438612499 1 27968 R 8.0 4 3 7260 74
439111728 1 28000 R 2.0 9 1 0 75
446112500 1 28448 R 6.0 8 2 1632 76
447611728 1 28544 R 4.0 9 1 564 77
450112523 1 28704 R 6.0 9 2 1492 78
451368893 1 28784 R 5.0 7 2 4226 79
451876362 1 28817 R 3.0 9 1 547 80
453377196 1 28913 R 5.0 8 2 1876 81
453876481 1 28945 R 3.0 10 1 350 82
456128294 1 29089 R 10.0 4 3 7754 83
459627436 1 29313 R 2.0 10 1 0 84
462627085 1 29505 R 9.0 5 3 6636 85
463127204 1 29537 R 5.0 9 2 2311 86
464126594 1 29601 R 4.0 10 1 90 87
465628251 1 29697 R 10.0 5 3 6522 88
469135238 1 29921 R 13.0 3 4 9939 89
469890565 1 29970 R 3.0 11 1 0 90
473892828 1 30226 R 7.0 7 2 5455 91
477635653 1 30465 R 2.0 11 1 0 92
481392977 1 30706 R 4.0 11 1 848 93
482401519 1 30770 R 10.0 6 3 7441 94
483401420 1 30834 R 6.0 10 2 2404 95
484150685 1 30882 R 6.0 11 2 920 96
489290032 1 31211 R 12.0 4 4 9905 97
489789763 1 31243 R 7.0 8 2 5381 98
490650671 1 31298 R 10.0 7 3 5836 99
492400881 1 31410 R 10.0 8 3 5268 100
496401762 1 31666 R 12.0 5 4 9251 101
496901476 1 31698 R 9.0 6 3 7225 102
499900894 1 31890 R 5.0 10 2 2428 103
504150843 1 32162 R 2.0 12 1 0 104
507415649 1 32371 R 3.0 12 1 419 105
507916516 1 32403 R 5.0 11 2 2362 106
508665115 1 32451 R 3.0 13 1 240 107
513418058 1 32755 R 2.0 13 1 497 108
514673257 1 32836 R 5.0 12 2 822 109
516423406 1 32948 R 4.0 12 1 978 110
517174665 1 32996 R 9.0 7 3 8104 111
518674075 1 33092 R 4.0 13 1 544 112
526175029 1 33572 R 6.0 12 2 2282 113
528674046 1 33732 R 4.0 14 1 107 114
532424805 1 33972 R 9.0 8 3 7062 115
537284476 1 34283 R 2.0 14 1 0 116
546425030 1 34868 R 6.0 13 2 2535 117
547174887 1 34916 R 10.0 9 3 7685 118
550174119 1 35108 R 2.0 15 1 0 119
551424590 1 35188 R 8.0 5 3 12338 120
551924555 1 35220 R 8.0 6 3 11536 121
552424094 1 35252 R 3.0 14 1 1754 122
552923120 1 35284 R 3.0 15 1 485 123
556175917 1 35492 R 10.0 10 3 7089 124
561924102 1 35860 R 7.0 10 2 6717 125
568578923 1 36286 R 7.0 11 2 5459 126
569174098 1 36324 R 7.0 12 2 5277 127
569673128 1 36356 R 3.0 16 1 307 128
572931778 1 36564 R 2.0 16 1 0 129
573924339 1 36628 R 4.0 15 1 781 130
576173965 1 36772 R 5.0 13 2 3686 131
576674564 1 36804 R 8.0 7 3 11964 132
579925163 1 37012 R 6.0 14 2 2595 133
580828929 1 37070 R 7.0 13 2 3693 134
583174096 1 37220 R 5.0 14 2 3695 135
586676000 1 37444 R 11.0 4 4 16234 136
588175179 1 37540 R 6.0 15 2 2702 137
589424339 1 37620 R 4.0 16 1 423 138
590674102 1 37700 R 5.0 15 2 2860 139
591924099 1 37780 R 5.0 16 2 1437 140
592422684 1 37812 R 4.0 17 1 0 141
595675405 1 38020 R 10.0 11 3 7810 142
599674567 1 38276 R 9.0 9 3 10763 143
601172311 1 38372 R 3.0 17 1 21 144
601925750 1 38420 R 2.0 17 1 678 145
609173502 1 38884 R 4.0 18 1 87 146
610174323 1 38948 R 10.0 13 3 6615 147
612424102 1 39092 R 7.0 14 2 4349 148
612924320 1 39124 R 10.0 15 3 4204 149
613672440 1 39172 R 3.0 18 1 42 150
617175776 1 39396 R 2.0 18 1 633 151
620424110 1 39604 R 7.0 15 2 4734 152
622424107 1 39732 R 7.0 16 2 3506 153
623424103 1 39796 R 5.0 17 2 1183 154
626674096 1 40004 R 2.0 19 1 0 155
628924329 1 40148 R 10.0 16 3 3098 156
629424710 1 40180 R 8.0 9 3 12133 157
631179953 1 40292 R 3.0 19 1 38 158
632690935 1 40389 R 10.0 12 3 9146 159
633439873 1 40437 R 4.0 19 1 458 160
642205108 1 40998 R 7.0 17 2 2522 161
645956223 1 41238 R 6.0 16 2 4270 162
647213977 1 41318 R 6.0 17 2 3761 163
647963971 1 41366 R 6.0 18 2 1450 164
650463973 1 41526 R 6.0 19 2 1053 165
656212131 1 41894 R 3.0 20 1 499 166
658213003 1 42022 R 7.0 18 2 2198 167
658963283 1 42070 R 7.0 19 2 1584 168
663963031 1 42390 R 7.0 20 2 1101 169
665464817 1 42486 R 8.0 13 3 10015 170
666713975 1 42566 R 8.0 14 3 8033 171
667463977 1 42614 R 8.0 15 3 6672 172
668213165 1 42662 R 4.0 20 1 317 173
669960423 1 42774 R 3.0 21 1 0 174
671214752 1 42854 R 2.0 20 1 707 175
672463015 1 42934 R 5.0 18 2 3428 176
678713802 1 43334 R 9.0 12 3 11844 177
679963214 1 43414 R 10.0 17 3 4893 178
681463012 1 43510 R 5.0 19 2 2495 179
687712133 1 43910 R 3.0 22 1 173 180
688464723 1 43958 R 2.0 21 1 442 181
689463040 1 44022 R 5.0 20 2 2732 182
695462133 1 44406 R 7.0 21 2 980 183
697463017 1 44534 R 5.0 21 2 1164 184
701713048 1 44806 R 2.0 22 1 0 185
703217693 1 44902 R 4.0 21 1 1377 186
705976003 1 45079 R 3.0 23 1 0 187
712228528 1 45479 R 5.0 22 2 1219 188
713729404 1 45575 R 6.0 20 2 3330 189
714543347 1 45627 R 10.0 18 3 6230 190
714979291 1 45655 R 4.0 22 1 1675 191
715478515 1 45687 R 4.0 23 1 682 192
716478561 1 45751 R 7.0 22 2 1374 193
718978501 1 45911 R 2.0 23 1 0 194
721244008 1 46056 R 8.0 18 3 6608 195
725001727 1 46297 R 2.0 24 1 0 196
730250715 1 46633 R 3.0 24 1 328 197
731502173 1 46713 R 10.0 19 3 5533 198
733000019 1 46809 R 4.0 24 1 0 199
738751552 1 47177 R 6.0 21 2 3698 200
740001541 1 47257 R 7.0 23 2 1722 201
744502384 1 47545 R 9.0 14 3 13437 202
745251547 1 47593 R 6.0 22 2 3233 203
749501064 1 47865 R 4.0 25 1 0 204
752376523 1 48049 R 3.0 25 1 413 205
753001519 1 48089 R 6.0 23 2 2585 206
757001540 1 48345 R 7.0 24 2 1906 207
762753405 1 48713 R 2.0 25 1 525 208
771752074 1 49289 R 6.0 24 2 1865 209
772251538 1 49321 R 6.0 25 2 1477 210
774499059 1 49465 R 3.0 26 1 0 211
775754266 1 49545 R 5.0 23 2 3823 212
776253410 1 49577 R 2.0 26 1 236 213
778751676 1 49737 R 4.0 26 1 495 214
783255031 1 50025 R 9.0 15 3 14498 215
784999932 1 50137 R 4.0 27 1 0 216
786501739 1 50233 R 2.0 27 1 0 217
790751547 1 50505 R 6.0 26 2 1066 218
791251555 1 50537 R 7.0 25 2 2180 219
791752363 1 50569 R 9.0 19 3 10564 220
793250162 1 50665 R 5.0 24 2 3344 221
796752311 1 50889 R 10.0 20 3 9005 222
798250865 1 50985 R 9.0 20 3 9180 223
800500741 1 51129 R 6.0 27 2 765 224
801509336 1 51193 R 9.0 22 3 6305 225
803001761 1 51289 R 10.0 22 3 7400 226
804750726 1 51401 R 3.0 27 1 0 227
806001538 1 51481 R 9.0 23 3 5890 228
812250008 1 51881 R 5.0 25 2 4180 229
812999911 1 51929 R 5.0 26 2 1880 230
815498876 1 52089 R 2.0 28 1 558 231
816877602 1 52177 R 10.0 21 3 9438 232
821000022 1 52441 R 4.0 28 1 0 233
822754222 1 52553 R 5.0 27 2 2204 234
825254419 1 52713 R 11.0 14 4 18564 235
831751690 1 53129 R 7.0 26 2 3067 236
832251695 1 53161 R 7.0 27 2 2647 237
832750867 1 53193 R 3.0 28 1 740 238
833250857 1 53225 R 3.0 29 1 370 239
836250856 1 53417 R 7.0 28 2 981 240
837750865 1 53513 R 7.0 29 2 190 241
840500840 1 53689 R 8.0 21 3 10973 242
841286169 1 53739 R 5.0 28 2 990 243
841999025 1 53785 R 2.0 29 1 406 244
846501694 1 54073 R 9.0 24 3 6874 245
854251676 1 54569 R 9.0 27 3 3415 246
854751815 1 54601 R 6.0 28 2 2809 247
856254432 1 54697 R 10.0 24 3 8204 248
862255273 1 55081 R 13.0 19 4 14532 249
864752497 1 55241 R 4.0 29 1 1362 250
865502501 1 55289 R 5.0 29 2 1706 251
866002752 1 55321 R 10.0 23 3 9437 252
871036140 1 55643 R 2.0 30 1 443 253
872250871 1 55721 R 3.0 30 1 998 254
873001841 1 55769 R 6.0 29 2 2898 255
873501686 1 55801 R 6.0 30 2 1011 256
874000865 1 55833 R 3.0 31 1 263 257
876752501 1 56009 R 4.0 30 1 1732 258
877500852 1 56057 R 6.0 31 2 676 259
878499192 1 56121 R 2.0 31 1 792 260
882001819 1 56345 R 7.0 30 2 2325 261
890004252 1 56857 R 9.0 28 3 5017 262
890760186 1 56905 R 4.0 31 1 1403 263
891751667 1 56969 R 4.0 32 1 188 264
893000727 1 57049 R 6.0 32 2 508 265
893500860 1 57081 R 3.0 32 1 333 266
894000874 1 57113 R 7.0 31 2 897 267
896794806 1 57291 R 5.0 30 2 2533 268
897751771 1 57353 R 10.0 26 3 8049 269
901518240 1 57594 R 10.0 25 3 9191 270
904267131 1 57770 R 7.0 32 2 1052 271
912040525 1 58267 R 4.0 33 1 0 272
914012061 1 58393 R 5.0 31 2 2873 273
914512039 1 58425 R 2.0 32 1 1027 274
915012896 1 58457 R 11.0 20 4 17164 275
918518821 1 58682 R 8.0 24 3 11841 276
920018039 1 58778 R 5.0 32 2 1702 277
924761221 1 59081 R 2.0 33 1 384 278
929767377 1 59402 R 10.0 27 3 8319 279
930518450 1 59450 R 8.0 25 3 10663 280
931024927 1 59482 R 3.0 33 1 1113 281
932522353 1 59578 R 3.0 34 1 0 282
936274939 1 59818 R 7.0 33 2 1463 283
938025097 1 59930 R 2.0 34 1 0 284
939792247 1 60043 R 4.0 34 1 407 285
940775837 1 60106 R 5.0 33 2 1490 286
941275845 1 60138 R 9.0 29 3 7063 287
943275831 1 60266 R 8.0 33 3 2167 288
948775017 1 60618 R 5.0 34 2 939 289
954526889 1 60986 R 11.0 26 4 11863 290
955026073 1 61018 R 10.0 28 3 9323 291
958775076 1 61258 R 7.0 34 2 1783 292
960768848 1 61386 R 8.0 28 3 9954 293
962525390 1 61498 R 8.0 29 3 7780 294
963024922 1 61530 R 8.0 32 3 3734 295
963523178 1 61562 R 3.0 35 1 40 296
966776630 1 61770 R 2.0 35 1 396 297
973556027 1 62204 R 6.0 33 2 3195 298
975063593 1 62301 R 6.0 34 2 2776 299
975813590 1 62349 R 6.0 35 2 1243 300
977816696 1 62477 R 10.0 30 3 7778 301
978065681 1 62493 R 4.0 35 1 944 302
978316681 1 62509 R 10.0 31 3 7239 303
979065619 1 62557 R 4.0 36 1 182 304
980566516 1 62653 R 5.0 35 2 1545 305
982816488 1 62797 R 2.0 36 1 57 306
988575372 1 63165 R 11.0 27 4 12464 307
995589843 1 63614 R 5.0 36 2 1599 308
996836202 1 63694 R 3.0 36 1 968 309
998587326 1 63806 R 4.0 37 1 0 310
1003852871 1 64143 R 5.0 37 2 0 311
1004611192 1 64192 R 4.0 38 1 13 312
1008112975 1 64416 R 7.0 35 2 2843 313
1009863825 1 64528 R 2.0 37 1 357 314
1010363824 1 64560 R 2.0 38 1 289 315
1012111602 1 64672 R 5.0 38 2 0 316
1015118102 1 64864 R 7.0 36 2 3063 317
1020627650 1 65217 R 6.0 36 2 2281 318
1021127646 1 65249 R 3.0 37 1 1944 319
1023127656 1 65377 R 9.0 31 3 9300 320
1023625985 1 65409 R 3.0 38 1 25 321
1026127651 1 65569 R 6.0 37 2 1437 322
1028627659 1 65729 R 9.0 32 3 8638 323
1030127562 1 65825 R 9.0 33 3 7602 324
1031625162 1 65921 R 3.0 39 1 0 325
1034626319 1 66113 R 10.0 32 3 9133 326
1035376773 1 66161 R 9.0 30 3 10831 327
1037876017 1 66321 R 4.0 39 1 0 328
1041129382 1 66529 R 2.0 39 1 318 329
1042638398 1 66625 R 10.0 33 3 7632 330
1044393232 1 66738 R 6.0 38 2 2198 331
1048149492 1 66978 R 10.0 34 3 6626 332
1048898242 1 67026 R 5.0 39 2 671 333
1053150904 1 67298 R 6.0 39 2 1016 334
1053650063 1 67330 R 6.0 40 2 416 335
1054400074 1 67378 R 3.0 40 1 151 336
1059651895 1 67714 R 13.0 26 4 18076 337
1061651890 1 67842 R 7.0 37 2 4116 338
1066536165 1 68155 R 2.0 40 1 838 339
1068901831 1 68306 R 7.0 38 2 3684 340
1070151043 1 68386 R 4.0 40 1 434 341
1071398332 1 68466 R 3.0 41 1 0 342
1072400905 1 68530 R 8.0 35 3 6964 343
1077402045 1 68850 R 10.0 36 3 6064 344
1079401883 1 68978 R 5.0 40 2 1031 345
1080151846 1 69026 R 9.0 34 3 9063 346
1081651864 1 69122 R 8.0 34 3 9316 347
1084400176 1 69298 R 4.0 41 1 64 348
1085650912 1 69378 R 8.0 36 3 6574 349
1086650909 1 69442 R 8.0 37 3 5459 350
1089150077 1 69602 R 6.0 41 2 376 351
1091650907 1 69762 R 8.0 38 3 5222 352
1092901011 1 69842 R 4.0 42 1 525 353
1098150110 1 70178 R 6.0 42 2 466 354
1101182874 1 70372 R 10.0 37 3 7305 355
1101902046 1 70418 R 10.0 38 3 5908 356
1105287003 1 70635 R 2.0 41 1 2291 357
1107400908 1 70770 R 8.0 40 3 3896 358
1107900075 1 70802 R 3.0 42 1 307 359
1112151851 1 71074 R 7.0 39 2 4718 360
1112652039 1 71106 R 10.0 39 3 5227 361
1113151872 1 71138 R 5.0 41 2 1756 362
1117150082 1 71394 R 3.0 43 1 506 363
1118150917 1 71458 R 8.0 41 3 2344 364
1122401036 1 71730 R 4.0 43 1 818 365
1123151836 1 71778 R 7.0 40 2 4758 366
1123651859 1 71810 R 7.0 41 2 3260 367
1128903417 1 72146 R 2.0 42 1 2261 368
1129403420 1 72178 R 2.0 43 1 1191 369
1132150985 1 72354 R 4.0 44 1 370 370
1132651845 1 72386 R 5.0 42 2 2777 371
1133151838 1 72418 R 5.0 43 2 1321 372
1134401137 1 72498 R 10.0 40 3 4718 373
1134900074 1 72530 R 6.0 43 2 891 374
1135649936 1 72578 R 3.0 44 1 0 375
1138400977 1 72754 R 2.0 44 1 0 376
1140651844 1 72898 R 9.0 36 3 9881 377
1147900854 1 73362 R 2.0 45 1 0 378
1153901852 1 73746 R 5.0 44 2 1075 379
1154651841 1 73794 R 7.0 42 2 3302 380
1155901890 1 73874 R 7.0 43 2 2772 381
1161401143 1 74226 R 10.0 41 3 4938 382
1162651516 1 74306 R 10.0 42 3 3689 383
1163150075 1 74338 R 3.0 45 1 339 384
1165150907 1 74466 R 6.0 44 2 2181 385
1168651854 1 74690 R 8.0 42 3 5179 386
1170042250 1 74779 R 4.0 45 1 478 387
1170400161 1 74802 R 4.0 46 1 96 388
1171401898 1 74866 R 13.0 35 4 13553 389
1171901144 1 74898 R 10.0 43 3 3096 390
1172650364 1 74946 R 3.0 46 1 220 391
1177400078 1 75250 R 6.0 45 2 824 392
1179902606 1 75410 R 2.0 46 1 387 393
1187155557 1 75875 R 7.0 44 2 3577 394
1187668387 1 75907 R 11.0 34 4 16113 395
1188167278 1 75939 R 5.0 45 2 1408 396
1192924971 1 76244 R 7.0 45 2 2702 397
1194689716 1 76357 R 7.0 46 2 843 398
1196941014 1 76501 R 9.0 38 3 12040 399
1197690522 1 76549 R 8.0 43 3 5379 400
1199190564 1 76645 R 5.0 46 2 1135 401
1200439682 1 76725 R 5.0 47 2 714 402
1202189636 1 76837 R 4.0 47 1 177 403
1205440400 1 77045 R 9.0 39 3 10561 404
1205939357 1 77077 R 3.0 47 1 937 405
1206440303 1 77109 R 6.0 46 2 1545 406
1207199163 1 77157 R 2.0 47 1 414 407
1209199156 1 77285 R 2.0 48 1 251 408
1213197420 1 77541 R 5.0 48 2 352 409
1213792254 1 77579 R 7.0 47 2 867 410
1215462475 1 77686 R 3.0 48 1 444 411
1219713064 1 77958 R 4.0 48 1 579 412
1220213861 1 77990 R 8.0 45 3 3940 413
1228724221 1 78535 R 8.0 44 3 5548 414
1229463942 1 78582 R 13.0 37 4 15388 415
1235463975 1 78966 R 8.0 46 3 4092 416
1235963950 1 78998 R 8.0 47 3 3177 417
1237963043 1 79126 R 6.0 47 2 2190 418
1238463040 1 79158 R 6.0 48 2 1937 419
1238961992 1 79190 R 6.0 49 2 112 420
1242714775 1 79430 R 2.0 49 1 827 421
1244714012 1 79558 R 10.0 44 3 6594 422
1245213058 1 79590 R 4.0 49 1 924 423
1245828299 1 79630 R 3.0 49 1 0 424
1249970594 1 79895 R 2.0 50 1 0 425
1252487970 1 80056 R 12.0 42 4 10093 426
1256983586 1 80344 R 3.0 50 1 0 427
1260487031 1 80568 R 7.0 48 2 2377 428
1260987021 1 80600 R 7.0 49 2 1963 429
1261486201 1 80632 R 4.0 50 1 379 430
1267736190 1 81032 R 2.0 51 1 0 431
1270736080 1 81224 R 9.0 44 3 8428 432
1271235950 1 81256 R 9.0 46 3 6036 433
1273737755 1 81416 R 9.0 40 3 13849 434
1274237031 1 81448 R 8.0 48 3 3658 435
1275487150 1 81528 R 10.0 45 3 7631 436
1276985945 1 81624 R 9.0 47 3 5236 437
1278986087 1 81752 R 6.0 50 2 1171 438
1279487026 1 81784 R 5.0 49 2 2412 439
1283233454 1 82024 R 3.0 51 1 0 440
1286986066 1 82264 R 9.0 48 3 4382 441
1298486184 1 83000 R 2.0 52 1 0 442
1300737026 1 83144 R 5.0 50 2 3321 443
1301237029 1 83176 R 5.0 51 2 2037 444
1301737010 1 83208 R 7.0 50 2 2656 445
1302237018 1 83240 R 4.0 51 1 1171 446
1302736080 1 83272 R 4.0 52 1 834 447
1304484534 1 83384 R 5.0 52 2 0 448
1308487019 1 83640 R 7.0 51 2 2694 449
1316987837 1 84184 R 2.0 53 1 508 450
1320294121 1 84395 R 11.0 40 4 17537 451
1321487969 1 84472 R 11.0 43 4 12870 452
1322486090 1 84536 R 4.0 53 1 118 453
1325737019 1 84744 R 7.0 52 2 1841 454
1327486065 1 84856 R 6.0 51 2 3430 455
1327986255 1 84888 R 10.0 46 3 9212 456
1328486069 1 84920 R 3.0 52 1 2228 457
1328985234 1 84952 R 3.0 53 1 248 458
1329736179 1 85000 R 2.0 54 1 0 459
1333002500 1 85209 R 7.0 53 2 1053 460
1335245360 1 85352 R 7.0 54 2 0 461
1337499173 1 85497 R 3.0 54 1 0 462
1345001891 1 85977 R 10.0 47 3 9966 463
1345501797 1 86009 R 10.0 48 3 7846 464
1347002502 1 86105 R 5.0 53 2 1652 465
1347751685 1 86153 R 4.0 54 1 512 466
1348543008 1 86203 R 9.0 49 3 7391 467
1349251576 1 86249 R 4.0 55 1 181 468
1351501826 1 86393 R 2.0 55 1 0 469
1354501892 1 86585 R 10.0 49 3 7179 470
1356501668 1 86713 R 6.0 52 2 3914 471
1357001656 1 86745 R 6.0 53 2 2749 472
1359249172 1 86889 R 3.0 55 1 0 473
1360002505 1 86937 R 9.0 50 3 6413 474
1362000024 1 87065 R 7.0 55 2 0 475
1364502505 1 87225 R 5.0 54 2 1971 476
1368751662 1 87497 R 6.0 54 2 1555 477
1370751662 1 87625 R 6.0 55 2 1513 478
1371250726 1 87657 R 6.0 56 2 223 479
1371749989 1 87689 R 3.0 56 1 10 480
1379001679 1 88153 R 4.0 56 1 452 481
1379751670 1 88201 R 7.0 56 2 209 482
1380503466 1 88249 R 12.0 44 4 15326 483
1385001809 1 88537 R 2.0 56 1 0 484
1390999075 1 88921 R 3.0 57 1 0 485
1392752506 1 89033 R 5.0 55 2 2728 486
1394000851 1 89113 R 4.0 57 1 43 487
1396504718 1 89273 R 8.0 49 3 10113 488
1400502742 1 89529 R 10.0 50 3 8991 489
1402749167 1 89673 R 6.0 57 2 0 490
1404003453 1 89753 R 2.0 57 1 483 491
1406001672 1 89881 R 7.0 57 2 224 492
1412252736 1 90281 R 10.0 51 3 8220 493
1413002509 1 90329 R 5.0 56 2 1892 494
1414251672 1 90409 R 5.0 57 2 968 495
1420501779 1 90809 R 2.0 58 1 0 496
1424502481 1 91065 R 8.0 50 3 10324 497
1425000829 1 91097 R 3.0 58 1 863 498
1425502502 1 91129 R 8.0 51 3 10212 499
1429002526 1 91353 R 9.0 52 3 7909 500
1429751684 1 91401 R 4.0 58 1 702 501
1430502504 1 91449 R 7.0 58 2 1043 502
1431501818 1 91513 R 2.0 59 1 0 503
1433501670 1 91641 R 8.0 52 3 9092 504
1435877416 1 91793 R 6.0 58 2 1080 505
1443001562 1 92249 R 8.0 53 3 8587 506
1444751684 1 92361 R 7.0 59 2 943 507
1445252516 1 92393 R 9.0 53 3 8825 508
1446252511 1 92457 R 5.0 58 2 2135 509
1447001677 1 92505 R 4.0 59 1 214 510
1448501674 1 92601 R 8.0 54 3 7638 511
1449000831 1 92633 R 3.0 59 1 291 512
1449499996 1 92665 R 3.0 60 1 44 513
1453503462 1 92921 R 2.0 60 1 509 514
1455252736 1 93033 R 10.0 52 3 9606 515
1459505094 1 93305 R 8.0 59 3 1306 516
1463010354 1 93529 R 5.0 59 2 2060 517
1464507783 1 93625 R 4.0 60 1 0 518
1469275888 1 93930 R 9.0 54 3 7906 519
1472023161 1 94106 R 4.0 61 1 1 520
1479060687 1 94556 R 13.0 53 4 9800 521
1479561501 1 94588 R 10.0 53 3 10908 522
1480563619 1 94653 R 8.0 58 3 4449 523
1480807882 1 94668 R 2.0 61 1 0 524
1486816601 1 95053 R 5.0 60 2 1276 525
1487073403 1 95069 R 5.0 61 2 987 526
1487824248 1 95117 R 7.0 60 2 1532 527
1492824234 1 95437 R 7.0 61 2 1485 528
1493074243 1 95453 R 9.0 55 3 9088 529
1493323407 1 95469 R 4.0 62 1 153 530
1494575226 1 95549 R 12.0 51 4 13772 531
1495073487 1 95581 R 2.0 62 1 0 532
1496080281 1 95646 R 13.0 51 4 13836 533
1497829123 1 95758 R 6.0 59 2 3444 534
1499622754 1 95872 R 3.0 61 1 1306 535
1500328399 1 95918 R 3.0 62 1 548 536
1503824228 1 96141 R 8.0 60 3 2763 537
1504321748 1 96173 R 5.0 62 2 0 538
1507579220 1 96382 R 6.0 60 2 3959 539
1508829224 1 96462 R 6.0 61 2 2397 540
1512824252 1 96717 R 9.0 56 3 9104 541
1515829211 1 96910 R 6.0 62 2 1709 542
1516828289 1 96974 R 6.0 63 2 394 543
1520326643 1 97198 R 3.0 63 1 0 544
1521823487 1 97293 R 2.0 63 1 0 545
1525074232 1 97501 R 9.0 58 3 6590 546
1525323403 1 97517 R 4.0 63 1 373 547
1525574223 1 97533 R 7.0 62 2 1610 548
1528324244 1 97709 R 9.0 59 3 6382 549
1529076618 1 97758 R 6.0 64 2 0 550
1531076622 1 97886 R 3.0 64 1 0 551
1538574232 1 98365 R 5.0 63 2 1795 552
1539821745 1 98445 R 4.0 64 1 0 553
1540572524 1 98493 R 5.0 64 2 18 554
1548824250 1 99021 R 9.0 60 3 5777 555
1551229208 1 99175 R 7.0 63 2 2011 556
1554324251 1 99373 R 7.0 64 2 1825 557
1555825246 1 99469 R 2.0 64 1 687 558
1556325178 1 99501 R 2.0 65 1 547 559
1557575995 1 99581 R 8.0 61 3 5307 560
1564078296 1 99998 R 3.0 65 1 929 561
1567902372 1 100242 R 7.0 65 2 1378 562
1568326080 1 100269 R 12.0 54 4 14296 563
1569324173 1 100333 R 4.0 65 1 782 564
1572076046 1 100509 R 6.0 65 2 496 565
1573335088 1 100590 R 3.0 66 1 0 566
1576839800 1 100814 R 5.0 65 2 839 567
1578089793 1 100894 R 5.0 66 2 444 568
1578591584 1 100926 R 10.0 57 3 11302 569
1580093391 1 101022 R 13.0 55 4 14865 570
1580592328 1 101054 R 8.0 62 3 4907 571
1581838167 1 101134 R 4.0 66 1 0 572
1583092318 1 101214 R 8.0 63 3 4404 573
1583839822 1 101262 R 2.0 66 1 0 574
1589091613 1 101598 R 6.0 66 2 464 575
1593839798 1 101902 R 4.0 67 1 306 576
1595339797 1 101998 R 5.0 67 2 384 577
1595840775 1 102030 R 10.0 59 3 9804 578
1600341539 1 102318 R 2.0 67 1 345 579
1602336851 1 102446 R 3.0 67 1 845 580
1605840762 1 102670 R 10.0 61 3 8630 581
1611839765 1 103054 R 4.0 68 1 214 582
1612339771 1 103086 R 5.0 68 2 128 583
1613840637 1 103182 R 7.0 66 2 2776 584
1618586862 1 103486 R 3.0 68 1 366 585
1620338369 1 103598 R 8.0 64 3 5745 586
1621092389 1 103646 R 8.0 66 3 3515 587
1622343360 1 103726 R 11.0 57 4 14009 588
1622840688 1 103758 R 2.0 68 1 96 589
1623837773 1 103822 R 6.0 67 2 1295 590
1628090637 1 104094 R 7.0 67 2 2417 591
1628590638 1 104126 R 7.0 68 2 1521 592
1629089765 1 104158 R 4.0 69 1 174 593
1633087800 1 104414 R 9.0 61 3 9529 594
1633837792 1 104462 R 6.0 68 2 1535 595
1634879252 1 104529 R 11.0 59 4 13042 596
1640085068 1 104862 R 3.0 69 1 0 597
1641583603 1 104958 R 2.0 69 1 0 598
1642588173 1 105022 R 7.0 69 2 1 599
1645836877 1 105230 R 6.0 69 2 533 600
1646587872 1 105278 R 10.0 63 3 8811 601
1648335073 1 105390 R 6.0 70 2 0 602
1649089796 1 105438 R 5.0 69 2 695 603
1653839795 1 105742 R 7.0 70 2 364 604
1655836869 1 105870 R 3.0 70 1 404 605
1656587893 1 105918 R 10.0 64 3 7119 606
1659337881 1 106094 R 10.0 65 3 6037 607
1662089797 1 106270 R 5.0 70 2 376 608
1665339823 1 106478 R 2.0 70 1 0 609
1668597512 1 106687 R 4.0 70 1 699 610
1669845721 1 106767 R 4.0 71 1 0 611
1672595721 1 106943 R 5.0 71 2 0 612
1677347408 1 107247 R 2.0 71 1 0 613
1678097516 1 107295 R 7.0 71 2 501 614
1689629622 1 108033 R 10.0 70 3 1739 615
1690136485 1 108065 R 10.0 71 3 229 616
1691542174 1 108155 R 4.0 72 1 53 617
1693901985 1 108306 R 10.0 72 3 209 618
1695653446 1 108418 R 9.0 64 3 10639 619
1696293063 1 108459 R 7.0 72 2 174 620
1697653635 1 108546 R 13.0 63 4 11288 621
1700404493 1 108722 R 6.0 71 2 2123 622
1700912235 1 108755 R 10.0 67 3 7183 623
1701912183 1 108819 R 10.0 68 3 5787 624
1702411241 1 108851 R 2.0 72 1 351 625
1703417250 1 108915 R 8.0 67 3 7391 626
1703917536 1 108947 R 10.0 66 3 8290 627
1704418334 1 108979 R 13.0 60 4 16070 628
1705167656 1 109027 R 3.0 71 1 1480 629
1705674114 1 109060 R 3.0 72 1 397 630
1711172463 1 109412 R 3.0 73 1 0 631
1713927580 1 109588 R 6.0 72 2 1284 632
1714676737 1 109636 R 6.0 73 2 272 633
1715176731 1 109668 R 2.0 73 1 188 634
1716043064 1 109723 R 5.0 72 2 645 635
1716794978 1 109771 R 13.0 65 4 10116 636
1717425811 1 109812 R 8.0 68 3 6167 637
1719428639 1 109940 R 12.0 65 4 10153 638
1720673334 1 110020 R 4.0 73 1 0 639
1728926637 1 110548 R 9.0 65 3 11529 640
1737925815 1 111124 R 7.0 73 2 1740 641
1738672463 1 111172 R 3.0 74 1 0 642
1742288034 1 111403 R 12.0 68 4 7615 643
1744176738 1 111524 R 2.0 74 1 441 644
1746676856 1 111684 R 12.0 64 4 13005 645
1747424989 1 111732 R 4.0 74 1 675 646
1748925826 1 111828 R 8.0 69 4 7617 647
1755176631 1 112228 R 9.0 66 3 10759 648
1763427574 1 112756 R 8.0 70 4 7165 649
1764926725 1 112852 R 2.0 75 1 443 650
1765427775 1 112884 R 10.0 73 3 2892 651
1770435442 1 113204 R 12.0 69 4 9028 652
1772939592 1 113365 R 3.0 75 1 469 653
1773439588 1 113397 R 3.0 76 1 176 654
1778935592 1 113748 R 10.0 74 3 3148 655
1779435353 1 113780 R 6.0 74 2 2489 656
1779935220 1 113812 R 6.0 75 2 1644 657
1780682718 1 113860 R 2.0 76 1 0 658
1781685224 1 113924 R 5.0 73 3 3979 659
1782941370 1 114005 R 4.0 75 1 1239 660
1784192141 1 114085 R 9.0 68 3 10960 661
1784941331 1 114133 R 9.0 71 3 6328 662
1786408491 1 114227 R 4.0 76 1 58 663
1793935376 1 114708 R 7.0 74 2 4145 664
1794435372 1 114740 R 7.0 75 2 2870 665
1800432719 1 115124 R 2.0 77 1 0 666
1801702541 1 115206 R 5.0 74 2 4009 667
1805437937 1 115445 R 3.0 77 1 0 668
1808935364 1 115668 R 6.0 76 2 2469 669
1809935353 1 115732 R 6.0 77 2 1289 670
1811190568 1 115813 R 4.0 77 1 811 671
1812941386 1 115925 R 5.0 75 2 3871 672
1816435231 1 116148 R 8.0 71 3 8826 673
1816936272 1 116180 R 11.0 67 4 14790 674
1817436271 1 116212 R 11.0 68 4 12529 675
1818692380 1 116293 R 11.0 66 4 16056 676
1819689887 1 116357 R 3.0 78 1 0 677
1821948242 1 116501 R 7.0 76 2 3644 678
1826213847 1 116774 R 4.0 78 1 411 679
1835043905 1 117339 R 5.0 76 2 3452 680
1835714804 1 117382 R 5.0 77 2 2062 681
1836962178 1 117462 R 4.0 79 1 0 682
1843716685 1 117894 R 10.0 75 3 5675 683
1845966462 1 118038 R 2.0 78 1 1548 684
1846466688 1 118070 R 10.0 76 3 4534 685
1847465503 1 118134 R 2.0 79 1 183 686
1851713850 1 118406 R 7.0 77 2 3222 687
1854213911 1 118566 R 7.0 78 2 2921 688
1854713058 1 118598 R 7.0 79 2 656 689
1855213036 1 118630 R 3.0 79 1 601 690
1855710608 1 118662 R 5.0 78 2 2107 691
1859461245 1 118902 R 3.0 80 1 0 692
1862961202 1 119126 R 9.0 72 3 10545 693
1863714718 1 119174 R 5.0 79 2 1072 694
1864463741 1 119222 R 4.0 80 1 899 695
1870464587 1 119606 R 5.0 80 2 1423 696
1872713839 1 119750 R 8.0 73 3 9784 697
1873213852 1 119782 R 7.0 80 2 1030 698
1876286843 1 119979 R 2.0 80 1 859 699
1877286823 1 120043 R 2.0 81 1 601 700
1881712169 1 120326 R 4.0 81 1 0 701
1885463839 1 120566 R 6.0 78 2 4020 702
1885963813 1 120598 R 8.0 74 3 9650 703
1886463806 1 120630 R 8.0 75 3 7886 704
1886962990 1 120662 R 3.0 81 1 231 705
1896715512 1 121286 R 9.0 73 3 10847 706
1897465565 1 121334 R 9.0 74 3 10539 707
1902964595 1 121686 R 5.0 81 2 1454 708
1903962171 1 121750 R 4.0 82 1 0 709
1905961247 1 121878 R 2.0 82 1 468 710
1906463023 1 121910 R 3.0 82 1 923 711
1906963811 1 121942 R 8.0 76 3 8371 712
1913128236 1 122337 R 7.0 81 2 1934 713
1913713981 1 122374 R 10.0 77 3 6782 714
1914212964 1 122406 R 3.0 83 1 199 715
1917209360 1 122598 R 4.0 83 1 511 716
1920714574 1 122822 R 8.0 72 3 14946 717
1921963814 1 122902 R 6.0 79 2 5717 718
1922714438 1 122950 R 10.0 78 3 6980 719
1934215521 1 123686 R 2.0 83 1 740 720
1935713822 1 123782 R 6.0 80 2 5190 721
1937713864 1 123910 R 6.0 81 2 3397 722
1943465733 1 124278 R 12.0 71 4 17662 723
1944465727 1 124342 R 12.0 72 4 16496 724
1945213734 1 124390 R 4.0 84 1 800 725
1946215509 1 124454 R 2.0 84 1 441 726
1951714559 1 124806 R 8.0 78 3 8888 727
1953713811 1 124934 R 6.0 82 2 3935 728
1955878355 1 125073 R 6.0 83 2 2580 729
1956463015 1 125110 R 3.0 84 1 736 730
1958211237 1 125222 R 3.0 85 1 0 731
1958963968 1 125270 R 2.0 85 1 0 732
1961710609 1 125446 R 5.0 82 2 3991 733
1965541169 1 125691 R 6.0 84 2 1728 734
1966214580 1 125734 R 9.0 76 3 11978 735
1967960474 1 125846 R 5.0 83 2 3492 736
1971963942 1 126102 R 2.0 86 1 0 737
1976214734 1 126374 R 5.0 84 2 2756 738
1976964705 1 126422 R 4.0 85 1 1334 739
1977713031 1 126470 R 4.0 86 1 71 740
1978463034 1 126518 R 3.0 86 1 411 741
1979964578 1 126614 R 9.0 77 3 12002 742
1981714550 1 126726 R 6.0 85 2 2071 743
1987712183 1 127110 R 4.0 87 1 0 744
1988378387 1 127153 R 6.0 86 2 1278 745
1990963831 1 127318 R 9.0 79 3 9721 746
1991714118 1 127366 R 9.0 80 3 8082 747
1993464724 1 127478 R 5.0 85 2 2434 748
1995464698 1 127606 R 8.0 81 3 7788 749
1999464882 1 127862 R 10.0 79 3 9771 750
2000464730 1 127926 R 5.0 86 2 1880 751
2001875728 1 128017 R 3.0 87 1 0 752
2003466405 1 128118 R 7.0 82 2 7296 753
2004217245 1 128166 R 8.0 79 3 10731 754
2005216400 1 128230 R 7.0 83 2 5487 755
2005963802 1 128278 R 6.0 87 2 1088 756
2007963979 1 128406 R 10.0 80 3 9623 757
2009979270 1 128535 R 9.0 81 3 7822 758
2014223193 1 128807 R 2.0 87 1 604 759
2014973882 1 128855 R 7.0 84 2 5226 760
2016223891 1 128935 R 7.0 85 2 3530 761
2016976741 1 128983 R 6.0 88 2 0 762
2018477617 1 129079 R 3.0 88 1 30 763
2022479196 1 129335 R 5.0 87 2 994 764
2022986929 1 129368 R 5.0 88 2 304 765
2023793061 1 129419 R 4.0 88 1 220 766
2029989628 1 129816 R 2.0 88 1 1141 767
2030735287 1 129864 R 4.0 89 1 0 768
2034737914 1 130120 R 10.0 81 3 10481 769
2035237111 1 130152 R 10.0 82 3 8936 770
2035737109 1 130184 R 10.0 83 3 7024 771
2036235215 1 130216 R 3.0 89 1 69 772
2042239503 1 130600 R 7.0 86 2 3711 773
2043239537 1 130664 R 7.0 87 2 2483 774
2043989639 1 130712 R 7.0 88 2 2442 775
2050486870 1 131128 R 6.0 89 2 1011 776
2051628439 1 131201 R 10.0 84 3 7548 777
2052485289 1 131256 R 4.0 90 1 0 778
2053986950 1 131352 R 5.0 89 2 464 779
2059987097 1 131736 R 10.0 86 3 5600 780
2061736940 1 131848 R 5.0 90 2 256 781
2062234388 1 131880 R 3.0 90 1 0 782
2067739642 1 132232 R 2.0 89 1 1878 783
2074236880 1 132648 R 9.0 85 3 7773 784
2075736050 1 132744 R 6.0 90 2 601 785
2076236894 1 132776 R 8.0 83 3 9998 786
2077240337 1 132840 R 8.0 82 3 12093 787
2083986947 1 133272 R 4.0 91 1 931 788
2086484391 1 133432 R 3.0 91 1 0 789
2090988080 1 133720 R 8.0 85 3 8716 790
2091487240 1 133752 R 5.0 91 2 829 791
2095489640 1 134008 R 2.0 90 1 2702 792
2095988808 1 134040 R 2.0 91 1 645 793
2099987112 1 134296 R 4.0 92 1 874 794
2103240557 1 134504 R 11.0 76 4 20559 795
2103988679 1 134552 R 2.0 92 1 185 796
2104739514 1 134600 R 7.0 89 2 4093 797
2105237014 1 134632 R 6.0 91 2 2281 798
2105987915 1 134680 R 8.0 86 3 8561 799
2107987005 1 134808 R 2.0 93 1 0 800
2111239547 1 135016 R 7.0 90 2 3025 801
2113987109 1 135192 R 10.0 87 3 7103 802
2114987696 1 135256 R 8.0 84 3 11685 803
2115486042 1 135288 R 3.0 92 1 760 804
2116486183 1 135352 R 3.0 93 1 110 805
2121737995 1 135688 R 10.0 89 3 5734 806
2122236937 1 135720 R 4.0 93 1 155 807
2122737779 1 135752 R 8.0 89 3 5043 808
2132236865 1 136360 R 6.0 92 2 2828 809
2132987923 1 136408 R 11.0 83 4 14178 810
2134485674 1 136504 R 10.0 90 3 5051 811
2136237778 1 136616 R 5.0 92 2 2508 812
2138489538 1 136760 R 7.0 91 2 4252 813
2138989643 1 136792 R 7.0 92 2 3232 814
2139739633 1 136840 R 7.0 93 2 1065 815
2142988675 1 137048 R 7.0 94 2 458 816
2144487885 1 137144 R 2.0 94 1 68 817
2145243028 1 137192 R 4.0 94 1 0 818
2148235292 1 137384 R 4.0 95 1 0 819
2149990366 1 137496 R 9.0 86 3 11175 820
2150488704 1 137528 R 2.0 95 1 236 821
2150989878 1 137560 R 10.0 92 3 2787 822
2152485778 1 137656 R 6.0 93 2 2676 823
2152987581 1 137688 R 6.0 94 2 1235 824
2153486609 1 137720 R 3.0 94 1 676 825
2154484388 1 137784 R 3.0 95 1 0 826
2156239279 1 137896 R 5.0 93 2 2124 827
2157241011 1 137960 R 10.0 91 3 4920 828
2160750016 1 138185 R 6.0 95 2 0 829
2164253422 1 138409 R 5.0 94 2 1126 830
2168250013 1 138665 R 3.0 96 1 0 831
2172003408 1 138905 R 5.0 95 2 1136 832
2172995676 1 138968 R 10.0 93 3 4035 833
2178755086 1 139337 R 7.0 95 2 1999 834
2179263666 1 139369 R 9.0 87 3 11948 835
2180262132 1 139433 R 12.0 85 4 13840 836
2182275039 1 139562 R 4.0 96 1 49 837
2186026622 1 139802 R 8.0 90 3 8155 838
2188775048 1 139978 R 6.0 96 2 523 839
2194279299 1 140330 R 9.0 88 3 11563 840
2194779275 1 140362 R 9.0 89 3 10639 841
2195276486 1 140394 R 10.0 94 3 3123 842
2198526652 1 140602 R 5.0 96 2 1505 843
2202303691 1 140844 R 2.0 96 1 1246 844
2202802756 1 140876 R 2.0 97 1 919 845
2204552039 1 140988 R 10.0 95 3 2678 846
2205052082 1 141020 R 10.0 96 3 2110 847
2205801030 1 141068 R 4.0 97 1 152 848
2206553713 1 141116 R 7.0 96 2 1478 849
2210813637 1 141389 R 6.0 97 2 996 850
2211563623 1 141437 R 3.0 97 1 401 851
2215308725 1 141676 R 2.0 98 1 0 852
2217311949 1 141805 R 3.0 98 1 0 853
2218314847 1 141869 R 4.0 98 1 0 854
2218825007 1 141901 R 5.0 97 2 1365 855
2220326837 1 141997 R 8.0 91 3 9175 856
2224319752 1 142253 R 6.0 98 2 0 857
2227575368 1 142461 R 13.0 88 4 13827 858
2227825009 1 142477 R 5.0 98 2 1121 859
2231825379 1 142733 R 10.0 97 3 2459 860
2236335112 1 143022 R 6.0 99 2 0 861
2239100060 1 143199 R 7.0 97 2 3378 862
2245350738 1 143599 R 9.0 90 3 12623 863
2246098235 1 143647 R 2.0 99 1 74 864
2248348238 1 143791 R 8.0 93 3 8916 865
2250365640 1 143920 R 7.0 98 2 2584 866
2253110037 1 144096 R 3.0 99 1 413 867
2253860261 1 144144 R 6.0 100 2 320 868
2255363837 1 144240 R 8.0 94 3 8190 869
2255863040 1 144272 R 4.0 99 1 707 870
2256364926 1 144304 R 12.0 89 4 14027 871
2260610872 1 144576 R 9.0 95 3 6564 872
2262361878 1 144688 R 3.0 100 1 95 873
2263113245 1 144736 R 4.0 100 1 715 874
2266110888 1 144928 R 9.0 96 3 5075 875
2267360886 1 145008 R 9.0 97 3 4637 876
2269366359 1 145136 R 9.0 91 3 12299 877
2271366334 1 145264 R 8.0 92 3 11002 878
2272615763 1 145344 R 2.0 100 1 1175 879
2273358619 1 145392 R 6.0 101 2 0 880
2278363871 1 145712 R 8.0 95 3 7546 881
2279613292 1 145792 R 4.0 101 1 509 882
2280793907 1 145867 R 8.0 96 3 7252 883
2284287198 1 146091 R 2.0 101 1 706 884
2284888852 1 146129 R 7.0 99 2 3141 885
2286637093 1 146241 R 5.0 99 2 2693 886
2289137322 1 146401 R 5.0 100 2 2363 887
2289636460 1 146433 R 5.0 101 2 571 888
2291635718 1 146561 R 3.0 101 1 822 889
2292361909 1 146608 R 13.0 90 4 14568 890
2293634751 1 146689 R 5.0 102 2 0 891
2294389086 1 146737 R 7.0 100 2 3024 892
2299139127 1 147041 R 7.0 101 2 1943 893
2302400376 1 147250 R 4.0 102 1 0 894
2305443130 1 147445 R 7.0 102 2 1090 895
2306161484 1 147491 R 2.0 102 1 272 896
2308423561 1 147636 R 4.0 103 1 0 897
2309425169 1 147700 R 3.0 102 1 1109 898
2309924952 1 147732 R 9.0 98 3 5530 899
2313425321 1 147956 R 7.0 103 2 0 900
2314925312 1 148052 R 2.0 103 1 0 901
2317424949 1 148212 R 9.0 99 3 5658 902
2317925162 1 148244 R 6.0 102 2 1709 903
2318425174 1 148276 R 9.0 100 3 3636 904
2319924339 1 148372 R 3.0 103 1 147 905
2327175300 1 148836 R 5.0 103 2 534 906
2328175173 1 148900 R 9.0 101 3 3808 907
2330423572 1 149044 R 4.0 104 1 0 908
2331422688 1 149108 R 3.0 104 1 0 909
2342174955 1 149796 R 8.0 97 3 9940 910
2344229510 1 149927 R 8.0 99 3 6967 911
2344878479 1 149969 R 6.0 103 2 1505 912
2347689116 1 150149 R 5.0 104 2 0 913
2351951157 1 150421 R 10.0 99 3 7418 914
2354288266 1 150571 R 10.0 100 3 6131 915
2354951369 1 150613 R 10.0 101 3 4332 916
2355700251 1 150661 R 2.0 104 1 689 917
2357196915 1 150757 R 5.0 105 2 0 918
2358713230 1 150854 R 3.0 105 1 612 919
2359214120 1 150886 R 6.0 104 2 1438 920
2364216674 1 151206 R 2.0 105 1 1027 921
2365221707 1 151271 R 4.0 105 1 361 922
2367724259 1 151431 R 7.0 104 2 2278 923
2370541499 1 151611 R 4.0 106 1 0 924
2372229520 1 151719 R 6.0 105 2 1426 925
2373985337 1 151832 R 5.0 106 2 0 926
2387237101 1 152680 R 6.0 106 2 1213 927
2387986751 1 152728 R 3.0 106 1 351 928
2388628453 1 152769 R 9.0 102 3 6031 929
2392740002 1 153032 R 10.0 102 3 6245 930
2393239979 1 153064 R 10.0 103 3 4778 931
2393739887 1 153096 R 2.0 106 1 1187 932
2393984628 1 153112 R 3.0 107 1 0 933
2396878456 1 153297 R 9.0 103 3 5377 934
2397485636 1 153336 R 4.0 107 1 0 935
2399738955 1 153480 R 2.0 107 1 601 936
