126913997 1 8020 R 4.0 1 1 11 1
140152506 1 8867 R 2.0 1 1 300 2
148970914 1 9431 R 3.0 1 1 18 3
157849232 1 10000 R 6.0 1 2 329 4
162260574 1 10282 R 7.0 1 2 326 5
166599911 1 10560 R 10.0 1 3 346 6
171008652 1 10842 R 4.0 2 1 13 7
175391260 1 11122 R 5.0 1 2 889 8
179792397 1 11404 R 8.0 1 3 62 9
184282625 1 11691 R 13.0 1 4 90 10
188586390 1 11967 R 2.0 2 1 14 11
197499313 1 12537 R 3.0 2 1 584 12
201854384 1 12816 R 9.0 1 3 1193 13
206265402 1 13098 R 7.0 2 2 599 14
210636451 1 13378 R 11.0 1 4 1495 15
215037908 1 13660 R 6.0 2 2 1168 16
219445425 1 13942 R 12.0 1 4 2059 17
223852486 1 14224 R 5.0 2 2 884 18
228254685 1 14505 R 10.0 2 3 1754 19
232698448 1 14790 R 4.0 3 1 862 20
237149316 1 15075 R 8.0 2 3 1196 21
241464263 1 15351 R 2.0 3 1 23 22
245960352 1 15639 R 3.0 3 1 1154 23
254691212 1 16197 R 11.0 2 4 932 24
263550392 1 16764 R 4.0 4 1 18 25
267988156 1 17048 R 12.0 2 4 2629 26
272336610 1 17327 R 12.0 3 4 370 27
281204788 1 17894 R 13.0 2 4 3491 28
285500385 1 18169 R 9.0 3 3 342 29
289942597 1 18454 R 2.0 4 1 11 30
298826566 1 19022 R 9.0 2 3 4022 31
303120016 1 19297 R 5.0 4 2 37 32
307637601 1 19586 R 5.0 3 2 3146 33
311992334 1 19865 R 6.0 3 2 3706 34
316403289 1 20147 R 8.0 4 3 624 35
320773876 1 20427 R 6.0 4 2 884 36
325214318 1 20711 R 4.0 5 1 866 37
329675233 1 20996 R 10.0 3 3 5709 38
334045307 1 21276 R 7.0 3 2 5123 39
338384424 1 21554 R 8.0 3 3 4568 40
342791803 1 21836 R 10.0 5 3 343 41
347177630 1 22117 R 2.0 5 1 297 42
351647540 1 22403 R 9.0 4 3 910 43
356098356 1 22687 R 3.0 4 1 4529 44
360453366 1 22966 R 13.0 3 4 5726 45
364829047 1 23246 R 6.0 5 2 602 46
369230540 1 23528 R 5.0 5 2 884 47
373675013 1 23812 R 4.0 6 1 862 48
378126231 1 24097 R 11.0 3 4 6012 49
382471239 1 24375 R 11.0 5 4 1215 50
386937144 1 24661 R 10.0 4 3 6273 51
391232553 1 24936 R 10.0 6 3 68 52
400073080 1 25502 R 2.0 6 1 583 53
404513690 1 25786 R 4.0 7 1 300 54
408964496 1 26071 R 7.0 4 2 6526 55
413319463 1 26350 R 12.0 4 4 6853 56
417695676 1 26630 R 8.0 6 3 1487 57
422097165 1 26911 R 5.0 6 2 1461 58
430992316 1 27481 R 13.0 4 4 6857 59
435337508 1 27759 R 11.0 6 4 1214 60
439693090 1 28038 R 2.0 7 1 12 61
444108194 1 28320 R 4.0 8 1 17 62
448614523 1 28608 R 11.0 4 4 7985 63
452968956 1 28887 R 8.0 5 3 6828 64
457345098 1 29167 R 10.0 7 3 904 65
461747047 1 29449 R 12.0 7 4 1213 66
470642048 1 30018 R 12.0 5 4 7704 67
474986758 1 30296 R 13.0 7 4 651 68
479453045 1 30582 R 13.0 5 4 7422 69
483830247 1 30862 R 8.0 8 3 65 70
488216527 1 31143 R 4.0 9 1 300 71
492588946 1 31423 R 2.0 8 1 300 72
497074864 1 31710 R 7.0 5 2 8785 73
501429617 1 31989 R 3.0 5 1 7348 74
505774576 1 32267 R 7.0 6 2 6801 75
510211137 1 32551 R 5.0 8 2 884 76
514612881 1 32832 R 10.0 8 3 904 77
519057098 1 33117 R 7.0 8 2 881 78
523507961 1 33402 R 9.0 5 3 8533 79
527823736 1 33678 R 9.0 7 3 3170 80
532209377 1 33959 R 2.0 9 1 302 81
536667498 1 34244 R 4.0 10 1 14 82
541130389 1 34529 R 12.0 6 4 9677 83
545484841 1 34808 R 6.0 6 2 9350 84
549861154 1 35088 R 6.0 8 2 3992 85
554262701 1 35370 R 9.0 8 3 1758 86
563157917 1 35939 R 13.0 6 4 9960 87
567503165 1 36217 R 12.0 8 4 5162 88
571978418 1 36504 R 5.0 7 2 8230 89
576331545 1 36782 R 13.0 8 4 4598 90
580699708 1 37062 R 2.0 10 1 295 91
585185209 1 37349 R 7.0 7 2 8502 92
589539960 1 37628 R 3.0 6 1 6778 93
593916312 1 37908 R 5.0 10 2 598 94
598317949 1 38189 R 6.0 9 2 4269 95
602762813 1 38474 R 4.0 11 1 1150 96
607213215 1 38759 R 6.0 7 2 10192 97
611557452 1 39037 R 7.0 10 2 45 98
616024250 1 39323 R 8.0 7 3 11070 99
620320720 1 39598 R 11.0 9 4 4312 100
629248343 1 40169 R 2.0 11 1 16 101
633550275 1 40444 R 4.0 12 1 13 102
638052542 1 40732 R 11.0 7 4 11650 103
642406581 1 41011 R 3.0 7 1 7344 104
646782941 1 41291 R 5.0 11 2 884 105
651224213 1 41575 R 12.0 10 4 5164 106
655673971 1 41860 R 5.0 9 2 7661 107
660089178 1 42143 R 7.0 9 2 6529 108
664405211 1 42419 R 10.0 11 3 627 109
668870601 1 42705 R 2.0 12 1 23 110
673185281 1 42981 R 11.0 8 4 11079 111
677690301 1 43269 R 8.0 10 3 5705 112
682075804 1 43550 R 4.0 13 1 304 113
686522365 1 43835 R 8.0 9 3 9373 114
690885221 1 44114 R 13.0 12 4 370 115
695324202 1 44398 R 13.0 10 4 6294 116
699679003 1 44677 R 11.0 10 4 6571 117
708540339 1 45244 R 10.0 9 3 9935 118
712833642 1 45519 R 2.0 13 1 7 119
717340112 1 45807 R 12.0 11 4 6574 120
721725962 1 46088 R 6.0 11 2 6814 121
726080267 1 46366 R 4.0 14 1 576 122
730568467 1 46653 R 13.0 9 4 11087 123
739333926 1 47214 R 5.0 13 2 888 124
743794846 1 47500 R 6.0 10 2 10759 125
748165017 1 47780 R 11.0 11 4 6855 126
752492502 1 48057 R 12.0 12 4 6005 127
756943861 1 48342 R 4.0 15 1 16 128
761326341 1 48622 R 2.0 14 1 580 129
765812324 1 48909 R 9.0 9 3 11909 130
770167009 1 49188 R 5.0 12 2 5961 131
774543317 1 49468 R 9.0 11 3 5991 132
778984288 1 49752 R 12.0 14 4 1779 133
783434333 1 50037 R 7.0 11 2 7656 134
787789712 1 50316 R 10.0 10 3 11910 135
792165504 1 50596 R 5.0 14 2 1170 136
796631522 1 50882 R 8.0 12 3 6835 137
800954588 1 51158 R 2.0 15 1 299 138
805449404 1 51446 R 4.0 16 1 19 139
809867657 1 51729 R 10.0 12 3 7113 140
814163963 1 52004 R 12.0 13 4 7415 141
818679007 1 52293 R 9.0 10 3 12192 142
823027193 1 52571 R 13.0 15 4 369 143
827490202 1 52856 R 13.0 11 4 12215 144
831844235 1 53135 R 7.0 12 2 7372 145
840661264 1 53699 R 5.0 15 2 1169 146
845031245 1 53979 R 2.0 16 1 302 147
849472283 1 54263 R 9.0 12 3 7395 148
853904661 1 54547 R 4.0 17 1 582 149
858338111 1 54831 R 10.0 13 3 7680 150
862708734 1 55110 R 6.0 12 2 13014 151
867047367 1 55388 R 7.0 13 2 6241 152
871464336 1 55671 R 5.0 16 2 316 153
875905397 1 55955 R 8.0 15 3 1477 154
880355714 1 56240 R 9.0 13 3 6839 155
884710995 1 56519 R 6.0 13 2 11599 156
889073449 1 56798 R 10.0 14 3 7109 157
893514971 1 57082 R 4.0 18 1 13 158
897898105 1 57363 R 13.0 14 4 7981 159
902299118 1 57644 R 2.0 17 1 865 160
906789038 1 57932 R 11.0 14 4 8267 161
911143624 1 58210 R 8.0 14 3 7401 162
919925163 1 58772 R 5.0 17 2 322 163
924410910 1 59059 R 7.0 14 2 7377 164
928766259 1 59338 R 13.0 13 4 13059 165
933142235 1 59618 R 10.0 15 3 6830 166
937543143 1 59900 R 2.0 18 1 585 167
942020523 1 60186 R 4.0 19 1 24 168
946358565 1 60464 R 9.0 16 3 1198 169
950843994 1 60751 R 9.0 14 3 7685 170
955198749 1 61030 R 7.0 15 2 6520 171
959563567 1 61309 R 11.0 16 4 5725 172
963986697 1 61592 R 13.0 16 4 6853 173
968420893 1 61876 R 5.0 18 2 884 174
972871999 1 62161 R 8.0 13 3 15010 175
977193141 1 62437 R 10.0 18 3 632 176
981599952 1 62720 R 4.0 20 1 13 177
986007742 1 63002 R 2.0 19 1 586 178
990494063 1 63289 R 6.0 14 2 13021 179
994848412 1 63567 R 8.0 16 3 6267 180
999224593 1 63847 R 12.0 19 4 930 181
1003626377 1 64129 R 9.0 15 3 8239 182
1012520954 1 64698 R 3.0 8 1 6223 183
1016866591 1 64977 R 13.0 19 4 1497 184
1021332282 1 65262 R 7.0 16 2 7671 185
1025628761 1 65537 R 8.0 18 3 2042 186
1030098148 1 65823 R 4.0 21 1 298 187
1034549466 1 66108 R 11.0 15 4 13059 188
1038873962 1 66385 R 2.0 20 1 297 189
1043276193 1 66667 R 11.0 19 4 2058 190
1047766017 1 66954 R 12.0 16 4 12214 191
1052114015 1 67232 R 5.0 20 2 604 192
1056464682 1 67511 R 3.0 9 1 6216 193
1060921141 1 67796 R 7.0 19 2 886 194
1065387443 1 68082 R 7.0 17 2 6817 195
1069683928 1 68357 R 12.0 18 4 7977 196
1078523608 1 68923 R 2.0 21 1 303 197
1083010156 1 69210 R 10.0 16 3 13318 198
1087364546 1 69488 R 11.0 18 4 7699 199
1091740876 1 69768 R 13.0 18 4 9389 200
1096142257 1 70050 R 8.0 20 3 1472 201
1105037238 1 70619 R 5.0 19 2 7089 202
1109381831 1 70898 R 7.0 20 2 605 203
1113765404 1 71178 R 4.0 23 1 15 204
1118253795 1 71465 R 3.0 10 1 7360 205
1126971331 1 72023 R 12.0 21 4 2341 206
1131450374 1 72310 R 2.0 22 1 301 207
1140281298 1 72875 R 7.0 18 2 8503 208
1144636633 1 73154 R 13.0 17 4 15312 209
1149047231 1 73436 R 12.0 22 4 933 210
1153417827 1 73716 R 5.0 21 2 3989 211
1157881138 1 74002 R 4.0 24 1 16 212
1162308837 1 74285 R 8.0 19 3 8250 213
1166612248 1 74560 R 2.0 23 1 14 214
1171075003 1 74846 R 5.0 22 2 2015 215
1175525404 1 75131 R 3.0 11 1 7346 216
1179821567 1 75406 R 13.0 23 4 648 217
1184337066 1 75695 R 11.0 17 4 17289 218
1188668954 1 75972 R 5.0 23 2 39 219
1197521031 1 76538 R 4.0 25 1 15 220
1201958975 1 76822 R 8.0 17 3 15855 221
1206313532 1 77101 R 11.0 20 4 9110 222
1210689620 1 77381 R 7.0 22 2 1167 223
1215090970 1 77663 R 10.0 23 3 342 224
1219478274 1 77944 R 2.0 24 1 12 225
1228391901 1 78514 R 13.0 21 4 9396 226
1232688141 1 78789 R 13.0 24 4 1213 227
1237203131 1 79078 R 6.0 15 2 17533 228
1241536293 1 79355 R 11.0 23 4 2342 229
1246001247 1 79641 R 4.0 26 1 16 230
1250419422 1 79924 R 10.0 21 3 8526 231
1254774386 1 80203 R 9.0 19 3 10214 232
1259150363 1 80483 R 8.0 23 3 1753 233
1263591283 1 80767 R 6.0 17 2 10476 234
1268041265 1 81052 R 7.0 21 2 7381 235
1272346007 1 81327 R 11.0 21 4 10517 236
1276762137 1 81610 R 2.0 25 1 294 237
1281258457 1 81898 R 10.0 19 3 16703 238
1289988520 1 82456 R 7.0 24 2 322 239
1294429072 1 82741 R 4.0 27 1 582 240
1298880181 1 83025 R 11.0 22 4 8831 241
1303235021 1 83304 R 9.0 18 3 16981 242
1307611418 1 83584 R 8.0 21 3 11622 243
1312012763 1 83866 R 12.0 25 4 2621 244
1320908179 1 84435 R 12.0 20 4 18135 245
1325222435 1 84711 R 7.0 25 2 40 246
1329608939 1 84992 R 2.0 26 1 302 247
1334023629 1 85275 R 4.0 28 1 20 248
1338529546 1 85563 R 3.0 12 1 7919 249
1342884271 1 85842 R 5.0 24 2 6808 250
1347260177 1 86122 R 5.0 26 2 882 251
1351662270 1 86403 R 9.0 24 3 1476 252
1360557129 1 86973 R 7.0 23 2 8223 253
1364902416 1 87251 R 10.0 26 3 1212 254
1369368390 1 87537 R 11.0 24 4 7703 255
1373735865 1 87816 R 2.0 27 1 19 256
1378134739 1 88098 R 9.0 21 3 11347 257
1382566770 1 88381 R 4.0 29 1 590 258
1386990366 1 88664 R 3.0 13 1 7343 259
1391345676 1 88943 R 13.0 22 4 17287 260
1395690395 1 89221 R 12.0 27 4 2056 261
1400207151 1 89510 R 13.0 25 4 9977 262
1404561521 1 89789 R 5.0 25 2 7653 263
1408973399 1 90071 R 9.0 22 3 10788 264
1413343436 1 90351 R 5.0 27 2 2301 265
1417838850 1 90639 R 11.0 25 4 7140 266
1422151563 1 90915 R 4.0 30 1 14 267
1426545835 1 91196 R 7.0 27 2 314 268
1430934505 1 91477 R 6.0 18 2 18364 269
1435370538 1 91761 R 2.0 28 1 576 270
1439772634 1 92043 R 8.0 27 3 1501 271
1448587618 1 92607 R 5.0 28 2 1447 272
1453073411 1 92894 R 9.0 20 3 19522 273
1457428305 1 93172 R 8.0 22 3 18109 274
1461803708 1 93453 R 8.0 28 3 342 275
1466240057 1 93737 R 4.0 31 1 20 276
1470615576 1 94016 R 9.0 23 3 12187 277
1475016359 1 94298 R 2.0 29 1 582 278
1479506238 1 94585 R 7.0 26 2 7094 279
1483841584 1 94863 R 11.0 28 4 2342 280
1488317166 1 95149 R 3.0 14 1 7349 281
1492633562 1 95426 R 12.0 26 4 10799 282
1497128479 1 95713 R 13.0 28 4 7985 283
1505859294 1 96272 R 7.0 28 2 2012 284
1514669849 1 96836 R 2.0 30 1 296 285
1519110605 1 97120 R 4.0 32 1 298 286
1523561499 1 97405 R 10.0 27 3 8806 287
1527916010 1 97684 R 3.0 15 1 7067 288
1532281228 1 97963 R 10.0 24 3 17264 289
1536698079 1 98246 R 10.0 30 3 1195 290
1545589101 1 98815 R 13.0 29 4 7985 291
1549914408 1 99092 R 5.0 30 2 2589 292
1558725514 1 99656 R 9.0 28 3 1475 293
1563126767 1 99937 R 2.0 31 1 578 294
1567571585 1 100222 R 4.0 33 1 299 295
1572022932 1 100507 R 6.0 19 2 18651 296
1576367733 1 100785 R 10.0 31 3 1191 297
1580834181 1 101070 R 13.0 26 4 18417 298
1585129666 1 101345 R 5.0 31 2 1735 299
1589533250 1 101627 R 5.0 29 2 7923 300
1594014596 1 101914 R 7.0 30 2 892 301
1602780675 1 102475 R 2.0 32 1 298 302
1607221303 1 102759 R 4.0 34 1 293 303
1611672738 1 103044 R 12.0 29 4 10240 304
1615997163 1 103321 R 5.0 32 2 331 305
1620492840 1 103609 R 9.0 27 3 8808 306
1624863970 1 103888 R 13.0 27 4 18698 307
1629202382 1 104166 R 3.0 16 1 6218 308
1633620457 1 104449 R 12.0 28 4 14465 309
1638021554 1 104730 R 12.0 32 4 2623 310
1642466431 1 105015 R 10.0 28 3 13886 311
1646916817 1 105300 R 11.0 29 4 10240 312
1651232601 1 105576 R 10.0 29 3 11061 313
1655617529 1 105857 R 2.0 33 1 303 314
1660087452 1 106143 R 4.0 35 1 580 315
1664538388 1 106428 R 7.0 29 2 8784 316
1668893701 1 106706 R 11.0 26 4 20671 317
1682115746 1 107552 R 12.0 33 4 2062 318
1686548622 1 107836 R 11.0 32 4 3191 319
1690888549 1 108114 R 4.0 36 1 11 320
1695376878 1 108401 R 3.0 17 1 7629 321
1699701662 1 108678 R 2.0 34 1 20 322
1704143105 1 108962 R 5.0 33 2 3147 323
1708593723 1 109247 R 11.0 31 4 7422 324
1712948808 1 109526 R 11.0 27 4 20388 325
1717293385 1 109804 R 13.0 33 4 7696 326
1721730225 1 110088 R 11.0 33 4 2060 327
1730621043 1 110657 R 8.0 32 3 6271 328
1734946781 1 110934 R 10.0 34 3 2036 329
1739348938 1 111215 R 13.0 32 4 11928 330
1743792336 1 111500 R 4.0 37 1 576 331
1748243096 1 111785 R 7.0 31 2 7375 332
1752587674 1 112063 R 10.0 35 3 67 333
1756944085 1 112342 R 2.0 35 1 17 334
1761460423 1 112630 R 13.0 30 4 18983 335
1765808982 1 112909 R 8.0 31 3 11063 336
1770271389 1 113194 R 12.0 30 4 17854 337
1774580198 1 113470 R 7.0 34 2 594 338
1783441944 1 114037 R 4.0 38 1 580 339
1787875333 1 114321 R 9.0 32 3 2893 340
1792298339 1 114604 R 7.0 32 2 7657 341
1796653008 1 114883 R 3.0 18 1 7637 342
1801028917 1 115163 R 5.0 36 2 319 343
1805469823 1 115447 R 10.0 36 3 913 344
1809839940 1 115727 R 2.0 36 1 298 345
1814326263 1 116014 R 6.0 21 2 17804 346
1818648557 1 116291 R 4.0 39 1 20 347
1823137111 1 116578 R 12.0 34 4 8268 348
1827491687 1 116857 R 7.0 33 2 7368 349
1831887701 1 117138 R 13.0 38 4 1213 350
1836309217 1 117421 R 10.0 33 3 11066 351
1840758965 1 117706 R 3.0 19 1 6779 352
1849476418 1 118264 R 8.0 36 3 1190 353
1853955799 1 118550 R 2.0 37 1 305 354
1871597794 1 119679 R 5.0 35 2 7656 355
1880364035 1 120240 R 12.0 37 4 3471 356
1884814410 1 120525 R 12.0 35 4 9978 357
1889168869 1 120804 R 3.0 20 1 7076 358
1893533436 1 121083 R 7.0 35 2 5680 359
1897951351 1 121366 R 13.0 36 4 11644 360
1906842427 1 121935 R 13.0 34 4 17290 361
1911167314 1 122212 R 5.0 38 2 2030 362
1915569165 1 122493 R 11.0 37 4 2905 363
1920012991 1 122778 R 4.0 41 1 295 364
1924383395 1 123058 R 7.0 37 2 886 365
1928869728 1 123345 R 9.0 30 3 18119 366
1933224525 1 123623 R 6.0 24 2 16676 367
1937600934 1 123904 R 12.0 38 4 3494 368
1946411468 1 124467 R 8.0 38 3 2035 369
1950812693 1 124749 R 2.0 39 1 586 370
1955254829 1 125033 R 4.0 42 1 15 371
1959707941 1 125318 R 3.0 21 1 7919 372
1964053307 1 125596 R 12.0 39 4 2342 373
1968519100 1 125882 R 5.0 37 2 8227 374
1972848829 1 126159 R 9.0 33 3 11058 375
1977339797 1 126447 R 7.0 36 2 7653 376
1981710680 1 126727 R 9.0 31 3 18111 377
1986047066 1 127004 R 5.0 40 2 608 378
1990526719 1 127291 R 2.0 40 1 308 379
1999298224 1 127852 R 4.0 43 1 20 380
2003763101 1 128138 R 3.0 22 1 7069 381
2008118252 1 128417 R 6.0 25 2 15544 382
2012494918 1 128697 R 10.0 37 3 10776 383
2016895843 1 128978 R 8.0 39 3 3164 384
2025729003 1 129544 R 2.0 41 1 9 385
2030196444 1 129830 R 10.0 38 3 9373 386
2034507840 1 130106 R 12.0 41 4 930 387
2039007955 1 130394 R 13.0 37 4 17290 388
2047738518 1 130952 R 9.0 37 3 3164 389
2052140203 1 131234 R 11.0 40 4 2622 390
2056584518 1 131518 R 4.0 44 1 1147 391
2060923584 1 131796 R 5.0 39 2 8501 392
2065379140 1 132081 R 5.0 42 2 40 393
2069801110 1 132364 R 9.0 38 3 2042 394
2074251465 1 132649 R 7.0 38 2 7943 395
2078620126 1 132929 R 12.0 42 4 1216 396
2082979607 1 133208 R 4.0 45 1 16 397
2087387551 1 133490 R 2.0 42 1 298 398
2091874226 1 133777 R 11.0 36 4 17008 399
2096228223 1 134056 R 9.0 36 3 9934 400
2100604739 1 134336 R 13.0 44 4 1777 401
2105005779 1 134617 R 7.0 41 2 607 402
2113901053 1 135187 R 7.0 39 2 7938 403
2118255850 1 135465 R 5.0 41 2 6521 404
2122620925 1 135745 R 13.0 39 4 17003 405
2127037907 1 136027 R 10.0 40 3 9928 406
2131438885 1 136309 R 2.0 43 1 580 407
2135883347 1 136594 R 4.0 46 1 582 408
2140254452 1 136873 R 12.0 43 4 3208 409
2144739739 1 137160 R 3.0 24 1 7066 410
2149094500 1 137439 R 7.0 40 2 6811 411
2153439817 1 137717 R 6.0 26 2 16110 412
2157876311 1 138001 R 5.0 43 2 2863 413
2162278079 1 138283 R 13.0 45 4 2905 414
2166722509 1 138567 R 7.0 42 2 1726 415
2171154835 1 138851 R 5.0 44 2 605 416
2175487851 1 139128 R 2.0 44 1 14 417
2179960072 1 139415 R 4.0 47 1 296 418
2184389333 1 139698 R 3.0 25 1 6785 419
2188744714 1 139977 R 13.0 41 4 15878 420
2193127499 1 140257 R 7.0 43 2 39 421
2197606590 1 140544 R 13.0 42 4 13906 422
2201928685 1 140821 R 5.0 45 2 42 423
2206426683 1 141108 R 3.0 26 1 5372 424
2210797493 1 141388 R 8.0 40 3 13036 425
2215136386 1 141666 R 10.0 43 3 7111 426
2219553835 1 141948 R 12.0 45 4 2341 427
2223993706 1 142233 R 4.0 48 1 296 428
2228364819 1 142512 R 11.0 44 4 1214 429
2232766140 1 142794 R 9.0 42 3 1469 430
2237256026 1 143081 R 6.0 27 2 13014 431
2241581221 1 143358 R 2.0 45 1 1142 432
2250472166 1 143927 R 3.0 27 1 5387 433
2254827086 1 144206 R 12.0 44 4 7420 434
2259237909 1 144488 R 7.0 44 2 892 435
2263656682 1 144771 R 4.0 49 1 17 436
2267984166 1 145048 R 2.0 46 1 15 437
2272499975 1 145337 R 10.0 44 3 7680 438
2276855059 1 145616 R 11.0 41 4 13905 439
2281265722 1 145898 R 12.0 47 4 934 440
2285636260 1 146178 R 9.0 43 3 1194 441
2290122167 1 146465 R 6.0 28 2 13862 442
2294476658 1 146744 R 3.0 28 1 5665 443
2298853040 1 147024 R 13.0 46 4 8262 444
2312038564 1 147868 R 8.0 42 3 13590 445
2316461436 1 148151 R 11.0 46 4 1513 446
2320915096 1 148436 R 4.0 50 1 582 447
2325285910 1 148715 R 7.0 45 2 1444 448
2329687177 1 148997 R 2.0 47 1 865 449
2334177633 1 149284 R 11.0 42 4 14188 450
2338500373 1 149561 R 10.0 48 3 912 451
2342988320 1 149848 R 12.0 46 4 7704 452
2347303402 1 150125 R 8.0 47 3 911 453
2351799478 1 150412 R 6.0 29 2 14429 454
2356153739 1 150691 R 5.0 46 2 6806 455
2360498738 1 150969 R 3.0 29 1 6225 456
2364935625 1 151253 R 5.0 48 2 1168 457
2369336774 1 151535 R 2.0 48 1 869 458
2373782073 1 151819 R 12.0 49 4 1780 459
2378152124 1 152099 R 7.0 46 2 1723 460
2382592754 1 152383 R 4.0 51 1 1436 461
2387043785 1 152668 R 11.0 43 4 14752 462
2391398178 1 152947 R 13.0 48 4 7444 463
2395760952 1 153226 R 8.0 45 3 10211 464
