113765814 1 7178 R 4.0 1 1 18 1
118118520 1 7457 R 2.0 1 1 15 2
131399609 1 8307 R 3.0 1 1 19 3
144632204 1 9154 R 7.0 1 2 330 4
148986958 1 9432 R 6.0 1 2 608 5
153363143 1 9712 R 5.0 1 2 321 6
157755221 1 9994 R 10.0 1 3 624 7
162209751 1 10279 R 4.0 2 1 300 8
166580235 1 10558 R 2.0 2 1 300 9
171066202 1 10845 R 3.0 2 1 866 10
175420942 1 11124 R 8.0 1 3 634 11
179797077 1 11404 R 7.0 2 2 605 12
193103900 1 12256 R 9.0 1 3 1771 13
197474615 1 12536 R 13.0 1 4 1781 14
201813715 1 12813 R 11.0 1 4 1776 15
206230748 1 13096 R 12.0 1 4 2059 16
210631729 1 13378 R 2.0 3 1 587 17
215010411 1 13658 R 6.0 2 2 2288 18
219482306 1 13944 R 5.0 2 2 2022 19
223914756 1 14228 R 7.0 3 2 888 20
228338274 1 14511 R 3.0 3 1 2285 21
232653913 1 14787 R 6.0 3 2 1172 22
237103967 1 15072 R 4.0 4 1 296 23
241518834 1 15354 R 2.0 4 1 24 24
245960579 1 15639 R 10.0 2 3 3733 25
250315153 1 15917 R 9.0 2 3 3451 26
254726667 1 16200 R 12.0 3 4 1215 27
259177029 1 16484 R 8.0 2 3 3169 28
263531930 1 16763 R 13.0 2 4 3752 29
267894102 1 17042 R 7.0 4 2 1166 30
272335971 1 17327 R 4.0 5 1 15 31
276719106 1 17607 R 11.0 2 4 3752 32
281120007 1 17889 R 2.0 5 1 862 33
285610302 1 18176 R 10.0 3 3 3737 34
289964744 1 18455 R 3.0 4 1 3410 35
294331251 1 18734 R 5.0 4 2 1171 36
298716693 1 19015 R 2.0 6 1 304 37
303186794 1 19301 R 7.0 5 2 881 38
307637595 1 19586 R 5.0 3 2 4844 39
311992602 1 19865 R 12.0 2 4 6854 40
316368822 1 20145 R 13.0 5 4 1214 41
320770373 1 20426 R 12.0 5 4 1212 42
325214316 1 20711 R 4.0 6 1 864 43
329665404 1 20996 R 10.0 4 3 4581 44
333981002 1 21272 R 12.0 4 4 4315 45
338366348 1 21553 R 2.0 7 1 304 46
342824253 1 21838 R 4.0 7 1 17 47
347287322 1 22124 R 9.0 3 3 7117 48
351642281 1 22402 R 13.0 3 4 7137 49
356018476 1 22682 R 13.0 6 4 1215 50
360419332 1 22964 R 5.0 6 2 319 51
369324840 1 23534 R 13.0 4 4 6295 52
373630323 1 23810 R 10.0 7 3 623 53
378016072 1 24090 R 2.0 8 1 305 54
382481723 1 24376 R 4.0 8 1 20 55
386936984 1 24661 R 3.0 5 1 6796 56
391291679 1 24940 R 9.0 4 3 7676 57
395667856 1 25220 R 8.0 4 3 7111 58
400069055 1 25502 R 9.0 7 3 912 59
408964914 1 26071 R 8.0 3 3 10788 60
413280442 1 26347 R 11.0 6 4 1495 61
417665727 1 26628 R 2.0 9 1 303 62
422139315 1 26914 R 4.0 9 1 14 63
426586991 1 27199 R 6.0 4 2 11327 64
430918087 1 27476 R 12.0 8 4 2059 65
435397615 1 27763 R 5.0 5 2 7655 66
444189165 1 28325 R 9.0 5 3 8243 67
448623999 1 28609 R 3.0 6 1 7924 68
452929816 1 28885 R 7.0 8 2 4855 69
457315907 1 29165 R 4.0 10 1 301 70
461750681 1 29449 R 2.0 10 1 575 71
466236530 1 29736 R 10.0 6 3 8531 72
470591392 1 30015 R 6.0 5 2 11891 73
475040105 1 30300 R 10.0 5 3 11909 74
483797453 1 30860 R 5.0 9 2 601 75
488263822 1 31146 R 8.0 6 3 7682 76
492632209 1 31426 R 8.0 8 3 2884 77
497002695 1 31705 R 2.0 11 1 299 78
501435445 1 31989 R 4.0 11 1 298 79
505886110 1 32274 R 10.0 8 3 7400 80
510240693 1 32553 R 5.0 7 2 7375 81
514689172 1 32837 R 3.0 7 1 6502 82
519022750 1 33115 R 7.0 10 2 2009 83
527923305 1 33684 R 5.0 8 2 5966 84
532216986 1 33959 R 2.0 12 1 13 85
536679575 1 34245 R 4.0 12 1 297 86
541130391 1 34529 R 13.0 9 4 7140 87
545426630 1 34804 R 7.0 11 2 1166 88
549941070 1 35093 R 7.0 9 2 6531 89
554274415 1 35371 R 5.0 11 2 606 90
563158326 1 35939 R 10.0 10 3 6555 91
567452491 1 36214 R 13.0 7 4 13052 92
571923784 1 36500 R 4.0 13 1 297 93
576348410 1 36783 R 2.0 13 1 17 94
580780106 1 37067 R 8.0 5 3 16427 95
585135068 1 37346 R 12.0 10 4 7418 96
589511032 1 37626 R 8.0 11 3 2045 97
607212800 1 38759 R 3.0 8 1 7346 98
611558162 1 39037 R 8.0 12 3 1750 99
615914549 1 39316 R 2.0 14 1 18 100
624835694 1 39887 R 5.0 10 2 7100 101
629190650 1 40165 R 11.0 5 4 18133 102
633566344 1 40445 R 5.0 13 2 883 103
637968528 1 40727 R 12.0 9 4 13057 104
642417850 1 41012 R 4.0 15 1 19 105
646863376 1 41296 R 9.0 6 3 19240 106
651208100 1 41574 R 11.0 13 4 651 107
655564145 1 41853 R 2.0 15 1 19 108
660089592 1 42143 R 8.0 10 3 8817 109
664387257 1 42418 R 5.0 14 2 320 110
668891278 1 42706 R 9.0 10 3 10780 111
673220903 1 42983 R 13.0 10 4 13055 112
682054897 1 43549 R 12.0 15 4 3471 113
686424748 1 43828 R 4.0 16 1 301 114
690918454 1 44116 R 7.0 12 2 8503 115
695273602 1 44395 R 11.0 9 4 11929 116
699649613 1 44675 R 10.0 16 3 1472 117
704050706 1 44956 R 2.0 16 1 584 118
712865591 1 45521 R 5.0 15 2 885 119
717243339 1 45801 R 4.0 17 1 12 120
721757144 1 46090 R 5.0 12 2 8788 121
726112015 1 46368 R 7.0 13 2 8218 122
730484461 1 46648 R 13.0 17 4 2339 123
739268917 1 47210 R 2.0 17 1 14 124
743785143 1 47499 R 9.0 12 3 10780 125
748100620 1 47776 R 10.0 17 3 2040 126
752557741 1 48061 R 4.0 18 1 16 127
757001513 1 48345 R 11.0 8 4 18700 128
765767443 1 48906 R 5.0 16 2 1740 129
770200182 1 49190 R 7.0 17 2 1733 130
774623336 1 49473 R 7.0 14 2 9068 131
778978253 1 49752 R 10.0 15 3 8522 132
783342757 1 50031 R 13.0 15 4 9954 133
787765958 1 50314 R 11.0 15 4 4879 134
792151172 1 50595 R 2.0 18 1 861 135
796605940 1 50880 R 7.0 18 2 1446 136
801038814 1 51164 R 4.0 19 1 1152 137
805440475 1 51445 R 5.0 17 2 1450 138
809867432 1 51729 R 6.0 8 2 17808 139
814183073 1 52005 R 9.0 16 3 5419 140
818688297 1 52293 R 7.0 16 2 7374 141
822987550 1 52568 R 4.0 20 1 12 142
827409166 1 52851 R 5.0 18 2 885 143
831810592 1 53133 R 2.0 19 1 587 144
836300253 1 53420 R 3.0 9 1 8487 145
840651639 1 53699 R 10.0 20 3 1474 146
845112279 1 53984 R 13.0 13 4 18135 147
849466949 1 54263 R 11.0 10 4 18977 148
853842735 1 54543 R 11.0 18 4 3186 149
858243822 1 54825 R 2.0 20 1 584 150
862688423 1 55109 R 4.0 21 1 301 151
867059056 1 55389 R 7.0 20 2 1169 152
871544691 1 55676 R 3.0 10 1 7914 153
875899680 1 55955 R 13.0 18 4 9109 154
880275958 1 56235 R 10.0 21 3 1472 155
889064463 1 56797 R 2.0 21 1 13 156
897945753 1 57366 R 4.0 22 1 18 157
902383304 1 57650 R 3.0 11 1 7630 158
906751624 1 57929 R 13.0 23 4 935 159
911195046 1 58214 R 13.0 14 4 19827 160
915549482 1 58492 R 8.0 13 3 18681 161
919894138 1 58770 R 7.0 19 2 7083 162
924330913 1 59054 R 5.0 20 2 2018 163
928732679 1 59336 R 12.0 21 4 5160 164
933120621 1 59617 R 13.0 21 4 6850 165
937537288 1 59900 R 2.0 22 1 294 166
941987764 1 60184 R 4.0 23 1 299 167
946439184 1 60469 R 11.0 14 4 17008 168
950793441 1 60748 R 13.0 20 4 9675 169
955169695 1 61028 R 10.0 23 3 1753 170
959571313 1 61310 R 12.0 22 4 4879 171
977243239 1 62441 R 2.0 23 1 17 172
981683257 1 62725 R 12.0 16 4 20389 173
986063288 1 63005 R 9.0 18 3 11067 174
990401871 1 63283 R 7.0 21 2 6526 175
994819203 1 63566 R 5.0 22 2 1161 176
999221223 1 63847 R 8.0 18 3 13601 177
1003665325 1 64132 R 9.0 20 3 6831 178
1008115837 1 64417 R 3.0 12 1 6504 179
1012460307 1 64695 R 7.0 24 2 879 180
1016816694 1 64973 R 2.0 24 1 14 181
1021287054 1 65259 R 4.0 25 1 579 182
1025627169 1 65537 R 12.0 17 4 21230 183
1030062849 1 65821 R 5.0 23 2 894 184
1034464994 1 66103 R 8.0 23 3 4009 185
1038954418 1 66390 R 7.0 22 2 7942 186
1043309132 1 66669 R 5.0 21 2 6802 187
1047705158 1 66950 R 13.0 25 4 5161 188
1052126092 1 67233 R 6.0 9 2 10756 189
1056538513 1 67516 R 2.0 25 1 13 190
1060937250 1 67797 R 4.0 26 1 1149 191
1065397336 1 68083 R 7.0 23 2 6807 192
1069768227 1 68362 R 13.0 19 4 19825 193
1074106685 1 68640 R 3.0 13 1 5651 194
1078493361 1 68921 R 11.0 20 4 12771 195
1082997434 1 69209 R 7.0 26 2 606 196
1087383423 1 69490 R 4.0 27 1 299 197
1091821253 1 69774 R 12.0 18 4 22647 198
1096133654 1 70050 R 2.0 26 1 12 199
1100586949 1 70335 R 10.0 27 3 1759 200
1105037657 1 70619 R 8.0 19 3 17837 201
1109411490 1 70899 R 5.0 25 2 1167 202
1113790728 1 71180 R 4.0 28 1 15 203
1122659527 1 71747 R 10.0 25 3 7680 204
1127014587 1 72026 R 12.0 24 4 11085 205
1131376629 1 72305 R 8.0 26 3 2894 206
1135830923 1 72590 R 7.0 27 2 1445 207
1140200795 1 72870 R 2.0 27 1 579 208
1144696538 1 73158 R 7.0 25 2 7375 209
1149066901 1 73437 R 8.0 24 3 9088 210
1153406441 1 73715 R 8.0 20 3 20665 211
1157809659 1 73997 R 8.0 27 3 2316 212
1162263549 1 74282 R 4.0 29 1 580 213
1166634656 1 74562 R 11.0 26 4 2623 214
1171035928 1 74843 R 7.0 28 2 1164 215
1175525401 1 75131 R 5.0 24 2 7371 216
1179850984 1 75408 R 2.0 28 1 1429 217
1188662206 1 75971 R 10.0 29 3 2036 218
1197472612 1 76535 R 2.0 29 1 862 219
1201874837 1 76817 R 13.0 31 4 2341 220
1206318798 1 77102 R 4.0 30 1 862 221
1210689717 1 77381 R 12.0 31 4 2058 222
1215175761 1 77668 R 12.0 23 4 19264 223
1219530500 1 77947 R 11.0 21 4 18978 224
1223906111 1 78227 R 5.0 28 2 1166 225
1232716713 1 78791 R 2.0 30 1 864 226
1237119465 1 79073 R 11.0 24 4 12774 227
1241562877 1 79357 R 4.0 31 1 866 228
1245933862 1 79637 R 11.0 27 4 4878 229
1250335960 1 79919 R 13.0 28 4 11645 230
1254824703 1 80206 R 5.0 26 2 8221 231
1259148243 1 80483 R 8.0 29 3 3730 232
1263555413 1 80765 R 2.0 31 1 295 233
1276807426 1 81613 R 8.0 30 3 3165 234
1281258237 1 81898 R 9.0 21 3 22059 235
1285579864 1 82174 R 9.0 25 3 11629 236
1290069394 1 82462 R 8.0 22 3 27713 237
1294392449 1 82738 R 7.0 31 2 1447 238
1298880434 1 83025 R 9.0 23 3 17838 239
1303235319 1 83304 R 13.0 30 4 11082 240
1307599269 1 83583 R 5.0 27 2 9064 241
1312017100 1 83866 R 11.0 23 4 20387 242
1316417587 1 84148 R 2.0 32 1 861 243
1320862314 1 84432 R 4.0 33 1 581 244
1325233649 1 84712 R 12.0 29 4 13619 245
1329634903 1 84994 R 13.0 34 4 4596 246
1334124016 1 85281 R 7.0 29 2 9066 247
1338447557 1 85558 R 5.0 31 2 1450 248
1342844553 1 85839 R 2.0 33 1 17 249
1356151617 1 86691 R 3.0 15 1 7914 250
1360459865 1 86967 R 11.0 30 4 3750 251
1364962690 1 87255 R 5.0 29 2 8218 252
1369287820 1 87532 R 7.0 33 2 884 253
1373773729 1 87819 R 7.0 30 2 9065 254
1378129228 1 88097 R 13.0 27 4 24945 255
1382491710 1 88377 R 10.0 30 3 11623 256
1386916812 1 88660 R 11.0 25 4 19540 257
1391321285 1 88942 R 2.0 34 1 585 258
1395756053 1 89226 R 4.0 35 1 297 259
1400206928 1 89510 R 5.0 30 2 7939 260
1404561809 1 89789 R 11.0 29 4 9693 261
1408915525 1 90068 R 2.0 35 1 11 262
1413378535 1 90353 R 8.0 33 3 5420 263
1417828928 1 90638 R 3.0 16 1 7068 264
1422125050 1 90913 R 5.0 33 2 1738 265
1426594680 1 91199 R 4.0 36 1 299 266
1431055589 1 91485 R 6.0 11 2 18085 267
1435425900 1 91764 R 12.0 34 4 9958 268
1439764649 1 92042 R 7.0 32 2 8220 269
1444182397 1 92325 R 8.0 31 3 11622 270
1452972176 1 92887 R 10.0 32 3 11621 271
1457388296 1 93170 R 2.0 36 1 297 272
1461838748 1 93455 R 4.0 37 1 582 273
1466289786 1 93740 R 10.0 34 3 7968 274
1470644426 1 94018 R 5.0 32 2 7375 275
1475009020 1 94298 R 11.0 32 4 6852 276
1479425693 1 94580 R 7.0 36 2 885 277
1483828318 1 94862 R 13.0 35 4 12234 278
1488271928 1 95147 R 4.0 38 1 302 279
1492722726 1 95431 R 3.0 17 1 6796 280
1497038669 1 95708 R 13.0 39 4 4877 281
1501424023 1 95988 R 2.0 37 1 305 282
1505939343 1 96277 R 7.0 34 2 7664 283
1510288643 1 96556 R 9.0 26 3 23194 284
1514750952 1 96841 R 11.0 31 4 12239 285
1519105007 1 97120 R 7.0 35 2 5964 286
1527921981 1 97684 R 7.0 37 2 1732 287
1532354369 1 97968 R 4.0 39 1 583 288
1536751836 1 98249 R 2.0 38 1 16 289
1541138906 1 98530 R 9.0 27 3 22345 290
1545599013 1 98815 R 10.0 36 3 8247 291
1549969421 1 99095 R 8.0 35 3 10216 292
1554308548 1 99373 R 8.0 34 3 12759 293
1558725680 1 99656 R 10.0 39 3 1754 294
1563127224 1 99937 R 13.0 40 4 7134 295
1567571584 1 100222 R 4.0 40 1 863 296
1572022520 1 100507 R 3.0 18 1 6220 297
1576338032 1 100783 R 10.0 40 3 343 298
1580722167 1 101063 R 5.0 35 2 6522 299
1585158625 1 101347 R 2.0 39 1 589 300
1594004763 1 101913 R 4.0 41 1 293 301
1598455920 1 102198 R 6.0 12 2 17531 302
1602810632 1 102477 R 9.0 30 3 19244 303
1607258711 1 102762 R 3.0 19 1 6218 304
1620402622 1 103603 R 2.0 40 1 300 305
1624888594 1 103890 R 5.0 36 2 6808 306
1629243971 1 104169 R 12.0 35 4 20389 307
1633619979 1 104449 R 12.0 43 4 2623 308
1638021264 1 104730 R 8.0 40 3 2600 309
1642408379 1 105011 R 2.0 41 1 11 310
1646871310 1 105297 R 4.0 42 1 1145 311
1651321709 1 105582 R 7.0 38 2 7096 312
1655618297 1 105857 R 8.0 36 3 14721 313
1660142506 1 106146 R 5.0 37 2 6530 314
1664480830 1 106424 R 4.0 43 1 16 315
1668944321 1 106709 R 6.0 13 2 17529 316
1673298992 1 106988 R 9.0 28 3 28260 317
1682115520 1 107552 R 7.0 41 2 1735 318
1686514318 1 107834 R 2.0 42 1 14 319
1690926116 1 108116 R 5.0 40 2 889 320
1695376875 1 108401 R 3.0 20 1 6791 321
1699731616 1 108680 R 5.0 38 2 6831 322
1704096525 1 108959 R 9.0 29 3 28261 323
1708513425 1 109242 R 8.0 42 3 2885 324
1712914579 1 109524 R 7.0 42 2 880 325
1717303646 1 109804 R 12.0 40 4 14746 326
1721699287 1 110086 R 13.0 38 4 20947 327
1726135114 1 110370 R 2.0 43 1 578 328
1730537140 1 110651 R 8.0 43 3 1754 329
1735026537 1 110939 R 3.0 21 1 6510 330
1739401078 1 111219 R 11.0 41 4 1499 331
1743755246 1 111497 R 4.0 45 1 300 332
1748243096 1 111785 R 5.0 39 2 7094 333
1752598528 1 112063 R 11.0 34 4 20106 334
1756974582 1 112343 R 8.0 39 3 12751 335
1761440509 1 112629 R 10.0 44 3 3739 336
1765763218 1 112906 R 2.0 44 1 301 337
1774686666 1 113477 R 11.0 35 4 19264 338
1779056556 1 113757 R 11.0 39 4 9112 339
1783395658 1 114034 R 10.0 43 3 7104 340
1787813463 1 114317 R 13.0 43 4 14748 341
1792214549 1 114599 R 13.0 49 4 2342 342
1796601425 1 114880 R 2.0 45 1 11 343
1801064563 1 115165 R 4.0 46 1 1424 344
1805514881 1 115450 R 3.0 22 1 6503 345
1809810165 1 115725 R 7.0 45 2 35 346
1814280689 1 116011 R 4.0 47 1 297 347
1818741681 1 116297 R 8.0 38 3 19526 348
1823111599 1 116576 R 5.0 41 2 6809 349
1827451247 1 116854 R 13.0 42 4 19540 350
1831868306 1 117137 R 9.0 33 3 23755 351
1840657733 1 117699 R 10.0 47 3 2314 352
1845074256 1 117982 R 2.0 46 1 298 353
1849524711 1 118267 R 4.0 48 1 584 354
1853975647 1 118552 R 3.0 23 1 7348 355
1858330312 1 118830 R 5.0 42 2 7089 356
1862694826 1 119110 R 8.0 44 3 7392 357
1867112381 1 119392 R 13.0 52 4 1495 358
1871514303 1 119674 R 12.0 45 4 13337 359
1875957888 1 119958 R 4.0 49 1 296 360
1880328601 1 120238 R 8.0 47 3 1481 361
1884793811 1 120524 R 2.0 47 1 20 362
1889219723 1 120807 R 7.0 44 2 7659 363
1893574387 1 121086 R 5.0 43 2 6808 364
1897939644 1 121365 R 10.0 42 3 16982 365
1902371752 1 121649 R 8.0 45 3 7959 366
1906767319 1 121930 R 5.0 46 2 319 367
1911235867 1 122216 R 11.0 44 4 4037 368
1915621143 1 122497 R 4.0 50 1 298 369
1919973577 1 122775 R 2.0 48 1 13 370
1924464024 1 123063 R 13.0 50 4 9112 371
1928818657 1 123341 R 5.0 44 2 6531 372
1933183673 1 123621 R 13.0 46 4 17565 373
1937600922 1 123903 R 6.0 14 2 11592 374
1942002621 1 124185 R 10.0 46 3 11340 375
1946468294 1 124471 R 13.0 54 4 2345 376
1950884821 1 124754 R 4.0 51 1 581 377
1955302491 1 125036 R 3.0 24 1 5941 378
1959618554 1 125313 R 9.0 37 3 12748 379
1964075552 1 125598 R 2.0 49 1 19 380
1968528732 1 125883 R 5.0 45 2 6533 381
1977238330 1 126440 R 3.0 25 1 5087 382
1981655590 1 126723 R 7.0 49 2 1729 383
1986057222 1 127005 R 8.0 49 3 4582 384
1990501757 1 127289 R 4.0 52 1 1144 385
1994871628 1 127569 R 5.0 48 2 883 386
1999357605 1 127856 R 7.0 47 2 7374 387
2003712317 1 128135 R 7.0 48 2 5678 388
2008088646 1 128415 R 8.0 50 3 3736 389
2012489844 1 128696 R 2.0 50 1 583 390
2016934367 1 128981 R 4.0 53 1 578 391
2021305137 1 129261 R 7.0 50 2 1732 392
2025791334 1 129548 R 10.0 45 3 18669 393
2030145436 1 129826 R 3.0 26 1 6214 394
2034521762 1 130106 R 8.0 51 3 3728 395
2043310408 1 130669 R 2.0 51 1 14 396
2047805786 1 130957 R 4.0 54 1 14 397
2052224503 1 131239 R 12.0 49 4 16161 398
2056604154 1 131520 R 10.0 50 3 9658 399
2060943116 1 131797 R 5.0 47 2 7656 400
2065360608 1 132080 R 13.0 57 4 3189 401
2069800694 1 132364 R 5.0 50 2 606 402
2074251871 1 132649 R 6.0 15 2 15557 403
2078606580 1 132928 R 9.0 35 3 25723 404
2082981981 1 133208 R 7.0 52 2 601 405
2087422722 1 133492 R 4.0 55 1 578 406
2091793419 1 133772 R 6.0 16 2 9625 407
2096194686 1 134054 R 2.0 52 1 582 408
2100684725 1 134341 R 13.0 55 4 9677 409
2105007198 1 134618 R 7.0 53 2 34 410
2109496165 1 134905 R 10.0 48 3 16992 411
2113810826 1 135181 R 5.0 51 2 882 412
2118261281 1 135466 R 4.0 56 1 583 413
2122676247 1 135748 R 2.0 53 1 22 414
2127117602 1 136033 R 3.0 27 1 7355 415
2131472514 1 136311 R 5.0 49 2 7095 416
2135837069 1 136591 R 12.0 55 4 8543 417
2140223625 1 136871 R 11.0 47 4 11080 418
2144728001 1 137160 R 8.0 55 3 1476 419
2149113620 1 137440 R 4.0 57 1 299 420
2153470381 1 137719 R 2.0 54 1 293 421
2157956281 1 138006 R 3.0 28 1 6507 422
2162311670 1 138285 R 13.0 53 4 17851 423
2166687691 1 138565 R 9.0 38 3 20365 424
2171089065 1 138847 R 10.0 56 3 3755 425
2175565904 1 139133 R 4.0 58 1 18 426
2179984455 1 139416 R 12.0 47 4 28568 427
2184328888 1 139694 R 8.0 56 3 2042 428
2188684691 1 139973 R 2.0 55 1 17 429
2193201010 1 140262 R 11.0 42 4 27723 430
2197555341 1 140541 R 10.0 55 3 7677 431
2201966522 1 140823 R 7.0 55 2 1729 432
2206336876 1 141103 R 5.0 53 2 1447 433
2210777152 1 141387 R 4.0 59 1 296 434
2215238204 1 141672 R 8.0 53 3 13620 435
2219608793 1 141952 R 11.0 43 4 26594 436
2223947838 1 142230 R 12.0 54 4 16437 437
2228354293 1 142512 R 5.0 54 2 316 438
2232740349 1 142792 R 2.0 56 1 304 439
2237210741 1 143079 R 8.0 57 3 2604 440
2241661053 1 143363 R 3.0 29 1 6785 441
2246015842 1 143642 R 7.0 54 2 6519 442
2250392172 1 143922 R 9.0 43 3 9961 443
2254794141 1 144204 R 8.0 54 3 11065 444
2259237909 1 144488 R 4.0 60 1 861 445
2263688780 1 144773 R 5.0 52 2 7949 446
2268004106 1 145049 R 5.0 55 2 318 447
2272389998 1 145330 R 2.0 57 1 304 448
2276847774 1 145615 R 4.0 61 1 13 449
2281310726 1 145901 R 3.0 30 1 7080 450
2285666099 1 146180 R 13.0 56 4 19824 451
2290042544 1 146460 R 11.0 51 4 10236 452
2294443812 1 146741 R 9.0 41 3 17543 453
2303348546 1 147311 R 8.0 52 3 18403 454
2307653605 1 147587 R 7.0 58 2 606 455
2312039590 1 147868 R 2.0 58 1 301 456
2316522925 1 148155 R 4.0 62 1 19 457
2320961098 1 148439 R 11.0 46 4 25467 458
2325309953 1 148717 R 13.0 59 4 15595 459
2329660614 1 148995 R 9.0 42 3 16971 460
2338537875 1 149563 R 12.0 64 4 2343 461
2342970667 1 149847 R 10.0 61 3 1758 462
2347367347 1 150129 R 2.0 59 1 14 463
2351753819 1 150409 R 7.0 59 2 884 464
2356172560 1 150692 R 4.0 63 1 18 465
2360610755 1 150976 R 12.0 57 4 18981 466
2364965211 1 151255 R 9.0 40 3 24873 467
2373782079 1 151819 R 13.0 67 4 2344 468
2378232342 1 152104 R 10.0 59 3 9376 469
2382586853 1 152383 R 7.0 57 2 7932 470
2386949664 1 152662 R 12.0 62 4 9670 471
2391429513 1 152949 R 10.0 62 3 2324 472
2395752378 1 153225 R 2.0 60 1 584 473
