92196229 2 5771 R 4.0 1 1 20 1
96553472 2 6049 R 5.0 1 1 299 2
109407348 1 6899 R 3.0 1 1 21 1
114153553 2 7176 R 4.0 2 1 15 3
118580956 2 7459 R 5.0 2 1 298 4
131415278 1 8308 R 3.0 2 1 20 2
136226126 2 8588 R 8.0 1 2 42 5
140656846 2 8872 R 4.0 3 1 16 6
145014122 2 9151 R 7.0 1 2 321 7
148949464 1 9430 R 3.0 3 1 14 3
149390290 2 9431 R 5.0 3 1 579 8
153775856 2 9712 R 8.0 2 2 37 9
158256142 2 9998 R 7.0 2 2 42 10
162258217 1 10282 R 6.0 1 2 42 4
162640333 2 10279 R 4.0 4 1 14 11
167042693 2 10561 R 11.0 1 3 346 12
171418694 2 10841 R 5.0 4 1 584 13
179860846 1 11408 R 3.0 4 1 18 5
180284584 2 11408 R 10.0 1 3 629 14
188646406 1 11971 R 6.0 2 2 40 6
189032432 2 11968 R 4.0 5 1 14 15
193446358 2 12250 R 5.0 5 1 864 16
197832721 2 12531 R 8.0 3 2 1165 17
202312285 2 12818 R 10.0 2 3 628 18
206680488 2 13097 R 7.0 3 2 886 19
210703358 1 13382 R 3.0 5 1 22 7
211113469 2 13381 R 11.0 2 3 911 20
215089275 1 13663 R 6.0 3 2 42 8
215452668 2 13659 R 13.0 1 4 366 21
219924203 2 13945 R 7.0 4 2 602 22
224284911 2 14224 R 5.0 6 1 581 23
228255110 1 14506 R 3.0 6 1 14 9
228670951 2 14505 R 8.0 4 2 880 24
232704019 1 14790 R 9.0 1 3 64 10
233151348 2 14792 R 10.0 3 3 1188 25
237546688 2 15073 R 4.0 6 1 1145 26
241526709 1 15355 R 6.0 4 2 42 11
241907622 2 15352 R 14.0 1 4 1776 27
246293376 2 15633 R 7.0 5 2 1159 28
250725367 2 15916 R 4.0 7 1 14 29
255180659 2 16201 R 5.0 7 1 1150 30
259129364 1 16481 R 6.0 5 2 39 12
259582493 2 16483 R 11.0 3 3 2320 31
263609041 1 16768 R 3.0 7 1 21 13
263952841 2 16763 R 13.0 2 4 2060 32
267932458 1 17045 R 9.0 2 3 63 14
268333777 2 17043 R 8.0 6 2 35 33
272746236 2 17326 R 14.0 2 4 1776 34
277132298 2 17606 R 10.0 4 3 2030 35
281574570 2 17891 R 5.0 8 1 1711 36
285566544 1 18173 R 12.0 1 4 87 15
286007046 2 18174 R 4.0 8 1 582 37
290368163 2 18453 R 8.0 5 2 2864 38
294357757 1 18736 R 6.0 6 2 39 16
294754378 2 18734 R 11.0 4 3 2879 39
298837498 1 19023 R 3.0 8 1 20 17
299224244 2 19020 R 11.0 5 3 1193 40
303161330 1 19300 R 12.0 2 4 85 18
303585004 2 19299 R 13.0 3 4 3188 41
307578759 1 19582 R 9.0 3 3 348 19
308034620 2 19584 R 4.0 9 1 583 42
312395970 2 19863 R 10.0 5 3 2881 43
316781726 2 20144 R 7.0 6 2 3704 44
320785298 1 20427 R 12.0 3 4 85 20
321259530 2 20430 R 5.0 9 1 2558 45
325280844 1 20715 R 3.0 9 1 303 21
325630101 2 20710 R 14.0 3 4 3469 46
329619889 1 20993 R 9.0 4 3 629 22
330051133 2 20993 R 14.0 4 4 1778 47
333996113 1 21273 R 6.0 7 2 603 23
334480241 2 21277 R 10.0 6 3 2884 48
338809479 2 21554 R 13.0 4 4 3750 49
343289264 2 21840 R 11.0 6 3 2885 50
347193195 1 22118 R 3.0 10 1 13 24
347685036 2 22122 R 4.0 10 1 1146 51
351672739 1 22404 R 12.0 4 4 88 25
352045331 2 22401 R 7.0 7 2 3980 52
356121353 1 22689 R 9.0 5 3 352 26
356431814 2 22681 R 5.0 10 1 3117 53
360413595 1 22964 R 6.0 8 2 318 27
360873953 2 22966 R 8.0 7 2 3995 54
365306772 2 23249 R 4.0 11 1 580 55
369330010 1 23534 R 12.0 5 4 92 28
369667704 2 23529 R 13.0 5 4 4032 56
373684421 1 23813 R 6.0 9 2 41 29
374053591 2 23809 R 8.0 8 2 3421 57
378533350 2 24096 R 11.0 7 3 3450 58
382454505 1 24374 R 9.0 6 3 60 30
382929318 2 24377 R 8.0 10 2 1732 59
386956485 1 24662 R 3.0 11 1 303 31
387346520 2 24660 R 5.0 11 1 3407 60
391341873 1 24943 R 12.0 6 4 91 32
391740357 2 24941 R 4.0 12 1 1146 61
396100755 2 25220 R 10.0 7 3 5419 62
400486733 2 25501 R 13.0 6 4 4594 63
404966454 2 25788 R 14.0 5 4 4599 64
408913337 1 26068 R 6.0 10 2 39 33
409361870 2 26069 R 4.0 13 1 862 65
413361549 1 26352 R 9.0 7 3 67 34
413722654 2 26348 R 8.0 9 2 4835 66
417779065 1 26635 R 3.0 12 1 20 35
418108630 2 26629 R 7.0 8 2 6239 67
422586574 2 26915 R 10.0 8 3 5704 68
426570385 1 27198 R 12.0 7 4 88 36
426957018 2 27195 R 10.0 9 3 4570 69
431389583 2 27479 R 4.0 14 1 299 70
435330899 1 27758 R 6.0 11 2 38 37
435750238 2 27758 R 7.0 9 2 5959 71
439778899 1 28043 R 9.0 8 3 64 38
440200732 2 28043 R 13.0 9 4 3189 72
444196542 1 28326 R 3.0 13 1 18 39
444590728 2 28324 R 13.0 7 4 6289 73
449011534 2 28607 R 4.0 15 1 300 74
453372460 2 28886 R 11.0 8 3 5981 75
457393162 1 29170 R 9.0 9 3 63 40
457758640 2 29166 R 7.0 10 2 5966 76
461748115 1 29449 R 12.0 8 4 86 41
462212874 2 29451 R 11.0 9 3 5421 77
466175359 1 29732 R 6.0 12 2 39 42
466646009 2 29735 R 8.0 11 2 5117 78
470614575 1 30016 R 3.0 14 1 299 43
471047746 2 30017 R 10.0 10 3 5138 79
475455154 2 30299 R 11.0 10 3 5140 80
479850876 2 30580 R 10.0 11 3 3730 81
483820629 1 30862 R 12.0 9 4 87 44
484211333 2 30859 R 7.0 11 2 5680 82
488191663 1 31141 R 3.0 15 1 299 45
488597562 2 31140 R 11.0 11 3 4847 83
492614823 1 31424 R 9.0 10 3 633 46
497472716 2 31708 R 4.0 16 1 1709 84
501437103 1 31989 R 6.0 13 2 40 47
501862878 2 31989 R 13.0 10 4 5726 85
505823008 1 32270 R 3.0 16 1 16 48
506283253 2 32272 R 4.0 17 1 865 86
510644455 2 32551 R 8.0 12 2 5680 87
514708618 1 32839 R 12.0 10 4 90 49
515106535 2 32837 R 5.0 13 1 3120 88
519032302 1 33115 R 9.0 11 3 344 50
519500451 2 33118 R 11.0 12 3 5139 89
523890105 2 33399 R 14.0 8 4 6008 90
527848775 1 33679 R 6.0 14 2 38 51
528310843 2 33682 R 4.0 18 1 299 91
532241040 1 33961 R 3.0 17 1 304 52
532672251 2 33961 R 13.0 11 4 6005 92
537058029 2 34242 R 7.0 12 2 7082 93
541125821 1 34529 R 9.0 12 3 66 53
541537768 2 34528 R 8.0 13 2 6527 94
545986402 2 34813 R 10.0 12 3 6553 95
549854977 1 35088 R 12.0 11 4 84 54
550278415 2 35088 R 5.0 14 1 3681 96
554272401 1 35371 R 6.0 15 2 325 55
554765441 2 35375 R 4.0 19 1 309 97
558658047 1 35651 R 3.0 18 1 13 56
559105376 2 35653 R 13.0 12 4 5725 98
563137712 1 35938 R 9.0 13 3 65 57
563491066 2 35933 R 8.0 14 2 5964 99
567586195 1 36223 R 6.0 16 2 45 58
567971436 2 36220 R 11.0 13 3 5987 100
572419692 2 36505 R 5.0 15 1 3413 101
576278321 1 36779 R 12.0 12 4 83 59
576712223 2 36779 R 13.0 13 4 5723 102
580795358 1 37068 R 3.0 19 1 306 60
581211373 2 37067 R 13.0 14 4 4037 103
585595235 2 37348 R 7.0 13 2 8220 104
589555195 1 37629 R 9.0 14 3 63 61
589988583 2 37629 R 4.0 20 1 578 105
594349938 2 37908 R 10.0 14 3 5984 106
598409205 1 38195 R 6.0 17 2 43 62
598735903 2 38189 R 10.0 13 3 8244 107
603167610 2 38473 R 4.0 21 1 14 108
607231949 1 38760 R 9.0 15 3 68 63
607566238 2 38754 R 8.0 15 2 6811 109
611565497 1 39037 R 12.0 13 4 85 64
612024577 2 39039 R 5.0 16 1 3684 110
615973162 1 39319 R 3.0 20 1 298 65
616432210 2 39321 R 14.0 10 4 8547 111
620421229 1 39604 R 6.0 18 2 42 66
620827894 2 39603 R 13.0 15 4 5162 112
624838399 1 39887 R 9.0 16 3 67 67
625188543 2 39882 R 14.0 11 4 7416 113
629574306 2 40163 R 8.0 16 2 7085 114
634054448 2 40449 R 7.0 14 2 14737 115
638449286 2 40731 R 4.0 22 1 581 116
642450695 1 41014 R 9.0 17 3 65 68
642810311 2 41010 R 5.0 17 1 3683 117
646821471 1 41294 R 3.0 21 1 299 69
647196602 2 41290 R 11.0 15 3 7673 118
651285664 1 41579 R 6.0 19 2 616 70
651650956 2 41575 R 10.0 15 3 8240 119
655662158 1 41860 R 12.0 14 4 653 71
656084216 2 41859 R 11.0 14 3 10496 120
660476917 2 42140 R 4.0 23 1 863 121
664453186 1 42422 R 12.0 15 4 88 72
664837978 2 42419 R 5.0 18 1 3399 122
668896070 1 42706 R 6.0 20 2 328 73
669224196 2 42700 R 10.0 16 3 8239 123
673235122 1 42984 R 3.0 22 1 301 74
673703696 2 42987 R 7.0 15 2 9903 124
677673902 1 43268 R 9.0 18 3 911 75
678099577 2 43268 R 10.0 17 3 7389 125
682059341 1 43549 R 9.0 19 3 63 76
682516909 2 43551 R 14.0 12 4 9111 126
686539080 1 43836 R 6.0 21 2 45 77
686910386 2 43832 R 4.0 24 1 1425 127
691300328 2 44113 R 7.0 16 2 9067 128
695268444 1 44394 R 12.0 16 4 86 78
695733117 2 44397 R 8.0 17 2 9348 129
699741965 1 44681 R 9.0 20 3 68 79
700126448 2 44678 R 4.0 25 1 298 130
704143978 1 44962 R 3.0 23 1 303 80
704487830 2 44957 R 11.0 16 3 9647 131
708551520 1 45244 R 6.0 22 2 325 81
708873549 2 45238 R 5.0 19 1 3397 132
713353592 2 45524 R 11.0 17 3 8524 133
717280336 1 45803 R 12.0 17 4 84 82
717801842 2 45809 R 7.0 17 2 9345 134
722094293 2 46084 R 14.0 13 4 9670 135
726102799 1 46368 R 3.0 24 1 15 83
726593526 2 46372 R 11.0 19 3 5987 136
730488914 1 46648 R 6.0 23 2 37 84
730920898 2 46649 R 13.0 17 4 9108 137
734968523 1 46935 R 9.0 21 3 66 85
735370662 2 46934 R 4.0 26 1 580 138
739731939 2 47213 R 14.0 14 4 9389 139
743697769 1 47494 R 12.0 18 4 83 86
744194118 2 47498 R 11.0 18 3 8807 140
748595708 2 47780 R 13.0 18 4 8546 141
752520467 1 48058 R 6.0 24 2 39 87
757398326 2 48343 R 4.0 27 1 581 142
761311855 1 48621 R 3.0 25 1 14 88
761759295 2 48622 R 5.0 20 1 3398 143
765791518 1 48908 R 9.0 22 3 69 89
766145507 2 48903 R 14.0 15 4 9669 144
770625498 2 49190 R 7.0 18 2 10756 145
774645882 1 49474 R 12.0 19 4 92 90
775020735 2 49471 R 8.0 18 2 7371 146
778938250 1 49749 R 6.0 25 2 319 91
779410967 2 49752 R 10.0 19 3 9649 147
783831720 2 50035 R 4.0 28 1 1145 148
788249282 2 50318 R 13.0 19 4 9394 149
792578872 2 50595 R 7.0 19 2 10186 150
796665302 1 50884 R 3.0 26 1 20 92
797058431 2 50882 R 10.0 20 3 9088 151
801020179 1 51162 R 9.0 23 3 64 93
801426843 2 51161 R 14.0 16 4 9954 152
805859400 2 51445 R 4.0 29 1 1144 153
809874331 1 51729 R 12.0 20 4 90 94
810220054 2 51724 R 5.0 21 1 3116 154
814291698 1 52012 R 6.0 26 2 330 95
814670543 2 52009 R 14.0 18 4 7418 155
818677390 1 52293 R 3.0 27 1 19 96
819031663 2 52288 R 11.0 20 3 10212 156
823417501 2 52568 R 7.0 20 2 10188 157
827897457 2 52855 R 13.0 20 4 10521 158
831843327 1 53135 R 12.0 21 4 87 97
832292053 2 53137 R 4.0 30 1 863 159
836291939 1 53420 R 9.0 24 3 351 98
836653739 2 53416 R 14.0 17 4 10235 160
841039385 2 53696 R 13.0 21 4 9952 161
845114404 1 53984 R 6.0 27 2 43 99
845519079 2 53983 R 11.0 22 3 9651 162
849510684 1 54266 R 12.0 22 4 90 100
849876519 2 54262 R 4.0 31 1 12 163
853881403 1 54546 R 3.0 28 1 298 101
854275880 2 54543 R 10.0 21 3 11343 164
858304308 1 54829 R 9.0 25 3 346 102
858737732 2 54829 R 7.0 21 2 10473 165
863138937 2 55111 R 5.0 22 1 3122 166
867126944 1 55393 R 12.0 23 4 89 103
867589680 2 55396 R 11.0 23 3 9371 167
871891496 2 55671 R 10.0 24 3 6546 168
876303476 2 55953 R 10.0 22 3 11057 169
880323675 1 56238 R 9.0 26 3 65 104
880689026 2 56234 R 14.0 19 4 9670 170
884766776 1 56522 R 6.0 28 2 329 105
885168725 2 56521 R 10.0 23 3 9372 171
889127435 1 56801 R 3.0 29 1 301 106
889563775 2 56802 R 4.0 32 1 868 172
893544352 1 57084 R 12.0 24 4 88 107
893954179 2 57083 R 5.0 23 1 3400 173
898387291 2 57367 R 14.0 20 4 9112 174
902335629 1 57647 R 9.0 27 3 63 108
902789361 2 57648 R 13.0 22 4 12213 175
907148377 2 57927 R 4.0 33 1 16 176
911576426 2 58211 R 13.0 24 4 9392 177
915626466 1 58497 R 6.0 29 2 45 109
916009465 2 58494 R 7.0 22 2 12166 178
919991206 1 58777 R 12.0 25 4 89 110
920410742 2 58776 R 5.0 24 1 3403 179
924424320 1 59060 R 3.0 30 1 308 111
924781670 2 59056 R 13.0 23 4 11929 180
928753605 1 59337 R 9.0 28 3 629 112
933232856 1 59624 R 6.0 30 2 45 113
933574789 2 59619 R 14.0 21 4 9389 181
937556346 1 59901 R 3.0 31 1 14 114
937961247 2 59899 R 11.0 24 3 12186 182
941973707 1 60183 R 9.0 29 3 62 115
942440436 2 60186 R 13.0 25 4 9392 183
946359857 1 60464 R 12.0 26 4 85 116
946835580 2 60467 R 4.0 34 1 864 184
951196782 2 60746 R 11.0 26 3 9648 185
955659137 2 61032 R 7.0 23 2 12738 186
960051993 2 61313 R 4.0 35 1 300 187
964055855 1 61597 R 6.0 31 2 43 117
964470393 2 61596 R 10.0 25 3 10215 188
968871721 2 61878 R 14.0 22 4 9674 189
972784862 1 62155 R 3.0 32 1 14 118
973242495 2 62157 R 11.0 25 3 13316 190
977202154 1 62438 R 9.0 30 3 62 119
977637361 2 62439 R 8.0 19 2 6528 191
981588306 1 62719 R 12.0 27 4 82 120
982064701 2 62722 R 11.0 27 3 9931 192
986497338 2 63006 R 5.0 25 1 3684 193
990890737 2 63287 R 4.0 36 1 301 194
994878897 1 63569 R 6.0 32 2 42 121
995252151 2 63566 R 7.0 24 2 11314 195
999305858 1 63853 R 9.0 31 3 66 122
999638367 2 63847 R 13.0 27 4 10235 196
1003619978 1 64129 R 3.0 33 1 299 123
1004118183 2 64133 R 13.0 26 4 11932 197
1008500534 2 64414 R 4.0 37 1 13 198
1012874431 2 64694 R 10.0 26 3 11903 199
1016941880 1 64981 R 12.0 28 4 91 124
1017336445 2 64979 R 7.0 25 2 11037 200
1021738281 2 65261 R 11.0 28 3 11644 201
1025701871 1 65542 R 3.0 34 1 17 125
1026188707 2 65546 R 14.0 23 4 11370 202
1030150328 1 65827 R 9.0 32 3 65 126
1030480545 2 65821 R 14.0 24 4 9671 203
1034568110 1 66109 R 6.0 33 2 324 127
1034880617 2 66102 R 10.0 27 3 11338 204
1038953853 1 66390 R 12.0 29 4 90 128
1039352009 2 66388 R 10.0 29 3 8531 205
1043712417 2 66667 R 5.0 26 1 3405 206
1048162415 2 66952 R 4.0 38 1 864 207
1052119323 1 67233 R 6.0 34 2 40 129
1052553241 2 67233 R 7.0 26 2 11313 208
1056546404 1 67516 R 9.0 33 3 64 130
1056974021 2 67516 R 13.0 30 4 9392 209
1060985539 1 67800 R 3.0 35 1 309 131
1061335158 2 67795 R 13.0 29 4 11364 210
1065721119 2 68076 R 11.0 29 3 11905 211
1069776777 1 68363 R 12.0 30 4 89 132
1074131353 1 68642 R 3.0 36 1 15 133
1074595445 2 68644 R 4.0 39 1 581 212
1078957282 2 68923 R 10.0 28 3 12459 213
1083343184 2 69204 R 14.0 25 4 11642 214
1087390884 1 69490 R 6.0 35 2 41 134
1091808049 1 69773 R 9.0 34 3 72 135
1092173172 2 69769 R 5.0 27 1 4245 215
1096559543 2 70050 R 7.0 27 2 12168 216
1104952634 1 70614 R 12.0 31 4 84 136
1105455967 2 70619 R 4.0 40 1 1428 217
1109360292 1 70896 R 3.0 37 1 304 137
1109795188 2 70897 R 5.0 28 1 3966 218
1114181820 2 71177 R 14.0 26 4 11645 219
1118213818 1 71463 R 9.0 35 3 64 138
1118661554 2 71464 R 11.0 30 3 13035 220
1122631116 1 71746 R 6.0 36 2 42 139
1123056690 2 71745 R 4.0 41 1 1432 221
1127474610 2 72028 R 10.0 31 3 11061 222
1131432561 1 72309 R 12.0 32 4 88 140
1131875576 2 72310 R 8.0 21 2 9634 223
1135902706 1 72595 R 3.0 38 1 308 141
1140225778 1 72872 R 6.0 37 2 39 142
1140699694 2 72875 R 4.0 42 1 580 224
1145040061 2 73152 R 10.0 32 3 10211 225
1149426037 2 73433 R 10.0 30 3 13599 226
1153510691 1 73722 R 9.0 36 3 74 143
1153868233 2 73717 R 10.0 33 3 9367 227
1157840452 1 73999 R 3.0 39 1 298 144
1158321841 2 74002 R 4.0 43 1 579 228
1162662112 2 74280 R 14.0 28 4 11080 229
1166725580 1 74568 R 12.0 33 4 90 145
1167047866 2 74561 R 7.0 28 2 12724 230
1171049319 1 74844 R 6.0 38 2 324 146
1171527847 2 74848 R 14.0 29 4 10238 231
1175466011 1 75127 R 3.0 40 1 16 147
1175896252 2 75127 R 14.0 27 4 14203 232
1180268483 2 75407 R 11.0 32 3 13029 233
1184257742 1 75690 R 12.0 34 4 83 148
1184734154 2 75693 R 13.0 36 4 8829 234
1188737801 1 75976 R 6.0 39 2 330 149
1189095221 2 75972 R 10.0 34 3 10212 235
1193061157 1 76253 R 9.0 37 3 628 150
1193556973 2 76257 R 14.0 30 4 9676 236
1197950362 2 76539 R 4.0 44 1 1150 237
1202311693 2 76818 R 13.0 33 4 13900 238
1206346005 1 77103 R 12.0 35 4 88 151
1206697763 2 77098 R 13.0 35 4 11926 239
1210747677 1 77385 R 3.0 41 1 300 152
1211177006 2 77385 R 10.0 35 3 9652 240
1215118031 1 77665 R 6.0 40 2 320 153
1215572084 2 77666 R 4.0 45 1 581 241
1219603638 1 77952 R 9.0 38 3 350 154
1219933849 2 77946 R 13.0 34 4 13901 242
1224319830 2 78226 R 11.0 34 3 13035 243
1232700634 1 78790 R 6.0 41 2 37 155
1233149682 2 78791 R 5.0 29 1 3396 244
1237217965 1 79079 R 3.0 42 1 301 156
1237536082 2 79072 R 7.0 29 2 13295 245
1241572448 1 79358 R 12.0 36 4 87 157
1242005612 2 79358 R 4.0 46 1 1145 246
1246021310 1 79642 R 9.0 39 3 350 158
1246423576 2 79641 R 11.0 36 3 11625 247
1250438008 1 79925 R 3.0 43 1 21 159
1250816152 2 79922 R 4.0 47 1 586 248
1255177985 2 80201 R 13.0 38 4 10234 249
1259229424 1 80488 R 6.0 42 2 43 160
1259563949 2 80482 R 11.0 33 3 16414 250
1263584460 1 80767 R 12.0 37 4 86 161
1264043701 2 80769 R 10.0 36 3 10787 251
1268032664 1 81051 R 9.0 40 3 66 162
1268491479 2 81053 R 5.0 30 1 3687 252
1272778514 2 81328 R 13.0 37 4 13053 253
1277249375 2 81614 R 4.0 48 1 303 254
1281260931 1 81898 R 3.0 44 1 20 163
1281610436 2 81893 R 8.0 22 2 9066 255
1285647197 1 82179 R 12.0 38 4 90 164
1285997069 2 82174 R 14.0 32 4 14479 256
1290476651 2 82460 R 7.0 30 2 12731 257
1294407291 1 82739 R 6.0 43 2 38 165
1294872373 2 82742 R 13.0 39 4 11367 258
1299262460 2 83023 R 11.0 37 3 12752 259
1303261165 1 83306 R 9.0 41 3 66 166
1303695314 2 83306 R 11.0 38 3 11907 260
1307678472 1 83589 R 3.0 45 1 18 167
1308087947 2 83587 R 4.0 49 1 299 261
1312064744 1 83869 R 12.0 39 4 89 168
1312506350 2 83870 R 10.0 38 3 11060 262
1316835223 2 84147 R 10.0 39 3 9646 263
1320824647 1 84430 R 6.0 44 2 38 169
1321315355 2 84434 R 10.0 37 3 13316 264
1325273134 1 84715 R 9.0 42 3 64 170
1325763202 2 84719 R 5.0 31 1 3404 265
1329690497 1 84997 R 3.0 46 1 18 171
1330056239 2 84993 R 13.0 40 4 12208 266
1334076580 1 85278 R 12.0 40 4 88 172
1334455735 2 85275 R 11.0 39 3 20967 267
1338921579 2 85561 R 7.0 31 2 11887 268
1343333093 2 85843 R 13.0 41 4 11366 269
1347367128 1 86129 R 6.0 45 2 44 173
1347693855 2 86122 R 14.0 34 4 12490 270
1352155925 2 86408 R 10.0 40 3 10496 271
1356096457 1 86687 R 12.0 41 4 87 174
1356548985 2 86689 R 4.0 50 1 1427 272
1360570011 1 86974 R 9.0 43 3 67 175
1360910475 2 86968 R 14.0 33 4 15309 273
1364899769 1 87251 R 3.0 47 1 297 176
1365296375 2 87249 R 13.0 42 4 11079 274
1369739083 2 87533 R 11.0 40 3 13876 275
1373784840 1 87819 R 12.0 42 4 90 177
1374171696 2 87817 R 11.0 41 3 13034 276
1378108120 1 88096 R 6.0 46 2 39 178
1378531883 2 88096 R 5.0 32 1 2551 277
1382525332 1 88379 R 9.0 44 3 62 179
1382918296 2 88377 R 7.0 32 2 10750 278
1387387607 2 88663 R 4.0 51 1 1427 279
1391749014 2 88942 R 10.0 41 3 11617 280
1395722361 1 89223 R 3.0 48 1 14 180
1396199370 2 89227 R 13.0 43 4 15330 281
1400559421 2 89506 R 8.0 23 2 8786 282
1404607605 1 89792 R 9.0 45 3 66 181
1405022279 2 89791 R 14.0 35 4 14468 283
1408931316 1 90069 R 12.0 43 4 84 182
1409415260 2 90072 R 4.0 52 1 1428 284
1413348403 1 90351 R 6.0 47 2 38 183
1413776678 2 90351 R 11.0 42 3 13313 285
1418162460 2 90632 R 7.0 33 2 11030 286
1422641744 2 90919 R 5.0 33 1 3404 287
1426545357 1 91196 R 9.0 46 3 60 184
1427036927 2 91200 R 4.0 53 1 581 288
1430988209 1 91480 R 12.0 44 4 87 185
1431398759 2 91479 R 10.0 42 3 12749 289
1435474126 1 91767 R 3.0 49 1 306 186
1435784028 2 91760 R 8.0 24 2 8782 290
1439765883 1 92042 R 6.0 48 2 37 187
1444615304 2 92325 R 10.0 44 3 10212 291
1449001280 2 92606 R 14.0 36 4 15309 292
1453470369 2 92892 R 4.0 54 1 1145 293
1457493353 1 93177 R 3.0 50 1 20 188
1457831142 2 93171 R 5.0 34 1 3963 294
1461848379 1 93455 R 12.0 45 4 87 189
1462217767 2 93452 R 11.0 43 3 17832 295
1466296993 1 93740 R 9.0 47 3 350 190
1466697578 2 93738 R 14.0 37 4 14468 296
1471092451 2 94020 R 4.0 55 1 1150 297
1475119335 1 94305 R 6.0 49 2 43 191
1475483150 2 94301 R 13.0 44 4 19281 298
1479505675 1 94585 R 12.0 46 4 89 192
1479915404 2 94584 R 5.0 35 1 3684 299
1483860119 1 94864 R 3.0 51 1 16 193
1488308541 1 95149 R 9.0 48 3 66 194
1488669778 2 95145 R 8.0 25 2 9913 300
1493056526 2 95425 R 11.0 44 3 19247 301
1497131588 1 95714 R 12.0 47 4 90 195
1497535579 2 95712 R 8.0 26 2 9352 302
1501964484 2 95996 R 4.0 56 1 1144 303
1505932562 1 96277 R 9.0 49 3 66 196
1506292329 2 96272 R 7.0 34 2 12722 304
1510303407 1 96557 R 3.0 52 1 297 197
1510754709 2 96558 R 13.0 47 4 12212 305
1514726429 1 96840 R 6.0 50 2 323 198
1515147204 2 96839 R 4.0 57 1 861 306
1519565675 2 97122 R 14.0 38 4 15877 307
1523549124 1 97404 R 12.0 48 4 88 199
1523967281 2 97404 R 14.0 39 4 13904 308
1528374751 2 97686 R 14.0 40 4 12776 309
1532340274 1 97967 R 6.0 51 2 41 200
1532769278 2 97967 R 4.0 58 1 581 310
1537131170 2 98246 R 13.0 48 4 12208 311
1541188555 1 98533 R 9.0 50 3 67 201
1541516920 2 98527 R 7.0 35 2 13004 312
1545549505 1 98812 R 3.0 53 1 304 202
1545996899 2 98814 R 10.0 45 3 14730 313
1550391357 2 99095 R 4.0 59 1 581 314
1554753169 2 99374 R 13.0 46 4 16719 315
1558771847 1 99659 R 12.0 49 4 87 203
1559139159 2 99655 R 13.0 45 4 18411 316
1563173529 1 99940 R 3.0 54 1 306 204
1567643970 1 100226 R 6.0 52 2 608 205
1567970195 2 100220 R 10.0 48 3 11339 317
1572356200 2 100501 R 10.0 46 3 15003 318
1576372657 1 100785 R 12.0 50 4 87 206
1576825287 2 100787 R 4.0 60 1 1145 319
1580790081 1 101068 R 9.0 51 3 349 207
1581243101 2 101069 R 8.0 27 2 10195 320
1585635980 2 101350 R 4.0 61 1 586 321
1589581234 1 101630 R 6.0 53 2 39 208
1589997721 2 101630 R 11.0 46 3 22099 322
1594060912 1 101917 R 3.0 55 1 20 209
1594383709 2 101910 R 11.0 45 3 19233 323
1598863524 2 102197 R 13.0 50 4 12495 324
1602790124 1 102476 R 12.0 51 4 85 210
1603311270 2 102482 R 5.0 36 1 3686 325
1607207579 1 102758 R 9.0 52 3 346 211
1607598369 2 102756 R 11.0 47 3 16708 326
1612069041 2 103042 R 4.0 62 1 304 327
1615998644 1 103321 R 3.0 56 1 15 212
1616430893 2 103321 R 14.0 41 4 17002 328
1620816878 2 103602 R 14.0 42 4 20678 329
1624883900 1 103890 R 6.0 54 2 43 213
1625296539 2 103889 R 13.0 49 4 16159 330
1629692326 2 104170 R 10.0 51 3 10215 331
1633612990 1 104448 R 9.0 53 3 60 214
1634052741 2 104449 R 8.0 28 2 10195 332
1638030433 1 104731 R 12.0 52 4 85 215
1638515052 2 104735 R 10.0 49 3 13598 333
1642907620 2 105016 R 4.0 63 1 299 334
1646821643 1 105294 R 3.0 57 1 13 216
1647325857 2 105299 R 7.0 37 2 11880 335
1651727778 2 105580 R 11.0 48 3 17262 336
1655706895 1 105862 R 6.0 55 2 41 217
1656098131 2 105860 R 10.0 50 3 13309 337
1660155457 1 106147 R 9.0 54 3 77 218
1660493750 2 106141 R 13.0 51 4 15311 338
1664920166 2 106425 R 5.0 37 1 3681 339
1668853366 1 106704 R 12.0 53 4 83 219
1669353776 2 106708 R 14.0 45 4 19285 340
1673364196 1 106992 R 3.0 58 1 20 220
1673746326 2 106990 R 4.0 64 1 302 341
1678108069 2 107269 R 11.0 49 3 17829 342
1682570299 2 107554 R 10.0 52 3 11626 343
1686971844 2 107836 R 14.0 43 4 17851 344
1690935640 1 108117 R 12.0 54 4 88 221
1691330792 2 108115 R 4.0 65 1 12 345
1695300392 1 108396 R 6.0 56 2 328 222
1695730215 2 108396 R 14.0 47 4 11363 346
1699733262 1 108680 R 3.0 59 1 303 223
1700192151 2 108682 R 7.0 38 2 11328 347
1704187606 1 108965 R 9.0 55 3 630 224
1704593905 2 108964 R 10.0 53 3 11343 348
1708542083 1 109244 R 12.0 55 4 86 225
1709044425 2 109249 R 11.0 50 3 18690 349
1713346224 2 109524 R 14.0 44 4 17284 350
1717746324 2 109806 R 4.0 66 1 14 351
1721801450 1 110092 R 6.0 57 2 43 226
1722163298 2 110088 R 14.0 48 4 11082 352
1726218692 1 110375 R 3.0 60 1 20 227
1726549237 2 110369 R 13.0 52 4 18410 353
1730604629 1 110656 R 9.0 56 3 74 228
1730991296 2 110653 R 5.0 38 1 3688 354
1734959700 1 110935 R 12.0 56 4 85 229
1735424561 2 110937 R 13.0 54 4 15878 355
1739785396 2 111216 R 10.0 54 3 11621 356
1744171306 2 111497 R 13.0 57 4 11643 357
1748651119 2 111783 R 14.0 49 4 11366 358
1752624445 1 112065 R 3.0 61 1 18 230
1753019221 2 112063 R 8.0 29 2 11042 359
1757041619 1 112348 R 6.0 58 2 44 231
1757391884 2 112343 R 10.0 55 3 11339 360
1761857019 2 112629 R 4.0 67 1 1709 361
1765833191 1 112910 R 9.0 57 3 65 232
1766217778 2 112908 R 5.0 39 1 3683 362
1770275976 1 113195 R 12.0 57 4 90 233
1770604487 2 113188 R 14.0 50 4 10799 363
1774636764 1 113474 R 3.0 62 1 302 234
1775084217 2 113475 R 10.0 56 3 10497 364
1779479394 2 113756 R 10.0 57 3 8523 365
1783459231 1 114039 R 9.0 58 3 63 235
1783839927 2 114036 R 5.0 40 1 3403 366
1788290179 2 114320 R 4.0 68 1 1427 367
1792260594 1 114602 R 12.0 58 4 87 236
1792651601 2 114599 R 11.0 52 3 16697 368
1796631339 1 114881 R 3.0 63 1 300 237
1797037587 2 114880 R 13.0 53 4 21229 369
1801095270 1 115167 R 6.0 59 2 610 238
1801517319 2 115167 R 13.0 60 4 10519 370
1805471542 1 115447 R 9.0 59 3 346 239
1805911854 2 115448 R 4.0 69 1 581 371
1810302330 2 115729 R 5.0 41 1 3398 372
1814262562 1 116010 R 3.0 64 1 16 240
1814659360 2 116008 R 7.0 39 2 12725 373
1818742304 1 116297 R 6.0 60 2 43 241
1819139322 2 116295 R 11.0 53 3 16700 374
1823066070 1 116573 R 12.0 59 4 84 242
1823533851 2 116576 R 4.0 70 1 580 375
1827483024 1 116856 R 9.0 60 3 63 243
1827895328 2 116855 R 10.0 58 3 9647 376
1832281662 2 117136 R 14.0 46 4 21512 377
1836274535 1 117419 R 3.0 65 1 14 244
1836759096 2 117422 R 10.0 59 3 8806 378
1841209975 2 117707 R 11.0 55 3 14730 379
1845159863 1 117987 R 9.0 61 3 63 245
1845502178 2 117982 R 13.0 59 4 14745 380
1849483750 1 118264 R 6.0 61 2 323 246
1849968012 2 118268 R 11.0 54 3 16981 381
1853957805 1 118550 R 12.0 60 4 371 247
1854358072 2 118549 R 13.0 55 4 21797 382
1858287036 1 118827 R 3.0 66 1 298 248
1858777993 2 118832 R 4.0 71 1 864 383
1862766300 1 119114 R 6.0 62 2 42 249
1863196121 2 119114 R 10.0 60 3 9089 384
1867597489 2 119396 R 8.0 30 2 8500 385
1871599135 1 119679 R 12.0 61 4 90 250
1875913082 1 119956 R 3.0 67 1 299 251
1876356447 2 119957 R 13.0 56 4 21231 386
1880423456 1 120244 R 9.0 62 3 68 252
1880742484 2 120237 R 11.0 56 3 21779 387
1884778604 1 120523 R 6.0 63 2 331 253
1885222084 2 120524 R 11.0 57 3 14728 388
1889226674 1 120808 R 3.0 68 1 20 254
1889617103 2 120805 R 4.0 72 1 1146 389
1893978136 2 121084 R 13.0 64 4 9389 390
1898049507 1 121372 R 6.0 64 2 45 255
1898363857 2 121365 R 5.0 42 1 3683 391
1902435640 1 121653 R 12.0 62 4 90 256
1902843516 2 121652 R 8.0 31 2 8507 392
1906790153 1 121932 R 3.0 69 1 16 257
1907212643 2 121931 R 14.0 52 4 15594 393
1911238717 1 122216 R 9.0 63 3 65 258
1911584759 2 122211 R 7.0 40 2 14986 394
1916050137 2 122497 R 4.0 73 1 1709 395
1920411547 2 122776 R 10.0 61 3 11058 396
1924461047 1 123063 R 6.0 65 2 43 259
1924797525 2 123057 R 14.0 53 4 14745 397
1928853314 1 123344 R 3.0 70 1 304 260
1929277342 2 123343 R 13.0 58 4 21518 398
1933207924 1 123622 R 12.0 63 4 86 261
1933672966 2 123625 R 11.0 59 3 19256 399
1937656537 1 123907 R 9.0 64 3 352 262
1938033607 2 123904 R 11.0 58 3 14723 400
1942073370 1 124190 R 3.0 71 1 19 263
1942418948 2 124185 R 5.0 43 1 3397 401
1946899335 2 124471 R 14.0 51 4 20107 402
1951327481 2 124755 R 4.0 74 1 1992 403
1955270449 1 125034 R 9.0 65 3 67 264
1955655687 2 125032 R 13.0 63 4 15310 404
1959625411 1 125313 R 12.0 64 4 84 265
1960117280 2 125317 R 5.0 44 1 3118 405
1964074018 1 125598 R 6.0 66 2 328 266
1964510491 2 125598 R 4.0 75 1 861 406
1968928725 2 125881 R 7.0 41 2 14697 407
1972890566 1 126162 R 9.0 66 3 64 267
1973330483 2 126163 R 11.0 60 3 13880 408
1977282756 1 126443 R 3.0 72 1 306 268
1977737970 2 126445 R 14.0 54 4 15877 409
1982132503 2 126726 R 4.0 76 1 581 410
1986167600 1 127012 R 6.0 67 2 46 269
1986493725 2 127005 R 8.0 32 2 9629 411
1990491152 1 127289 R 3.0 73 1 16 270
1990880289 2 127286 R 13.0 61 4 20946 412
1994908617 1 127571 R 12.0 65 4 87 271
1995359388 2 127573 R 5.0 45 1 3401 413
1999294728 1 127852 R 9.0 67 3 347 272
1999754636 2 127854 R 4.0 77 1 581 414
2004116414 2 128133 R 14.0 55 4 15592 415
2008502352 2 128414 R 13.0 62 4 20384 416
2012585139 1 128703 R 3.0 74 1 20 273
2016908629 1 128979 R 6.0 68 2 38 274
2017332951 2 128979 R 13.0 65 4 16156 417
2021325796 1 129262 R 9.0 68 3 63 275
2021718909 2 129260 R 10.0 63 3 14158 418
2025712006 1 129543 R 12.0 66 4 84 276
2026188191 2 129546 R 4.0 78 1 1145 419
2030549477 2 129825 R 13.0 66 4 15874 420
2034597096 1 130111 R 6.0 69 2 43 277
2034935463 2 130106 R 14.0 56 4 15591 421
2039415282 2 130392 R 14.0 57 4 13905 422
2043326040 1 130670 R 3.0 75 1 14 278
2043810141 2 130674 R 4.0 79 1 1150 423
2048171552 2 130953 R 11.0 61 3 22077 424
2052149016 1 131235 R 12.0 67 4 85 279
2052556966 2 131233 R 5.0 46 1 3679 425
2056535284 1 131515 R 6.0 70 2 317 280
2056988829 2 131517 R 4.0 80 1 12 426
2061015008 1 131802 R 9.0 69 3 633 281
2061387953 2 131799 R 8.0 33 2 11041 427
2065850329 2 132084 R 14.0 59 4 12212 428
2069868523 1 132369 R 3.0 76 1 21 282
2070251928 2 132366 R 13.0 67 4 16723 429
2074160828 1 132643 R 9.0 70 3 65 283
2074622308 2 132646 R 10.0 65 3 14719 430
2078671993 1 132932 R 12.0 68 4 91 284
2079003790 2 132926 R 10.0 69 3 8237 431
2083026496 1 133211 R 6.0 71 2 41 285
2083404277 2 133208 R 4.0 81 1 14 432
2087821197 2 133490 R 11.0 63 3 16697 433
2091880615 1 133777 R 9.0 71 3 67 286
2092207267 2 133771 R 14.0 58 4 21526 434
2096686700 2 134058 R 7.0 42 2 13003 435
2100703242 1 134342 R 6.0 72 2 44 287
2105036841 1 134619 R 12.0 69 4 87 288
2105488113 2 134621 R 11.0 65 3 23479 436
2109444444 1 134902 R 3.0 77 1 298 289
2109833236 2 134899 R 10.0 68 3 16154 437
2114298011 2 135185 R 4.0 82 1 863 438
2118689193 2 135466 R 13.0 69 4 23786 439
2122703552 1 135750 R 6.0 73 2 43 290
2123110224 2 135749 R 13.0 71 4 13903 440
2127120720 1 136033 R 9.0 72 3 72 291
2127470855 2 136028 R 10.0 66 3 16695 441
2131507000 1 136314 R 12.0 70 4 90 292
2131856297 2 136309 R 8.0 34 2 9912 442
2135861511 1 136592 R 3.0 78 1 15 293
2140732178 2 136877 R 11.0 64 3 18956 443
2145092936 2 137156 R 11.0 62 3 21490 444
2149478327 2 137436 R 5.0 47 1 4243 445
2153526505 1 137723 R 9.0 73 3 70 294
2153948151 2 137722 R 4.0 83 1 1427 446
2157943848 1 138006 R 6.0 74 2 42 295
2158309563 2 138002 R 10.0 67 3 17268 447
2162695610 2 138282 R 11.0 66 3 17543 448
2166735454 1 138568 R 12.0 71 4 88 296
2167137530 2 138567 R 5.0 48 1 3678 449
2171089962 1 138847 R 3.0 79 1 15 297
2171570230 2 138850 R 4.0 84 1 1146 450
2175538456 1 139132 R 9.0 74 3 64 298
2175931667 2 139129 R 11.0 67 3 16132 451
2180317611 2 139410 R 10.0 70 3 12747 452
2184787197 2 139696 R 7.0 44 2 10748 453
2188766725 1 139978 R 6.0 75 2 41 299
2189177270 2 139977 R 7.0 43 2 14991 454
2193534107 2 140256 R 11.0 68 3 22353 455
2198013200 2 140543 R 8.0 35 2 9635 456
2201963957 1 140823 R 12.0 72 4 86 300
2202408771 2 140824 R 4.0 85 1 1150 457
2206443669 1 141110 R 3.0 80 1 21 301
2206799486 2 141105 R 14.0 62 4 15594 458
2210767045 1 141386 R 9.0 75 3 64 302
2211232342 2 141389 R 11.0 70 3 13880 459
2215634032 2 141670 R 14.0 60 4 20107 460
2219589722 1 141951 R 6.0 76 2 40 303
2220030434 2 141952 R 4.0 86 1 296 461
2223976067 1 142232 R 12.0 73 4 85 304
2224421555 2 142233 R 10.0 71 3 13595 462
2228854492 2 142516 R 11.0 71 3 13886 463
2233256102 2 142798 R 14.0 61 4 19259 464
2237266547 1 143082 R 3.0 81 1 20 305
2242079496 2 143363 R 4.0 87 1 581 465
2245995483 1 143641 R 9.0 76 3 66 306
2246404219 2 143640 R 14.0 65 4 15894 466
2250413199 1 143924 R 6.0 77 2 322 307
2250902982 2 143928 R 10.0 77 3 6834 467
2255230952 2 144205 R 10.0 73 3 12743 468
2259214219 1 144487 R 12.0 74 4 86 308
2259616888 2 144485 R 13.0 74 4 17002 469
2263709893 1 144775 R 3.0 82 1 310 309
2264096597 2 144772 R 14.0 66 4 12213 470
2268007857 1 145050 R 9.0 77 3 342 310
2268491536 2 145053 R 4.0 88 1 1143 471
2272424812 1 145332 R 6.0 78 2 38 311
2272853012 2 145332 R 11.0 72 3 15571 472
2276810662 1 145613 R 3.0 83 1 14 312
2277315102 2 145618 R 11.0 69 3 19239 473
2281707760 2 145899 R 4.0 89 1 580 474
2285695924 1 146182 R 9.0 78 3 64 313
2286126207 2 146182 R 10.0 75 3 11906 475
2290144631 1 146466 R 12.0 75 4 91 314
2290527827 2 146464 R 13.0 76 4 16441 476
2294898143 2 146743 R 13.0 75 4 18131 477
2298842169 1 147023 R 6.0 79 2 37 315
2299293780 2 147025 R 13.0 78 4 21814 478
2303691644 2 147306 R 11.0 73 3 16414 479
2307758667 1 147594 R 3.0 84 1 20 316
2308077560 2 147587 R 10.0 72 3 17537 480
2312556724 2 147873 R 5.0 49 1 3402 481
2316951819 2 148155 R 4.0 90 1 863 482
2320924512 1 148436 R 9.0 79 3 65 317
2321313064 2 148434 R 8.0 36 2 9631 483
2325289168 1 148716 R 12.0 76 4 85 318
2325699705 2 148715 R 10.0 74 3 15844 484
2329722275 1 148999 R 3.0 85 1 297 319
2334176615 1 149284 R 6.0 80 2 325 320
2334530194 2 149280 R 13.0 77 4 24630 485
2338916018 2 149560 R 7.0 45 2 12721 486
2343385411 2 149846 R 4.0 91 1 1145 487
2347341915 1 150127 R 3.0 86 1 16 321
2347746822 2 150126 R 13.0 81 4 12210 488
2351790622 1 150412 R 12.0 77 4 88 322
2352132803 2 150406 R 10.0 76 3 14722 489
2356208122 1 150694 R 9.0 80 3 357 323
2356612246 2 150693 R 7.0 46 2 11881 490
2360594040 1 150975 R 6.0 81 2 330 324
2361007493 2 150974 R 4.0 92 1 1151 491
2365397971 2 151255 R 8.0 37 2 10197 492
2369379341 1 151537 R 9.0 81 3 64 325
2369830399 2 151539 R 5.0 50 1 3683 493
2373843865 1 151823 R 3.0 87 1 301 326
2378220242 1 152103 R 12.0 78 4 370 327
2378585446 2 152099 R 11.0 75 3 27426 494
2382605584 1 152384 R 6.0 82 2 41 328
2383047308 2 152385 R 8.0 38 2 10199 495
2387048291 1 152668 R 9.0 82 3 68 329
2387440103 2 152666 R 4.0 93 1 860 496
2391387743 1 152946 R 3.0 88 1 303 330
2391801984 2 152945 R 10.0 79 3 12186 497
2395826693 1 153230 R 12.0 79 4 370 331
2396187917 2 153226 R 10.0 78 3 13878 498
