89101411 2 5572 R 4.0 1 1 23 1
96367921 1 5809 R 5.0 1 1 13 1
105268879 2 6607 R 3.0 1 1 19 2
109623556 2 6886 R 6.0 1 2 40 3
114105229 1 6944 R 8.0 1 2 44 2
119932207 2 7546 R 7.0 1 2 41 4
122881339 1 7506 R 11.0 1 3 71 3
124287187 2 7824 R 10.0 1 3 61 5
137546401 2 8673 R 4.0 2 1 16 6
140516873 2 8863 R 9.0 1 3 65 7
144912926 2 9144 R 12.0 1 4 88 8
144938066 1 8917 R 5.0 2 1 21 4
146369453 2 9238 R 13.0 1 4 87 9
149258503 2 9422 R 3.0 2 1 293 10
149324207 1 9198 R 14.0 1 4 89 5
153678722 1 9477 R 8.0 2 2 39 6
153706491 2 9707 R 6.0 2 2 40 11
172858059 2 10933 R 10.0 2 3 67 12
175749973 1 10889 R 11.0 2 3 65 7
177181334 2 11209 R 7.0 2 2 38 13
180132200 2 11398 R 9.0 2 3 64 14
184575046 2 11683 R 12.0 2 4 90 15
186004090 2 11774 R 4.0 3 1 16 16
188935839 2 11962 R 3.0 3 1 306 17
188978182 1 11736 R 14.0 2 4 89 8
190390223 2 12055 R 13.0 2 4 84 18
193364070 1 12017 R 5.0 3 1 18 9
202163699 2 12808 R 6.0 3 2 40 19
206530233 1 12859 R 8.0 3 2 38 10
219789872 1 13708 R 11.0 3 3 64 11
225626331 2 14310 R 4.0 4 1 14 20
230043792 2 14593 R 10.0 3 3 61 21
232949789 1 14550 R 14.0 3 4 83 12
234430021 2 14873 R 7.0 3 2 322 22
237363217 2 15061 R 12.0 3 4 83 23
237404324 1 14835 R 5.0 4 1 300 13
238909941 2 15160 R 13.0 3 4 371 24
241827446 2 15347 R 3.0 4 1 306 25
246203663 2 15627 R 9.0 3 3 626 26
250569684 1 15678 R 8.0 4 2 37 14
259400421 2 16472 R 6.0 4 2 39 27
268235003 1 16808 R 11.0 4 3 63 15
269677673 2 17129 R 7.0 4 2 37 28
274063810 2 17410 R 13.0 4 4 83 29
277057471 1 17373 R 5.0 5 1 17 16
277096776 2 17604 R 12.0 4 4 89 30
278543322 2 17697 R 4.0 5 1 17 31
282992051 2 17981 R 10.0 4 3 67 32
285849326 1 17936 R 14.0 4 4 86 17
290231080 2 18445 R 9.0 4 3 61 33
294648361 2 18727 R 3.0 5 1 15 34
303545330 1 19068 R 8.0 5 2 44 18
307868975 1 19345 R 11.0 5 3 68 19
312250851 2 19854 R 6.0 5 2 41 35
313822992 2 19955 R 13.0 5 4 91 36
316691576 1 19909 R 5.0 6 1 15 20
318177776 2 20233 R 7.0 5 2 318 37
322625836 2 20518 R 4.0 6 1 19 38
334352959 2 21268 R 12.0 5 4 88 39
335854474 2 21365 R 10.0 5 3 68 40
338676283 2 21545 R 3.0 6 1 13 41
338772110 1 21323 R 14.0 5 4 90 21
343093379 2 21828 R 9.0 5 3 61 42
347547975 1 21884 R 11.0 6 3 64 22
353456873 2 22491 R 13.0 6 4 90 43
356290481 2 22672 R 6.0 6 2 36 44
356292332 1 22444 R 8.0 6 2 36 23
362216966 2 23052 R 7.0 6 2 38 45
365130848 1 23010 R 5.0 7 1 15 24
366665474 2 23336 R 4.0 7 1 18 46
379893889 2 24183 R 10.0 6 3 64 47
382840695 2 24372 R 3.0 7 1 20 48
387219140 1 24423 R 11.0 7 3 65 25
391538676 2 24928 R 12.0 6 4 84 49
391542561 1 24700 R 14.0 6 4 83 26
396049856 2 25217 R 9.0 6 3 350 50
400365225 1 25265 R 8.0 7 2 39 27
406256689 2 25870 R 13.0 7 4 86 51
409215204 2 26060 R 6.0 7 2 41 52
410705355 2 26155 R 7.0 7 2 328 53
413562236 1 26109 R 5.0 8 1 12 28
415122178 2 26438 R 4.0 8 1 18 54
419508473 2 26718 R 10.0 7 3 64 55
422474802 2 26908 R 3.0 8 1 19 56
431221574 1 27239 R 11.0 8 3 61 29
435634801 2 27751 R 9.0 7 3 73 57
435685626 1 27525 R 14.0 7 4 89 30
444442063 2 28314 R 12.0 7 4 84 58
445933460 2 28410 R 7.0 8 2 39 59
448804300 1 28365 R 8.0 8 2 36 31
450350998 2 28692 R 13.0 8 4 88 60
457736495 1 28936 R 5.0 9 1 20 32
459142429 2 29255 R 10.0 8 3 62 61
462028685 2 29440 R 6.0 8 2 36 62
463621939 2 29542 R 4.0 9 1 20 63
470898360 2 30007 R 3.0 9 1 16 64
475341150 1 30063 R 14.0 8 4 89 33
479758806 1 30346 R 11.0 9 3 356 34
488534061 2 31136 R 9.0 8 3 63 65
488549660 1 30908 R 8.0 9 2 42 35
489984731 2 31229 R 7.0 9 2 40 66
501700063 2 31979 R 12.0 8 4 85 67
501715852 1 31751 R 5.0 10 1 15 36
503254314 2 32078 R 13.0 9 4 91 68
507662388 2 32360 R 4.0 10 1 302 69
511985203 2 32637 R 10.0 9 3 60 70
514953766 1 32598 R 14.0 9 4 87 37
514959423 2 32827 R 6.0 9 2 40 71
523792489 1 33164 R 11.0 10 3 65 38
528119400 2 33670 R 9.0 9 3 62 72
532574501 2 33955 R 3.0 10 1 299 73
538410758 2 34328 R 7.0 10 2 38 74
545739747 2 34797 R 12.0 9 4 85 75
545755523 1 34570 R 8.0 10 2 45 39
550186849 1 34853 R 5.0 11 1 296 40
556107197 2 35461 R 13.0 10 4 88 76
558999318 2 35646 R 6.0 10 2 39 77
560471703 2 35740 R 10.0 10 3 63 78
564848181 2 36020 R 4.0 11 1 298 79
567867195 1 35985 R 14.0 10 4 90 41
572227657 2 36492 R 3.0 11 1 16 80
578044710 2 36865 R 7.0 11 2 36 81
580986156 1 36824 R 11.0 11 3 60 42
581019092 2 37055 R 9.0 10 3 63 82
585499053 2 37342 R 12.0 10 4 90 83
594198515 1 37670 R 5.0 12 1 13 43
598693938 1 37958 R 8.0 11 2 43 44
603038860 2 38464 R 6.0 11 2 39 84
609000746 2 38846 R 13.0 11 4 91 85
613287199 2 39120 R 10.0 11 3 59 86
616249822 1 39081 R 14.0 11 4 85 45
616267139 2 39311 R 3.0 12 1 16 87
617804241 2 39409 R 4.0 12 1 301 88
620653133 2 39592 R 9.0 11 3 62 89
620682623 1 39365 R 11.0 12 3 63 46
622158483 2 39688 R 7.0 12 2 39 90
625133087 2 39878 R 12.0 11 4 89 91
638300630 1 40492 R 8.0 12 2 39 47
642672891 2 41001 R 6.0 12 2 37 92
651481953 1 41336 R 5.0 13 1 14 48
653052089 2 41665 R 13.0 12 4 90 93
657438416 2 41946 R 10.0 12 3 350 94
660306764 2 42129 R 9.0 12 3 61 95
664728032 1 42184 R 14.0 12 4 86 49
666160925 2 42504 R 7.0 13 2 36 96
669098259 2 42692 R 3.0 13 1 14 97
669114496 1 42464 R 11.0 13 3 349 50
670646992 2 42791 R 4.0 13 1 302 98
677983668 2 43261 R 12.0 12 4 88 99
682307496 2 43538 R 6.0 13 2 37 100
691178554 1 43877 R 8.0 13 2 47 51
695539507 1 44156 R 5.0 14 1 293 52
699941191 2 44666 R 9.0 13 3 62 101
705883272 2 45046 R 4.0 14 1 18 102
710238220 2 45325 R 13.0 13 4 84 103
714687182 2 45610 R 10.0 13 3 351 104
717543895 2 45793 R 12.0 13 4 84 105
717572761 1 45566 R 14.0 13 4 86 53
719104209 2 45892 R 7.0 14 2 327 106
721974914 1 45848 R 11.0 14 3 345 54
722023549 2 46079 R 3.0 14 1 17 107
726471894 2 46364 R 6.0 14 2 44 108
730767669 1 46410 R 8.0 14 2 36 55
735214554 1 46695 R 5.0 15 1 296 56
739575166 2 47203 R 9.0 14 3 62 109
745466517 2 47580 R 4.0 15 1 13 110
754320738 2 48146 R 13.0 14 4 85 111
758738469 2 48429 R 10.0 14 3 351 112
761671035 1 48388 R 14.0 14 4 87 57
761718215 2 48620 R 12.0 14 4 91 113
766063374 2 48898 R 3.0 15 1 306 114
767529260 2 48992 R 7.0 15 2 39 115
770446785 1 48950 R 11.0 15 3 62 58
783629980 1 49793 R 8.0 15 2 37 59
783728076 2 50028 R 6.0 15 2 47 116
788029987 1 50075 R 5.0 16 1 292 60
792550757 2 50593 R 9.0 15 3 67 117
793995931 2 50686 R 13.0 15 4 88 118
798372212 2 50966 R 4.0 16 1 302 119
805772948 1 51211 R 14.0 15 4 90 61
807163360 2 51528 R 7.0 16 2 38 120
810100857 2 51716 R 12.0 15 4 84 121
811643252 2 51815 R 10.0 15 3 66 122
814508441 2 51998 R 3.0 16 1 299 123
814548903 1 51772 R 11.0 16 3 64 62
823362025 2 52565 R 6.0 16 2 41 124
823388940 1 52338 R 8.0 16 2 43 63
827726515 1 52616 R 5.0 17 1 300 64
833567398 2 53218 R 13.0 16 4 84 125
838006297 2 53502 R 4.0 17 1 299 126
849787462 2 54256 R 9.0 16 3 64 127
855608650 2 54629 R 10.0 16 3 64 128
858525882 1 54587 R 14.0 16 4 84 65
860088174 2 54915 R 7.0 17 2 41 129
862978789 2 55100 R 12.0 16 4 86 130
863023618 1 54875 R 11.0 17 3 353 66
867423056 1 55156 R 5.0 18 1 303 67
867443158 2 55386 R 3.0 17 1 305 131
871819281 2 55666 R 6.0 17 2 610 132
871824247 1 55438 R 8.0 17 2 42 68
873222922 2 55756 R 13.0 17 4 84 133
877639916 2 56039 R 4.0 18 1 14 134
895242621 2 57165 R 10.0 17 3 62 135
898181694 2 57353 R 9.0 17 3 60 136
898281081 1 57131 R 11.0 18 3 66 69
902630456 2 57638 R 12.0 17 4 86 137
902637709 1 57410 R 14.0 17 4 87 70
906990798 1 57689 R 5.0 19 1 295 71
907047745 2 57921 R 6.0 18 2 323 138
908533163 2 58016 R 7.0 18 2 40 139
917387167 2 58583 R 4.0 19 1 20 140
920244435 2 58765 R 3.0 18 1 15 141
920296725 1 58540 R 8.0 18 2 42 72
930490737 2 59421 R 13.0 18 4 84 142
935001657 2 59710 R 10.0 18 3 66 143
937852553 1 59664 R 11.0 19 3 62 73
942271869 1 59947 R 14.0 18 4 86 74
946669656 2 60457 R 6.0 19 2 38 144
946687301 1 60229 R 5.0 20 1 302 75
948167335 2 60553 R 7.0 19 2 40 145
951087192 2 60739 R 12.0 18 4 87 146
955472955 2 61020 R 9.0 18 3 61 147
959952614 2 61307 R 3.0 19 1 20 148
965832312 2 61683 R 4.0 20 1 19 149
970249763 2 61966 R 13.0 19 4 91 150
973143353 1 61922 R 8.0 19 2 41 76
981981939 1 62488 R 14.0 19 4 89 77
986383558 1 62770 R 11.0 20 3 66 78
990720929 2 63276 R 6.0 20 2 38 151
992257838 2 63374 R 10.0 19 3 72 152
995159263 1 63331 R 5.0 21 1 17 79
996612277 2 63653 R 7.0 20 2 38 153
999512434 2 63839 R 3.0 20 1 14 154
1003992449 2 64125 R 12.0 19 4 89 155
1008315640 2 64402 R 9.0 19 3 60 156
1009872010 2 64502 R 13.0 20 4 89 157
1014289100 2 64784 R 4.0 21 1 19 158
1021553529 1 65021 R 14.0 20 4 86 80
1025954925 1 65302 R 8.0 20 2 37 81
1036307152 2 66193 R 10.0 20 3 66 159
1039261257 1 66154 R 5.0 22 1 20 82
1043600654 1 66432 R 11.0 21 3 59 83
1045082799 2 66755 R 7.0 21 2 39 160
1048029752 2 66944 R 6.0 21 2 42 161
1052437635 2 67226 R 3.0 21 1 305 162
1056886076 2 67511 R 12.0 20 4 90 163
1058357925 2 67605 R 4.0 22 1 20 164
1061178501 2 67785 R 9.0 20 3 345 165
1067071468 2 68162 R 13.0 21 4 85 166
1070056908 1 68125 R 8.0 21 2 41 84
1075878603 2 68726 R 10.0 21 3 59 167
1078833084 1 68686 R 14.0 21 4 85 85
1084779253 2 69296 R 7.0 22 2 42 168
1087665815 2 69480 R 6.0 22 2 40 169
1087702775 1 69254 R 11.0 22 3 65 86
1092010283 1 69530 R 5.0 23 1 13 87
1092114295 2 69765 R 3.0 22 1 19 170
1096531470 2 70048 R 9.0 21 3 68 171
1102334994 2 70419 R 4.0 23 1 15 172
1106768010 2 70703 R 13.0 22 4 86 173
1109753444 1 70665 R 8.0 22 2 50 88
1114134311 2 71174 R 12.0 21 4 88 174
1115575141 2 71267 R 10.0 22 3 63 175
1127299772 2 72017 R 6.0 23 2 39 176
1127340585 1 71791 R 14.0 22 4 88 89
1131680106 1 72069 R 11.0 23 3 342 90
1131748264 2 72302 R 3.0 23 1 18 177
1136112386 1 72352 R 5.0 24 1 15 91
1137567421 2 72674 R 7.0 23 2 45 178
1149382135 2 73430 R 9.0 22 3 66 179
1150842556 2 73524 R 4.0 24 1 18 180
1153768264 2 73711 R 12.0 22 4 87 181
1155275654 2 73807 R 13.0 23 4 91 182
1166912025 1 74324 R 8.0 23 2 37 92
1166933876 2 74554 R 6.0 24 2 38 183
1168488227 2 74653 R 10.0 23 3 65 184
1171382376 2 74838 R 3.0 24 1 17 185
1180220547 1 75175 R 11.0 24 3 65 93
1184606652 1 75456 R 5.0 25 1 302 94
1189022285 1 75739 R 14.0 23 4 371 95
1193353323 2 76244 R 9.0 23 3 60 186
1194853052 2 76340 R 13.0 24 4 85 187
1199239232 2 76621 R 4.0 25 1 299 188
1202160664 2 76808 R 12.0 23 4 85 189
1203654427 2 76904 R 7.0 24 2 603 190
1206655735 2 77096 R 6.0 25 2 42 191
1210995004 2 77374 R 3.0 25 1 15 192
1212555120 2 77473 R 10.0 24 3 68 193
1215478060 1 77432 R 8.0 24 2 43 96
1228597182 1 78271 R 11.0 25 3 68 97
1232998568 1 78553 R 5.0 26 1 13 98
1234487006 2 78877 R 13.0 25 4 82 194
1238873193 2 79158 R 4.0 26 1 300 195
1241899673 1 79123 R 14.0 24 4 89 99
1243351046 2 79444 R 7.0 25 2 611 196
1246262655 2 79631 R 12.0 24 4 87 197
1250633261 2 79910 R 6.0 26 2 324 198
1255050015 1 79964 R 8.0 25 2 38 100
1255068153 2 80194 R 9.0 24 3 625 199
1256532166 2 80288 R 10.0 25 3 64 200
1259530170 2 80480 R 3.0 26 1 305 201
1272699641 1 81094 R 11.0 26 3 63 101
1274212912 2 81419 R 13.0 26 4 89 202
1278520881 2 81695 R 7.0 26 2 320 203
1281506672 1 81658 R 5.0 27 1 17 102
1285923793 2 82169 R 9.0 25 3 65 204
1287452650 2 82267 R 4.0 27 1 20 205
1290282711 1 82219 R 14.0 25 4 84 103
1299152048 1 82787 R 8.0 26 2 41 104
1303512881 2 83295 R 12.0 25 4 87 206
1307899065 2 83575 R 3.0 27 1 299 207
1309462905 2 83675 R 10.0 26 3 66 208
1312314347 2 83858 R 6.0 27 2 606 209
1312396237 1 83634 R 11.0 27 3 70 105
1313879923 2 83958 R 7.0 27 2 44 210
1327024408 2 84799 R 13.0 27 4 85 211
1330016416 1 84762 R 14.0 26 4 90 106
1330026003 2 84991 R 9.0 26 3 66 212
1331432094 2 85081 R 4.0 28 1 300 213
1334384885 1 85042 R 5.0 28 1 301 107
1343176076 2 85833 R 6.0 28 2 40 214
1347532915 2 86112 R 12.0 26 4 83 215
1347534674 1 85883 R 8.0 27 2 36 108
1351967733 1 86167 R 11.0 28 3 64 109
1352011054 2 86399 R 3.0 28 1 308 216
1353480733 2 86493 R 7.0 28 2 40 217
1366724877 2 87340 R 10.0 27 3 65 218
1369650322 1 87299 R 14.0 27 4 88 110
1374081496 1 87582 R 5.0 29 1 309 111
1374083047 2 87811 R 9.0 27 3 67 219
1375531704 2 87904 R 4.0 29 1 18 220
1379902354 2 88184 R 13.0 28 4 87 221
1391636671 1 88706 R 8.0 28 2 48 112
1396069818 1 88990 R 11.0 29 3 66 113
1400518273 2 89503 R 12.0 27 4 90 222
1401988256 2 89597 R 7.0 29 2 51 223
1404888813 2 89783 R 3.0 29 1 309 224
1406296389 2 89873 R 10.0 28 3 60 225
1409282247 1 89835 R 5.0 30 1 17 114
1409311916 2 90066 R 6.0 29 2 615 226
1413652766 1 90115 R 14.0 28 4 85 115
1422539812 2 90912 R 9.0 28 3 76 227
1423914495 2 91000 R 13.0 29 4 84 228
1432815155 2 91570 R 4.0 30 1 19 229
1440046945 1 91804 R 11.0 30 3 59 116
1440089863 2 92036 R 12.0 28 4 85 230
1441559788 2 92130 R 7.0 30 2 39 231
1444460430 2 92315 R 3.0 30 1 294 232
1444573198 1 92094 R 8.0 29 2 44 117
1448945951 2 92602 R 6.0 30 2 608 233
1459209490 2 93259 R 10.0 29 3 64 234
1462160332 1 93219 R 14.0 29 4 87 118
1462173801 2 93449 R 9.0 29 3 65 235
1466499351 1 93497 R 5.0 31 1 14 119
1472422067 2 94105 R 13.0 30 4 86 236
1481197804 2 94666 R 7.0 31 2 37 237
1484148865 1 94627 R 11.0 31 3 65 120
1488536965 2 95136 R 12.0 29 4 85 238
1488550713 1 94908 R 8.0 30 2 330 121
1490067424 2 95234 R 4.0 31 1 18 239
1493026255 2 95424 R 6.0 31 2 44 240
1497402800 2 95704 R 3.0 31 1 306 241
1501788393 2 95984 R 9.0 30 3 63 242
1510542902 1 96316 R 14.0 30 4 83 122
1512046386 2 96641 R 13.0 31 4 85 243
1516526559 2 96927 R 10.0 30 3 355 244
1523817897 1 97165 R 5.0 32 1 17 123
1528250750 1 97449 R 8.0 31 2 42 124
1529660437 2 97768 R 4.0 32 1 14 245
1532619191 2 97957 R 6.0 32 2 39 246
1532652523 1 97731 R 11.0 32 3 66 125
1534077661 2 98051 R 7.0 32 2 38 247
1541436235 2 98522 R 12.0 30 4 88 248
1545828272 2 98803 R 3.0 32 1 301 249
1554645029 1 99138 R 14.0 31 4 85 126
1554713189 2 99371 R 9.0 31 3 67 250
1567919878 1 99988 R 5.0 33 1 20 127
1569377077 2 100310 R 13.0 32 4 88 251
1572228374 1 100264 R 11.0 33 3 61 128
1573741985 2 100589 R 10.0 31 3 347 252
1576629832 1 100545 R 8.0 32 2 36 129
1578174621 2 100873 R 4.0 33 1 298 253
1582504053 2 101150 R 7.0 33 2 599 254
1585482060 2 101341 R 12.0 31 4 87 255
1589868235 2 101621 R 6.0 33 2 326 256
1594341906 1 101679 R 14.0 32 4 89 130
1594347583 2 101908 R 3.0 33 1 19 257
1598671050 2 102185 R 9.0 32 3 60 258
1611897681 1 102803 R 11.0 34 3 62 131
1613438097 2 103130 R 13.0 33 4 88 259
1616330261 1 103086 R 8.0 33 2 40 132
1617746287 2 103406 R 4.0 34 1 298 260
1620731805 1 103368 R 5.0 34 1 16 133
1622273060 2 103695 R 10.0 32 3 350 261
1625096332 2 103876 R 6.0 34 2 37 262
1626617780 2 103973 R 7.0 34 2 322 263
1633981804 2 104445 R 12.0 32 4 88 264
1638305070 2 104721 R 3.0 34 1 13 265
1642722306 2 105004 R 9.0 33 3 60 266
1647188674 1 105061 R 14.0 33 4 87 134
1656026952 1 105627 R 11.0 35 3 66 135
1661916226 2 106232 R 4.0 35 1 20 267
1664833934 1 106190 R 8.0 34 2 43 136
1666302436 2 106513 R 13.0 34 4 90 268
1669204290 1 106470 R 5.0 35 1 17 137
1670657098 2 106792 R 10.0 33 3 62 269
1673615739 2 106981 R 6.0 35 2 40 270
1675105499 2 107077 R 7.0 35 2 42 271
1682469628 2 107548 R 9.0 34 3 68 272
1686756364 2 107822 R 12.0 33 4 83 273
1686760112 1 107594 R 14.0 34 4 83 138
1691273267 2 108111 R 3.0 35 1 298 274
1704409598 1 108723 R 11.0 36 3 61 139
1705936393 2 109050 R 13.0 35 4 87 275
1710316600 2 109330 R 10.0 34 3 63 276
1713216429 1 109287 R 8.0 35 2 38 140
1713275125 2 109519 R 6.0 36 2 41 277
1714780884 2 109616 R 4.0 36 1 302 278
1717711793 1 109575 R 5.0 36 1 20 141
1719157043 2 109896 R 7.0 36 2 323 279
1726521262 2 110367 R 12.0 34 4 90 280
1730907299 2 110648 R 3.0 36 1 304 281
1735260162 2 110926 R 9.0 35 3 628 282
1735267754 1 110698 R 14.0 35 4 86 142
1748511584 1 111546 R 11.0 37 3 64 143
1752846576 2 112052 R 6.0 37 2 45 283
1752913098 1 111828 R 8.0 36 2 41 144
1754330457 2 112147 R 4.0 37 1 13 284
1757283393 1 112107 R 5.0 37 1 15 145
1758779167 2 112432 R 10.0 35 3 64 285
1763196428 2 112714 R 13.0 36 4 88 286
1767582654 2 112995 R 7.0 37 2 322 287
1770527610 2 113184 R 12.0 35 4 88 288
1774960181 2 113467 R 3.0 37 1 18 289
1779277939 1 113515 R 14.0 36 4 83 146
1779361720 2 113749 R 9.0 36 3 65 290
1792600028 1 114367 R 11.0 38 3 67 147
1798413283 2 114968 R 10.0 36 3 62 291
1801354236 2 115156 R 6.0 38 2 43 292
1801360120 1 114928 R 5.0 38 1 16 148
1802887145 2 115255 R 13.0 37 4 90 293
1805808468 1 115213 R 8.0 37 2 43 149
1807216613 2 115532 R 4.0 38 1 294 294
1816101529 2 116100 R 7.0 38 2 44 295
1819035084 2 116288 R 12.0 36 4 89 296
1819037038 1 116059 R 14.0 37 4 92 150
1827797020 2 116849 R 9.0 37 3 63 297
1832150297 2 117127 R 3.0 38 1 293 298
1832234062 1 116904 R 11.0 39 3 65 151
1845399546 1 117747 R 5.0 39 1 16 152
1849848097 1 118031 R 8.0 38 2 41 153
1849861720 2 118261 R 6.0 39 2 46 299
1851275591 2 118351 R 13.0 38 4 86 300
1855661993 2 118632 R 10.0 37 3 344 301
1860166481 2 118920 R 7.0 39 2 44 302
1863012156 2 119103 R 12.0 37 4 86 303
1864465055 2 119196 R 4.0 39 1 301 304
1871850388 2 119668 R 3.0 39 1 16 305
1876251867 2 119950 R 9.0 38 3 63 306
1876273608 1 119723 R 14.0 38 4 88 154
1885033871 1 120283 R 11.0 40 3 61 155
1889482057 1 120568 R 5.0 40 1 17 156
1890890069 2 120887 R 13.0 39 4 82 307
1898304817 1 121133 R 8.0 39 2 42 157
1902708531 2 121643 R 6.0 40 2 41 308
1904180807 2 121737 R 10.0 38 3 65 309
1913034570 2 122304 R 4.0 40 1 20 310
1915952301 2 122491 R 9.0 39 3 68 311
1917326801 2 122579 R 7.0 40 2 37 312
1920313228 1 122541 R 14.0 39 4 86 158
1920354217 2 122772 R 12.0 38 4 88 313
1924724403 2 123052 R 3.0 40 1 17 314
1933478863 1 123384 R 11.0 41 3 60 159
1937905706 1 123667 R 8.0 40 2 38 160
1942279929 2 124176 R 6.0 41 2 39 315
1942344909 1 123951 R 5.0 41 1 300 161
1948220335 2 124556 R 13.0 40 4 86 316
1952584909 2 124835 R 10.0 39 3 62 317
1957086323 2 125123 R 4.0 41 1 300 318
1959929393 2 125305 R 9.0 40 3 61 319
1961471813 2 125404 R 7.0 41 2 41 320
1968832373 1 125646 R 14.0 40 4 90 162
1973142217 2 126151 R 12.0 39 4 84 321
1977637408 2 126439 R 3.0 41 1 20 322
1986372418 1 126769 R 11.0 42 3 62 163
1990787612 2 127280 R 6.0 42 2 39 323
1990789429 1 127052 R 5.0 42 1 16 164
1995175439 1 127332 R 8.0 41 2 38 165
1996708448 2 127659 R 13.0 41 4 90 324
1999625882 2 127846 R 9.0 41 3 64 325
2001125611 2 127942 R 10.0 40 3 65 326
2005511488 2 128223 R 7.0 42 2 42 327
2009866163 2 128501 R 4.0 42 1 15 328
2012838812 2 128691 R 12.0 40 4 87 329
2017209008 2 128971 R 3.0 42 1 15 330
2021601138 1 129024 R 14.0 41 4 84 166
2039234779 1 130152 R 11.0 43 3 62 167
2040759712 2 130478 R 10.0 41 3 70 331
2043602998 2 130660 R 6.0 43 2 36 332
2043620478 1 130433 R 5.0 43 1 14 168
2048129613 2 130950 R 9.0 42 3 67 333
2049498405 2 131038 R 13.0 42 4 83 334
2052500118 2 131230 R 12.0 41 4 89 335
2052505802 1 131001 R 8.0 42 2 42 169
2053906123 2 131320 R 4.0 43 1 299 336
2058354210 2 131604 R 7.0 43 2 39 337
2065650121 2 132071 R 3.0 43 1 13 338
2074451517 1 132406 R 14.0 42 4 83 170
2087736494 1 133256 R 11.0 44 3 64 171
2089185172 2 133578 R 13.0 43 4 86 339
2092066034 1 133533 R 5.0 44 1 297 172
2093665322 2 133864 R 10.0 42 3 350 340
2096512391 2 134047 R 12.0 42 4 87 341
2096545286 1 133820 R 8.0 43 2 41 173
2100882932 2 134326 R 6.0 44 2 319 342
2102393679 2 134423 R 7.0 44 2 38 343
2105346994 2 134612 R 9.0 43 3 631 344
2106810921 2 134706 R 4.0 44 1 16 345
2114210612 1 134951 R 14.0 43 4 91 174
2122996133 2 135742 R 3.0 44 1 19 346
2128891469 2 136119 R 10.0 43 3 66 347
2131719467 1 136071 R 11.0 45 3 59 175
2136230096 1 136360 R 8.0 44 2 43 176
2140584965 1 136639 R 5.0 45 1 17 177
2142072938 2 136962 R 13.0 44 4 86 348
2144959488 2 137147 R 12.0 43 4 86 349
2146411833 2 137240 R 4.0 45 1 13 350
2149408031 2 137432 R 6.0 45 2 329 351
2150844622 2 137524 R 7.0 45 2 37 352
2153825328 2 137715 R 9.0 44 3 347 353
2153844717 1 137487 R 14.0 44 4 89 178
2175780178 2 139120 R 3.0 45 1 23 354
2180269884 1 139178 R 11.0 46 3 65 179
2184624462 1 139457 R 5.0 46 1 15 180
2186174925 2 139785 R 10.0 44 3 67 355
2189072879 1 139742 R 8.0 45 2 42 181
2189086803 2 139971 R 12.0 44 4 89 356
2190514034 2 140063 R 13.0 45 4 86 357
2193426170 2 140249 R 6.0 46 2 327 358
2193490404 1 140024 R 14.0 45 4 89 182
2197858961 2 140533 R 9.0 45 3 345 359
2199276096 2 140623 R 7.0 46 2 37 360
2203754297 2 140910 R 4.0 46 1 308 361
2219853134 1 141712 R 11.0 47 3 61 183
2219946756 2 141946 R 3.0 46 1 21 362
2225826534 2 142323 R 10.0 45 3 67 363
2233081425 2 142787 R 12.0 45 4 84 364
2233112498 1 142560 R 5.0 47 1 17 184
2237498441 2 143070 R 6.0 47 2 39 365
2237529890 1 142843 R 14.0 46 4 88 185
2241884508 2 143350 R 9.0 46 3 62 366
2241915655 1 143124 R 8.0 46 2 40 186
2243335314 2 143443 R 13.0 46 4 83 367
2252261485 2 144015 R 7.0 47 2 44 368
2256606749 2 144293 R 4.0 47 1 306 369
2259580706 2 144483 R 3.0 47 1 19 370
2265460637 2 144859 R 10.0 46 3 68 371
2268341161 1 144815 R 11.0 48 3 63 187
2272694110 2 145322 R 12.0 46 4 83 372
2281532129 2 145888 R 9.0 47 3 61 373
2281563672 1 145661 R 14.0 47 4 86 188
2283094355 2 145988 R 13.0 47 4 90 374
2285965378 1 145943 R 5.0 48 1 306 189
2290339394 2 146452 R 6.0 48 2 38 375
2290435351 1 146229 R 8.0 47 2 326 190
2299240259 2 147021 R 3.0 48 1 20 376
2300696753 2 147114 R 4.0 48 1 19 377
2305051706 2 147393 R 10.0 47 3 63 378
2309499955 2 147678 R 7.0 48 2 42 379
2316798050 1 147916 R 11.0 49 3 62 191
2321183943 1 148197 R 14.0 48 4 85 192
2330039923 2 148992 R 12.0 47 4 88 380
2334441800 2 149274 R 6.0 49 2 326 381
2338842897 1 149327 R 8.0 48 2 40 193
2338892167 2 149559 R 9.0 48 3 349 382
2340330930 2 149651 R 13.0 48 4 86 383
2343204040 1 149606 R 5.0 49 1 297 194
2343276277 2 149839 R 3.0 49 1 302 384
2344685440 2 149930 R 4.0 49 1 14 385
2353539669 2 150496 R 10.0 48 3 65 386
2360837511 1 150735 R 14.0 49 4 85 195
2366767721 2 151343 R 7.0 49 2 42 387
2369629078 1 151297 R 11.0 50 3 60 196
2374137853 2 151815 R 6.0 50 2 45 388
2378508277 2 152094 R 9.0 49 3 64 389
2379965103 2 152188 R 13.0 49 4 87 390
2382847320 2 152372 R 3.0 50 1 14 391
2382945015 1 152150 R 8.0 49 2 44 197
2387243463 1 152425 R 5.0 50 1 299 198
2387280406 2 152656 R 12.0 48 4 86 392
2393130818 2 153030 R 10.0 49 3 61 393
2397579006 2 153315 R 4.0 50 1 16 394
