87248871 1 5505 R 4.0 1 1 23 1
91705162 2 5791 R 6.0 1 1 21 1
95993604 3 6065 R 5.0 1 1 13 1
113730829 3 7201 R 8.0 1 2 44 2
118079753 1 7478 R 7.0 1 2 39 2
122434645 1 7757 R 10.0 1 3 62 3
122473549 2 7760 R 9.0 1 2 39 2
122507013 3 7762 R 11.0 1 3 71 3
126859678 2 8041 R 12.0 1 3 62 3
135693937 1 8606 R 4.0 2 1 17 4
140150293 2 8892 R 6.0 2 1 19 4
144516920 1 9170 R 13.0 1 4 87 5
144563596 3 9174 R 5.0 2 1 21 4
148949807 3 9455 R 14.0 1 4 88 5
153304398 3 9733 R 8.0 2 2 39 6
157669423 2 10013 R 15.0 1 4 83 5
162102194 2 10297 R 9.0 2 2 38 6
166503969 2 10578 R 12.0 2 3 61 7
171005193 1 10865 R 10.0 2 3 66 6
175328518 1 11142 R 7.0 2 2 39 7
175375516 3 11146 R 11.0 2 3 65 7
179810071 2 11430 R 6.0 3 1 20 8
184151139 1 11707 R 4.0 3 1 16 8
188537482 1 11988 R 13.0 2 4 86 9
188603868 3 11992 R 14.0 2 4 89 8
192989624 3 12273 R 5.0 3 1 17 9
201742247 2 12833 R 15.0 2 4 85 9
206128816 2 13114 R 9.0 3 2 318 10
206155731 3 13116 R 8.0 3 2 38 10
219415476 3 13964 R 11.0 3 3 63 11
219419349 2 13965 R 12.0 3 3 64 11
223773862 1 14243 R 4.0 4 1 15 10
228191326 1 14525 R 10.0 3 3 62 11
232575443 3 14807 R 14.0 3 4 84 12
232577516 1 14806 R 7.0 3 2 323 12
237029927 3 15092 R 5.0 4 1 300 13
237057467 1 15093 R 13.0 3 4 370 13
237084242 2 15095 R 6.0 4 1 20 12
250181941 2 15934 R 15.0 3 4 82 13
250195284 3 15934 R 8.0 4 2 36 14
254708258 2 16223 R 9.0 4 2 44 14
267825136 1 17062 R 7.0 4 2 38 14
267860542 3 17065 R 11.0 4 3 63 15
272211344 1 17343 R 13.0 4 4 83 15
276683205 3 17630 R 5.0 5 1 17 16
276690854 1 17629 R 4.0 5 1 17 16
276700841 2 17631 R 12.0 4 3 64 15
281139576 1 17914 R 10.0 4 3 67 17
285474801 3 18192 R 14.0 4 4 85 17
289850793 2 18472 R 6.0 5 1 14 16
298689151 2 19038 R 9.0 5 2 43 17
303090977 2 19320 R 15.0 4 4 84 18
303170863 3 19325 R 8.0 5 2 44 18
307494653 3 19601 R 11.0 5 3 69 19
311970398 1 19887 R 13.0 5 4 89 18
316317164 3 20166 R 5.0 6 1 16 20
316325310 1 20166 R 7.0 5 2 318 19
320773380 1 20451 R 4.0 6 1 20 20
325083486 2 20727 R 12.0 5 3 62 19
334001939 1 21297 R 10.0 5 3 68 21
338391538 2 21579 R 9.0 6 2 43 20
338397731 3 21579 R 14.0 5 4 88 21
342777937 2 21860 R 6.0 6 1 300 21
347173533 3 22141 R 11.0 6 3 64 22
347193446 2 22142 R 15.0 5 4 372 22
351604409 1 22424 R 13.0 6 4 91 22
355918078 3 22701 R 8.0 6 2 36 23
360364515 1 22984 R 7.0 6 2 38 23
364756395 3 23266 R 5.0 7 1 14 24
364812989 1 23269 R 4.0 7 1 18 24
378025856 2 24116 R 12.0 6 3 64 23
378041427 1 24116 R 10.0 6 3 65 25
382412049 2 24396 R 6.0 7 1 299 24
386764757 2 24675 R 9.0 7 2 319 25
386844674 3 24680 R 11.0 7 3 65 25
391168303 3 24957 R 14.0 6 4 83 26
399990775 3 25521 R 8.0 7 2 37 27
400071042 2 25526 R 15.0 6 4 89 26
404404211 1 25803 R 13.0 7 4 86 26
408852886 1 26088 R 7.0 7 2 330 27
413187707 3 26366 R 5.0 8 1 13 28
413269783 1 26370 R 4.0 8 1 18 28
417626398 2 26650 R 6.0 8 1 15 27
417655995 1 26651 R 10.0 7 3 64 29
422059261 2 26934 R 9.0 8 2 39 28
430847121 3 27496 R 11.0 8 3 62 29
430866643 2 27497 R 12.0 7 3 63 29
435311230 3 27782 R 14.0 7 4 89 30
439642497 2 28059 R 15.0 7 4 84 30
444080995 1 28342 R 7.0 8 2 39 30
448429935 3 28621 R 8.0 8 2 35 31
448498458 1 28625 R 13.0 8 4 87 31
457289963 1 29188 R 10.0 8 3 63 32
457362037 3 29193 R 5.0 9 1 20 32
461699155 2 29471 R 9.0 9 2 48 31
461769543 1 29474 R 4.0 9 1 20 33
466161812 2 29756 R 6.0 9 1 302 32
474966752 3 30320 R 14.0 8 4 89 33
479374191 2 30602 R 15.0 8 4 91 33
479384460 3 30602 R 11.0 9 3 355 34
483744605 2 30882 R 12.0 8 3 63 34
488132271 1 31162 R 7.0 9 2 40 34
488175268 3 31165 R 8.0 9 2 42 35
501300465 2 32005 R 6.0 10 1 13 35
501341436 3 32008 R 5.0 10 1 16 36
501401771 1 32011 R 13.0 9 4 90 35
505733255 2 32289 R 9.0 10 2 46 36
505809852 1 32293 R 4.0 10 1 301 36
510132734 1 32570 R 10.0 9 3 61 37
514579291 3 32855 R 14.0 9 4 87 37
518945795 2 33134 R 15.0 9 4 85 37
523418222 3 33421 R 11.0 10 3 66 38
536558219 1 34261 R 7.0 10 2 37 38
536657633 2 34268 R 12.0 9 3 66 38
540996932 2 34546 R 6.0 11 1 15 39
545381021 3 34826 R 8.0 10 2 44 39
549812327 3 35110 R 5.0 11 1 296 40
554240903 2 35393 R 9.0 11 2 41 40
554254800 1 35393 R 13.0 10 4 88 39
558619241 1 35673 R 10.0 10 3 63 40
562995642 1 35953 R 4.0 11 1 298 41
563048183 2 35957 R 15.0 10 4 88 41
567492844 3 36241 R 14.0 10 4 89 41
576192324 1 36797 R 7.0 11 2 36 42
580611692 3 37081 R 11.0 11 3 60 42
585040751 2 37365 R 12.0 10 3 62 42
593824248 3 37927 R 5.0 12 1 14 43
593910066 2 37932 R 9.0 12 2 43 43
598217884 2 38208 R 6.0 12 1 13 44
598319556 3 38214 R 8.0 11 2 42 44
607148345 1 38779 R 13.0 11 4 90 43
611434662 1 39053 R 10.0 11 3 60 44
615875364 3 39338 R 14.0 11 4 85 45
615951703 1 39342 R 4.0 12 1 301 45
620306022 1 39621 R 7.0 12 2 41 46
620306379 2 39622 R 15.0 11 4 86 45
620308305 3 39621 R 11.0 12 3 65 46
633565611 2 40470 R 9.0 13 2 43 46
637926229 3 40749 R 8.0 12 2 39 47
637983000 2 40753 R 12.0 11 3 65 47
642368950 2 41034 R 6.0 13 1 18 48
651107563 3 41593 R 5.0 13 1 14 48
651199557 1 41598 R 13.0 12 4 89 47
655586013 1 41879 R 10.0 12 3 350 48
664308456 1 42437 R 7.0 13 2 36 49
664353632 3 42440 R 14.0 12 4 86 49
668740169 3 42721 R 11.0 13 3 349 50
668794271 2 42725 R 15.0 12 4 89 49
668794470 1 42724 R 4.0 13 1 302 50
673211439 2 43007 R 9.0 14 2 42 50
690804094 3 44133 R 8.0 13 2 46 51
690814053 2 44134 R 12.0 12 3 68 51
695165135 3 44412 R 5.0 14 1 292 52
695168565 2 44413 R 6.0 14 1 14 52
704030381 1 44979 R 4.0 14 1 18 51
708385345 1 45258 R 13.0 13 4 84 52
712834318 1 45542 R 10.0 13 3 351 53
717198438 3 45822 R 14.0 13 4 84 53
717251392 1 45825 R 7.0 14 2 327 54
721600460 3 46104 R 11.0 14 3 344 54
721656576 2 46108 R 15.0 13 4 88 53
730393213 3 46667 R 8.0 14 2 36 55
730447923 2 46671 R 9.0 15 2 39 54
734802674 2 46949 R 6.0 15 1 13 55
734840291 3 46952 R 5.0 15 1 296 56
739251311 2 47234 R 12.0 13 3 63 56
743613711 1 47512 R 4.0 15 1 13 55
752467863 1 48079 R 13.0 14 4 87 56
756885514 1 48362 R 10.0 14 3 351 57
761290744 2 48645 R 15.0 14 4 88 57
761296497 3 48645 R 14.0 14 4 88 57
765676449 1 48924 R 7.0 15 2 39 58
770072386 3 49206 R 11.0 15 3 62 58
778902920 2 49772 R 12.0 14 3 63 58
783255591 3 50050 R 8.0 15 2 36 59
783273498 2 50051 R 6.0 16 1 300 59
787655589 3 50332 R 5.0 16 1 292 60
787696651 2 50334 R 9.0 16 2 598 60
792142986 1 50618 R 13.0 15 4 87 59
796519331 1 50898 R 4.0 16 1 302 60
800924733 2 51181 R 15.0 15 4 87 61
805310414 1 51461 R 7.0 16 2 38 61
805398629 3 51467 R 14.0 15 4 90 61
809790373 1 51748 R 10.0 15 3 67 62
814174433 3 52029 R 11.0 16 3 65 62
823004818 2 52594 R 6.0 17 1 17 62
823014540 3 52595 R 8.0 16 2 43 63
827352190 3 52872 R 5.0 17 1 300 64
831714446 1 53151 R 13.0 16 4 83 63
831780848 2 53156 R 12.0 15 3 64 63
836120212 2 53434 R 9.0 17 2 321 64
836153362 1 53435 R 4.0 17 1 298 64
849363935 2 54281 R 15.0 16 4 86 65
853755773 1 54561 R 10.0 16 3 64 65
858151624 3 54843 R 14.0 16 4 84 65
858235349 1 54848 R 7.0 17 2 42 66
862649357 3 55131 R 11.0 17 3 352 66
867048714 3 55413 R 5.0 18 1 303 67
871369963 1 55689 R 13.0 17 4 83 67
871449969 3 55695 R 8.0 17 2 42 68
875787054 1 55971 R 4.0 18 1 13 68
875882758 2 55978 R 9.0 18 2 44 66
880192793 2 56254 R 12.0 16 3 60 67
884655061 2 56540 R 6.0 18 1 305 68
893389747 1 57098 R 10.0 17 3 61 69
897867598 2 57385 R 15.0 17 4 86 69
897906680 3 57388 R 11.0 18 3 67 69
902263363 3 57667 R 14.0 17 4 88 70
906616416 3 57945 R 5.0 19 1 295 71
906680287 1 57949 R 7.0 18 2 41 70
915534365 1 58515 R 4.0 19 1 20 71
919922327 3 58797 R 8.0 18 2 42 72
919940037 2 58798 R 12.0 17 3 68 70
924232463 2 59073 R 6.0 19 1 295 71
928632163 2 59354 R 9.0 19 2 606 72
928637795 1 59354 R 13.0 18 4 83 72
933148779 1 59643 R 10.0 18 3 66 73
937478217 3 59920 R 11.0 19 3 62 73
941897467 3 60203 R 14.0 18 4 86 74
941969574 2 60208 R 15.0 18 4 91 73
946312874 3 60486 R 5.0 20 1 303 75
946314321 1 60485 R 7.0 19 2 40 74
959573847 2 61335 R 9.0 20 2 42 74
963979360 1 61616 R 4.0 20 1 19 75
963991539 2 61617 R 6.0 20 1 308 75
968328872 2 61895 R 12.0 18 3 348 76
968396955 1 61899 R 13.0 19 4 90 76
972769000 3 62179 R 8.0 19 2 41 76
981541425 2 62741 R 15.0 19 4 85 77
981607606 3 62745 R 14.0 19 4 89 77
986009224 3 63026 R 11.0 20 3 65 78
990404889 1 63307 R 10.0 19 3 71 77
994759400 1 63586 R 7.0 20 2 40 78
994784876 3 63588 R 5.0 21 1 17 79
1003533307 2 64148 R 9.0 21 2 37 78
1007997642 2 64434 R 12.0 19 3 64 79
1008019131 1 64434 R 13.0 20 4 88 79
1012430354 2 64717 R 6.0 21 1 18 80
1012436144 1 64717 R 4.0 21 1 19 80
1021179194 3 65277 R 14.0 20 4 84 80
1021237702 2 65281 R 15.0 20 4 88 81
1025580525 3 65559 R 8.0 20 2 38 81
1034454323 1 66126 R 10.0 20 3 65 81
1038887054 3 66411 R 5.0 22 1 20 82
1043226327 3 66688 R 11.0 21 3 60 83
1043229844 1 66688 R 7.0 21 2 39 82
1047694027 2 66974 R 9.0 22 2 43 82
1056505063 1 67537 R 4.0 22 1 19 83
1060813074 2 67814 R 15.0 21 4 84 83
1065214684 2 68096 R 12.0 20 3 61 84
1065218748 1 68095 R 13.0 21 4 84 84
1069682651 3 68381 R 8.0 21 2 41 84
1069709868 2 68383 R 6.0 22 1 19 85
1074025728 1 68659 R 10.0 21 3 61 85
1078458813 3 68943 R 14.0 21 4 84 85
1082926450 1 69228 R 7.0 22 2 43 86
1087328309 3 69511 R 11.0 22 3 66 86
1091636019 3 69786 R 5.0 23 1 13 87
1100482055 1 70352 R 4.0 23 1 15 87
1100509591 2 70355 R 9.0 23 2 40 86
1104915136 1 70636 R 13.0 22 4 88 88
1109316816 2 70918 R 15.0 22 4 85 87
1109379110 3 70922 R 8.0 22 2 51 88
1113722268 1 71199 R 10.0 22 3 62 89
1122498134 2 71762 R 12.0 21 3 61 88
1126962152 2 72047 R 6.0 23 1 18 89
1126966300 3 72048 R 14.0 22 4 89 89
1131305767 3 72325 R 11.0 23 3 341 90
1135714469 1 72607 R 7.0 23 2 44 90
1135737995 3 72609 R 5.0 24 1 15 91
1140205984 2 72895 R 9.0 24 2 43 90
1148989687 1 73456 R 4.0 24 1 17 91
1153422834 1 73740 R 13.0 23 4 90 92
1166537633 3 74580 R 8.0 23 2 36 92
1166555341 2 74581 R 15.0 23 4 85 91
1166635349 1 74586 R 10.0 23 3 67 93
1170972709 2 74864 R 6.0 24 1 297 92
1175372581 2 75146 R 12.0 22 3 343 93
1179846138 3 75432 R 11.0 24 3 66 93
1184179070 2 75709 R 9.0 25 2 38 94
1184232315 3 75713 R 5.0 25 1 303 94
1188647881 3 75995 R 14.0 23 4 370 95
1193000168 1 76273 R 13.0 24 4 86 94
1197386282 1 76554 R 4.0 25 1 299 95
1201801618 1 76836 R 7.0 24 2 603 96
1210702246 1 77406 R 10.0 24 3 68 97
1215041547 2 77685 R 12.0 23 3 62 95
1215103799 3 77688 R 8.0 24 2 44 96
1219398040 2 77963 R 15.0 24 4 84 96
1223876017 2 78250 R 6.0 25 1 302 97
1228222840 3 78528 R 11.0 25 3 69 97
1228245961 2 78530 R 9.0 26 2 37 98
1232624227 3 78810 R 5.0 26 1 13 98
1232634129 1 78810 R 13.0 25 4 84 98
1237020383 1 79090 R 4.0 26 1 300 99
1241498505 1 79377 R 7.0 25 2 610 100
1241525365 3 79379 R 14.0 24 4 89 99
1254675662 3 80221 R 8.0 25 2 38 100
1254679763 1 80221 R 10.0 25 3 67 101
1263562593 2 80790 R 12.0 24 3 73 99
1267978617 2 81072 R 6.0 26 1 311 100
1272325443 3 81351 R 11.0 26 3 64 101
1272360441 1 81352 R 13.0 26 4 88 102
1276668418 1 81628 R 7.0 26 2 320 103
1276754229 2 81634 R 15.0 25 4 88 101
1281093058 2 81912 R 9.0 27 2 37 102
1281132251 3 81914 R 5.0 27 1 16 102
1285600259 1 82200 R 4.0 27 1 20 104
1289908303 3 82476 R 14.0 25 4 84 103
1298777846 3 83044 R 8.0 26 2 42 104
1303196938 2 83326 R 6.0 27 1 21 103
1307610431 1 83608 R 10.0 26 3 66 105
1312021908 3 83891 R 11.0 27 3 69 105
1312027375 1 83891 R 7.0 27 2 43 106
1316362874 2 84169 R 12.0 25 3 62 104
1320811066 2 84454 R 9.0 28 2 41 105
1325171958 1 84732 R 13.0 27 4 86 107
1325228664 2 84737 R 15.0 26 4 90 106
1329579683 1 85014 R 4.0 28 1 300 108
1329641948 3 85019 R 14.0 26 4 90 106
1334010546 3 85298 R 5.0 28 1 300 107
1342830842 2 85863 R 6.0 28 1 18 107
1347160282 3 86140 R 8.0 27 2 36 108
1351593362 3 86424 R 11.0 28 3 65 109
1351628275 1 86425 R 7.0 28 2 40 109
1364833338 2 87271 R 15.0 27 4 86 108
1364872333 1 87273 R 10.0 27 3 66 110
1369276063 3 87555 R 14.0 27 4 87 110
1369297794 2 87557 R 12.0 26 3 353 109
1373605079 2 87833 R 9.0 29 2 36 110
1373679304 1 87837 R 4.0 29 1 19 111
1373707089 3 87839 R 5.0 29 1 309 111
1378049891 1 88116 R 13.0 28 4 86 112
1391223250 2 88960 R 6.0 29 1 13 111
1391262471 3 88963 R 8.0 28 2 48 112
1395695498 3 89246 R 11.0 29 3 64 113
1400135788 1 89530 R 7.0 29 2 51 113
1404443929 1 89805 R 10.0 28 3 60 114
1404484874 2 89809 R 12.0 27 3 63 112
1408907839 3 90092 R 5.0 30 1 17 114
1413278566 3 90372 R 14.0 28 4 85 115
1413307550 2 90374 R 9.0 30 2 40 113
1417693692 2 90654 R 15.0 28 4 86 114
1422062094 1 90933 R 13.0 29 4 83 115
1430962755 1 91503 R 4.0 30 1 19 116
1439672475 3 92061 R 11.0 30 3 59 116
1439707386 1 92062 R 7.0 30 2 37 117
1444119046 2 92345 R 12.0 28 3 63 115
1444198933 3 92350 R 8.0 29 2 44 117
1448536000 2 92628 R 6.0 30 1 16 116
1452921908 2 92909 R 9.0 31 2 38 117
1457357022 1 93192 R 10.0 29 3 63 118
1457401935 2 93196 R 15.0 29 4 91 118
1461785994 3 93476 R 14.0 29 4 89 118
1466124889 3 93754 R 5.0 31 1 14 119
1470569791 1 94038 R 13.0 30 4 86 119
1479345449 1 94599 R 7.0 31 2 38 120
1483774521 3 94883 R 11.0 31 3 65 120
1488176329 3 95165 R 8.0 30 2 331 121
1488214950 1 95167 R 4.0 31 1 18 121
1492569883 2 95446 R 12.0 29 3 60 119
1496961959 2 95727 R 6.0 31 1 301 120
1501441488 2 96014 R 15.0 30 4 90 121
1505765092 2 96291 R 9.0 32 2 321 122
1510168697 3 96573 R 14.0 30 4 84 122
1510193999 1 96574 R 13.0 31 4 85 122
1514674209 1 96860 R 10.0 30 3 355 123
1523443684 3 97422 R 5.0 32 1 17 123
1527807959 1 97701 R 4.0 32 1 14 124
1527876347 3 97706 R 8.0 31 2 42 124
1532225332 1 97984 R 7.0 32 2 38 125
1532278321 3 97988 R 11.0 32 3 66 125
1541001239 2 98546 R 12.0 30 3 60 123
1545481161 2 98833 R 9.0 33 2 324 124
1549929316 2 99117 R 6.0 32 1 20 125
1554221750 2 99392 R 15.0 31 4 83 126
1554270738 3 99395 R 14.0 31 4 85 126
1567524725 1 100243 R 13.0 32 4 90 126
1567546009 3 100245 R 5.0 33 1 20 127
1571854096 3 100520 R 11.0 33 3 60 128
1571889643 1 100522 R 10.0 31 3 347 127
1576255619 3 100802 R 8.0 32 2 36 129
1576322277 1 100806 R 4.0 33 1 299 128
1580651630 1 101083 R 7.0 33 2 600 129
1589520713 2 101651 R 9.0 34 2 40 127
1593967629 3 101936 R 14.0 32 4 89 130
1593969426 2 101936 R 15.0 32 4 89 128
1598318797 2 102214 R 12.0 31 3 350 129
1602772900 2 102499 R 6.0 33 1 308 130
1611523285 3 103059 R 11.0 34 3 62 131
1611585884 1 103063 R 13.0 33 4 90 130
1615893879 1 103338 R 4.0 34 1 298 131
1615955922 3 103343 R 8.0 33 2 40 132
1620357593 3 103625 R 5.0 34 1 17 133
1620420645 1 103628 R 10.0 32 3 348 132
1624765457 1 103906 R 7.0 34 2 322 133
1633603526 2 104472 R 15.0 33 4 89 131
1638020542 2 104755 R 9.0 35 2 43 132
1646814300 3 105318 R 14.0 33 4 87 134
1646822034 2 105318 R 12.0 32 3 66 133
1651167320 2 105597 R 6.0 34 1 300 134
1655652759 3 105883 R 11.0 35 3 67 135
1660063934 1 106165 R 4.0 35 1 20 134
1664450011 1 106446 R 13.0 34 4 89 135
1664459579 3 106447 R 8.0 34 2 42 136
1668804865 1 106725 R 10.0 33 3 63 136
1668829944 3 106727 R 5.0 35 1 17 137
1673253021 1 107009 R 7.0 35 2 41 137
1677654723 2 107292 R 15.0 34 4 86 135
1686385912 3 107850 R 14.0 34 4 82 138
1690851521 2 108136 R 9.0 36 2 40 136
1695206635 2 108415 R 12.0 33 3 60 137
1704035247 3 108980 R 11.0 36 3 61 139
1704060257 2 108982 R 6.0 35 1 16 138
1704084115 1 108982 R 13.0 35 4 87 138
1708464177 1 109263 R 10.0 34 3 63 139
1712842158 3 109544 R 8.0 35 2 38 140
1712928551 1 109548 R 4.0 36 1 301 140
1717304832 1 109829 R 7.0 36 2 324 141
1717337518 3 109831 R 5.0 36 1 20 141
1726093938 2 110392 R 15.0 35 4 89 139
1734893410 3 110955 R 14.0 35 4 86 142
1739306440 2 111237 R 9.0 37 2 39 140
1748082544 2 111799 R 12.0 34 3 63 141
1748137387 3 111802 R 11.0 37 3 65 143
1752478109 1 112080 R 4.0 37 1 14 142
1752538760 3 112084 R 8.0 36 2 41 144
1756909049 3 112364 R 5.0 37 1 15 145
1756926825 1 112364 R 10.0 35 3 63 143
1756951862 2 112367 R 6.0 36 1 17 142
1761344121 1 112647 R 13.0 36 4 88 144
1765730233 1 112928 R 7.0 37 2 323 145
1765790541 2 112932 R 15.0 36 4 89 143
1778903797 3 113772 R 14.0 36 4 83 146
1783408406 2 114060 R 9.0 38 2 43 144
1792225759 3 114624 R 11.0 38 3 66 147
1796560863 1 114901 R 10.0 36 3 61 146
1796590092 2 114904 R 12.0 35 3 63 145
1800985718 3 115185 R 5.0 38 1 17 148
1801034748 1 115187 R 13.0 37 4 91 147
1805364334 1 115464 R 4.0 38 1 294 148
1805434332 3 115470 R 8.0 37 2 43 149
1809739950 2 115745 R 6.0 37 1 13 146
1814173031 2 116029 R 15.0 37 4 86 147
1814249108 1 116033 R 7.0 38 2 43 149
1818662836 3 116316 R 14.0 37 4 90 150
1827385651 2 116875 R 9.0 39 2 38 148
1831859720 3 117161 R 11.0 39 3 65 151
1836286641 2 117444 R 12.0 36 3 76 149
1845025273 3 118003 R 5.0 39 1 15 152
1849423234 1 118284 R 13.0 38 4 85 150
1849436486 2 118286 R 6.0 38 1 15 150
1849473813 3 118288 R 8.0 38 2 41 153
1853809562 1 118565 R 10.0 37 3 345 151
1853869707 2 118570 R 15.0 38 4 87 151
1858314187 1 118853 R 7.0 39 2 43 152
1862612638 1 119128 R 4.0 39 1 300 153
1875893341 2 119979 R 12.0 37 3 70 152
1875899352 3 119979 R 14.0 38 4 87 154
1884659520 3 120540 R 11.0 40 3 62 155
1884668907 2 120541 R 9.0 40 2 38 153
1889037735 1 120819 R 13.0 39 4 83 154
1889107780 3 120825 R 5.0 40 1 17 156
1897930619 3 121389 R 8.0 39 2 41 157
1902257994 2 121666 R 15.0 39 4 84 154
1902328507 1 121670 R 10.0 38 3 65 155
1906657848 2 121948 R 6.0 39 1 297 155
1911182224 1 122237 R 4.0 40 1 20 156
1915474527 1 122511 R 7.0 40 2 36 157
1919938826 3 122798 R 14.0 39 4 86 158
1924400959 2 123084 R 12.0 38 3 71 156
1928771014 2 123363 R 9.0 41 2 42 157
1933104663 3 123640 R 11.0 41 3 60 159
1937531363 3 123924 R 8.0 40 2 38 160
1941970493 3 124208 R 5.0 41 1 300 161
1946368043 1 124489 R 13.0 40 4 88 158
1946422546 2 124493 R 15.0 40 4 91 158
1950732498 1 124768 R 10.0 39 3 60 159
1950759980 2 124770 R 6.0 40 1 298 159
1955233908 1 125056 R 4.0 41 1 299 160
1959619472 1 125337 R 7.0 41 2 42 161
1968377717 2 125898 R 9.0 42 2 44 160
1968458102 3 125903 R 14.0 40 4 91 162
1977153746 2 126460 R 12.0 39 3 60 161
1985998207 3 127026 R 11.0 42 3 62 163
1986056657 2 127029 R 15.0 41 4 88 162
1990415156 3 127308 R 5.0 42 1 16 164
1990456509 2 127311 R 6.0 41 1 298 163
1994801145 3 127589 R 8.0 41 2 38 165
1994856030 1 127592 R 13.0 41 4 89 162
1999273401 1 127875 R 10.0 40 3 66 163
2003659076 1 128155 R 7.0 42 2 41 164
2008013745 1 128434 R 4.0 42 1 14 165
2012419139 2 128717 R 9.0 43 2 38 164
2021226720 3 129280 R 14.0 41 4 83 166
2025678962 2 129565 R 15.0 42 4 87 165
2030028174 2 129844 R 12.0 40 3 345 166
2034482300 2 130129 R 6.0 42 1 299 167
2038860439 3 130409 R 11.0 43 3 62 167
2038907356 1 130411 R 10.0 41 3 68 166
2043246275 3 130689 R 5.0 43 1 14 168
2047646126 1 130970 R 13.0 42 4 84 167
2052053783 1 131252 R 4.0 43 1 299 168
2052131456 3 131258 R 8.0 42 2 41 169
2056501918 1 131537 R 7.0 43 2 40 169
2065312924 2 132102 R 12.0 41 3 64 168
2069729998 2 132385 R 9.0 44 2 39 169
2074077240 3 132663 R 14.0 42 4 85 170
2078531432 2 132948 R 15.0 43 4 87 170
2083001588 2 133234 R 6.0 43 1 304 171
2087332890 1 133510 R 13.0 43 4 84 170
2087362154 3 133513 R 11.0 44 3 64 171
2091691685 3 133790 R 5.0 44 1 297 172
2091813043 1 133797 R 10.0 42 3 349 171
2096171011 3 134077 R 8.0 43 2 41 173
2100541355 1 134356 R 7.0 44 2 38 172
2104958648 1 134638 R 4.0 44 1 16 173
2113836348 3 135207 R 14.0 43 4 90 174
2118175309 2 135485 R 12.0 42 3 63 172
2126966727 2 136048 R 15.0 44 4 85 173
2127039236 1 136052 R 10.0 43 3 67 174
2131345058 3 136328 R 11.0 45 3 60 175
2131409628 2 136332 R 9.0 45 2 318 174
2135770225 2 136611 R 6.0 44 1 300 175
2135855901 3 136616 R 8.0 44 2 43 176
2140210638 3 136895 R 5.0 45 1 16 177
2140220656 1 136895 R 13.0 44 4 87 175
2144559414 1 137173 R 4.0 45 1 13 176
2148992337 1 137457 R 7.0 45 2 39 177
2153470306 3 137744 R 14.0 44 4 89 178
2162195308 2 138302 R 12.0 43 3 60 176
2166675063 2 138589 R 15.0 45 4 89 177
2170998250 2 138866 R 9.0 46 2 35 178
2179895611 3 139435 R 11.0 46 3 66 179
2184250114 3 139714 R 5.0 46 1 16 180
2184322580 1 139718 R 10.0 44 3 68 178
2188632045 2 139994 R 6.0 45 1 14 179
2188661762 1 139995 R 13.0 45 4 87 179
2188698681 3 139998 R 8.0 45 2 42 181
2193116136 3 140281 R 14.0 45 4 89 182
2197423805 1 140556 R 7.0 46 2 36 180
2201901863 1 140843 R 4.0 46 1 308 181
2206307203 2 141126 R 12.0 44 3 65 180
2210677428 2 141405 R 15.0 46 4 85 181
2219478903 3 141968 R 11.0 47 3 61 183
2219546958 2 141973 R 9.0 47 2 43 182
2223974258 1 142255 R 10.0 45 3 66 182
2232738150 3 142817 R 5.0 47 1 17 184
2237071329 2 143094 R 6.0 46 1 12 183
2237155616 3 143100 R 14.0 46 4 88 185
2241482972 1 143376 R 13.0 46 4 84 183
2241541368 3 143380 R 8.0 46 2 40 186
2245943056 2 143662 R 12.0 45 3 63 184
2250409094 1 143947 R 7.0 47 2 43 184
2254754405 1 144225 R 4.0 47 1 305 185
2263608092 2 144793 R 15.0 47 4 89 185
2263608220 1 144792 R 10.0 46 3 68 186
2267966952 3 145072 R 11.0 48 3 64 187
2276767777 2 145635 R 9.0 48 2 40 186
2281189307 3 145918 R 14.0 47 4 87 188
2281222617 2 145920 R 6.0 47 1 309 187
2281242256 1 145921 R 13.0 47 4 91 187
2285577089 2 146199 R 12.0 46 3 66 188
2285591238 3 146200 R 5.0 48 1 307 189
2290061134 3 146486 R 8.0 47 2 326 190
2298844394 1 147047 R 4.0 48 1 19 188
2303199287 1 147326 R 10.0 47 3 66 189
2303242182 2 147329 R 15.0 48 4 88 189
2307647751 1 147611 R 7.0 48 2 42 190
2316423680 3 148173 R 11.0 49 3 63 191
2320809800 3 148454 R 14.0 48 4 86 192
2325275488 2 148739 R 6.0 48 1 23 190
2334082556 2 149303 R 9.0 49 2 42 191
2338453072 2 149583 R 12.0 47 3 62 192
2338468629 3 149584 R 8.0 48 2 41 193
2338478588 1 149584 R 13.0 48 4 88 191
2342829632 3 149863 R 5.0 49 1 297 194
2342833164 1 149862 R 4.0 49 1 14 192
2347322840 2 150151 R 15.0 49 4 92 193
2351687392 1 150429 R 10.0 48 3 64 193
2360463278 3 150991 R 14.0 49 4 85 195
2364846965 2 151272 R 6.0 49 1 14 194
2364915379 1 151276 R 7.0 49 2 41 194
2369254744 3 151554 R 11.0 50 3 60 196
2378061491 2 152118 R 9.0 50 2 36 195
2378112689 1 152120 R 13.0 49 4 88 195
2382510333 2 152403 R 12.0 48 3 63 196
2382570749 3 152406 R 8.0 49 2 43 197
2386869188 3 152681 R 5.0 50 1 298 198
2391278396 1 152963 R 10.0 49 3 60 196
2395726721 1 153248 R 4.0 50 1 17 197
