69583893 1 4375 R 4.0 1 1 15 1
74018714 2 4659 R 6.0 1 1 16 1
74079218 3 4663 R 5.0 1 1 20 1
96003335 1 6065 R 7.0 1 2 37 2
96099075 3 6072 R 8.0 1 2 43 2
100446086 2 6351 R 9.0 1 2 39 2
100454155 3 6351 R 5.0 2 1 305 3
100458101 1 6350 R 4.0 2 1 300 3
104812631 1 6629 R 10.0 1 3 60 4
104885353 3 6634 R 11.0 1 3 349 4
104908459 2 6636 R 6.0 2 1 305 3
109309881 2 6918 R 12.0 1 3 66 4
118034849 3 7476 R 8.0 2 2 38 5
118071873 1 7478 R 4.0 3 1 16 5
122489457 1 7761 R 13.0 1 4 86 6
126875853 1 8041 R 10.0 2 3 341 7
126922215 3 8045 R 11.0 2 3 66 6
131277257 3 8324 R 5.0 3 1 294 7
131302320 2 8325 R 12.0 2 3 64 5
131355239 1 8328 R 7.0 2 2 328 8
135645852 3 8603 R 14.0 1 4 365 8
135674889 2 8605 R 9.0 2 2 323 6
140060801 2 8886 R 6.0 3 1 297 7
144476386 2 9168 R 15.0 1 4 647 8
148920285 3 9453 R 8.0 3 2 40 9
148936109 1 9453 R 13.0 2 4 88 9
153353860 3 9736 R 11.0 3 3 72 10
153369572 1 9737 R 4.0 4 1 308 10
157755657 3 10018 R 5.0 4 1 18 11
157771727 1 10019 R 7.0 3 2 610 11
157782478 2 10020 R 9.0 3 2 41 9
162122222 2 10298 R 15.0 2 4 85 10
162126162 3 10298 R 14.0 2 4 86 12
162179350 1 10301 R 10.0 3 3 631 12
166555576 2 10581 R 12.0 3 3 353 11
166590165 3 10584 R 8.0 4 2 43 13
170956551 2 10863 R 6.0 4 1 17 12
175291913 1 11140 R 13.0 3 4 83 13
175326841 2 11143 R 9.0 4 2 38 13
179709002 3 11423 R 5.0 5 1 13 14
179725094 1 11424 R 4.0 5 1 295 14
184110789 3 11705 R 11.0 4 3 62 15
184116866 1 11705 R 7.0 4 2 320 15
188596421 1 11991 R 10.0 4 3 65 16
188602065 2 11992 R 6.0 5 1 19 14
188606214 3 11993 R 14.0 3 4 90 16
192945524 3 12270 R 8.0 5 2 323 17
197315667 2 12550 R 15.0 3 4 85 15
197325139 1 12550 R 4.0 6 1 13 17
201742587 1 12833 R 13.0 4 4 84 18
201783405 3 12836 R 5.0 6 1 17 18
201842602 2 12840 R 12.0 4 3 351 16
206185024 3 13118 R 8.0 6 2 40 19
206212523 2 13120 R 9.0 5 2 40 17
210551510 2 13397 R 6.0 6 1 14 18
214939461 1 13677 R 7.0 5 2 35 19
219366726 3 13961 R 14.0 4 4 84 20
219390055 2 13963 R 12.0 5 3 70 19
219419353 1 13964 R 10.0 5 3 65 20
223801936 3 14245 R 11.0 5 3 345 21
228187638 3 14526 R 5.0 7 1 304 22
228197377 2 14527 R 15.0 4 4 86 20
228273134 1 14531 R 4.0 7 1 21 21
232565591 1 14805 R 13.0 5 4 83 22
232665482 3 14812 R 8.0 7 2 324 23
236972912 2 15088 R 6.0 7 1 13 21
241436942 2 15374 R 9.0 6 2 41 22
245846632 3 15656 R 11.0 6 3 64 24
250185742 3 15934 R 14.0 5 4 82 25
250293138 1 15940 R 13.0 6 4 90 23
254605250 3 16217 R 8.0 8 2 324 26
254673573 1 16220 R 7.0 6 2 322 24
254681260 2 16222 R 15.0 5 4 89 23
259012558 1 16498 R 4.0 8 1 292 25
259020462 3 16499 R 5.0 8 1 297 27
259083166 2 16503 R 12.0 6 3 354 24
263514014 1 16786 R 10.0 6 3 631 26
267920862 3 17069 R 8.0 9 2 44 28
272260340 3 17346 R 11.0 7 3 66 29
272281427 2 17348 R 9.0 7 2 41 25
272304871 1 17349 R 7.0 7 2 42 27
276659829 1 17627 R 10.0 7 3 62 28
276692976 3 17630 R 5.0 9 1 17 30
276699080 2 17631 R 6.0 8 1 304 26
281036542 2 17908 R 15.0 6 4 367 27
281086840 1 17911 R 13.0 7 4 87 29
281094741 3 17912 R 14.0 6 4 88 31
285525752 1 18195 R 4.0 9 1 310 30
289843177 2 18472 R 12.0 7 3 59 28
289870942 3 18474 R 8.0 10 2 39 32
294338373 2 18760 R 9.0 8 2 42 29
298722361 1 19039 R 7.0 8 2 40 31
303102706 1 19320 R 10.0 8 3 73 32
303145900 3 19323 R 11.0 8 3 70 33
307453811 3 19599 R 5.0 10 1 13 34
307521964 2 19603 R 15.0 7 4 87 30
307526401 1 19603 R 4.0 10 1 298 33
311921736 2 19885 R 6.0 9 1 299 31
316348621 1 20167 R 13.0 8 4 88 34
316385830 3 20170 R 14.0 7 4 90 35
320734388 1 20448 R 7.0 9 2 40 35
325134392 2 20731 R 12.0 8 3 62 32
325161891 3 20732 R 8.0 11 2 42 36
329522371 2 21011 R 9.0 9 2 323 33
333900497 1 21291 R 4.0 11 1 14 36
333969266 2 21296 R 6.0 10 1 298 34
334001962 3 21298 R 14.0 8 4 90 37
338348870 1 21575 R 13.0 9 4 85 37
338388554 3 21579 R 5.0 11 1 299 38
338401532 2 21580 R 15.0 8 4 90 35
342743177 3 21857 R 11.0 9 3 629 39
342766761 1 21858 R 7.0 10 2 328 38
342803400 2 21861 R 9.0 10 2 42 36
347111697 3 22137 R 8.0 12 2 319 40
347152443 1 22139 R 10.0 9 3 628 39
347173690 2 22141 R 6.0 11 1 17 37
351512608 2 22419 R 12.0 9 3 60 38
351608818 3 22425 R 11.0 10 3 66 41
351632000 1 22426 R 4.0 12 1 21 40
355945551 2 22702 R 15.0 9 4 84 39
355955725 1 22702 R 13.0 10 4 84 41
356008749 3 22706 R 5.0 12 1 301 42
360372667 1 22985 R 7.0 11 2 40 42
364752858 2 23266 R 9.0 11 2 37 40
364815196 3 23270 R 14.0 9 4 88 43
373642274 1 23834 R 10.0 10 3 65 43
373653898 2 23836 R 15.0 10 4 90 41
377996840 3 24114 R 8.0 13 2 41 44
378012732 1 24114 R 4.0 13 1 298 44
382369193 2 24394 R 9.0 12 2 37 42
382373548 1 24393 R 13.0 11 4 367 45
382461191 3 24399 R 11.0 11 3 66 45
386755401 2 24674 R 6.0 12 1 300 43
386768753 3 24675 R 5.0 13 1 13 46
391170591 3 24957 R 14.0 10 4 84 47
391195894 1 24958 R 10.0 11 3 62 46
391233404 2 24961 R 12.0 10 3 344 44
395582104 1 25238 R 7.0 12 2 314 47
400061621 1 25525 R 13.0 12 4 88 48
400071530 3 25526 R 11.0 12 3 65 48
404410763 3 25804 R 8.0 14 2 317 49
408790382 1 26084 R 4.0 14 1 13 49
408819900 2 26086 R 15.0 11 4 85 45
413248954 3 26370 R 14.0 11 4 87 50
413283791 2 26372 R 6.0 13 1 19 46
417591651 2 26648 R 9.0 13 2 36 47
417714934 3 26656 R 8.0 15 2 44 51
422018954 1 26930 R 13.0 13 4 84 50
422021258 3 26931 R 5.0 14 1 301 52
422118625 2 26937 R 12.0 11 3 66 48
426405060 1 27211 R 7.0 13 2 322 51
430885031 1 27498 R 10.0 12 3 625 52
430894441 2 27499 R 15.0 12 4 89 49
435233261 2 27777 R 6.0 14 1 13 50
435296078 3 27781 R 11.0 13 3 69 53
439666544 2 28061 R 12.0 12 3 62 51
439717133 1 28063 R 13.0 14 4 90 53
444031110 1 28339 R 4.0 15 1 301 54
444068224 2 28342 R 9.0 14 2 318 52
444134457 3 28346 R 14.0 12 4 90 54
448537872 3 28628 R 8.0 16 2 42 55
448541616 1 28628 R 7.0 14 2 43 55
452896641 1 28906 R 10.0 13 3 63 56
452906616 3 28908 R 5.0 15 1 301 56
457245619 3 29185 R 11.0 14 3 60 57
461654865 2 29468 R 15.0 13 4 83 53
466119372 2 29754 R 9.0 15 2 324 54
470489578 3 30033 R 14.0 13 4 84 58
470551700 2 30037 R 6.0 15 1 19 55
470561398 1 30037 R 4.0 16 1 19 57
474891244 3 30315 R 8.0 17 2 327 59
474953464 2 30319 R 12.0 13 3 65 56
474978857 1 30320 R 13.0 15 4 90 58
479278993 3 30596 R 11.0 15 3 60 60
479323821 2 30599 R 15.0 14 4 87 57
479365099 1 30600 R 7.0 15 2 330 59
483720121 1 30879 R 10.0 14 3 343 60
483725783 3 30880 R 5.0 16 1 297 61
483788188 2 30884 R 9.0 16 2 328 58
488095567 2 31160 R 6.0 16 1 14 59
488167840 1 31164 R 4.0 17 1 18 61
492497401 2 31442 R 12.0 14 3 59 60
492585134 1 31447 R 7.0 16 2 43 62
501374923 3 32010 R 14.0 14 4 88 62
501376849 1 32009 R 13.0 16 4 87 63
505776806 3 32291 R 8.0 18 2 324 63
510146984 3 32571 R 11.0 16 3 61 64
510209389 2 32575 R 15.0 15 4 90 61
514568029 1 32853 R 10.0 15 3 63 64
514581812 2 32855 R 9.0 17 2 327 62
514610792 3 32857 R 5.0 17 1 19 65
518981479 2 33137 R 6.0 17 1 304 63
519032397 1 33139 R 4.0 18 1 299 65
523382974 2 33418 R 12.0 15 3 63 64
523408616 1 33419 R 7.0 17 2 609 66
527729988 3 33696 R 14.0 15 4 83 66
536564068 2 34262 R 6.0 18 1 14 65
536605315 1 34264 R 13.0 17 4 88 67
536662120 3 34268 R 11.0 17 3 68 67
541028409 2 34548 R 12.0 16 3 63 66
541032596 3 34548 R 8.0 19 2 328 68
541048489 1 34548 R 10.0 16 3 350 68
545387247 1 34826 R 4.0 19 1 305 69
545461347 2 34831 R 15.0 16 4 90 67
549776892 3 35107 R 5.0 18 1 14 69
549825974 1 35110 R 7.0 18 2 323 70
549863074 2 35113 R 9.0 18 2 332 68
554209755 3 35391 R 8.0 20 2 39 70
558611512 3 35673 R 14.0 16 4 86 71
558617287 1 35673 R 10.0 17 3 71 71
563044053 2 35957 R 6.0 19 1 17 69
567502601 1 36241 R 13.0 18 4 90 72
571788932 2 36516 R 12.0 17 3 58 70
571793044 3 36517 R 11.0 18 3 60 72
571866872 1 36521 R 7.0 19 2 42 73
576243446 1 36801 R 4.0 20 1 303 74
576257093 3 36802 R 14.0 17 4 86 73
580627289 2 37082 R 15.0 17 4 85 71
580689658 3 37086 R 5.0 19 1 19 74
585034763 1 37363 R 10.0 18 3 61 75
585093540 2 37368 R 9.0 19 2 333 72
589477164 1 37648 R 7.0 20 2 40 76
589496847 3 37650 R 8.0 21 2 43 75
589524529 2 37651 R 6.0 20 1 308 73
593838176 1 37927 R 4.0 21 1 294 77
598268969 2 38211 R 15.0 18 4 85 74
598272947 3 38211 R 14.0 18 4 86 76
602660801 1 38491 R 13.0 19 4 85 78
602702157 2 38495 R 12.0 18 3 353 75
602736995 3 38497 R 11.0 19 3 66 77
607056490 1 38773 R 10.0 19 3 62 79
607093461 3 38776 R 8.0 22 2 40 78
611446723 3 39054 R 5.0 20 1 294 79
611510668 2 39059 R 9.0 20 2 41 76
611526648 1 39059 R 4.0 22 1 302 80
615959514 2 39343 R 6.0 21 1 311 77
620251970 2 39618 R 15.0 19 4 365 78
620255534 1 39617 R 13.0 20 4 82 81
624651691 2 39900 R 12.0 19 3 342 79
624672611 1 39900 R 7.0 21 2 37 82
624708045 3 39903 R 14.0 19 4 85 80
629092165 3 40184 R 5.0 21 1 302 81
629131018 1 40185 R 10.0 20 3 64 83
629177669 2 40189 R 6.0 22 1 20 80
633524614 3 40467 R 8.0 23 2 39 82
633538673 1 40468 R 4.0 23 1 299 84
633548182 2 40469 R 15.0 20 4 88 81
637887071 2 40747 R 9.0 21 2 36 82
637926514 3 40749 R 11.0 20 3 64 83
637986981 1 40752 R 13.0 21 4 90 85
642296576 3 41029 R 5.0 22 1 14 84
646725493 2 41312 R 6.0 23 1 16 83
651089955 1 41591 R 4.0 24 1 13 86
655532796 2 41876 R 12.0 20 3 66 84
655571956 3 41878 R 14.0 20 4 90 85
655600995 1 41880 R 7.0 22 2 43 87
659903348 2 42156 R 9.0 22 2 325 85
659955969 1 42158 R 13.0 22 4 88 88
660005369 3 42162 R 11.0 21 3 354 86
664401077 2 42444 R 15.0 21 4 371 86
664404799 1 42443 R 10.0 21 3 349 89
664406196 3 42444 R 8.0 24 2 43 87
668776638 3 42723 R 5.0 23 1 17 88
668800398 2 42725 R 6.0 24 1 300 87
673115979 3 43001 R 11.0 22 3 59 89
673158627 1 43003 R 7.0 23 2 38 90
677548759 3 43285 R 14.0 21 4 85 90
677560584 1 43285 R 4.0 25 1 301 91
681968283 1 43567 R 10.0 22 3 343 92
682012780 2 43571 R 12.0 21 3 62 88
686382991 2 43850 R 6.0 25 1 16 89
690761264 3 44130 R 5.0 24 1 15 91
690821871 1 44134 R 13.0 23 4 88 93
690847332 2 44136 R 15.0 22 4 91 90
695155301 2 44412 R 9.0 23 2 321 91
695256840 3 44418 R 14.0 22 4 89 92
699595949 3 44696 R 11.0 23 3 62 93
699638542 1 44698 R 7.0 24 2 42 94
703962378 2 44975 R 12.0 22 3 60 92
704029051 3 44980 R 8.0 25 2 324 94
704030798 1 44979 R 4.0 26 1 301 95
712790865 1 45540 R 10.0 23 3 66 96
712862975 2 45545 R 9.0 24 2 43 93
717202012 2 45823 R 6.0 26 1 14 94
717241531 3 45825 R 14.0 23 4 86 95
721635290 2 46107 R 15.0 23 4 86 95
721692140 3 46110 R 8.0 26 2 331 96
725984321 3 46385 R 5.0 25 1 299 97
726050388 1 46388 R 13.0 24 4 87 97
730384281 3 46666 R 11.0 24 3 907 98
730467813 1 46671 R 7.0 25 2 329 98
734853385 1 46952 R 4.0 27 1 17 99
734910401 3 46956 R 14.0 24 4 90 99
739253341 2 47234 R 15.0 24 4 85 96
739281588 3 47236 R 11.0 25 3 355 100
743614348 1 47512 R 10.0 24 3 59 100
743620138 3 47513 R 5.0 26 1 14 101
743641618 2 47515 R 12.0 23 3 344 97
748058633 2 47798 R 6.0 27 1 299 98
748062611 1 47797 R 7.0 26 2 40 101
752458571 3 48079 R 8.0 27 2 39 102
752479765 1 48080 R 4.0 28 1 17 102
752520855 2 48083 R 9.0 25 2 608 99
756866110 1 48361 R 13.0 25 4 86 103
756922614 2 48365 R 15.0 25 4 89 100
761247829 2 48642 R 9.0 26 2 37 101
761265782 3 48643 R 14.0 25 4 87 103
765632355 2 48922 R 6.0 28 1 293 102
765636638 3 48922 R 11.0 26 3 342 104
770100040 3 49208 R 5.0 27 1 17 105
770156599 1 49211 R 7.0 27 2 43 104
774470471 2 49488 R 12.0 24 3 62 103
778926844 1 49772 R 13.0 26 4 88 105
783344162 3 50056 R 14.0 26 4 90 106
783359898 1 50056 R 4.0 29 1 308 106
787682957 2 50334 R 9.0 27 2 37 104
787746040 3 50337 R 8.0 28 2 323 107
787761670 1 50338 R 10.0 25 3 625 107
792116626 3 50617 R 11.0 27 3 344 108
792168909 1 50620 R 7.0 28 2 326 108
792178555 2 50621 R 15.0 26 4 91 105
796488372 2 50897 R 12.0 25 3 61 106
796492268 1 50897 R 10.0 26 3 62 109
796580022 3 50903 R 5.0 28 1 20 109
800909271 1 51179 R 4.0 30 1 15 110
800950652 2 51183 R 6.0 29 1 305 107
809699215 3 51742 R 11.0 28 3 61 110
814100600 3 52024 R 8.0 29 2 36 111
814106456 1 52024 R 13.0 27 4 83 111
814165118 2 52028 R 15.0 27 4 87 108
818533649 2 52308 R 6.0 30 1 307 109
818586036 1 52311 R 7.0 29 2 42 112
818596115 3 52312 R 14.0 27 4 89 112
822950699 1 52590 R 10.0 27 3 63 113
822997340 2 52594 R 9.0 28 2 41 110
827305502 2 52869 R 12.0 26 3 59 111
827327109 1 52870 R 4.0 31 1 296 114
831746112 3 53153 R 5.0 29 1 15 113
836118429 1 53433 R 13.0 28 4 83 115
840582610 2 53719 R 15.0 28 4 87 112
840584723 3 53719 R 11.0 29 3 74 114
840598233 1 53719 R 10.0 28 3 64 116
844986246 3 54001 R 14.0 28 4 87 115
845013631 2 54003 R 6.0 31 1 300 113
845046424 1 54004 R 4.0 32 1 20 117
849338662 1 54279 R 7.0 30 2 37 118
849352403 2 54280 R 9.0 29 2 36 114
849356528 3 54281 R 8.0 30 2 38 116
853785481 2 54564 R 12.0 27 3 63 115
858226018 3 54848 R 5.0 30 1 17 117
858255516 1 54849 R 13.0 29 4 89 119
862610667 1 55128 R 10.0 29 3 349 120
862659106 3 55132 R 11.0 30 3 66 118
866998059 2 55410 R 15.0 29 4 85 116
867060717 3 55414 R 14.0 29 4 90 119
871368271 2 55689 R 6.0 32 1 13 117
871431340 3 55693 R 8.0 31 2 323 120
875832620 2 55975 R 12.0 28 3 64 118
875869489 1 55977 R 4.0 33 1 19 121
880175481 3 56253 R 5.0 31 1 13 121
880265583 2 56259 R 9.0 30 2 322 119
884692304 1 56541 R 7.0 31 2 48 122
889014080 3 56819 R 11.0 31 3 60 122
889078513 1 56822 R 13.0 30 4 88 123
893415477 3 57100 R 8.0 32 2 37 123
893433600 1 57101 R 10.0 30 3 342 124
902228661 2 57665 R 15.0 30 4 84 120
902287028 1 57667 R 4.0 34 1 18 125
902316572 3 57670 R 14.0 30 4 90 124
906677280 2 57949 R 6.0 33 1 302 121
906704556 1 57950 R 10.0 31 3 66 126
911094448 2 58232 R 9.0 31 2 613 122
915431964 2 58509 R 12.0 29 3 624 123
915437426 3 58510 R 11.0 32 3 61 125
919823682 3 58790 R 5.0 32 1 302 126
919832877 2 58791 R 6.0 34 1 13 124
919901228 1 58795 R 7.0 32 2 41 127
924256253 1 59073 R 13.0 31 4 84 128
924303340 3 59077 R 8.0 33 2 602 127
928671972 3 59357 R 14.0 31 4 370 128
928704580 1 59358 R 4.0 35 1 17 129
937449247 3 59918 R 8.0 34 2 37 129
937500016 2 59922 R 15.0 31 4 87 125
941917499 2 60205 R 9.0 32 2 324 126
941932942 1 60205 R 10.0 32 3 64 130
941960640 3 60207 R 5.0 33 1 296 130
946303649 2 60485 R 12.0 30 3 344 127
946319184 1 60486 R 7.0 33 2 322 131
946376072 3 60490 R 14.0 32 4 374 131
950673802 1 60764 R 13.0 32 4 84 132
950746103 3 60769 R 11.0 33 3 65 132
955188269 2 61054 R 6.0 35 1 21 128
959511982 2 61331 R 15.0 32 4 86 129
959527450 1 61331 R 4.0 36 1 16 133
963991942 3 61617 R 14.0 33 4 90 133
968334507 2 61895 R 9.0 33 2 40 130
968350330 1 61896 R 7.0 34 2 39 134
968378047 3 61898 R 5.0 34 1 297 134
972720719 2 62176 R 12.0 31 3 63 131
972730908 3 62176 R 8.0 35 2 601 135
972736473 1 62176 R 10.0 33 3 63 135
981506292 3 62738 R 5.0 35 1 13 136
981522119 1 62739 R 13.0 33 4 84 136
985945407 1 63022 R 4.0 37 1 297 137
985970635 3 63024 R 11.0 34 3 70 137
990362397 1 63304 R 10.0 34 3 62 138
990379757 2 63306 R 9.0 34 2 41 132
990403821 3 63308 R 8.0 36 2 329 138
994719206 2 63584 R 6.0 36 1 291 133
994748154 1 63585 R 7.0 35 2 39 139
994805183 3 63589 R 14.0 34 4 88 139
999158150 2 63868 R 15.0 33 4 366 134
1003580974 3 64151 R 11.0 35 3 64 140
1003596639 1 64151 R 13.0 34 4 87 140
1007957374 1 64430 R 4.0 38 1 298 141
1007959072 2 64431 R 12.0 32 3 61 135
1008044859 3 64437 R 5.0 36 1 20 141
1012353024 3 64712 R 14.0 35 4 84 142
1012374185 1 64713 R 7.0 36 2 38 142
1012454549 2 64719 R 6.0 37 1 309 136
1016754752 3 64994 R 8.0 37 2 317 143
1016793880 2 64997 R 15.0 34 4 367 137
1021165690 1 65276 R 4.0 39 1 14 143
1021169888 2 65277 R 9.0 35 2 600 138
1025645717 1 65562 R 13.0 35 4 88 144
1029961221 2 65839 R 12.0 33 3 58 139
1029969549 1 65839 R 10.0 35 3 348 145
1034386559 1 66122 R 7.0 37 2 322 146
1034440783 2 66126 R 6.0 38 1 18 140
1034466539 3 66128 R 11.0 36 3 73 144
1038805426 3 66405 R 5.0 37 1 14 145
1043238220 3 66689 R 8.0 38 2 40 146
1047640059 3 66971 R 14.0 36 4 86 147
1047655661 1 66971 R 10.0 36 3 74 147
1047700456 2 66975 R 15.0 35 4 91 141
1051992953 2 67249 R 9.0 36 2 317 142
1052026205 1 67251 R 4.0 40 1 298 148
1056415981 3 67532 R 11.0 37 3 61 148
1056503752 2 67538 R 12.0 34 3 66 143
1056512029 1 67538 R 13.0 36 4 371 149
1060850611 3 67816 R 8.0 39 2 39 149
1060858193 2 67817 R 6.0 39 1 16 144
1065203354 1 68094 R 7.0 38 2 35 150
1065307095 2 68102 R 15.0 36 4 89 145
1065313104 3 68102 R 5.0 38 1 302 150
1069714602 3 68383 R 14.0 37 4 89 151
1069720684 1 68383 R 4.0 41 1 305 151
1069724402 2 68384 R 9.0 37 2 332 146
1074110120 2 68665 R 12.0 35 3 65 147
1082870433 2 69226 R 15.0 37 4 86 148
1082886129 1 69226 R 10.0 37 3 63 152
1087301440 3 69509 R 14.0 38 4 87 152
1087319128 2 69510 R 9.0 38 2 324 149
1087334750 1 69511 R 13.0 37 4 90 153
1091640966 3 69787 R 11.0 38 3 341 153
1091752140 1 69793 R 7.0 39 2 330 154
1096059659 3 70070 R 8.0 40 2 37 154
1096141397 2 70075 R 6.0 40 1 19 150
1100475224 3 70352 R 5.0 39 1 298 155
1100527612 2 70356 R 15.0 38 4 87 151
1100543139 1 70356 R 4.0 42 1 19 155
1104882800 2 70634 R 12.0 36 3 347 152
1104970385 3 70640 R 11.0 39 3 69 156
1113709206 1 71198 R 10.0 38 3 61 156
1118091301 3 71480 R 14.0 39 4 85 157
1118157523 1 71483 R 4.0 43 1 18 157
1118182718 2 71486 R 9.0 39 2 43 153
1122491004 2 71761 R 6.0 41 1 299 154
1122553660 3 71765 R 5.0 40 1 303 158
1122574847 1 71766 R 13.0 38 4 89 158
1126945492 2 72046 R 12.0 37 3 345 155
1126961080 1 72047 R 7.0 40 2 324 159
1131299875 2 72325 R 15.0 39 4 85 156
1131360292 3 72329 R 8.0 41 2 41 159
1135720951 1 72607 R 4.0 44 1 14 160
1140136473 3 72890 R 14.0 40 4 85 160
1140169572 1 72892 R 13.0 39 4 87 161
1144559120 2 73174 R 9.0 40 2 39 157
1144587001 1 73175 R 7.0 41 2 330 162
1144601001 3 73176 R 11.0 40 3 349 161
1148970725 2 73456 R 12.0 38 3 65 158
1148973223 1 73455 R 10.0 39 3 624 163
1153313663 3 73734 R 5.0 41 1 13 162
1153362832 2 73737 R 6.0 42 1 299 159
1162138343 1 74298 R 7.0 42 2 36 164
1162246096 3 74305 R 11.0 41 3 74 163
1162247589 2 74306 R 9.0 41 2 44 160
1166571375 2 74582 R 15.0 40 4 85 161
1166616642 3 74585 R 8.0 42 2 330 164
1170971220 1 74863 R 13.0 40 4 84 165
1170989033 2 74865 R 12.0 39 3 353 162
1171051611 3 74869 R 14.0 41 4 372 165
1175388609 3 75147 R 5.0 42 1 297 166
1175404147 1 75147 R 4.0 45 1 301 166
1179779823 2 75428 R 6.0 43 1 14 163
1179796267 1 75428 R 10.0 40 3 627 167
1184195561 3 75710 R 11.0 42 3 62 167
1184259695 2 75715 R 9.0 42 2 43 164
1184275310 1 75715 R 7.0 43 2 45 168
1188565625 3 75990 R 8.0 43 2 36 168
1188583349 2 75991 R 15.0 41 4 84 165
1193000505 2 76274 R 12.0 40 3 63 166
1193029956 3 76276 R 14.0 42 4 88 169
1197462627 3 76559 R 5.0 43 1 18 170
1201801615 2 76837 R 9.0 43 2 38 167
1201815563 1 76837 R 13.0 41 4 85 169
1206289920 1 77124 R 10.0 41 3 351 170
1206297321 2 77125 R 6.0 44 1 306 168
1210595643 2 77400 R 15.0 42 4 366 169
1210618985 1 77401 R 4.0 46 1 299 171
1210675462 3 77405 R 14.0 43 4 89 171
1215012462 2 77683 R 12.0 41 3 60 170
1215045820 3 77685 R 11.0 43 3 64 172
1215098301 1 77687 R 7.0 44 2 43 172
1219509785 3 77970 R 8.0 44 2 43 173
1228209486 2 78527 R 15.0 43 4 84 171
1228223086 3 78528 R 5.0 44 1 13 174
1232624924 3 78810 R 14.0 44 4 84 175
1232638569 1 78810 R 13.0 42 4 86 173
1232652362 2 78812 R 9.0 44 2 322 172
1237055810 1 79093 R 10.0 42 3 61 174
1237120779 3 79097 R 11.0 44 3 345 176
1237137904 2 79099 R 6.0 45 1 307 173
1241451333 1 79374 R 7.0 45 2 38 175
1241459248 3 79375 R 8.0 45 2 38 177
1245921794 1 79660 R 4.0 47 1 302 176
1250241055 2 79937 R 12.0 42 3 62 174
1250297783 3 79941 R 14.0 45 4 87 178
1254699459 3 80222 R 11.0 45 3 63 179
1259087177 3 80503 R 8.0 46 2 38 180
1259157256 2 80508 R 6.0 46 1 20 175
1263461567 1 80783 R 10.0 43 3 61 177
1263512218 2 80787 R 15.0 44 4 87 176
1263534049 3 80788 R 5.0 45 1 301 181
1267878871 1 81065 R 13.0 43 4 83 178
1267960893 2 81071 R 9.0 45 2 328 177
1272264563 1 81346 R 4.0 48 1 13 179
1276701585 3 81631 R 11.0 46 3 62 182
1276744300 1 81633 R 7.0 46 2 41 180
1281181518 3 81917 R 5.0 46 1 302 183
1281188986 2 81918 R 15.0 45 4 91 178
1285550136 3 82197 R 14.0 46 4 368 184
1285575148 2 82199 R 9.0 46 2 327 179
1285598524 1 82199 R 13.0 44 4 91 181
1289888611 3 82475 R 8.0 47 2 36 185
1289930114 2 82477 R 12.0 43 3 632 180
1294296057 1 82756 R 7.0 47 2 36 182
1294378000 2 82762 R 6.0 47 1 18 181
1298807267 1 83045 R 10.0 44 3 67 183
1303132731 3 83322 R 14.0 47 4 85 186
1303200938 2 83327 R 12.0 44 3 71 182
1307567363 1 83605 R 4.0 49 1 16 184
1307586995 2 83607 R 15.0 46 4 88 183
1307598854 3 83608 R 11.0 47 3 65 187
1311941871 2 83886 R 9.0 47 2 323 184
1312016075 1 83890 R 13.0 45 4 90 185
1312029896 3 83892 R 5.0 47 1 306 188
1320795664 2 84453 R 12.0 45 3 64 185
1325144392 2 84731 R 9.0 48 2 36 186
1325179928 3 84733 R 14.0 48 4 86 189
1325244279 1 84737 R 10.0 45 3 67 186
1329599154 2 85016 R 6.0 48 1 294 187
1329612900 3 85017 R 8.0 48 2 325 190
1329630521 1 85017 R 7.0 48 2 326 187
1333953619 2 85295 R 15.0 47 4 84 188
1334014098 3 85299 R 5.0 48 1 18 191
1338384729 3 85578 R 11.0 48 3 61 192
1338390588 1 85578 R 13.0 46 4 85 188
1342817364 1 85861 R 7.0 49 2 39 189
1347213198 2 86144 R 9.0 49 2 40 189
1347256507 1 86145 R 4.0 50 1 303 190
1351624518 2 86426 R 15.0 48 4 86 190
1351659604 3 86428 R 5.0 49 1 19 193
1356026527 2 86708 R 6.0 49 1 299 191
1360373215 3 86986 R 14.0 49 4 82 194
1360453339 1 86990 R 13.0 47 4 87 191
1360496526 2 86994 R 12.0 46 3 349 192
1364833874 1 87270 R 10.0 46 3 344 192
1364900092 3 87275 R 8.0 49 2 321 195
1369224965 2 87552 R 6.0 50 1 15 193
1369256812 1 87554 R 4.0 51 1 296 193
1373675710 3 87837 R 11.0 49 3 65 196
1378014592 3 88115 R 5.0 50 1 14 197
1378047638 2 88117 R 9.0 50 2 44 194
1378079371 1 88118 R 13.0 48 4 88 194
1382433849 2 88398 R 15.0 49 4 85 195
1382447679 3 88398 R 14.0 50 4 86 198
1382465417 1 88399 R 7.0 50 2 324 195
1386820077 1 88678 R 10.0 47 3 61 196
1386849611 3 88680 R 8.0 50 2 324 199
1386914047 2 88684 R 12.0 47 3 349 196
1391219648 3 88960 R 11.0 50 3 60 200
1395652487 1 89243 R 13.0 49 4 85 197
1395683622 3 89246 R 5.0 51 1 17 201
1400091402 1 89527 R 4.0 52 1 297 198
1404453396 2 89807 R 6.0 51 1 15 197
1404477186 1 89808 R 10.0 48 3 63 199
1408870698 2 90090 R 9.0 51 2 38 198
1413256851 2 90370 R 15.0 50 4 85 199
1413262614 1 90370 R 7.0 51 2 37 200
1417686122 1 90653 R 4.0 53 1 298 201
1417725182 3 90656 R 14.0 51 4 89 202
1417736998 2 90657 R 12.0 48 3 348 200
1422080067 3 90935 R 8.0 51 2 321 203
1426508684 1 91218 R 13.0 50 4 86 202
1426528922 3 91220 R 11.0 51 3 636 204
1430945461 3 91502 R 5.0 52 1 18 205
1435276688 2 91780 R 15.0 51 4 82 201
1435300229 1 91780 R 10.0 49 3 61 203
1435331596 3 91783 R 11.0 52 3 63 206
1439750278 2 92066 R 9.0 52 2 42 202
1439779705 1 92067 R 7.0 52 2 43 204
1444103187 1 92344 R 4.0 54 1 14 205
1444152365 2 92348 R 6.0 52 1 304 203
1448497479 3 92626 R 14.0 52 4 84 207
1448520721 1 92626 R 13.0 51 4 85 206
1448559998 2 92630 R 12.0 49 3 346 204
1452945923 3 92910 R 11.0 53 3 62 208
1453008092 2 92914 R 15.0 52 4 89 205
1457300159 2 93189 R 6.0 53 1 13 206
1457357475 3 93193 R 8.0 52 2 329 209
1461727436 1 93472 R 10.0 50 3 61 207
1461749264 3 93474 R 5.0 53 1 302 210
1461811069 2 93478 R 9.0 53 2 43 207
1466166172 2 93757 R 12.0 50 3 63 208
1466197604 1 93758 R 4.0 55 1 308 208
1470614595 2 94041 R 15.0 53 4 90 209
1470634405 3 94042 R 14.0 53 4 90 211
1474926194 1 94316 R 7.0 53 2 37 209
1474958044 3 94319 R 8.0 53 2 327 212
1479375463 3 94602 R 11.0 54 3 346 213
1483749164 1 94881 R 13.0 52 4 84 210
1483842561 2 94888 R 6.0 54 1 19 210
1488135159 1 95162 R 10.0 51 3 59 211
1488229039 2 95169 R 12.0 51 3 65 211
1492583512 2 95447 R 15.0 54 4 85 212
1492614740 1 95448 R 7.0 54 2 41 212
1492644339 3 95451 R 11.0 55 3 69 214
1497014894 3 95731 R 5.0 54 1 297 215
1497031779 2 95732 R 9.0 54 2 41 213
1497063227 1 95733 R 4.0 56 1 20 213
1501375475 3 96010 R 8.0 54 2 607 216
1505792602 3 96292 R 14.0 54 4 86 217
1510166646 1 96572 R 13.0 53 4 84 214
1514583948 3 96855 R 8.0 55 2 37 218
1514665699 2 96860 R 6.0 55 1 19 214
1514677887 1 96860 R 7.0 55 2 329 215
1519032922 1 97139 R 10.0 52 3 627 216
1519063773 3 97142 R 11.0 56 3 65 219
1523467056 2 97424 R 12.0 52 3 65 215
1523480631 1 97424 R 4.0 57 1 19 217
1527792622 3 97700 R 5.0 55 1 14 220
1527837492 2 97703 R 15.0 55 4 86 216
1527897978 1 97707 R 7.0 56 2 43 218
1532210091 3 97983 R 14.0 55 4 83 221
1532301381 2 97989 R 9.0 55 2 44 217
1536596185 3 98264 R 8.0 56 2 320 222
1536609165 2 98265 R 6.0 56 1 14 218
1541042383 1 98548 R 13.0 54 4 85 219
1545413065 1 98828 R 4.0 58 1 301 220
1545481382 3 98833 R 11.0 57 3 64 223
1549877409 1 99113 R 10.0 53 3 625 221
1549929821 3 99117 R 14.0 56 4 89 224
1554227634 2 99392 R 12.0 53 3 60 219
1554315832 1 99397 R 7.0 57 2 324 222
1558627269 3 99674 R 5.0 56 1 13 225
1558701340 1 99678 R 4.0 59 1 18 223
1558722768 2 99680 R 9.0 56 2 43 220
1563062030 2 99958 R 15.0 56 4 84 221
1563138313 3 99963 R 8.0 57 2 43 226
1567462232 1 100239 R 10.0 54 3 63 224
1567493701 3 100241 R 11.0 58 3 63 227
1571900732 2 100524 R 6.0 57 1 16 222
1571910922 1 100523 R 7.0 58 2 321 225
1576328428 1 100806 R 13.0 55 4 371 226
1580707805 2 101087 R 9.0 57 2 39 223
1580753153 3 101090 R 14.0 57 4 89 228
1585078313 2 101367 R 12.0 54 3 63 224
1585102290 3 101368 R 8.0 58 2 326 229
1585119231 1 101369 R 4.0 60 1 17 227
1589474261 1 101647 R 10.0 55 3 60 228
1589556567 3 101653 R 5.0 57 1 302 230
1593922681 1 101932 R 13.0 56 4 87 229
1593948142 2 101935 R 15.0 57 4 88 225
1598339697 1 102215 R 7.0 59 2 41 230
1602722131 3 102496 R 11.0 59 3 64 231
1602786158 2 102500 R 6.0 58 1 20 226
1607170620 3 102781 R 14.0 58 4 89 232
1611588047 3 103063 R 8.0 59 2 332 233
1615973670 3 103344 R 5.0 58 1 18 234
1615998961 2 103346 R 15.0 58 4 90 227
1620324648 2 103623 R 9.0 58 2 321 228
1620328584 3 103623 R 11.0 60 3 61 235
1620357508 1 103624 R 4.0 61 1 24 231
1624728093 1 103904 R 13.0 57 4 84 232
1624741828 2 103905 R 6.0 59 1 299 229
1629141709 2 104187 R 12.0 55 3 626 230
1629192683 1 104189 R 10.0 56 3 348 233
1633588138 3 104471 R 14.0 59 4 87 236
1633625320 1 104473 R 7.0 60 2 327 234
1638005203 3 104754 R 8.0 60 2 41 237
1642391327 3 105035 R 11.0 61 3 63 238
1646745917 3 105313 R 5.0 59 1 14 239
1646823975 2 105319 R 15.0 59 4 89 231
1646837715 1 105319 R 13.0 58 4 91 235
1651147673 2 105595 R 6.0 60 1 302 232
1651163288 1 105596 R 10.0 57 3 60 236
1655565052 2 105878 R 12.0 56 3 343 233
1655580641 1 105878 R 4.0 62 1 297 237
1659980240 1 106160 R 7.0 61 2 602 238
1660005722 3 106162 R 14.0 60 4 86 240
1660027128 2 106164 R 9.0 59 2 602 234
1664422817 3 106445 R 11.0 62 3 64 241
1664428224 2 106445 R 6.0 61 1 17 235
1668787020 1 106723 R 4.0 63 1 14 239
1668798766 2 106725 R 12.0 57 3 65 236
1668809070 3 106725 R 8.0 61 2 322 242
1677668395 2 107293 R 15.0 60 4 88 237
1677688120 1 107293 R 13.0 59 4 89 240
1677693837 3 107294 R 5.0 60 1 20 243
1682017548 3 107571 R 14.0 61 4 86 244
1682027350 1 107571 R 7.0 62 2 324 241
1682087849 2 107575 R 9.0 60 2 324 238
1686460154 1 107855 R 10.0 58 3 64 242
1686503060 2 107858 R 6.0 62 1 305 239
1690840381 3 108135 R 11.0 63 3 63 245
1690861475 1 108136 R 4.0 64 1 17 243
1695226063 3 108416 R 8.0 62 2 38 246
1699637517 1 108698 R 13.0 60 4 84 244
1699684042 2 108702 R 6.0 63 1 18 240
1704023434 2 108979 R 12.0 58 3 60 241
1704111539 3 108985 R 14.0 62 4 90 247
1708434939 3 109262 R 5.0 61 1 15 248
1708456011 2 109263 R 9.0 61 2 39 242
1712820930 1 109542 R 10.0 59 3 59 245
1712852119 3 109544 R 8.0 63 2 38 249
1712857847 2 109545 R 15.0 61 4 85 243
1717332116 1 109830 R 4.0 65 1 303 246
1721633576 2 110106 R 6.0 64 1 13 244
1721747332 1 110113 R 7.0 63 2 607 247
1726049293 3 110389 R 11.0 64 3 64 250
1730529145 3 110676 R 14.0 63 4 88 251
1734852302 3 110952 R 8.0 64 2 36 252
1734908878 2 110956 R 12.0 59 3 66 245
1734928606 1 110956 R 13.0 61 4 87 248
1739267554 1 111234 R 7.0 64 2 38 249
1739269529 3 111235 R 5.0 62 1 14 253
1739341738 2 111240 R 15.0 62 4 89 246
1743700290 1 111518 R 4.0 66 1 16 250
1743743614 2 111521 R 9.0 62 2 327 247
1748061260 3 111798 R 14.0 64 4 83 254
1748102184 1 111800 R 10.0 60 3 62 251
1748113488 2 111801 R 6.0 65 1 16 248
1756909396 3 112364 R 11.0 65 3 62 255
1756983337 2 112369 R 15.0 63 4 90 249
1761373754 3 112650 R 5.0 63 1 301 256
1765687418 3 112926 R 8.0 65 2 604 257
1765689159 1 112925 R 10.0 61 3 60 252
1765696565 2 112926 R 6.0 66 1 13 250
1770098403 2 113208 R 12.0 60 3 60 251
1770153145 1 113211 R 13.0 62 4 87 253
1774572109 1 113494 R 7.0 65 2 41 254
1774593879 2 113496 R 9.0 63 2 323 252
1774603538 3 113496 R 8.0 66 2 43 258
1778933477 2 113774 R 15.0 64 4 367 253
1778983859 3 113777 R 14.0 65 4 89 259
1778987813 1 113776 R 4.0 67 1 301 255
1783407144 3 114060 R 5.0 64 1 297 260
1787763498 1 114338 R 13.0 63 4 87 256
1787771013 2 114339 R 9.0 64 2 40 254
1792172567 2 114621 R 6.0 67 1 17 255
1792228022 1 114624 R 10.0 62 3 353 257
1792229808 3 114624 R 11.0 66 3 68 261
1796543219 2 114901 R 15.0 65 4 84 256
1796615951 3 114905 R 8.0 67 2 323 262
1800970855 3 115184 R 14.0 66 4 368 263
1801007275 2 115186 R 12.0 61 3 65 257
1805346406 1 115463 R 4.0 68 1 13 258
1809747893 1 115745 R 7.0 66 2 37 259
1809824290 3 115750 R 5.0 65 1 19 264
1809845421 2 115752 R 9.0 65 2 44 258
1818646968 3 116315 R 8.0 68 2 49 265
1818649059 1 116315 R 13.0 64 4 90 260
1818654729 2 116316 R 15.0 66 4 89 259
1822988176 1 116592 R 10.0 63 3 61 261
1823023344 2 116595 R 6.0 68 1 300 260
1823033180 3 116596 R 11.0 67 3 65 266
1827362245 2 116873 R 12.0 62 3 60 261
1827420741 1 116876 R 7.0 67 2 41 262
1831793508 3 117156 R 14.0 67 4 85 267
1836200407 2 117439 R 9.0 66 2 38 262
1836228095 1 117440 R 13.0 65 4 86 263
1840598293 1 117719 R 4.0 69 1 14 264
1840647290 3 117723 R 5.0 66 1 17 268
1845007585 2 118002 R 6.0 69 1 14 263
1849467866 1 118287 R 7.0 68 2 41 265
1853875479 3 118570 R 8.0 69 2 52 269
1853908632 2 118572 R 15.0 67 4 90 264
1858230294 1 118848 R 10.0 64 3 67 266
1858248158 2 118850 R 12.0 63 3 349 265
1858261774 3 118850 R 11.0 68 3 64 270
1862604821 2 119129 R 9.0 67 2 319 266
1862616508 3 119129 R 14.0 68 4 84 271
1862710355 1 119135 R 4.0 70 1 303 267
1867078888 1 119414 R 13.0 66 4 370 268
1867082413 2 119415 R 6.0 70 1 303 267
1875822854 1 119974 R 7.0 69 2 36 269
1875854553 3 119976 R 11.0 69 3 61 272
1875858104 2 119977 R 15.0 68 4 85 268
1880293457 3 120260 R 5.0 67 1 296 273
1880322284 2 120262 R 12.0 64 3 65 269
1884629922 2 120538 R 6.0 71 1 13 270
1884661516 1 120539 R 10.0 65 3 66 270
1889084471 3 120823 R 8.0 70 2 39 274
1889156453 2 120828 R 9.0 68 2 44 271
1893533164 1 121107 R 13.0 67 4 88 271
1893564210 3 121110 R 5.0 68 1 20 275
1897888056 3 121387 R 14.0 69 4 86 276
1897932767 2 121390 R 15.0 69 4 87 272
1897964138 1 121391 R 4.0 71 1 311 272
1902271745 2 121667 R 12.0 65 3 62 273
1902302893 1 121668 R 7.0 70 2 38 273
1902305639 3 121669 R 11.0 70 3 345 277
1906704309 2 121951 R 9.0 69 2 40 274
1915470838 1 122511 R 13.0 68 4 84 274
1915502179 3 122514 R 11.0 71 3 62 278
1919919140 2 122797 R 12.0 66 3 63 275
1919945072 3 122798 R 8.0 71 2 322 279
1919950710 1 122798 R 4.0 72 1 303 275
1924287805 2 123076 R 6.0 72 1 295 276
1924305659 3 123077 R 5.0 69 1 296 280
1924399469 1 123083 R 10.0 66 3 350 276
1928722626 3 123360 R 14.0 70 4 85 281
1928751647 2 123362 R 15.0 70 4 88 277
1928783347 1 123363 R 7.0 71 2 606 277
1933090665 1 123639 R 4.0 73 1 13 278
1937513971 3 123923 R 5.0 70 1 14 282
1941981874 2 124209 R 12.0 67 3 64 278
1946336877 2 124487 R 6.0 73 1 298 279
1950767718 2 124771 R 9.0 70 2 604 280
1950773624 1 124771 R 13.0 69 4 87 279
1950804989 3 124773 R 11.0 72 3 74 283
1955128580 3 125050 R 8.0 72 2 321 284
1955222270 1 125055 R 7.0 72 2 325 280
1959571348 1 125334 R 10.0 67 3 345 281
1959602302 3 125336 R 14.0 71 4 88 285
1959637152 2 125339 R 15.0 71 4 89 281
1963931804 3 125613 R 5.0 71 1 299 286
1963994099 2 125617 R 9.0 71 2 323 282
1964025407 1 125619 R 4.0 74 1 304 282
1968346813 2 125896 R 6.0 74 1 294 283
1972785471 1 126179 R 10.0 68 3 64 283
1977212659 1 126463 R 7.0 73 2 324 284
1977247500 2 126466 R 12.0 68 3 64 284
1981620202 2 126746 R 9.0 72 2 325 285
1981627906 3 126746 R 11.0 73 3 70 287
1981645588 1 126746 R 4.0 75 1 306 285
1986019714 2 127027 R 6.0 75 1 305 286
1986037670 1 127027 R 13.0 70 4 371 286
1986076647 3 127031 R 8.0 73 2 327 288
1990368487 3 127305 R 5.0 72 1 13 289
1994826610 2 127591 R 15.0 72 4 86 287
1994879624 3 127594 R 14.0 72 4 89 290
1999203029 1 127870 R 10.0 69 3 62 287
1999234361 3 127873 R 11.0 74 3 63 291
2003602325 2 128152 R 9.0 73 2 38 288
2003651615 1 128155 R 7.0 74 2 326 288
2003682696 3 128157 R 8.0 74 2 43 292
2008066434 2 128438 R 6.0 76 1 18 289
2008068508 1 128437 R 4.0 76 1 17 289
2012454784 1 128718 R 13.0 71 4 86 290
2012499444 2 128722 R 12.0 69 3 65 290
2012505721 3 128722 R 14.0 73 4 89 293
2025702385 3 129567 R 5.0 73 1 19 294
2025711948 2 129567 R 9.0 74 2 43 291
2030037601 2 129844 R 15.0 73 4 84 292
2030113638 1 129848 R 7.0 75 2 42 291
2034421761 2 130125 R 6.0 77 1 293 293
2034453209 1 130126 R 4.0 77 1 304 292
2034462863 3 130127 R 11.0 75 3 69 295
2038892150 1 130410 R 10.0 70 3 345 293
2038911348 3 130412 R 14.0 74 4 88 296
2043277655 1 130691 R 13.0 72 4 86 294
2043328774 3 130695 R 8.0 75 2 330 297
2047651938 2 130972 R 12.0 70 3 60 294
2052119939 3 131257 R 5.0 74 1 17 298
2052131768 2 131258 R 6.0 78 1 303 295
2052162977 1 131259 R 10.0 71 3 67 295
2056486302 1 131536 R 7.0 76 2 38 296
2056562634 2 131542 R 9.0 75 2 616 296
2060901817 2 131820 R 15.0 74 4 85 297
2060903637 1 131819 R 13.0 73 4 86 297
2065285862 3 132100 R 11.0 76 3 61 299
2065289456 1 132100 R 4.0 78 1 15 298
2069734540 3 132385 R 8.0 76 2 323 300
2069739935 2 132385 R 12.0 71 3 65 298
2074083227 3 132663 R 14.0 75 4 84 301
2078537829 3 132948 R 5.0 75 1 297 302
2078548793 2 132949 R 9.0 76 2 41 299
2082917752 2 133229 R 6.0 79 1 299 300
2087354320 1 133512 R 10.0 72 3 64 299
2087381614 2 133514 R 15.0 75 4 90 301
2091689810 2 133790 R 12.0 72 3 345 302
2091693496 1 133789 R 13.0 74 4 83 300
2091703346 3 133791 R 11.0 77 3 61 303
2096112813 1 134072 R 7.0 77 2 320 301
2096151687 3 134075 R 5.0 76 1 17 304
2096215779 2 134080 R 9.0 77 2 44 303
2100528103 1 134355 R 4.0 79 1 302 302
2100569150 3 134358 R 14.0 76 4 87 305
2104955239 3 134639 R 8.0 77 2 321 306
2104991679 2 134641 R 6.0 80 1 18 304
2109330998 2 134919 R 15.0 76 4 84 305
2113834367 1 135206 R 13.0 75 4 88 303
2118144372 1 135482 R 7.0 78 2 327 304
2118169380 2 135485 R 12.0 73 3 63 306
2118245906 3 135489 R 11.0 78 3 68 307
2122530288 1 135763 R 4.0 80 1 304 305
2122610325 3 135769 R 14.0 77 4 87 308
2126978305 2 136048 R 9.0 78 2 39 307
2126986735 3 136049 R 5.0 77 1 303 309
2127008410 1 136050 R 10.0 73 3 913 306
2131372448 3 136330 R 8.0 78 2 38 310
2131427209 2 136333 R 6.0 81 1 300 308
2135811394 2 136614 R 15.0 77 4 368 309
2140189411 1 136893 R 13.0 76 4 86 307
2140257796 3 136898 R 11.0 79 3 66 311
2144649440 2 137179 R 12.0 74 3 65 310
2144653398 1 137179 R 10.0 74 3 66 308
2148961095 1 137455 R 7.0 79 2 36 309
2148965167 3 137455 R 8.0 79 2 37 312
2148990506 2 137457 R 15.0 78 4 85 311
2153398441 3 137739 R 5.0 78 1 299 313
2153421521 2 137741 R 6.0 82 1 299 312
2153487709 1 137744 R 4.0 81 1 20 310
2157790510 3 138020 R 14.0 78 4 365 314
2162263747 1 138306 R 10.0 75 3 68 311
2162290813 2 138308 R 9.0 79 2 43 313
2166598669 2 138584 R 6.0 83 1 14 314
2166602856 1 138584 R 13.0 77 4 85 312
2166675270 3 138589 R 11.0 80 3 65 315
2171000436 2 138866 R 15.0 79 4 84 315
2171084803 1 138870 R 7.0 80 2 328 313
2175404116 3 139148 R 8.0 80 2 37 316
2175437593 1 139149 R 4.0 82 1 292 314
2175496277 2 139154 R 12.0 75 3 350 316
2184283672 3 139716 R 11.0 81 3 64 317
2188685599 3 139998 R 5.0 79 1 301 318
2188698586 1 139998 R 7.0 81 2 44 315
2193051310 2 140277 R 6.0 84 1 15 317
2193083087 1 140278 R 4.0 83 1 299 316
2193093167 3 140280 R 14.0 79 4 369 319
2197484096 2 140561 R 9.0 80 2 46 318
2197515774 1 140562 R 10.0 76 3 65 317
2201917302 1 140844 R 13.0 78 4 90 318
2201946592 3 140846 R 8.0 81 2 43 320
2206238982 3 141121 R 11.0 82 3 60 321
2206291581 2 141125 R 15.0 80 4 86 319
2210662223 2 141404 R 12.0 76 3 350 320
2210693034 1 141405 R 7.0 82 2 39 319
2210749747 3 141410 R 5.0 80 1 20 322
2215104799 3 141688 R 14.0 80 4 87 323
2219562891 1 141973 R 13.0 79 4 90 320
2223907429 2 142252 R 9.0 81 2 40 321
2223919505 1 142252 R 10.0 77 3 63 321
2228272545 1 142530 R 4.0 84 1 293 322
2228364295 3 142537 R 11.0 83 3 67 324
2228370204 2 142538 R 6.0 85 1 301 322
2232771502 2 142819 R 15.0 81 4 91 323
2232781468 3 142820 R 14.0 81 4 90 325
2237141793 2 143099 R 12.0 77 3 63 324
2237167311 3 143100 R 8.0 82 2 42 326
2237173016 1 143100 R 7.0 83 2 42 323
2241521960 3 143379 R 5.0 81 1 15 327
2245886250 2 143659 R 6.0 86 1 13 325
2245917795 1 143660 R 10.0 78 3 62 324
2250319130 2 143942 R 9.0 82 2 37 326
2250376196 3 143946 R 14.0 82 4 90 328
2254742553 1 144225 R 13.0 80 4 86 325
2259126398 2 144506 R 15.0 82 4 86 327
2259158098 1 144507 R 4.0 85 1 299 326
2259199020 3 144510 R 11.0 84 3 66 329
2263622185 2 144794 R 12.0 78 3 350 328
2267933662 1 145069 R 10.0 79 3 60 327
2267960708 2 145071 R 9.0 83 2 39 329
2267990587 3 145073 R 14.0 83 4 89 330
2272370848 3 145353 R 8.0 83 2 319 331
2272397676 1 145355 R 7.0 84 2 41 328
2276794001 3 145637 R 5.0 82 1 303 332
2276799029 2 145637 R 6.0 87 1 18 330
2281210946 3 145919 R 11.0 85 3 64 333
2281236276 1 145920 R 13.0 81 4 89 329
2285606389 2 146201 R 12.0 79 3 64 331
2290002187 3 146482 R 5.0 83 1 17 334
2290045232 1 146484 R 10.0 80 3 66 330
2294357045 3 146761 R 8.0 84 2 37 335
2294382265 2 146762 R 15.0 83 4 86 332
2294413963 1 146764 R 4.0 86 1 304 331
2303211306 3 147327 R 14.0 84 4 86 336
2303251667 2 147330 R 9.0 84 2 43 333
2307596771 1 147607 R 7.0 85 2 39 332
2311965047 2 147888 R 6.0 88 1 12 334
2311983170 1 147888 R 4.0 87 1 300 333
2312033908 3 147892 R 11.0 86 3 64 337
2316398803 1 148171 R 13.0 82 4 367 334
2316419732 3 148173 R 8.0 85 2 39 338
2316491903 2 148177 R 12.0 80 3 77 335
2320800026 3 148453 R 14.0 85 4 84 339
2325223309 3 148736 R 5.0 84 1 298 340
2325267763 2 148739 R 15.0 84 4 88 336
2325299272 1 148740 R 10.0 81 3 66 335
2329606649 2 149017 R 6.0 89 1 13 337
2334039589 2 149300 R 9.0 85 2 38 338
2334043544 1 149300 R 4.0 88 1 16 336
2338451454 3 149583 R 14.0 86 4 87 341
2342837873 3 149863 R 11.0 87 3 348 342
2342846943 2 149864 R 12.0 81 3 62 339
2342882352 1 149866 R 13.0 83 4 89 337
2347280195 3 150148 R 8.0 86 2 324 343
2347284084 1 150147 R 7.0 86 2 325 338
2351622742 2 150426 R 15.0 85 4 83 340
2351640788 3 150427 R 5.0 85 1 295 344
2351654538 1 150427 R 10.0 82 3 630 339
2360525496 2 150995 R 9.0 86 2 42 341
2364837477 1 151271 R 13.0 84 4 83 340
2364868875 3 151273 R 14.0 87 4 84 345
2364925508 2 151277 R 6.0 90 1 298 342
2369254920 3 151554 R 11.0 88 3 60 346
2369326852 2 151559 R 12.0 82 3 65 343
2369348707 1 151559 R 4.0 89 1 297 341
2373703684 1 151838 R 10.0 83 3 345 342
2378102805 2 152120 R 15.0 86 4 86 344
2378134292 1 152122 R 7.0 87 2 323 343
2378139889 3 152123 R 8.0 87 2 42 347
2382463378 3 152399 R 5.0 86 1 13 348
2382473009 1 152399 R 4.0 90 1 13 344
2382566611 2 152406 R 6.0 91 1 20 345
2386874701 2 152682 R 12.0 83 3 60 346
2386906148 1 152683 R 10.0 84 3 63 345
2391276279 2 152964 R 9.0 87 2 37 347
2391307687 1 152965 R 13.0 85 4 86 346
2395691875 3 153246 R 11.0 89 3 60 349
