109288176 1 6916 R 4.0 1 1 23 1
113609744 3 7193 R 5.0 1 1 13 1
113650723 2 7196 R 6.0 1 1 15 1
135650973 1 8603 R 7.0 1 2 37 2
135698007 3 8607 R 8.0 1 2 40 2
140076013 2 8887 R 9.0 1 2 39 2
144505332 1 9170 R 10.0 1 3 62 3
144552181 3 9173 R 11.0 1 3 70 3
148961752 2 9456 R 12.0 1 3 67 3
162139395 1 10298 R 13.0 1 4 88 4
170977811 3 10864 R 14.0 1 4 90 4
175324699 2 11143 R 15.0 1 4 84 4
175332381 3 11143 R 5.0 2 1 15 5
179710535 2 11423 R 6.0 2 1 14 5
184157126 1 11707 R 4.0 2 1 23 5
201837709 2 12840 R 9.0 2 2 43 6
206149656 1 13115 R 10.0 2 3 62 6
206225699 3 13120 R 8.0 2 2 42 6
210611838 3 13401 R 11.0 2 3 64 7
210613613 1 13400 R 7.0 2 2 40 7
219393623 2 13963 R 12.0 2 3 69 7
232637441 2 14811 R 15.0 2 4 86 8
232668697 1 14812 R 13.0 2 4 91 8
241483663 3 15377 R 14.0 2 4 89 8
245860082 3 15657 R 5.0 3 1 306 9
245881183 1 15658 R 4.0 3 1 20 9
254662881 2 16220 R 6.0 3 1 24 9
272223153 3 17344 R 11.0 3 3 61 10
272328305 2 17351 R 9.0 3 2 44 10
276671349 3 17629 R 8.0 3 2 40 11
281057545 1 17909 R 10.0 3 3 62 10
285443431 1 18190 R 7.0 3 2 38 11
294242913 2 18753 R 12.0 3 3 60 11
294328910 1 18758 R 13.0 3 4 89 12
303159414 2 19324 R 15.0 3 4 91 12
311868592 1 19881 R 4.0 4 1 13 13
311907681 3 19884 R 5.0 4 1 16 12
316387705 3 20171 R 14.0 3 4 90 13
325161386 2 20732 R 6.0 4 1 16 13
338333341 3 21575 R 11.0 4 3 66 14
342716976 2 21856 R 9.0 4 2 37 14
342772026 1 21859 R 10.0 4 3 65 14
351561244 3 22422 R 8.0 4 2 39 15
360358587 1 22984 R 7.0 4 2 38 15
364772182 2 23267 R 15.0 4 4 87 15
369173750 2 23549 R 12.0 4 3 61 16
369228441 1 23552 R 13.0 4 4 91 16
378049041 3 24117 R 5.0 5 1 19 16
382347180 1 24391 R 4.0 5 1 12 17
386778329 3 24676 R 14.0 4 4 84 17
391246025 2 24962 R 6.0 5 1 22 17
408817420 3 26086 R 8.0 5 2 42 18
408866432 1 26089 R 10.0 5 3 66 18
413203560 3 26367 R 11.0 5 3 61 19
413285412 2 26372 R 9.0 5 2 45 18
430827336 1 27494 R 7.0 5 2 41 19
430888101 2 27499 R 12.0 5 3 69 19
435330537 3 27783 R 5.0 6 1 23 20
439648429 2 28059 R 15.0 5 4 83 20
439665937 1 28060 R 13.0 5 4 87 20
444067392 1 28341 R 4.0 6 1 15 21
452907645 2 28908 R 6.0 6 1 17 21
457292018 3 29188 R 14.0 5 4 86 21
474929623 1 30317 R 10.0 6 3 64 22
474941368 3 30318 R 11.0 6 3 65 22
479343158 3 30600 R 8.0 6 2 326 23
483738534 2 30881 R 9.0 6 2 41 22
492498942 2 31442 R 12.0 6 3 61 23
496929738 3 31725 R 5.0 7 1 15 24
496947567 2 31727 R 15.0 6 4 87 24
496984613 1 31728 R 13.0 6 4 88 23
501385917 1 32010 R 7.0 6 2 42 24
510161936 1 32572 R 4.0 7 1 16 25
518924265 3 33133 R 14.0 6 4 82 25
527778009 2 33700 R 6.0 7 1 15 25
536556074 1 34261 R 10.0 7 3 60 26
541057406 3 34549 R 11.0 7 3 68 26
545374694 2 34826 R 9.0 7 2 38 26
545411913 3 34828 R 8.0 7 2 39 27
558671420 3 35677 R 5.0 8 1 19 28
563074897 1 35958 R 7.0 7 2 43 27
567461176 2 36239 R 12.0 7 3 64 27
571819807 1 36518 R 13.0 7 4 84 28
571894036 2 36523 R 15.0 7 4 90 28
580642590 3 37083 R 14.0 7 4 85 29
580657906 1 37083 R 4.0 8 1 16 29
593919374 2 37933 R 6.0 8 1 21 29
602666120 3 38492 R 8.0 8 2 42 30
607052241 1 38772 R 10.0 8 3 61 30
607053920 2 38773 R 9.0 8 2 37 30
615847677 3 39336 R 11.0 8 3 60 31
620311559 3 39622 R 5.0 9 1 17 32
629138126 1 40186 R 7.0 8 2 42 31
633571216 1 40470 R 13.0 8 4 90 32
637885075 2 40747 R 12.0 8 3 62 31
642353080 3 41032 R 14.0 8 4 88 33
642364738 2 41033 R 15.0 8 4 88 32
651189160 1 41597 R 4.0 9 1 19 33
659904478 2 42156 R 6.0 9 1 13 33
664321904 2 42439 R 9.0 9 2 46 34
673136891 1 43002 R 10.0 9 3 60 34
673183764 3 43006 R 8.0 9 2 41 34
677601161 3 43288 R 11.0 9 3 65 35
681987256 3 43569 R 5.0 10 1 17 36
699561965 1 44693 R 7.0 9 2 38 35
704041911 1 44980 R 13.0 9 4 88 36
712818023 3 45542 R 14.0 9 4 86 37
712880368 2 45546 R 15.0 9 4 90 35
717172941 2 45821 R 12.0 9 3 343 36
726028678 1 46387 R 4.0 10 1 15 37
726099062 2 46392 R 9.0 10 2 44 37
730444448 2 46670 R 6.0 10 1 303 38
734857441 3 46953 R 8.0 10 2 51 38
748083907 1 47798 R 10.0 10 3 64 38
752460275 3 48079 R 11.0 10 3 62 39
756939711 3 48366 R 5.0 11 1 20 40
761296472 1 48644 R 13.0 10 4 87 39
765667025 1 48924 R 7.0 10 2 320 40
770148603 2 49211 R 12.0 10 3 66 39
774480052 3 49488 R 14.0 10 4 86 41
783345545 2 50056 R 15.0 10 4 89 40
787700064 2 50335 R 6.0 11 1 15 41
792148622 2 50619 R 9.0 11 2 42 42
796466178 1 50895 R 4.0 11 1 13 41
796519062 3 50899 R 8.0 11 2 47 42
809804109 1 51749 R 10.0 11 3 67 42
818579989 1 52310 R 13.0 11 4 89 43
823007149 3 52594 R 11.0 11 3 66 43
827330333 3 52871 R 5.0 12 1 14 44
831747798 3 53154 R 14.0 11 4 86 45
831790750 2 53157 R 12.0 11 3 65 43
836135369 1 53434 R 7.0 11 2 37 44
849387069 2 54283 R 9.0 12 2 38 44
853851622 2 54568 R 6.0 12 1 302 45
858228115 2 54848 R 15.0 11 4 370 46
866997488 1 55409 R 4.0 12 1 15 45
871451923 3 55695 R 8.0 12 2 42 46
875773598 1 55971 R 13.0 12 4 84 46
884643233 1 56538 R 10.0 12 3 63 47
893401519 2 57100 R 12.0 12 3 61 47
893438496 3 57102 R 5.0 13 1 17 47
897871719 3 57386 R 14.0 12 4 89 48
902273677 3 57667 R 11.0 12 3 352 49
902292403 1 57668 R 7.0 12 2 43 48
911044786 2 58229 R 9.0 13 2 37 48
915483921 2 58513 R 6.0 13 1 296 49
919869863 2 58794 R 15.0 12 4 85 50
937515363 1 59922 R 13.0 13 4 87 49
937540624 3 59924 R 8.0 13 2 42 50
941962021 1 60207 R 4.0 13 1 305 50
946269696 1 60482 R 10.0 13 3 60 51
955065184 3 61046 R 14.0 13 4 83 51
959591803 3 61336 R 11.0 13 3 67 52
963917139 2 61613 R 12.0 13 3 62 51
968367511 3 61897 R 5.0 14 1 18 53
972739684 2 62177 R 6.0 14 1 16 52
977125597 2 62458 R 9.0 14 2 38 53
977194146 1 62462 R 7.0 13 2 43 52
986011145 2 63027 R 15.0 13 4 90 54
994749987 1 63585 R 13.0 14 4 84 53
1007980191 1 64432 R 10.0 14 3 62 54
1008026943 3 64435 R 8.0 14 2 42 54
1012381840 3 64714 R 14.0 14 4 85 55
1012395737 1 64714 R 4.0 14 1 300 55
1016830317 3 64999 R 11.0 14 3 66 56
1029995936 2 65842 R 12.0 14 3 62 55
1030058504 3 65846 R 5.0 15 1 19 57
1038796980 2 66405 R 9.0 15 2 38 56
1038851795 1 66408 R 7.0 14 2 42 56
1043267366 2 66691 R 6.0 15 1 304 57
1047590660 2 66968 R 15.0 14 4 84 58
1065308565 1 68101 R 13.0 15 4 90 57
1069634007 1 68378 R 10.0 15 3 62 58
1069663408 3 68380 R 14.0 15 4 85 58
1074018297 1 68658 R 4.0 15 1 293 59
1078532732 3 68948 R 8.0 15 2 43 59
1091638028 2 69787 R 12.0 15 3 67 59
1091700748 3 69791 R 11.0 15 3 65 60
1096053738 3 70069 R 5.0 16 1 293 61
1100523081 2 70355 R 9.0 16 2 41 60
1104879945 1 70633 R 7.0 15 2 37 60
1109377288 2 70922 R 15.0 15 4 91 61
1113669305 2 71197 R 6.0 16 1 13 62
1131321112 3 72326 R 14.0 16 4 86 62
1135741999 1 72609 R 4.0 16 1 16 61
1140175020 1 72892 R 13.0 16 4 86 62
1144577050 1 73174 R 10.0 16 3 349 63
1148956567 3 73455 R 8.0 16 2 39 63
1148968354 2 73456 R 12.0 16 3 64 63
1153436718 3 73742 R 5.0 17 1 307 64
1157742924 3 74017 R 11.0 16 3 347 65
1162227785 2 74304 R 9.0 17 2 43 64
1171033041 1 74867 R 7.0 16 2 42 64
1171050692 2 74869 R 15.0 16 4 90 65
1184247432 2 75714 R 6.0 17 1 18 66
1188667079 3 75996 R 14.0 17 4 89 66
1201895298 1 76842 R 13.0 17 4 91 65
1206283719 1 77123 R 10.0 17 3 349 66
1210604902 1 77400 R 4.0 17 1 295 67
1219462632 2 77968 R 12.0 17 3 62 67
1223827148 3 78247 R 11.0 17 3 61 67
1228244654 3 78529 R 5.0 18 1 297 68
1228253901 1 78529 R 7.0 17 2 39 68
1232644236 3 78811 R 8.0 17 2 601 69
1237111911 2 79097 R 15.0 17 4 88 68
1241513706 2 79379 R 9.0 18 2 325 69
1245856757 3 79657 R 14.0 18 4 85 70
1250289258 2 79940 R 6.0 18 1 16 70
1263459330 1 80783 R 13.0 18 4 83 69
1267923444 1 81068 R 10.0 18 3 63 70
1276761469 1 81634 R 4.0 18 1 19 71
1285494669 2 82194 R 12.0 18 3 60 71
1285529783 3 82196 R 11.0 18 3 63 71
1289962418 3 82479 R 8.0 18 2 40 72
1289974179 1 82479 R 7.0 18 2 47 72
1294364090 3 82761 R 5.0 19 1 17 73
1298706944 2 83039 R 9.0 19 2 36 72
1307545648 3 83605 R 14.0 19 4 85 74
1312013515 2 83891 R 15.0 18 4 90 73
1320757996 2 84450 R 6.0 19 1 15 74
1329647563 1 85019 R 13.0 19 4 91 73
1342766459 1 85858 R 10.0 19 3 60 74
1351573231 1 86422 R 4.0 19 1 13 75
1356025926 2 86708 R 12.0 19 3 61 75
1360395941 2 86987 R 9.0 20 2 38 76
1360433428 3 86989 R 11.0 19 3 63 75
1364879698 1 87273 R 7.0 19 2 49 76
1364882104 3 87274 R 5.0 20 1 300 76
1369299269 3 87557 R 8.0 19 2 614 77
1373636725 3 87834 R 14.0 20 4 649 78
1386839013 2 88680 R 15.0 19 4 84 77
1391273894 1 88963 R 13.0 20 4 87 77
1391317004 2 88966 R 6.0 20 1 301 78
1404486611 1 89808 R 10.0 20 3 64 78
1413264253 2 90371 R 12.0 20 3 60 79
1422149661 3 90939 R 11.0 20 3 65 79
1426496331 1 91217 R 4.0 20 1 16 79
1426535895 3 91220 R 5.0 21 1 303 80
1430897817 2 91499 R 9.0 21 2 39 80
1430951123 3 91503 R 8.0 20 2 606 81
1435319217 1 91782 R 7.0 20 2 39 80
1435321370 3 91782 R 14.0 21 4 86 82
1444094835 2 92344 R 6.0 21 1 14 81
1452921911 1 92908 R 13.0 21 4 84 81
1452980310 2 92913 R 15.0 20 4 88 82
1475023659 1 94323 R 10.0 21 3 69 82
1483738848 3 94881 R 8.0 21 2 36 83
1488154148 2 95164 R 12.0 21 3 60 83
1488158039 1 95163 R 4.0 21 1 14 83
1492539981 2 95444 R 9.0 22 2 36 84
1492639897 3 95451 R 11.0 21 3 66 84
1496978923 3 95728 R 5.0 22 1 15 85
1501380423 1 96009 R 7.0 21 2 38 84
1501425223 2 96013 R 6.0 22 1 18 85
1510187783 1 96573 R 13.0 22 4 85 85
1510222897 3 96576 R 14.0 22 4 86 86
1523474530 2 97424 R 15.0 21 4 90 86
1545455367 1 98830 R 10.0 22 3 63 86
1554238851 3 99393 R 8.0 22 2 40 87
1554336367 2 99399 R 9.0 23 2 44 87
1558706941 2 99679 R 12.0 22 3 65 88
1563028316 1 99955 R 7.0 22 2 36 87
1563108418 3 99961 R 5.0 23 1 18 88
1567451691 2 100239 R 6.0 23 1 13 89
1567507053 1 100242 R 4.0 22 1 306 88
1567541990 3 100244 R 14.0 23 4 90 89
1571944080 3 100526 R 11.0 22 3 355 90
1585093721 1 101367 R 13.0 23 4 86 89
1598313986 2 102214 R 15.0 22 4 88 90
1615893233 1 103338 R 10.0 23 3 59 90
1615896990 3 103339 R 8.0 23 2 46 91
1615900859 2 103340 R 9.0 24 2 35 91
1624721846 3 103904 R 14.0 24 4 83 92
1624770596 2 103907 R 12.0 23 3 64 92
1629201772 3 104191 R 5.0 24 1 308 93
1629203150 2 104191 R 6.0 24 1 19 93
1633632978 3 104474 R 11.0 23 3 348 94
1637981116 1 104752 R 7.0 23 2 45 91
1642412506 1 105035 R 4.0 23 1 298 92
1655562466 1 105877 R 13.0 24 4 85 93
1660003015 2 106162 R 15.0 23 4 87 94
1690802356 2 108133 R 9.0 25 2 37 95
1690830106 1 108134 R 10.0 24 3 61 94
1690861027 3 108137 R 8.0 24 2 41 95
1695311691 3 108422 R 14.0 25 4 91 96
1699604197 3 108696 R 5.0 25 1 299 97
1699609634 2 108697 R 12.0 24 3 59 96
1704003994 3 108978 R 11.0 24 3 341 98
1704104823 2 108985 R 6.0 25 1 19 97
1708416661 1 109260 R 4.0 24 1 13 95
1712881069 1 109545 R 13.0 25 4 87 96
1717314181 1 109829 R 7.0 24 2 323 97
1721660730 2 110108 R 15.0 24 4 84 98
1748116984 2 111801 R 9.0 26 2 40 99
1752519004 1 112082 R 10.0 25 3 62 98
1752579286 3 112087 R 8.0 25 2 43 99
1756966234 3 112368 R 5.0 26 1 297 100
1761319238 3 112646 R 14.0 26 4 368 101
1765689054 3 112926 R 11.0 25 3 61 102
1770127398 2 113210 R 6.0 26 1 15 100
1774544861 2 113493 R 12.0 25 3 62 101
1774575602 1 113494 R 4.0 25 1 22 99
1783336361 2 114055 R 15.0 25 4 86 102
1783367577 1 114057 R 7.0 25 2 41 100
1787722547 1 114335 R 13.0 26 4 83 101
1809816277 3 115750 R 8.0 26 2 42 103
1814167145 2 116029 R 9.0 27 2 37 103
1814232110 3 116033 R 5.0 27 1 298 104
1818602222 3 116312 R 14.0 27 4 86 105
1818615864 1 116312 R 10.0 26 3 65 102
1827395296 2 116875 R 6.0 27 1 15 104
1831877292 3 117162 R 11.0 26 3 66 106
1845007806 2 118002 R 15.0 26 4 85 105
1849409273 1 118283 R 7.0 26 2 38 103
1849503604 2 118290 R 12.0 26 3 352 106
1853873791 1 118569 R 4.0 26 1 301 104
1858250303 1 118849 R 13.0 27 4 368 105
1871425163 3 119693 R 8.0 27 2 37 107
1871464213 2 119696 R 9.0 28 2 49 107
1875920538 3 119981 R 5.0 28 1 19 108
1884737684 1 120544 R 10.0 27 3 66 106
1893476481 3 121104 R 14.0 28 4 85 109
1897920616 2 121389 R 6.0 28 1 17 108
1906720312 3 121952 R 11.0 27 3 63 110
1911100259 1 122231 R 4.0 27 1 14 107
1911102315 2 122232 R 15.0 27 4 85 109
1915486304 1 122512 R 7.0 27 2 38 108
1915566428 2 122518 R 12.0 27 3 66 110
1928777161 1 123363 R 13.0 28 4 88 109
1933090536 2 123640 R 9.0 29 2 36 111
1933114126 3 123641 R 8.0 28 2 37 111
1937578245 3 123927 R 5.0 29 1 18 112
1959545482 1 125332 R 10.0 28 3 62 110
1964015092 2 125619 R 6.0 29 1 18 112
1964035006 3 125620 R 11.0 28 3 66 113
1968336760 1 125895 R 4.0 28 1 13 111
1968405368 3 125900 R 14.0 29 4 89 114
1972760088 2 126178 R 15.0 28 4 84 113
1977192888 2 126462 R 12.0 28 3 63 114
1977222163 1 126463 R 7.0 28 2 40 112
1990366409 3 127305 R 8.0 29 2 33 115
1999216278 2 127872 R 9.0 30 2 43 115
1999292801 1 127876 R 13.0 29 4 91 113
2003610212 3 128153 R 5.0 30 1 15 116
2021207094 1 129278 R 10.0 29 3 57 114
2025717856 1 129567 R 4.0 29 1 20 115
2030078322 2 129847 R 6.0 30 1 17 116
2034511471 2 130131 R 15.0 29 4 89 117
2038833100 3 130407 R 11.0 29 3 60 117
2038913073 2 130412 R 12.0 29 3 64 118
2043250334 3 130690 R 14.0 30 4 85 118
2043289205 1 130692 R 7.0 29 2 42 116
2052041690 3 131252 R 8.0 30 2 35 119
2060905235 2 131820 R 9.0 31 2 42 119
2060954486 1 131822 R 13.0 30 4 90 117
2078591971 3 132952 R 5.0 31 1 20 120
2082993719 1 133233 R 10.0 30 3 73 118
2087379544 1 133513 R 4.0 30 1 18 119
2091704789 2 133791 R 6.0 31 1 14 120
2096106630 2 134073 R 15.0 30 4 84 121
2100545259 1 134356 R 7.0 30 2 39 120
2100601995 2 134360 R 12.0 30 3 66 122
2105017426 3 134643 R 14.0 31 4 90 121
2109372294 3 134922 R 11.0 30 3 63 122
2113820498 3 135206 R 8.0 31 2 42 123
2135806981 2 136614 R 9.0 32 2 40 123
2135844373 1 136615 R 13.0 31 4 89 121
2144635585 1 137178 R 4.0 31 1 18 122
2149056803 3 137461 R 5.0 32 1 18 124
2153396132 1 137738 R 10.0 31 3 60 123
2157844392 1 138023 R 7.0 31 2 41 124
2162218688 2 138304 R 15.0 31 4 86 124
2166636372 2 138587 R 6.0 32 1 296 125
2171098576 2 138872 R 12.0 31 3 348 126
2175482339 3 139153 R 14.0 32 4 89 125
2179899927 3 139435 R 11.0 31 3 353 126
2188690797 3 139998 R 8.0 32 2 41 127
2206246650 1 141121 R 13.0 32 4 84 125
2210708511 2 141407 R 9.0 33 2 48 127
2215079237 1 141686 R 10.0 32 3 61 126
2219512225 1 141970 R 4.0 32 1 299 127
2223858829 2 142249 R 15.0 32 4 83 128
2223904066 1 142251 R 7.0 32 2 322 128
2223927256 3 142253 R 5.0 33 1 17 128
2232697058 2 142814 R 6.0 33 1 14 129
2237087336 3 143095 R 14.0 33 4 84 129
2237098824 2 143096 R 12.0 32 3 61 130
2250299906 3 143941 R 11.0 32 3 61 130
2254795508 3 144229 R 8.0 33 2 326 131
2267992367 1 145073 R 13.0 33 4 89 129
2272366250 2 145353 R 9.0 34 2 38 131
2281236280 1 145920 R 10.0 33 3 66 130
2290043055 1 146484 R 4.0 33 1 19 131
2294344931 2 146760 R 6.0 34 1 16 132
2294405634 3 146764 R 5.0 34 1 17 132
2294413548 1 146764 R 7.0 33 2 41 132
2298824894 2 147047 R 15.0 33 4 87 133
2303273436 2 147331 R 12.0 33 3 68 134
2312088478 3 147895 R 14.0 34 4 90 133
2320817560 3 148454 R 11.0 33 3 62 134
2325234904 3 148737 R 8.0 34 2 325 135
2338429876 1 149581 R 10.0 34 3 62 133
2342831438 1 149862 R 13.0 34 4 85 134
2342915076 2 149868 R 9.0 35 2 43 135
2356080842 2 150711 R 6.0 35 1 17 136
2360529492 2 150996 R 12.0 34 3 65 137
2360543065 1 150996 R 4.0 34 1 20 135
2364882304 1 151274 R 7.0 34 2 38 136
2364938842 3 151278 R 5.0 35 1 20 136
2373757810 2 151842 R 15.0 34 4 89 138
2378052247 3 152117 R 14.0 35 4 82 137
2382484962 3 152401 R 11.0 34 3 61 138
2386886429 3 152682 R 8.0 35 2 39 139
