102358895 2 6421 R 4.0 1 1 19 1
105178964 1 6373 R 5.0 1 1 13 1
114027126 2 7168 R 3.0 1 1 16 2
122803080 2 7729 R 6.0 1 2 36 3
127321786 1 7790 R 8.0 1 2 51 2
128690449 2 8106 R 7.0 1 2 39 4
131692492 1 8070 R 11.0 1 3 65 3
137591613 2 8676 R 10.0 1 3 65 5
149322189 2 9427 R 9.0 1 3 67 6
155180491 2 9801 R 13.0 1 4 88 7
158129543 2 9990 R 12.0 1 4 88 8
159580677 2 10083 R 4.0 2 1 298 9
162492340 1 10041 R 14.0 1 4 86 4
166893791 1 10322 R 5.0 2 1 15 5
175716921 2 11116 R 3.0 2 1 16 10
180181101 2 11401 R 6.0 2 2 43 11
181668810 2 11497 R 7.0 2 2 43 12
184480644 1 11448 R 8.0 2 2 38 6
193350495 1 12016 R 11.0 2 3 64 7
199209155 2 12619 R 10.0 2 3 63 13
210918307 2 13369 R 12.0 2 4 84 14
215405562 1 13427 R 14.0 2 4 88 8
215413862 2 13656 R 9.0 2 3 352 15
216899581 2 13751 R 13.0 2 4 91 16
221229174 2 14029 R 4.0 3 1 296 17
224158078 2 14216 R 3.0 3 1 15 18
228590936 2 14500 R 6.0 3 2 40 19
233023370 1 14555 R 5.0 3 1 19 9
241817536 1 15117 R 11.0 3 3 64 10
243293317 2 15441 R 7.0 3 2 41 20
246234539 1 15400 R 8.0 3 2 41 11
259390500 2 16471 R 9.0 3 3 62 21
260849220 2 16564 R 10.0 3 3 67 22
268242746 1 16809 R 14.0 3 4 87 12
272665943 2 17320 R 12.0 3 4 88 23
274079436 2 17411 R 13.0 3 4 83 24
277098640 2 17604 R 3.0 4 1 19 25
278495038 2 17694 R 4.0 4 1 299 26
285813885 1 17933 R 5.0 4 1 13 13
294646693 1 18499 R 11.0 4 3 62 14
294716675 2 18732 R 6.0 4 2 40 27
296206409 2 18827 R 7.0 4 2 51 28
299079636 1 18782 R 8.0 4 2 320 15
321048219 2 20417 R 9.0 4 3 61 29
322524575 2 20511 R 13.0 4 4 84 30
325481298 2 20701 R 12.0 4 4 84 31
327004510 2 20798 R 4.0 5 1 301 32
329879053 1 20753 R 14.0 4 4 84 16
331373067 2 21078 R 10.0 4 3 625 33
338693803 2 21546 R 3.0 5 1 14 34
347559422 1 21885 R 5.0 5 1 18 17
349053166 2 22209 R 7.0 5 2 42 35
356298220 2 22673 R 6.0 5 2 37 36
356321856 1 22446 R 11.0 5 3 62 18
360801849 1 22732 R 8.0 5 2 325 19
371094350 2 23620 R 4.0 6 1 24 37
373932142 2 23802 R 9.0 5 3 60 38
384260474 2 24463 R 13.0 5 4 86 39
387129385 2 24646 R 12.0 5 4 83 40
388709326 2 24747 R 10.0 5 3 355 41
391569907 1 24702 R 14.0 5 4 85 20
396014282 2 25215 R 3.0 6 1 18 42
409172507 1 25828 R 11.0 6 3 60 21
410747971 2 26158 R 7.0 6 2 43 43
413657832 2 26344 R 6.0 6 2 43 44
413677880 1 26117 R 8.0 6 2 326 22
417975856 1 26392 R 5.0 6 1 298 23
422371213 2 26902 R 9.0 6 3 60 45
432703233 2 27563 R 4.0 7 1 18 46
437073881 2 27843 R 10.0 6 3 60 47
440114740 2 28037 R 12.0 6 4 89 48
450349045 2 28692 R 13.0 6 4 88 49
453211993 1 28647 R 14.0 6 4 84 24
457691799 1 28933 R 11.0 7 3 64 25
457701296 2 29163 R 3.0 7 1 18 50
459187125 2 29258 R 7.0 7 2 41 51
466524026 1 29499 R 8.0 7 2 42 26
470838161 1 29775 R 5.0 7 1 302 27
470947303 2 30011 R 9.0 7 3 66 52
475333686 2 30291 R 6.0 7 2 327 53
490004509 2 31230 R 10.0 7 3 64 54
494451281 2 31515 R 4.0 8 1 303 55
498758964 2 31790 R 13.0 7 4 84 56
501758734 2 31982 R 12.0 7 4 88 57
506136792 1 32034 R 11.0 8 3 64 28
510585288 1 32319 R 14.0 7 4 89 29
515002315 1 32601 R 8.0 8 2 43 30
519392217 2 33111 R 3.0 8 1 19 58
520782338 2 33200 R 7.0 8 2 40 59
523778197 2 33392 R 6.0 8 2 47 60
528132933 2 33670 R 9.0 8 3 61 61
528199316 1 33446 R 5.0 8 1 19 31
551677910 2 35177 R 13.0 8 4 87 62
556064007 2 35458 R 4.0 9 1 301 63
559026533 2 35648 R 12.0 8 4 89 64
560479659 2 35741 R 10.0 8 3 630 65
563414392 1 35700 R 14.0 8 4 88 32
572252826 1 36265 R 11.0 9 3 65 33
573660353 2 36584 R 7.0 9 2 38 66
576628866 2 36774 R 3.0 9 1 17 67
576654567 1 36547 R 8.0 9 2 321 34
580983525 2 37053 R 6.0 9 2 41 68
581024514 1 36827 R 5.0 9 1 16 35
585432145 2 37338 R 9.0 9 3 63 69
600103449 2 38276 R 13.0 9 4 85 70
604581816 2 38563 R 4.0 10 1 306 71
607471539 2 38748 R 12.0 9 4 86 72
608951570 2 38843 R 10.0 9 3 64 73
620635525 1 39362 R 8.0 10 2 37 36
625037079 1 39644 R 14.0 9 4 84 37
629489687 2 40157 R 3.0 10 1 22 74
633859913 2 40437 R 9.0 10 3 61 75
633938262 1 40213 R 11.0 10 3 67 38
635345744 2 40532 R 7.0 10 2 37 76
642682647 1 40773 R 5.0 10 1 15 39
647135202 2 41287 R 6.0 10 2 42 77
661757661 2 42222 R 13.0 10 4 83 78
666204308 2 42507 R 4.0 11 1 300 79
669190211 2 42698 R 12.0 10 4 88 80
675042568 2 43073 R 10.0 10 3 64 81
682402627 2 43544 R 3.0 11 1 20 82
682420417 1 43316 R 11.0 11 3 68 40
686744092 1 43593 R 8.0 11 2 326 41
686773060 2 43823 R 9.0 11 3 63 83
691161621 1 43875 R 14.0 10 4 368 42
692660514 2 44200 R 7.0 11 2 41 84
708763447 1 45002 R 5.0 11 1 15 43
713167179 2 45513 R 6.0 11 2 38 85
723522569 2 46175 R 4.0 12 1 19 86
726380048 2 46358 R 12.0 11 4 84 87
727830576 2 46451 R 13.0 11 4 82 88
739686081 2 47210 R 3.0 12 1 20 89
741168235 2 47305 R 10.0 11 3 68 90
743978523 1 47256 R 14.0 11 4 83 44
748411640 1 47539 R 8.0 12 2 320 45
748430792 2 47769 R 9.0 12 3 66 91
749943964 2 47866 R 7.0 12 2 41 92
752813480 1 47821 R 11.0 12 3 343 46
761674609 2 48617 R 6.0 12 2 42 93
770524684 1 48955 R 5.0 12 1 20 47
780743749 2 49837 R 13.0 12 4 87 94
783698653 2 50027 R 12.0 12 4 87 95
785145134 2 50119 R 4.0 13 1 16 96
793921225 2 50681 R 10.0 12 3 59 97
796879833 2 50870 R 9.0 13 3 62 98
796918953 1 50644 R 14.0 12 4 87 48
801320755 1 50926 R 8.0 13 2 322 49
801343809 2 51156 R 3.0 13 1 19 99
807196563 2 51530 R 7.0 13 2 40 100
810096509 1 51487 R 11.0 13 3 61 50
823385620 2 52567 R 6.0 13 2 43 101
832090600 1 52895 R 5.0 13 1 12 51
845362500 2 53973 R 12.0 13 4 88 102
846809267 2 54066 R 13.0 13 4 84 103
849818498 1 54030 R 14.0 13 4 90 52
851240449 2 54349 R 4.0 14 1 298 104
854172952 1 54308 R 8.0 14 2 40 53
854216280 2 54540 R 9.0 14 3 66 105
855704287 2 54635 R 10.0 13 3 66 106
863039096 2 55104 R 3.0 14 1 20 107
867432632 1 55157 R 11.0 14 3 67 54
868823101 2 55475 R 7.0 14 2 38 108
876236061 2 55949 R 6.0 14 2 48 109
885066258 1 56285 R 5.0 14 1 19 55
899747523 2 57454 R 4.0 15 1 19 110
902616060 1 57409 R 8.0 15 2 39 56
904086909 2 57731 R 13.0 14 4 85 111
907067164 2 57922 R 12.0 14 4 88 112
911392165 1 57970 R 14.0 14 4 83 57
915883760 2 58486 R 9.0 15 3 66 113
917330755 2 58579 R 10.0 14 3 63 114
920276100 2 58767 R 3.0 15 1 299 115
921732144 2 58861 R 7.0 15 2 39 116
929072767 1 59102 R 11.0 15 3 64 58
933441381 2 59610 R 6.0 15 2 38 117
933505529 1 59386 R 5.0 15 1 19 59
955468607 1 60791 R 8.0 16 2 38 60
959929399 2 61305 R 12.0 15 4 88 118
961405303 2 61400 R 4.0 16 1 18 119
964322774 1 61358 R 14.0 15 4 87 61
970167803 2 61961 R 13.0 15 4 85 120
973126195 2 62150 R 3.0 16 1 17 121
977551104 1 62204 R 11.0 16 3 64 62
979052999 2 62529 R 10.0 15 3 66 122
981886518 2 62711 R 9.0 16 3 61 123
986335431 2 62995 R 6.0 16 2 319 124
987781704 2 63088 R 7.0 16 2 38 125
990747831 1 63049 R 5.0 16 1 17 63
1009815140 2 64498 R 4.0 17 1 18 126
1017173411 1 64740 R 14.0 16 4 86 64
1018622497 2 65062 R 13.0 16 4 85 127
1021571485 2 65250 R 12.0 16 4 86 128
1021590772 1 65023 R 8.0 17 2 327 65
1027523450 2 65631 R 10.0 16 3 67 129
1030382151 1 65586 R 11.0 17 3 63 66
1030456514 2 65819 R 3.0 17 1 20 130
1034779997 2 66096 R 6.0 17 2 40 131
1039197319 2 66378 R 9.0 17 3 61 132
1039267186 1 66154 R 5.0 17 1 20 67
1045078820 2 66755 R 7.0 17 2 38 133
1071537612 2 68448 R 13.0 17 4 87 134
1074441166 1 68405 R 14.0 17 4 85 68
1075906201 2 68728 R 4.0 18 1 299 135
1083232674 1 68968 R 11.0 18 3 61 69
1083307402 2 69201 R 12.0 17 4 90 136
1084775653 2 69295 R 10.0 17 3 65 137
1087609106 2 69477 R 6.0 18 2 36 138
1087712600 1 69255 R 8.0 18 2 323 70
1092035743 1 69531 R 5.0 18 1 14 71
1092048241 2 69761 R 3.0 18 1 295 139
1096433876 2 70042 R 9.0 18 3 61 140
1102299764 2 70417 R 7.0 18 2 36 141
1128819116 2 72114 R 13.0 18 4 88 142
1133253851 2 72398 R 10.0 18 3 66 143
1136093155 1 72351 R 14.0 18 4 84 72
1137591198 2 72676 R 4.0 19 1 295 144
1140481172 2 72861 R 6.0 19 2 40 145
1140588166 1 72639 R 8.0 19 2 44 73
1144898697 2 73143 R 12.0 18 4 84 146
1144927638 1 72917 R 11.0 19 3 63 74
1149284402 2 73424 R 3.0 19 1 13 147
1153765790 1 73482 R 5.0 19 1 17 75
1155209008 2 73803 R 7.0 19 2 43 148
1158169657 2 73993 R 9.0 19 3 64 149
1181665808 2 75496 R 10.0 19 3 64 150
1188937971 2 75962 R 6.0 20 2 36 151
1188970807 1 75735 R 8.0 20 2 41 76
1190504176 2 76062 R 13.0 19 4 88 152
1193435072 1 76021 R 14.0 19 4 90 77
1193449240 2 76251 R 12.0 19 4 91 153
1194905549 2 76344 R 4.0 20 1 18 154
1197742937 1 76297 R 11.0 20 3 60 78
1206614861 2 77093 R 9.0 20 3 62 155
1206674888 1 76868 R 5.0 20 1 20 79
1211063209 2 77378 R 3.0 20 1 19 156
1216915573 2 77752 R 7.0 20 2 40 157
1238955032 2 79163 R 10.0 20 3 64 158
1247746367 2 79726 R 4.0 21 1 17 159
1250705060 2 79915 R 6.0 21 2 50 160
1255060009 2 80194 R 12.0 20 4 86 161
1255061668 1 79965 R 14.0 20 4 86 80
1256506850 2 80286 R 13.0 20 4 84 162
1259463325 1 80247 R 8.0 21 2 324 81
1259487203 2 80477 R 9.0 21 3 351 163
1263833987 1 80526 R 11.0 21 3 342 82
1263926000 2 80761 R 3.0 21 1 304 164
1268297454 1 80812 R 5.0 21 1 17 83
1274171658 2 81417 R 7.0 21 2 40 165
1287400156 2 82263 R 10.0 21 3 64 166
1296191362 2 82826 R 4.0 22 1 15 167
1303505205 2 83294 R 12.0 21 4 85 168
1305076900 2 83395 R 13.0 21 4 90 169
1307953752 2 83579 R 6.0 22 2 327 170
1307970774 1 83351 R 14.0 21 4 88 84
1312341069 1 83631 R 11.0 22 3 63 85
1316776247 2 84144 R 9.0 22 3 65 171
1316804957 1 83917 R 8.0 22 2 44 86
1321162139 2 84424 R 3.0 22 1 16 172
1325518350 1 84474 R 5.0 22 1 13 87
1335845161 2 85364 R 10.0 22 3 63 173
1340230915 2 85645 R 7.0 22 2 38 174
1349116251 2 86213 R 4.0 23 1 20 175
1353439880 2 86490 R 13.0 22 4 84 176
1360804227 2 86961 R 12.0 22 4 86 177
1360848711 1 86735 R 14.0 22 4 89 88
1365221159 2 87244 R 6.0 23 2 41 178
1369607149 2 87525 R 9.0 23 3 63 179
1373998840 1 87577 R 11.0 23 3 61 89
1378431425 1 87861 R 8.0 23 2 40 90
1382833106 1 88142 R 5.0 23 1 17 91
1382897995 2 88375 R 3.0 23 1 20 180
1393081507 2 89027 R 7.0 23 2 37 181
1397586910 2 89315 R 10.0 23 3 77 182
1401885228 2 89590 R 4.0 24 1 301 183
1409261073 2 90063 R 12.0 23 4 87 184
1415113225 2 90437 R 13.0 23 4 83 185
1418052357 2 90625 R 9.0 24 3 61 186
1422506486 1 90682 R 14.0 23 4 89 92
1422531956 2 90912 R 6.0 24 2 43 187
1426939702 1 90965 R 11.0 24 3 356 93
1431340603 1 91247 R 8.0 24 2 43 94
1440116491 1 91809 R 5.0 24 1 17 95
1441600873 2 92132 R 7.0 24 2 41 188
1444456026 2 92315 R 3.0 24 1 13 189
1450455025 2 92699 R 10.0 24 3 67 190
1459152612 2 93256 R 4.0 25 1 13 191
1470912876 2 94008 R 12.0 24 4 84 192
1470916269 1 93780 R 14.0 24 4 86 96
1475407937 2 94296 R 9.0 25 3 66 193
1479723474 1 94343 R 11.0 25 3 61 97
1481295788 2 94673 R 13.0 24 4 90 194
1488558226 2 95138 R 6.0 25 2 39 195
1488624185 1 94913 R 5.0 25 1 20 98
1492963173 1 95191 R 8.0 25 2 39 99
1503288098 2 96080 R 10.0 25 3 66 196
1506207566 2 96267 R 3.0 25 1 17 197
1507627327 2 96358 R 7.0 25 2 321 198
1519420337 1 96884 R 14.0 25 4 87 100
1520870884 2 97206 R 4.0 26 1 16 199
1523827833 2 97395 R 12.0 25 4 89 200
1534085637 2 98051 R 13.0 25 4 86 201
1537087204 2 98243 R 9.0 26 3 65 202
1541412902 1 98292 R 11.0 26 3 61 101
1545877073 1 98577 R 8.0 26 2 334 102
1554590046 1 99135 R 5.0 26 1 13 103
1554595919 2 99364 R 6.0 26 2 36 203
1559106909 2 99653 R 3.0 26 1 20 204
1564979432 2 100028 R 10.0 26 3 65 205
1567928049 1 99989 R 14.0 26 4 91 104
1569365199 2 100309 R 7.0 26 2 42 206
1573719859 2 100588 R 4.0 27 1 14 207
1581109744 2 101061 R 12.0 26 4 89 208
1589854226 2 101620 R 9.0 27 3 61 209
1594259649 1 101674 R 8.0 27 2 37 105
1595831675 2 102003 R 13.0 26 4 89 210
1598692805 1 101957 R 11.0 27 3 62 106
1611909077 2 103032 R 6.0 27 2 36 211
1620716206 2 103596 R 3.0 27 1 16 212
1620718202 1 103367 R 5.0 27 1 16 107
1622163041 2 103688 R 7.0 27 2 37 213
1629572365 1 103934 R 14.0 27 4 89 108
1631019175 2 104255 R 10.0 27 3 63 214
1633897821 2 104439 R 12.0 27 4 82 215
1635403441 2 104536 R 4.0 28 1 300 216
1638361711 2 104725 R 9.0 28 3 64 217
1642800439 1 104780 R 8.0 28 2 42 109
1660403179 1 105907 R 11.0 28 3 64 110
1661859793 2 106229 R 13.0 27 4 87 218
1664818383 2 106418 R 6.0 28 2 42 219
1670635467 2 106790 R 7.0 28 2 37 220
1682405154 1 107315 R 5.0 28 1 16 111
1682405168 2 107544 R 3.0 28 1 16 221
1683910602 2 107640 R 4.0 29 1 17 222
1688343679 2 107924 R 10.0 28 3 66 223
1691275003 1 107883 R 14.0 28 4 91 112
1695651324 2 108391 R 12.0 28 4 88 224
1700037547 2 108672 R 9.0 29 3 348 225
1708799258 1 109004 R 8.0 29 2 37 113
1713201026 1 109286 R 11.0 29 3 60 114
1714737657 2 109613 R 13.0 28 4 88 226
1726462380 2 110363 R 6.0 29 2 39 227
1732326305 2 110739 R 7.0 29 2 38 228
1736726385 2 111020 R 4.0 30 1 304 229
1744062999 1 111261 R 5.0 29 1 15 115
1744096096 2 111492 R 3.0 29 1 17 230
1752897658 2 112055 R 12.0 29 4 85 231
1752901476 1 111827 R 14.0 29 4 87 116
1754344354 2 112148 R 10.0 29 3 61 232
1761673246 2 112617 R 9.0 30 3 61 233
1761708448 1 112390 R 8.0 30 2 39 117
1763245311 2 112717 R 13.0 29 4 90 234
1774890068 1 113234 R 11.0 30 3 61 118
1780800708 2 113841 R 4.0 31 1 15 235
1783759500 2 114030 R 6.0 30 2 45 236
1792597880 2 114596 R 3.0 30 1 19 237
1793968460 2 114684 R 7.0 30 2 36 238
1796946655 1 114646 R 5.0 30 1 21 119
1801332936 1 114926 R 14.0 30 4 85 120
1801405166 2 115160 R 12.0 30 4 91 239
1807259465 2 115534 R 10.0 30 3 62 240
1814623417 1 115777 R 8.0 31 2 43 121
1820518916 2 116383 R 13.0 30 4 91 241
1823352643 1 116336 R 11.0 31 3 63 122
1823397435 2 116567 R 9.0 31 3 66 242
1829216441 2 116940 R 4.0 32 1 13 243
1832141990 2 117127 R 6.0 31 2 36 244
1845386045 2 117975 R 3.0 31 1 15 245
1846953750 2 118075 R 7.0 31 2 43 246
1854183458 1 118309 R 14.0 31 4 84 123
1855729989 2 118637 R 10.0 31 3 66 247
1858663090 1 118596 R 5.0 31 1 19 124
1858663287 2 118824 R 12.0 31 4 90 248
1862986526 1 118872 R 8.0 32 2 36 125
1873285593 2 119760 R 13.0 31 4 83 249
1876214953 1 119719 R 11.0 32 3 58 126
1880608546 2 120229 R 6.0 32 2 39 250
1885025858 2 120511 R 9.0 32 3 60 251
1886529187 2 120608 R 4.0 33 1 15 252
1902628316 2 121638 R 3.0 32 1 13 253
1904149329 2 121735 R 7.0 32 2 39 254
1908598094 2 122020 R 10.0 32 3 65 255
1915919292 1 122260 R 14.0 32 4 88 127
1920287864 2 122768 R 12.0 32 4 84 256
1920367559 1 122545 R 5.0 32 1 20 128
1921826292 2 122867 R 13.0 32 4 89 257
1924659816 1 122819 R 8.0 33 2 36 129
1929157127 2 123336 R 6.0 33 2 42 258
1937982042 1 123672 R 11.0 33 3 72 130
1946681618 2 124457 R 9.0 33 3 59 259
1948188858 2 124554 R 4.0 34 1 14 260
1952637398 2 124839 R 7.0 33 2 41 261
1960019251 2 125311 R 3.0 33 1 20 262
1970271438 2 125967 R 10.0 33 3 66 263
1974657342 2 126248 R 13.0 33 4 85 264
1977623889 1 126209 R 14.0 33 4 89 131
1977623907 2 126438 R 12.0 33 4 89 265
1982040895 1 126492 R 5.0 33 1 20 132
1982040990 2 126720 R 6.0 34 2 43 266
1986427178 1 126772 R 11.0 34 3 65 133
1990782167 1 127051 R 8.0 34 2 323 134
2008403695 2 128408 R 9.0 34 3 62 267
2009893434 2 128503 R 4.0 35 1 16 268
2012852186 2 128692 R 3.0 34 1 18 269
2014310675 2 128786 R 7.0 34 2 40 270
2018696964 2 129066 R 10.0 34 3 62 271
2030486261 1 129592 R 14.0 34 4 90 135
2039277775 2 130384 R 12.0 34 4 89 272
2039287300 1 130155 R 8.0 35 2 42 136
2040798698 2 130481 R 13.0 34 4 90 273
2043632226 2 130662 R 6.0 35 2 37 274
2043658076 1 130435 R 5.0 34 1 299 137
2048081345 1 130718 R 11.0 35 3 346 138
2067161315 2 132168 R 4.0 36 1 16 275
2070120097 2 132357 R 9.0 35 3 65 276
2071547254 2 132449 R 7.0 35 2 38 277
2074506147 2 132638 R 3.0 35 1 16 278
2076027433 2 132736 R 10.0 35 3 66 279
2092077565 1 133534 R 14.0 35 4 85 139
2096526173 1 133819 R 5.0 35 1 303 140
2097972847 2 134140 R 13.0 35 4 84 280
2100931601 2 134329 R 12.0 35 4 85 281
2100943702 1 134101 R 11.0 36 3 346 141
2105343145 1 134383 R 8.0 36 2 607 142
2105348955 2 134612 R 6.0 36 2 328 282
2128813345 2 136114 R 10.0 36 3 61 283
2131736719 2 136301 R 9.0 36 3 61 284
2133283504 2 136400 R 4.0 37 1 302 285
2136160305 2 136584 R 3.0 36 1 299 286
2137606580 2 136677 R 7.0 36 2 36 287
2140547863 1 136636 R 5.0 36 1 14 143
2145012069 1 136922 R 11.0 37 3 65 144
2149444764 1 137206 R 8.0 37 2 43 145
2153846555 1 137487 R 14.0 36 4 89 146
2158255882 2 137998 R 6.0 37 2 42 288
2159646189 2 138087 R 13.0 36 4 85 289
2162657595 2 138280 R 12.0 36 4 91 290
2188988997 2 139965 R 9.0 37 3 59 291
2190539244 2 140064 R 4.0 38 1 18 292
2193394702 1 140018 R 11.0 38 3 59 147
2194987925 2 140349 R 10.0 37 3 67 293
2197827297 2 140531 R 3.0 37 1 15 294
2199279927 2 140624 R 7.0 37 2 36 295
2202232797 1 140584 R 8.0 38 2 38 148
2206634396 1 140866 R 5.0 37 1 15 149
2208196729 2 141194 R 13.0 37 4 91 296
2211039956 2 141376 R 6.0 38 2 39 297
2215535509 1 141435 R 14.0 37 4 89 150
2224346567 2 142228 R 12.0 37 4 90 298
2241929619 1 143125 R 11.0 39 3 65 151
2247838574 2 143731 R 10.0 38 3 67 299
2250740527 2 143917 R 9.0 38 3 63 300
2252187614 2 144010 R 7.0 38 2 325 301
2255142046 1 143970 R 8.0 39 2 40 152
2256641908 2 144295 R 4.0 39 1 307 302
2259547505 2 144481 R 3.0 38 1 17 303
2260996525 2 144574 R 13.0 38 4 86 304
2263918009 2 144761 R 6.0 39 2 39 305
2263918074 1 144532 R 14.0 38 4 85 153
2268382086 1 144818 R 5.0 38 1 19 154
2286004359 2 146174 R 12.0 38 4 90 306
2300700584 2 147115 R 7.0 39 2 43 307
2303649772 1 147075 R 11.0 40 3 68 155
2305086790 2 147395 R 10.0 39 3 69 308
2312460644 2 147867 R 9.0 39 3 66 309
2313846823 2 147956 R 4.0 40 1 14 310
2316830941 1 147918 R 8.0 40 2 41 156
2316831376 2 148147 R 6.0 40 2 331 311
2321170278 1 148196 R 14.0 39 4 84 157
2325575591 2 148707 R 3.0 39 1 14 312
2325602903 1 148480 R 5.0 39 1 16 158
2327106559 2 148805 R 13.0 39 4 87 313
2343274130 2 149839 R 12.0 39 4 88 314
2353531859 2 150496 R 10.0 40 3 63 315
2357886926 2 150775 R 7.0 40 2 321 316
2365213739 1 151015 R 11.0 41 3 60 159
2366740459 2 151341 R 4.0 41 1 17 317
2369677907 1 151300 R 14.0 40 4 87 160
2374104805 2 151813 R 9.0 40 3 64 318
2374110959 1 151584 R 8.0 41 2 322 161
2375563360 2 151906 R 13.0 40 4 87 319
2378522399 2 152095 R 6.0 41 2 321 320
2387323126 1 152430 R 5.0 40 1 18 162
2391718899 2 152940 R 3.0 40 1 18 321
