127430600 2 8026 R 4.0 1 1 18 1
131767798 2 8303 R 5.0 1 1 14 2
144583075 1 9151 R 3.0 1 1 16 1
167006516 2 10558 R 4.0 2 1 15 3
175807351 2 11122 R 5.0 2 1 8 4
180274210 2 11407 R 8.0 1 2 605 5
184274086 1 11691 R 3.0 2 1 18 2
184664204 2 11688 R 7.0 1 2 322 6
193096909 1 12255 R 6.0 1 2 44 3
202237175 2 12813 R 11.0 1 3 63 7
206716983 2 13100 R 10.0 1 3 74 8
211145586 2 13383 R 4.0 3 1 18 9
215503158 2 13662 R 8.0 2 2 321 10
219935613 2 13946 R 7.0 2 2 42 11
224337302 2 14227 R 5.0 3 1 18 12
232676321 1 14789 R 3.0 3 1 15 4
241571219 1 15358 R 6.0 2 2 44 5
250809512 2 15922 R 13.0 1 4 91 13
255102121 2 16196 R 8.0 3 2 314 14
259573856 2 16483 R 4.0 4 1 586 15
264007011 2 16766 R 11.0 2 3 629 16
267902750 1 17043 R 9.0 1 3 61 6
268408969 2 17048 R 14.0 1 4 1216 17
272398115 1 17331 R 3.0 4 1 19 7
272742894 2 17325 R 5.0 4 1 9 18
277196418 2 17610 R 7.0 3 2 1165 19
281635368 2 17894 R 10.0 2 3 1777 20
289953908 1 18454 R 6.0 3 2 47 8
290441487 2 18458 R 8.0 4 2 46 21
294780479 2 18736 R 4.0 5 1 18 22
299165337 2 19016 R 14.0 2 4 647 23
312473044 2 19868 R 5.0 5 1 22 24
316410678 1 20147 R 12.0 1 4 86 9
316859430 2 20149 R 7.0 4 2 325 25
320781095 1 20427 R 9.0 2 3 63 10
321251749 2 20430 R 13.0 2 4 2062 26
325245204 1 20713 R 3.0 5 1 19 11
325645802 2 20711 R 11.0 3 3 2043 27
334514700 2 21279 R 8.0 5 2 326 28
338836709 2 21555 R 10.0 3 3 1758 29
342894746 1 21842 R 6.0 4 2 46 12
343277070 2 21840 R 14.0 3 4 652 30
347631891 2 22118 R 11.0 4 3 908 31
352044497 2 22401 R 5.0 6 1 16 32
356107492 1 22688 R 12.0 2 4 92 13
356431204 2 22681 R 10.0 4 3 342 33
360922670 2 22969 R 4.0 6 1 1430 34
364883145 1 23250 R 3.0 6 1 17 14
365306995 2 23249 R 13.0 3 4 1779 35
369721264 2 23532 R 7.0 5 2 41 36
374169978 2 23817 R 11.0 5 3 68 37
378033421 1 24091 R 9.0 3 3 62 15
378546268 2 24097 R 8.0 6 2 324 38
382862278 2 24373 R 13.0 4 4 366 39
387333935 2 24659 R 4.0 7 1 300 40
391766961 2 24943 R 14.0 4 4 653 41
395682713 1 25221 R 6.0 5 2 39 16
396158805 2 25224 R 10.0 5 3 347 42
400534991 2 25504 R 5.0 7 1 298 43
408895705 1 26067 R 12.0 3 4 84 17
413390843 1 26354 R 3.0 7 1 21 18
413755333 2 26350 R 7.0 6 2 323 44
422585514 2 26915 R 8.0 7 2 42 45
426956107 2 27195 R 13.0 5 4 85 46
430946382 1 27478 R 9.0 4 3 63 19
431387321 2 27479 R 14.0 5 4 369 47
435741895 2 27757 R 4.0 8 1 294 48
439784827 1 28043 R 6.0 6 2 41 20
440190544 2 28042 R 11.0 6 3 625 49
444590305 2 28324 R 10.0 6 3 346 50
448592111 1 28607 R 12.0 4 4 88 21
449023011 2 28607 R 5.0 8 1 591 51
453352366 2 28884 R 7.0 7 2 319 52
457367766 1 29169 R 3.0 8 1 15 22
466605765 2 29733 R 13.0 6 4 87 53
471052249 2 30017 R 14.0 6 4 87 54
475432175 2 30298 R 8.0 8 2 34 55
479783677 2 30576 R 11.0 7 3 620 56
483761811 1 30858 R 9.0 5 3 60 23
484276746 2 30864 R 4.0 9 1 584 57
488288837 1 31148 R 6.0 7 2 326 24
488715163 2 31148 R 5.0 9 1 21 58
497064383 1 31709 R 3.0 9 1 19 25
501914634 2 31992 R 7.0 8 2 329 59
505809149 1 32269 R 12.0 5 4 85 26
510673076 2 32553 R 10.0 7 3 910 60
515105517 2 32837 R 11.0 8 3 64 61
519507613 2 33118 R 14.0 7 4 370 62
523867878 2 33397 R 4.0 10 1 13 63
527863987 1 33680 R 9.0 6 3 69 27
528322563 2 33682 R 13.0 7 4 934 64
532651670 2 33960 R 8.0 9 2 599 65
537131833 2 34246 R 5.0 10 1 585 66
541076511 1 34526 R 6.0 8 2 39 28
541548700 2 34529 R 10.0 8 3 347 67
549852802 1 35088 R 3.0 10 1 13 29
550365033 2 35093 R 7.0 9 2 43 68
563127760 1 35937 R 12.0 6 4 89 30
563599604 2 35940 R 8.0 10 2 46 69
567560397 1 36221 R 9.0 7 3 66 31
567966179 2 36220 R 13.0 8 4 652 70
572383612 2 36502 R 4.0 11 1 305 71
581132565 2 37062 R 11.0 9 3 1478 72
585178564 1 37349 R 6.0 9 2 42 32
585594409 2 37348 R 5.0 11 1 581 73
589988521 2 37629 R 14.0 8 4 1779 74
594378334 2 37910 R 10.0 9 3 1190 75
598360378 1 38192 R 3.0 11 1 17 33
598810907 2 38194 R 7.0 10 2 606 76
603212456 2 38475 R 13.0 9 4 370 77
607229587 1 38760 R 9.0 8 3 75 34
607620113 2 38758 R 8.0 11 2 324 78
615943263 1 39318 R 12.0 7 4 84 35
616426952 2 39321 R 11.0 10 3 66 79
620873718 2 39606 R 4.0 12 1 308 80
625181342 2 39881 R 14.0 9 4 366 81
629156021 1 40163 R 6.0 10 2 37 36
629592995 2 40164 R 5.0 12 1 298 82
633979226 2 40444 R 10.0 10 3 625 83
638456720 2 40731 R 7.0 11 2 607 84
642887087 2 41015 R 8.0 12 2 43 85
647312530 2 41298 R 13.0 10 4 92 86
651228529 1 41576 R 3.0 12 1 19 37
660051005 1 42140 R 9.0 9 3 66 38
660409885 2 42136 R 11.0 11 3 61 87
664887556 2 42423 R 14.0 10 4 89 88
669305057 2 42705 R 4.0 13 1 307 89
673248120 1 42985 R 12.0 8 4 88 39
673648255 2 42983 R 5.0 13 1 296 90
677728452 1 43272 R 6.0 11 2 329 40
678033911 2 43264 R 10.0 11 3 59 91
682525520 2 43551 R 7.0 12 2 888 92
690862573 1 44112 R 3.0 13 1 16 41
691348092 2 44116 R 13.0 11 4 90 93
700178540 2 44681 R 8.0 13 2 45 94
704147470 1 44963 R 9.0 10 3 67 42
713275951 2 45520 R 5.0 14 1 12 95
717360002 1 45808 R 12.0 9 4 91 43
717748327 2 45806 R 14.0 11 4 369 96
722186946 2 46090 R 4.0 14 1 586 97
726573118 2 46371 R 11.0 12 3 633 98
730541519 1 46652 R 6.0 12 2 41 44
730927622 2 46649 R 7.0 13 2 320 99
735325996 2 46931 R 13.0 12 4 367 100
739788232 2 47216 R 10.0 12 3 350 101
743691736 1 47493 R 3.0 14 1 13 45
748124601 1 47777 R 9.0 11 3 63 46
756931880 1 48341 R 12.0 10 4 85 47
757370658 2 48342 R 8.0 14 2 42 102
761748937 2 48622 R 14.0 12 4 83 103
766164457 2 48904 R 5.0 15 1 584 104
770238124 1 49192 R 6.0 13 2 44 48
770550384 2 49185 R 7.0 14 2 324 105
775029925 2 49472 R 13.0 13 4 89 106
779426261 2 49753 R 4.0 15 1 1150 107
783786770 2 50032 R 10.0 13 3 343 108
788258987 2 50318 R 11.0 13 3 1476 109
796556156 1 50877 R 12.0 11 4 82 49
801034266 1 51163 R 3.0 15 1 306 50
801480292 2 51165 R 4.0 16 1 19 110
805404063 1 51443 R 9.0 12 3 63 51
805868458 2 51445 R 5.0 16 1 26 111
810317513 2 51730 R 14.0 13 4 372 112
819009481 2 52286 R 13.0 14 4 366 113
823084730 1 52575 R 6.0 14 2 43 52
823528451 2 52576 R 11.0 14 3 1497 114
832241683 2 53133 R 8.0 15 2 1451 115
836203762 1 53414 R 3.0 16 1 13 53
836717610 2 53420 R 7.0 15 2 1169 116
841050502 2 53697 R 10.0 14 3 910 117
849480954 1 54264 R 12.0 12 4 88 54
849882442 2 54262 R 4.0 17 1 15 118
854304180 2 54545 R 8.0 16 2 322 119
858334736 1 54831 R 9.0 13 3 66 55
858660455 2 54824 R 7.0 16 2 44 120
867157560 1 55395 R 6.0 15 2 45 56
867491440 2 55389 R 5.0 17 1 585 121
871877582 2 55670 R 14.0 14 4 930 122
876322111 2 55954 R 13.0 15 4 651 123
880737443 2 56237 R 10.0 15 3 627 124
889165764 1 56804 R 12.0 13 4 89 57
889606252 2 56805 R 4.0 18 1 25 125
893520412 1 57082 R 3.0 17 1 16 58
897968838 1 57367 R 9.0 14 3 65 59
902790181 2 57648 R 8.0 17 2 325 126
907238754 2 57933 R 5.0 18 1 312 127
911197039 1 58214 R 6.0 16 2 43 60
911530975 2 58208 R 7.0 17 2 592 128
915997036 2 58494 R 14.0 15 4 934 129
920357804 2 58773 R 11.0 16 3 907 130
924743861 2 59053 R 13.0 16 4 647 131
929221575 2 59340 R 10.0 16 3 628 132
933205420 1 59622 R 12.0 14 4 89 61
937559838 1 59901 R 9.0 15 3 62 62
937986881 2 59901 R 4.0 19 1 12 133
942385300 2 60182 R 8.0 18 2 320 134
946413841 1 60468 R 3.0 18 1 18 63
946771289 2 60463 R 7.0 18 2 321 135
951262666 2 60751 R 14.0 16 4 372 136
955236671 1 61032 R 6.0 17 2 42 64
955656113 2 61032 R 5.0 19 1 18 137
964485077 2 61597 R 11.0 17 3 912 138
968886763 2 61879 R 13.0 17 4 935 139
973202592 2 62155 R 10.0 17 3 905 140
977679627 2 62441 R 8.0 19 2 42 141
981599759 1 62720 R 12.0 15 4 85 65
982096733 2 62724 R 4.0 20 1 18 142
986047878 1 63004 R 3.0 19 1 17 66
990465106 1 63287 R 9.0 16 3 65 67
999701873 2 63851 R 13.0 18 4 369 143
1003662184 1 64132 R 6.0 18 2 39 68
1004062744 2 64130 R 14.0 17 4 648 144
1008520736 2 64415 R 7.0 19 2 884 145
1012891366 2 64695 R 11.0 18 3 626 146
1017376675 2 64982 R 5.0 20 1 586 147
1026090329 2 65540 R 10.0 18 3 907 148
1030087418 1 65823 R 3.0 20 1 15 69
1030540268 2 65824 R 8.0 20 2 324 149
1034505013 1 66105 R 12.0 16 4 87 70
1034972787 2 66108 R 4.0 21 1 19 150
1039358997 2 66389 R 7.0 20 2 41 151
1043296226 1 66668 R 9.0 17 3 62 71
1047776309 1 66955 R 6.0 19 2 321 72
1052556437 2 67233 R 14.0 18 4 932 152
1057004514 2 67518 R 5.0 21 1 19 153
1069699972 1 68358 R 3.0 21 1 14 73
1074133055 1 68642 R 12.0 17 4 85 74
1078999769 2 68926 R 13.0 19 4 2060 154
1082940089 1 69205 R 9.0 18 3 62 75
1083353403 2 69204 R 4.0 22 1 14 155
1087435736 1 69493 R 6.0 20 2 327 76
1087767940 2 69487 R 11.0 19 3 2036 156
1092186264 2 69770 R 7.0 21 2 884 157
1096633586 2 70054 R 8.0 21 2 1176 158
1101081579 2 70339 R 5.0 22 1 312 159
1105466183 2 70620 R 14.0 19 4 1499 160
1109774182 2 70895 R 13.0 20 4 1211 161
1114302464 2 71185 R 11.0 20 3 1196 162
1118625456 2 71462 R 10.0 20 3 353 163
1122564463 1 71741 R 12.0 18 4 84 77
1127044374 1 72028 R 3.0 22 1 303 78
1127480994 2 72029 R 7.0 22 2 38 164
1131492870 1 72313 R 6.0 21 2 614 79
1131834324 2 72307 R 14.0 20 4 369 165
1135877033 1 72593 R 9.0 19 3 914 80
1136313705 2 72594 R 4.0 23 1 304 166
1140633589 2 72870 R 8.0 22 2 886 167
1145019807 2 73151 R 11.0 21 3 621 168
1149498826 2 73438 R 5.0 23 1 18 169
1153916541 2 73720 R 13.0 21 4 654 170
1166738610 1 74568 R 6.0 22 2 44 81
1167138939 2 74567 R 10.0 21 3 348 171
1171108977 1 74848 R 9.0 20 3 67 82
1175543950 1 75132 R 12.0 19 4 91 83
1175922351 2 75129 R 7.0 23 2 322 172
1179881362 1 75410 R 3.0 23 1 295 84
1180283175 2 75408 R 8.0 23 2 884 173
1184745635 2 75694 R 14.0 21 4 652 174
1189139324 2 75975 R 4.0 24 1 1148 175
1193529251 2 76256 R 11.0 22 3 351 176
1197961700 2 76539 R 13.0 22 4 87 177
1202363012 2 76821 R 5.0 24 1 18 178
1206733445 2 77101 R 8.0 24 2 39 179
1210680442 1 77381 R 9.0 21 3 60 85
1215144615 1 77666 R 6.0 23 2 41 86
1215577796 2 77667 R 10.0 22 3 65 180
1219577484 1 77950 R 3.0 24 1 19 87
1219911216 2 77944 R 14.0 22 4 84 181
1224383168 2 78230 R 4.0 25 1 587 182
1228384766 1 78514 R 12.0 20 4 89 88
1228821837 2 78514 R 7.0 24 2 326 183
1246433883 2 79642 R 11.0 23 3 67 184
1250377109 1 79921 R 9.0 22 3 73 89
1250804568 2 79921 R 8.0 25 2 326 185
1255176983 2 80201 R 5.0 25 1 295 186
1259217298 1 80487 R 6.0 24 2 43 90
1259639349 2 80487 R 13.0 23 4 653 187
1263554876 1 80765 R 3.0 25 1 299 91
1263981501 2 80765 R 4.0 26 1 11 188
1268393520 2 81047 R 7.0 25 2 320 189
1272779734 2 81328 R 14.0 23 4 365 190
1277257519 2 81614 R 10.0 23 3 353 191
1285580421 1 82174 R 12.0 21 4 85 92
1290028578 1 82459 R 9.0 23 3 64 93
1294924093 2 82745 R 11.0 24 3 69 192
1298851336 1 83024 R 3.0 26 1 17 94
1299210386 2 83019 R 5.0 26 1 12 193
1303682430 2 83305 R 8.0 26 2 318 194
1308115992 2 83589 R 13.0 24 4 1218 195
1312516827 2 83871 R 4.0 27 1 301 196
1316463639 1 84151 R 6.0 25 2 41 95
1316887415 2 84151 R 10.0 24 3 349 197
1325239873 1 84713 R 12.0 22 4 84 96
1325731430 2 84717 R 7.0 26 2 612 198
1330115764 2 84997 R 14.0 24 4 935 199
1334109146 1 85280 R 9.0 24 3 65 97
1338542011 1 85564 R 3.0 27 1 21 98
1338862084 2 85557 R 13.0 25 4 83 200
1343304618 2 85841 R 5.0 27 1 20 201
1347700231 2 86123 R 11.0 25 3 62 202
1352148959 2 86407 R 8.0 27 2 325 203
1356565732 2 86690 R 4.0 28 1 18 204
1360887781 2 86967 R 10.0 25 3 64 205
1369341571 1 87535 R 6.0 26 2 41 99
1369712685 2 87531 R 14.0 25 4 647 206
1373681320 1 87813 R 12.0 23 4 83 100
1374190398 2 87818 R 7.0 27 2 327 207
1378544711 2 88097 R 13.0 26 4 85 208
1382505929 1 88378 R 9.0 25 3 61 101
1386921568 1 88660 R 3.0 28 1 301 102
1391773418 2 88943 R 11.0 26 3 63 209
1396175026 2 89225 R 5.0 28 1 302 210
1400603824 2 89508 R 8.0 28 2 323 211
1405031254 2 89792 R 10.0 26 3 354 212
1409437801 2 90074 R 4.0 29 1 13 213
1413805264 2 90353 R 14.0 26 4 651 214
1417783501 1 90635 R 12.0 24 4 88 103
1418237350 2 90637 R 7.0 28 2 41 215
1426621522 1 91201 R 9.0 26 3 65 104
1431025506 1 91483 R 6.0 27 2 331 105
1431414856 2 91480 R 5.0 29 1 13 216
1435394048 1 91762 R 3.0 29 1 301 106
1435848188 2 91764 R 13.0 27 4 651 217
1440280867 2 92048 R 8.0 29 2 324 218
1444592964 2 92324 R 10.0 27 3 342 219
1449053081 2 92609 R 11.0 27 3 629 220
1453516829 2 92895 R 4.0 30 1 303 221
1457893276 2 93175 R 14.0 27 4 652 222
1466193190 1 93734 R 9.0 27 3 60 107
1471089662 2 94020 R 7.0 29 2 35 223
1475064873 1 94301 R 12.0 25 4 88 108
1475445175 2 94298 R 13.0 28 4 367 224
1479513545 1 94586 R 3.0 30 1 305 109
1479883762 2 94582 R 8.0 30 2 322 225
1483835145 1 94863 R 6.0 28 2 319 110
1484277633 2 94864 R 10.0 28 3 344 226
1488669414 2 95145 R 5.0 30 1 581 227
1493055693 2 95425 R 11.0 28 3 342 228
1497581590 2 95715 R 14.0 28 4 91 229
1501887699 2 95991 R 4.0 31 1 298 230
1510757256 2 96558 R 13.0 29 4 89 231
1514696719 1 96838 R 9.0 28 3 61 111
1515199751 2 96843 R 7.0 30 2 44 232
1519067382 1 97117 R 12.0 26 4 85 112
1519492131 2 97117 R 5.0 31 1 14 233
1523564940 1 97405 R 6.0 29 2 331 113
1524003197 2 97406 R 10.0 29 3 66 234
1527964468 1 97687 R 3.0 31 1 301 114
1532802144 2 97969 R 8.0 31 2 42 235
1541603638 2 98532 R 11.0 29 3 73 236
1550413135 2 99096 R 14.0 29 4 371 237
1554830072 2 99379 R 4.0 32 1 590 238
1558763621 1 99658 R 9.0 29 3 65 115
1559216054 2 99660 R 7.0 31 2 323 239
1563228143 1 99944 R 6.0 30 2 324 116
1563592728 2 99940 R 13.0 30 4 369 240
1568025520 2 100223 R 5.0 32 1 18 241
1571990699 1 100505 R 12.0 27 4 88 117
1572427274 2 100505 R 10.0 30 3 64 242
1576343623 1 100783 R 3.0 32 1 301 118
1576813212 2 100786 R 8.0 32 2 314 243
1581283160 2 101072 R 11.0 30 3 72 244
1594386505 2 101911 R 14.0 30 4 85 245
1598852519 2 102196 R 4.0 33 1 294 246
1603213341 2 102475 R 7.0 32 2 607 247
1607205256 1 102758 R 9.0 30 3 63 119
1607675651 2 102761 R 13.0 31 4 370 248
1611638265 1 103042 R 12.0 28 4 88 120
1612076846 2 103043 R 10.0 31 3 65 249
1616040075 1 103324 R 6.0 31 2 319 121
1616447063 2 103322 R 5.0 33 1 16 250
1624815599 1 103885 R 3.0 33 1 15 122
1625248028 2 103886 R 8.0 33 2 39 251
1629696812 2 104170 R 11.0 31 3 65 252
1638435737 2 104730 R 14.0 31 4 83 253
1642907620 2 105016 R 4.0 34 1 293 254
1647340706 2 105300 R 13.0 32 4 372 255
1651738311 2 105581 R 10.0 32 3 65 256
1656145735 2 105863 R 7.0 33 2 607 257
1660145912 1 106146 R 12.0 29 4 90 123
1664547711 1 106428 R 9.0 31 3 353 124
1664888147 2 106423 R 5.0 34 1 15 258
1668918007 1 106708 R 6.0 32 2 327 125
1669373746 2 106710 R 11.0 32 3 65 259
1677662349 1 107268 R 3.0 34 1 13 126
1682520058 2 107551 R 13.0 33 4 85 260
1691368319 2 108117 R 4.0 35 1 583 261
1695795552 2 108401 R 8.0 34 2 912 262
1700179697 2 108681 R 14.0 32 4 652 263
1704540175 2 108960 R 7.0 34 2 601 264
1709002564 2 109246 R 10.0 33 3 628 265
1712930022 1 109525 R 12.0 30 4 84 127
1713331721 2 109523 R 5.0 35 1 577 266
1717425637 1 109812 R 9.0 32 3 349 128
1721764268 1 110090 R 6.0 33 2 41 129
1722179547 2 110089 R 8.0 35 2 43 267
1726645969 2 110375 R 13.0 34 4 372 268
1731031773 2 110656 R 4.0 36 1 298 269
1735008173 1 110938 R 3.0 35 1 18 130
1735447239 2 110938 R 11.0 33 3 914 270
1739762648 2 111215 R 14.0 33 4 83 271
1744240622 2 111501 R 10.0 34 3 354 272
1748657630 2 111784 R 7.0 35 2 332 273
1753000933 2 112062 R 5.0 36 1 294 274
1757034029 1 112347 R 12.0 31 4 89 131
1761482711 1 112632 R 9.0 33 3 346 132
1766207091 2 112907 R 4.0 37 1 14 275
1778991149 1 113753 R 6.0 34 2 38 133
1779447725 2 113754 R 13.0 35 4 370 276
1783502134 1 114041 R 3.0 36 1 20 134
1783937377 2 114042 R 11.0 34 3 350 277
1788272356 2 114319 R 10.0 35 3 348 278
1792740455 2 114605 R 8.0 36 2 896 279
1797095113 2 114884 R 5.0 37 1 304 280
1801480954 2 115165 R 7.0 36 2 322 281
1805504554 1 115449 R 12.0 32 4 89 135
1805897094 2 115447 R 14.0 34 4 1215 282
1809843445 1 115727 R 9.0 34 3 60 136
1810338858 2 115731 R 4.0 38 1 301 283
1819140089 2 116295 R 13.0 36 4 89 284
1823087271 1 116575 R 3.0 37 1 16 137
1823541775 2 116576 R 11.0 35 3 64 285
1827488952 1 116856 R 6.0 35 2 39 138
1827912475 2 116856 R 10.0 36 3 346 286
1832368206 2 117141 R 14.0 35 4 90 287
1836738350 2 117421 R 7.0 37 2 39 288
1841201072 2 117707 R 8.0 37 2 326 289
1845578599 2 117987 R 4.0 39 1 18 290
1849951560 2 118267 R 5.0 38 1 586 291
1853945430 1 118550 R 9.0 35 3 64 139
1858378575 1 118833 R 12.0 33 4 89 140
1863128635 2 119110 R 11.0 36 3 61 292
1867124941 1 119393 R 6.0 36 2 39 141
1871556203 1 119677 R 3.0 38 1 302 142
1876435449 2 119962 R 13.0 37 4 374 293
1880774390 2 120239 R 8.0 38 2 323 294
1885219202 2 120524 R 7.0 38 2 613 295
1894022397 2 121087 R 10.0 37 3 911 296
1897950050 1 121366 R 12.0 34 4 85 143
1898439603 2 121370 R 5.0 39 1 605 297
1902855363 2 121652 R 14.0 36 4 1217 298
1907238761 2 121933 R 4.0 40 1 581 299
1911162604 1 122212 R 9.0 36 3 60 144
1911652133 2 122216 R 11.0 37 3 65 300
1915657830 1 122499 R 6.0 37 2 43 145
1916022355 2 122495 R 8.0 39 2 40 301
1919996949 1 122777 R 3.0 39 1 16 146
1924883773 2 123062 R 7.0 39 2 41 302
1929254830 2 123342 R 13.0 38 4 368 303
1933717163 2 123628 R 10.0 38 3 345 304
1938071679 2 123906 R 5.0 40 1 303 305
1942038490 1 124188 R 12.0 35 4 86 147
1942504611 2 124190 R 14.0 37 4 934 306
1946915346 2 124472 R 4.0 41 1 19 307
1964140073 1 125602 R 6.0 38 2 55 148
1964473192 2 125596 R 11.0 38 3 61 308
1968504579 1 125881 R 9.0 37 3 65 149
1968945407 2 125882 R 10.0 39 3 68 309
1972881340 1 126161 R 3.0 40 1 303 150
1973299779 2 126161 R 7.0 40 2 40 310
1977748682 2 126446 R 8.0 40 2 602 311
1982160356 2 126728 R 14.0 38 4 371 312
1986536279 2 127008 R 13.0 39 4 652 313
1990483566 1 127288 R 12.0 36 4 85 151
1990928129 2 127289 R 5.0 41 1 583 314
1995296076 2 127569 R 4.0 42 1 14 315
2008179545 1 128421 R 3.0 41 1 20 152
2012979444 2 128700 R 11.0 39 3 631 316
2016887068 1 128978 R 9.0 38 3 62 153
2017372292 2 128982 R 8.0 41 2 41 317
2021320349 1 129262 R 6.0 39 2 326 154
2021813489 2 129266 R 13.0 40 4 90 318
2026121557 2 129542 R 5.0 42 1 299 319
2030648387 2 129831 R 14.0 39 4 373 320
2034532868 1 130107 R 12.0 37 4 84 155
2034973574 2 130108 R 10.0 40 3 912 321
2039389228 2 130391 R 7.0 41 2 1170 322
2043795633 2 130673 R 4.0 43 1 17 323
2047839000 1 130959 R 3.0 42 1 21 156
2056583746 1 131518 R 9.0 39 3 71 157
2057064920 2 131522 R 8.0 42 2 39 324
2061016952 1 131802 R 6.0 40 2 328 158
2061442091 2 131802 R 11.0 40 3 345 325
2065890274 2 132087 R 5.0 43 1 310 326
2070180467 2 132361 R 7.0 42 2 604 327
2074613493 2 132645 R 10.0 41 3 626 328
2079009810 2 132926 R 13.0 41 4 1213 329
2083484475 2 133213 R 4.0 44 1 19 330
2087410581 1 133491 R 3.0 43 1 16 159
2091874914 1 133777 R 12.0 38 4 91 160
2092206414 2 133771 R 14.0 40 4 648 331
2096182484 1 134053 R 9.0 40 3 60 161
2101036121 2 134336 R 8.0 43 2 39 332
2105114737 1 134624 R 6.0 41 2 45 162
2105539806 2 134624 R 10.0 42 3 75 333
2109900185 2 134903 R 13.0 42 4 88 334
2114342746 2 135188 R 7.0 43 2 36 335
2118697975 2 135466 R 5.0 44 1 307 336
2123109389 2 135749 R 11.0 41 3 910 337
2127536077 2 136032 R 4.0 45 1 300 338
2131904906 2 136312 R 14.0 41 4 368 339
2135851672 1 136592 R 3.0 44 1 14 163
2144690348 1 137157 R 12.0 39 4 88 164
2145072071 2 137154 R 8.0 44 2 38 340
2149092078 1 137439 R 6.0 42 2 328 165
2149552090 2 137441 R 11.0 42 3 64 341
2153462444 1 137719 R 9.0 41 3 619 166
2158308561 2 138002 R 7.0 44 2 321 342
2162767028 2 138287 R 10.0 43 3 631 343
2167174436 2 138569 R 13.0 43 4 935 344
2171542700 2 138849 R 5.0 45 1 581 345
2175938079 2 139130 R 14.0 42 4 86 346
2180369128 2 139413 R 4.0 46 1 299 347
2184386807 1 139698 R 12.0 40 4 89 167
2193193844 1 140262 R 3.0 45 1 19 168
2193530954 2 140256 R 13.0 44 4 83 348
2197564082 1 140541 R 9.0 42 3 63 169
2197951652 2 140539 R 8.0 45 2 38 349
2202028597 1 140827 R 6.0 43 2 332 170
2202353738 2 140820 R 7.0 45 2 320 350
2206849336 2 141108 R 11.0 43 3 348 351
2211172397 2 141385 R 5.0 46 1 13 352
2215646704 2 141671 R 10.0 44 3 630 353
2220063222 2 141954 R 4.0 47 1 19 354
2223958416 1 142230 R 12.0 41 4 84 171
2224449512 2 142235 R 14.0 43 4 88 355
2237170772 1 143076 R 6.0 44 2 37 172
2237640719 2 143079 R 13.0 45 4 86 356
2242012922 2 143359 R 7.0 46 2 38 357
2246399373 2 143639 R 8.0 46 2 600 358
2250477165 1 143928 R 3.0 46 1 19 173
2250841753 2 143924 R 11.0 44 3 64 359
2254816270 1 144205 R 9.0 43 3 61 174
2255327531 2 144211 R 5.0 47 1 307 360
2259677850 2 144489 R 4.0 48 1 18 361
2264032677 2 144768 R 10.0 45 3 60 362
2268060392 1 145053 R 12.0 42 4 87 175
2272942094 2 145338 R 14.0 44 4 373 363
2276867297 1 145617 R 6.0 45 2 40 176
2277303958 2 145617 R 13.0 46 4 88 364
2281727085 2 145900 R 7.0 47 2 42 365
2290048764 1 146460 R 3.0 47 1 15 177
2290510558 2 146462 R 8.0 47 2 41 366
2299378454 2 147030 R 5.0 48 1 20 367
2303709457 2 147307 R 4.0 49 1 12 368
2307700068 1 147590 R 9.0 44 3 64 178
2308096313 2 147588 R 10.0 46 3 344 369
2312558553 2 147874 R 11.0 45 3 629 370
2316491794 1 148153 R 12.0 43 4 86 179
2325770528 2 148719 R 7.0 48 2 39 371
2329782336 1 149003 R 6.0 46 2 43 180
2334105825 1 149280 R 3.0 48 1 15 181
2334574183 2 149283 R 13.0 47 4 369 372
2339033076 2 149568 R 14.0 45 4 1238 373
2343324494 2 149843 R 11.0 46 3 61 374
2347790443 2 150128 R 4.0 50 1 297 375
2352151343 2 150407 R 5.0 49 1 306 376
2356537333 2 150688 R 8.0 48 2 886 377
2360531365 1 150971 R 12.0 44 4 85 182
2361015684 2 150975 R 10.0 47 3 1192 378
2365010879 1 151258 R 9.0 45 3 66 183
2365385286 2 151254 R 14.0 46 4 85 379
2369781044 2 151536 R 7.0 49 2 328 380
2373780951 1 151819 R 6.0 47 2 40 184
2378157583 1 152099 R 3.0 49 1 298 185
2378634812 2 152102 R 13.0 48 4 88 381
2387485187 2 152669 R 10.0 48 3 69 382
2391840076 2 152948 R 5.0 50 1 305 383
2396251373 2 153230 R 11.0 47 3 636 384
