153846058 2 9716 R 4.0 1 1 23 1
158230741 2 9997 R 5.0 1 1 306 2
162201572 1 10278 R 3.0 1 1 16 1
197843058 2 12532 R 8.0 1 2 37 3
202354259 2 12821 R 7.0 1 2 45 4
215118590 1 13665 R 6.0 1 2 43 2
215457675 2 13659 R 5.0 2 1 14 5
224311316 2 14226 R 4.0 2 1 19 6
228791355 2 14513 R 11.0 1 3 67 7
232736750 1 14792 R 3.0 2 1 19 3
233114840 2 14789 R 10.0 1 3 67 8
264017613 2 16767 R 7.0 2 2 44 9
272745528 2 17326 R 13.0 1 4 86 10
276786118 1 17612 R 6.0 2 2 46 4
277155029 2 17608 R 8.0 2 2 325 11
281565955 2 17890 R 4.0 3 1 19 12
285577559 1 18174 R 9.0 1 3 64 5
286019190 2 18175 R 14.0 1 4 652 13
290348304 2 18452 R 5.0 3 1 299 14
294337813 1 18735 R 3.0 3 1 15 6
294843204 2 18740 R 11.0 2 3 66 15
299196710 2 19018 R 10.0 2 3 347 16
334036369 1 21276 R 6.0 3 2 40 7
334475196 2 21276 R 8.0 3 2 36 17
338438134 1 21557 R 12.0 1 4 87 8
338846061 2 21556 R 13.0 2 4 367 18
343298450 2 21841 R 7.0 3 2 320 19
347213791 1 22119 R 9.0 2 3 62 9
347623376 2 22118 R 4.0 4 1 13 20
352134532 2 22406 R 14.0 2 4 90 21
356450552 2 22683 R 5.0 4 1 293 22
360920226 2 22969 R 10.0 3 3 65 23
365314554 2 23250 R 11.0 3 3 636 24
369271151 1 23531 R 3.0 4 1 25 10
400164628 1 25508 R 12.0 2 4 89 11
404889404 2 25783 R 8.0 4 2 34 25
408893413 1 26066 R 9.0 3 3 61 12
409361459 2 26069 R 4.0 5 1 302 26
413311046 1 26349 R 6.0 4 2 325 13
413794543 2 26353 R 13.0 3 4 652 27
418186290 2 26634 R 7.0 4 2 610 28
422615235 2 26917 R 14.0 3 4 89 29
427032587 2 27200 R 5.0 5 1 305 30
431418799 2 27481 R 11.0 4 3 349 31
435773616 2 27759 R 10.0 4 3 345 32
444204014 1 28326 R 3.0 5 1 19 14
466580044 2 29731 R 4.0 6 1 14 33
471066586 2 30018 R 13.0 4 4 372 34
474972558 1 30295 R 12.0 3 4 84 15
475413117 2 30296 R 8.0 5 2 323 35
479358261 1 30576 R 9.0 4 3 60 16
479845427 2 30580 R 7.0 5 2 40 36
483838393 1 30863 R 6.0 5 2 326 17
484243656 2 30861 R 14.0 4 4 87 37
488707539 2 31147 R 5.0 6 1 21 38
497528269 2 31712 R 11.0 5 3 68 39
501503070 1 31993 R 3.0 6 1 21 18
501875488 2 31990 R 10.0 5 3 65 40
532684516 2 33962 R 8.0 6 2 39 41
537160191 2 34248 R 4.0 7 1 20 42
541154635 1 34531 R 6.0 6 2 44 19
541523202 2 34527 R 13.0 5 4 89 43
549930738 1 35093 R 12.0 4 4 89 20
550330030 2 35091 R 7.0 6 2 41 44
554269752 1 35370 R 9.0 5 3 62 21
559120060 2 35654 R 11.0 6 3 344 45
563108000 1 35936 R 3.0 7 1 16 22
563506048 2 35934 R 14.0 5 4 368 46
567944837 2 36218 R 5.0 7 1 582 47
572377368 2 36502 R 10.0 6 3 65 48
598851499 2 38196 R 13.0 6 4 91 49
603139488 2 38471 R 8.0 7 2 44 50
607204548 1 38758 R 12.0 5 4 89 23
607617574 2 38757 R 4.0 8 1 308 51
616026952 1 39323 R 6.0 7 2 44 24
624818455 1 39886 R 9.0 6 3 65 25
629668587 2 40169 R 7.0 7 2 331 52
633976743 2 40444 R 11.0 7 3 341 53
637984224 1 40728 R 3.0 8 1 15 26
638403686 2 40728 R 5.0 8 1 298 54
642866065 2 41013 R 14.0 6 4 935 55
647267259 2 41295 R 10.0 7 3 65 56
660428804 2 42137 R 4.0 9 1 16 57
664934251 2 42426 R 13.0 7 4 92 58
673721397 2 42988 R 8.0 8 2 43 59
677620432 1 43265 R 12.0 6 4 84 27
682022231 1 43547 R 6.0 8 2 327 28
686953872 2 43835 R 7.0 8 2 41 60
695741944 2 44397 R 14.0 7 4 371 61
699688887 1 44677 R 9.0 7 3 66 29
700163259 2 44680 R 11.0 8 3 351 62
704073263 1 44958 R 3.0 9 1 300 30
704484494 2 44957 R 5.0 9 1 295 63
713371509 2 45526 R 10.0 8 3 66 64
722116228 2 46085 R 4.0 10 1 15 65
734934909 1 46933 R 6.0 9 2 40 31
735311685 2 46930 R 13.0 8 4 647 66
739305494 1 47213 R 12.0 7 4 86 32
748535201 2 47776 R 8.0 9 2 45 67
757344840 2 48340 R 14.0 8 4 366 68
761362574 1 48624 R 3.0 10 1 23 33
761758120 2 48622 R 7.0 9 2 330 69
765748138 1 48905 R 9.0 8 3 62 34
766177443 2 48905 R 11.0 9 3 627 70
770599003 2 49188 R 5.0 10 1 296 71
783812878 2 50034 R 4.0 11 1 20 72
788292846 2 50321 R 10.0 9 3 350 73
796579440 1 50878 R 6.0 10 2 39 35
801427037 2 51161 R 13.0 9 4 86 74
814212971 1 52007 R 12.0 8 4 86 36
819117569 2 52293 R 7.0 10 2 43 75
823004373 1 52569 R 9.0 9 3 62 37
823519476 2 52575 R 11.0 10 3 62 76
827819919 2 52850 R 8.0 10 2 327 77
832250401 2 53134 R 14.0 9 4 647 78
836295429 1 53420 R 3.0 11 1 19 38
836681765 2 53417 R 5.0 11 1 290 79
858732519 2 54829 R 10.0 10 3 65 80
863151748 2 55112 R 4.0 12 1 300 81
867063808 1 55389 R 6.0 11 2 42 39
871974316 2 55676 R 13.0 10 4 90 82
884666290 1 56516 R 9.0 10 3 62 40
885180868 2 56521 R 8.0 11 2 43 83
889145950 1 56803 R 12.0 9 4 88 41
889496703 2 56798 R 7.0 11 2 37 84
893974476 2 57084 R 14.0 10 4 88 85
898000086 1 57369 R 3.0 12 1 21 42
902797643 2 57649 R 11.0 11 3 635 86
907169964 2 57929 R 5.0 12 1 295 87
928830896 1 59342 R 6.0 12 2 44 43
929202771 2 59339 R 4.0 13 1 21 88
933574076 2 59619 R 13.0 11 4 367 89
938024257 2 59903 R 10.0 11 3 347 90
946402121 1 60467 R 9.0 11 3 64 44
946842713 2 60468 R 8.0 12 2 41 91
951213093 2 60748 R 7.0 12 2 40 92
955256420 1 61034 R 12.0 10 4 90 45
960075243 2 61315 R 14.0 11 4 371 93
964396360 2 61591 R 5.0 13 1 14 94
968907572 2 61880 R 11.0 12 3 67 95
972889976 1 62162 R 3.0 13 1 21 46
986504326 2 63006 R 13.0 12 4 88 96
995293578 2 63569 R 10.0 12 3 65 97
999648147 2 63847 R 4.0 14 1 14 98
1003621101 1 64129 R 6.0 13 2 38 47
1012917775 2 64697 R 7.0 13 2 323 99
1016896542 1 64979 R 12.0 11 4 88 48
1017259145 2 64974 R 8.0 13 2 42 100
1021329542 1 65262 R 9.0 12 3 352 49
1026144630 2 65543 R 14.0 12 4 89 101
1030593040 2 65828 R 11.0 13 3 71 102
1034541762 1 66108 R 3.0 14 1 19 50
1034885129 2 66102 R 5.0 14 1 14 103
1052595002 2 67236 R 13.0 13 4 90 104
1060998311 1 67801 R 6.0 14 2 45 51
1061400675 2 67799 R 10.0 13 3 348 105
1070222787 2 68364 R 4.0 15 1 19 106
1074632424 2 68646 R 7.0 14 2 48 107
1079049601 2 68929 R 8.0 14 2 44 108
1082928237 1 69205 R 9.0 13 3 65 52
1087330086 1 69486 R 12.0 12 4 84 53
1096607864 2 70053 R 14.0 13 4 368 109
1100636260 1 70338 R 3.0 15 1 20 54
1105441771 2 70618 R 5.0 15 1 15 110
1114266820 2 71183 R 11.0 14 3 629 111
1118703875 2 71467 R 13.0 14 4 676 112
1122630702 1 71746 R 6.0 15 2 41 55
1131880789 2 72310 R 10.0 14 3 69 113
1136235580 2 72589 R 4.0 16 1 298 114
1145089249 2 73156 R 7.0 15 2 41 115
1149496876 2 73438 R 8.0 15 2 41 116
1153523946 1 73723 R 9.0 14 3 68 56
1162253172 1 74281 R 12.0 13 4 85 57
1162678979 2 74281 R 14.0 14 4 651 117
1171075706 1 74846 R 3.0 16 1 17 58
1171456102 2 74843 R 5.0 16 1 15 118
1175967733 2 75132 R 11.0 15 3 350 119
1184272726 1 75691 R 6.0 16 2 48 59
1184768766 2 75695 R 13.0 15 4 372 120
1197918913 2 76537 R 10.0 15 3 345 121
1206782458 2 77104 R 4.0 17 1 299 122
1211102346 2 77380 R 7.0 16 2 620 123
1215581863 2 77667 R 14.0 15 4 89 124
1219509055 1 77946 R 9.0 15 3 61 60
1219999135 2 77950 R 8.0 16 2 606 125
1228332102 1 78510 R 12.0 14 4 86 61
1237123312 1 79073 R 3.0 17 1 15 62
1241938530 2 79354 R 5.0 17 1 13 126
1246008567 1 79642 R 6.0 17 2 43 63
1250843842 2 79924 R 11.0 16 3 348 127
1255241717 2 80205 R 13.0 16 4 371 128
1259589651 2 80484 R 4.0 18 1 15 129
1264038280 2 80768 R 7.0 17 2 41 130
1268487087 2 81053 R 10.0 16 3 66 131
1285587905 1 82175 R 9.0 16 3 62 64
1286058213 2 82178 R 14.0 16 4 87 132
1294893035 2 82743 R 8.0 17 2 605 133
1298785223 1 83019 R 12.0 15 4 84 65
1303709811 2 83307 R 11.0 17 3 66 134
1307633071 1 83586 R 6.0 18 2 40 66
1312119085 1 83873 R 3.0 18 1 308 67
1312448770 2 83867 R 5.0 18 1 584 135
1316920616 2 84153 R 13.0 17 4 372 136
1321337291 2 84435 R 7.0 18 2 44 137
1325733089 2 84717 R 4.0 19 1 22 138
1330104039 2 84996 R 10.0 17 3 345 139
1347354997 1 86128 R 9.0 17 3 68 68
1347754769 2 86126 R 8.0 18 2 46 140
1360888134 2 86967 R 14.0 17 4 366 141
1365414163 2 87256 R 5.0 19 1 21 142
1373780586 1 87819 R 12.0 16 4 90 69
1374205605 2 87819 R 11.0 18 3 66 143
1378129647 1 88097 R 6.0 19 2 321 70
1382584063 1 88383 R 3.0 19 1 307 71
1382950230 2 88379 R 13.0 18 4 86 144
1387369272 2 88661 R 4.0 20 1 14 145
1391748022 2 88942 R 7.0 19 2 608 146
1400539400 2 89504 R 10.0 18 3 60 147
1404983574 2 89789 R 8.0 19 2 39 148
1409008810 1 90074 R 9.0 18 3 66 72
1426976186 2 91196 R 5.0 20 1 16 149
1435875459 2 91766 R 14.0 18 4 371 150
1439839621 1 92047 R 3.0 20 1 19 73
1440276725 2 92048 R 11.0 19 3 66 151
1444194579 1 92326 R 12.0 17 4 84 74
1444664432 2 92328 R 7.0 20 2 37 152
1448642922 1 92610 R 6.0 20 2 41 75
1449082097 2 92611 R 4.0 21 1 303 153
1453454781 2 92891 R 13.0 19 4 650 154
1475505255 2 94302 R 8.0 20 2 44 155
1479876174 2 94582 R 10.0 19 3 349 156
1483879244 1 94865 R 9.0 19 3 64 76
1493152633 2 95432 R 14.0 19 4 90 157
1497458624 2 95707 R 5.0 21 1 15 158
1506359187 2 96277 R 7.0 21 2 47 159
1514688792 1 96837 R 12.0 18 4 87 77
1515152863 2 96840 R 11.0 20 3 64 160
1519127714 1 97121 R 3.0 21 1 300 78
1519570358 2 97122 R 4.0 22 1 303 161
1523513203 1 97402 R 6.0 21 2 40 79
1523943096 2 97402 R 13.0 20 4 369 162
1537172415 2 98249 R 8.0 21 2 40 163
1541527796 2 98528 R 10.0 20 3 349 164
1545615077 1 98817 R 9.0 20 3 68 80
1559174853 2 99657 R 5.0 22 1 20 165
1568010217 2 100222 R 14.0 20 4 369 166
1572353237 2 100500 R 7.0 22 2 323 167
1576383737 1 100786 R 3.0 22 1 16 81
1581286909 2 101072 R 11.0 21 3 69 168
1585175240 1 101348 R 6.0 22 2 38 82
1585651186 2 101351 R 4.0 23 1 24 169
1589655201 1 101635 R 12.0 19 4 92 83
1590084257 2 101635 R 13.0 21 4 91 170
1598891104 2 102199 R 8.0 22 2 43 171
1607622682 2 102758 R 10.0 21 3 342 172
1611600533 1 103040 R 9.0 21 3 57 84
1625263878 2 103887 R 5.0 23 1 17 173
1634052186 2 104449 R 14.0 21 4 649 174
1642932668 2 105018 R 7.0 23 2 43 175
1646846902 1 105295 R 12.0 20 4 85 85
1647321044 2 105298 R 11.0 22 3 64 176
1651342400 1 105583 R 3.0 23 1 309 86
1651673546 2 105577 R 13.0 22 4 85 177
1655640491 1 105858 R 6.0 23 2 607 87
1656059719 2 105858 R 4.0 24 1 299 178
1660514294 2 106143 R 8.0 23 2 322 179
1677736097 1 107272 R 9.0 22 3 66 88
1682565543 2 107554 R 10.0 22 3 346 180
1691340787 2 108116 R 5.0 24 1 16 181
1695713175 2 108395 R 14.0 22 4 84 182
1713329314 2 109523 R 7.0 24 2 36 183
1717426830 1 109812 R 6.0 24 2 44 89
1721719419 1 110087 R 3.0 24 1 296 90
1722162462 2 110088 R 11.0 23 3 343 184
1726119235 1 110369 R 12.0 21 4 365 91
1726548459 2 110369 R 13.0 23 4 647 185
1735408101 2 110936 R 8.0 24 2 604 186
1739850573 2 111220 R 4.0 25 1 858 187
1744246369 2 111502 R 10.0 23 3 67 188
1752637637 1 112066 R 9.0 23 3 65 92
1757460799 2 112347 R 5.0 25 1 19 189
1766315304 2 112914 R 14.0 23 4 373 190
1774694524 1 113478 R 3.0 25 1 25 93
1775006640 2 113470 R 7.0 25 2 37 191
1779080642 1 113758 R 6.0 25 2 44 94
1779484463 2 113757 R 13.0 24 4 89 192
1783435471 1 114037 R 12.0 22 4 87 95
1788307170 2 114321 R 11.0 24 3 65 193
1797045638 2 114881 R 4.0 26 1 21 194
1805933331 2 115450 R 8.0 25 2 324 195
1814755821 2 116014 R 10.0 24 3 68 196
1818734080 1 116296 R 9.0 24 3 67 96
1827912473 2 116856 R 14.0 24 4 368 197
1832375946 2 117142 R 5.0 26 1 19 198
1836336621 1 117423 R 3.0 26 1 18 97
1841089405 2 117700 R 7.0 26 2 37 199
1845122261 1 117985 R 6.0 26 2 40 98
1850014056 2 118271 R 13.0 25 4 373 200
1853992112 1 118553 R 12.0 23 4 90 99
1858726926 2 118828 R 4.0 27 1 15 201
1863202917 2 119115 R 8.0 26 2 36 202
1867536591 2 119392 R 11.0 25 3 343 203
1876449005 2 119963 R 10.0 25 3 68 204
1880323847 1 120238 R 9.0 25 3 62 100
1894000519 2 121086 R 5.0 27 1 12 205
1898427949 2 121369 R 14.0 25 4 372 206
1902788538 2 121648 R 7.0 27 2 320 207
1907174263 2 121929 R 13.0 26 4 83 208
1911219403 1 122215 R 12.0 24 4 88 101
1915605511 1 122496 R 3.0 27 1 298 102
1920020864 1 122778 R 6.0 27 2 322 103
1920417790 2 122777 R 4.0 28 1 14 209
1924866266 2 123061 R 8.0 27 2 42 210
1938094694 2 123908 R 11.0 26 3 70 211
1942030451 1 124187 R 9.0 26 3 63 104
1951227492 2 124748 R 10.0 26 3 65 212
1955646449 2 125031 R 14.0 26 4 84 213
1960098925 2 125316 R 5.0 28 1 17 214
1968455747 1 125878 R 3.0 28 1 15 105
1968884340 2 125878 R 7.0 28 2 39 215
1977776319 2 126447 R 13.0 27 4 374 216
1981746673 1 126729 R 12.0 25 4 91 106
1986070353 1 127006 R 6.0 28 2 322 107
1986529773 2 127008 R 4.0 29 1 17 217
1995325416 2 127571 R 8.0 28 2 44 218
1999298292 1 127852 R 9.0 27 3 62 108
2012926695 2 128697 R 11.0 27 3 344 219
2017312610 2 128978 R 10.0 27 3 342 220
2026226661 2 129548 R 14.0 27 4 91 221
2030565637 2 129826 R 5.0 29 1 15 222
2034597093 1 130111 R 3.0 29 1 19 109
2035002403 2 130110 R 13.0 28 4 87 223
2039341292 2 130388 R 7.0 29 2 36 224
2043326260 1 130670 R 12.0 26 4 84 110
2047743278 1 130953 R 6.0 29 2 37 111
2048179772 2 130953 R 4.0 30 1 16 225
2057071010 2 131522 R 8.0 29 2 45 226
2074231069 1 132648 R 9.0 28 3 66 112
2079073515 2 132931 R 10.0 28 3 68 227
2087914224 2 133496 R 11.0 28 3 350 228
2092282358 2 133776 R 14.0 28 4 370 229
2096652394 2 134056 R 5.0 30 1 16 230
2101088934 2 134340 R 7.0 30 2 42 231
2104999670 1 134617 R 12.0 27 4 83 113
2109520200 1 134906 R 6.0 30 2 45 114
2109914565 2 134904 R 13.0 29 4 372 232
2113865655 1 135184 R 3.0 30 1 302 115
2114328849 2 135187 R 8.0 30 2 43 233
2118642982 2 135463 R 4.0 31 1 302 234
2140694120 2 136874 R 10.0 29 3 62 235
2144758415 1 137162 R 9.0 29 3 67 116
2149527053 2 137440 R 11.0 29 3 346 236
2158288810 2 138000 R 14.0 29 4 85 237
2171084233 1 138847 R 6.0 31 2 37 117
2175570116 1 139134 R 3.0 31 1 305 118
2175960165 2 139131 R 13.0 30 4 651 238
2179987225 1 139416 R 12.0 28 4 90 119
2180336224 2 139411 R 7.0 31 2 602 239
2184798238 2 139697 R 5.0 31 1 866 240
2189199438 2 139979 R 8.0 31 2 43 241
2193597345 2 140260 R 4.0 32 1 292 242
2201994981 1 140825 R 9.0 30 3 66 120
2202461247 2 140827 R 11.0 30 3 72 243
2215558622 2 141666 R 10.0 30 3 61 244
2228869108 2 142517 R 14.0 30 4 372 245
2232825800 1 142798 R 3.0 32 1 18 121
2237243038 1 143081 R 6.0 32 2 42 122
2237689427 2 143082 R 7.0 32 2 44 246
2242107072 2 143365 R 5.0 32 1 304 247
2246034822 1 143643 R 12.0 29 4 88 123
2246444534 2 143642 R 13.0 31 4 370 248
2255252894 2 144206 R 8.0 32 2 39 249
2259200304 1 144486 R 9.0 31 3 61 124
2259697326 2 144490 R 4.0 33 1 19 250
2264107130 2 144773 R 11.0 31 3 73 251
2277247279 2 145614 R 10.0 31 3 60 252
2290093689 1 146463 R 3.0 33 1 18 125
2290542680 2 146465 R 14.0 31 4 371 253
2303290638 1 147308 R 6.0 33 2 47 126
2303782241 2 147312 R 13.0 32 4 90 254
2308158594 2 147592 R 5.0 33 1 303 255
2312544162 2 147873 R 8.0 33 2 41 256
2316581705 1 148158 R 12.0 30 4 90 127
2316899377 2 148151 R 7.0 33 2 319 257
2325310421 1 148717 R 9.0 32 3 64 128
2330181929 2 149001 R 11.0 32 3 65 258
2334536437 2 149280 R 4.0 34 1 16 259
2347786656 2 150128 R 14.0 32 4 87 260
2352188244 2 150410 R 10.0 32 3 73 261
2360546821 1 150972 R 3.0 34 1 16 129
2365026505 1 151259 R 6.0 34 2 44 130
2365387163 2 151255 R 13.0 33 4 86 262
2374170406 2 151817 R 8.0 34 2 37 263
2378161299 1 152099 R 12.0 31 4 85 131
2378613750 2 152101 R 5.0 34 1 299 264
2383046118 2 152385 R 7.0 34 2 42 265
2391853556 2 152948 R 11.0 33 3 76 266
