246411586 19  P 14168 21281 0 3990026
249621657 11  P 15007 27471 0 4042756
249997643 2  P 8085 17908 0 4042767
250012544 18  P 10096 15756 0 4040966
253016177 10  P 23055 26336 0 4093955
255487692 16  P 13807 19594 0 4140286
258397321 6  P 13605 30150 0 4183559
258568291 1  P 11115 21118 0 4183567
259058096 4  P 8939 20052 0 4183564
260505364 15  P 13729 22613 0 4216573
261172313 5  P 20705 32672 0 4228619
262160820 17  P 15231 23033 0 4247302
262524640 7  P 23691 43361 0 4256527
263427509 13  P 14620 26932 0 4256502
263796056 3  P 31274 52630 0 4271635
267919361 12  P 17438 30075 0 4340232
268387288 14  P 17398 29133 0 4340215
268473131 9  P 50357 72459 0 4347312
273195616 8  P 19796 29255 0 4415487
276540252 7  P 38347 66416 0 4486158
279630295 19  P 15653 26951 0 4534281
279694136 6  P 14924 38847 0 4532483
279896444 15  P 22990 38850 0 4534275
280225992 13  P 37908 61007 0 4531723
281266066 5  P 21141 39598 0 4557834
282481278 18  P 20134 29822 0 4572929
285304968 8  P 27234 42145 0 4613886
289530873 3  P 67927 108991 0 4693261
290440284 17  P 25738 42879 0 4710661
291106908 12  P 24874 47919 0 4720134
293391183 10  P 28725 47529 0 4755458
293762407 14  P 40262 65305 0 4755958
294433456 4  P 13607 36578 0 4763145
297354660 9  P 94986 137024 0 4820493
298309139 11  P 38373 73147 0 4840441
298349544 1  P 50299 87513 0 4835331
300779290 2  P 15693 40354 0 4874764
302456532 16  P 33506 54912 0 4909815
304292576 9  P 103280 151792 0 4934155
308044416 12  P 29813 61231 0 4997635
308512307 14  P 51832 82069 0 4997619
308966793 2  P 17430 44521 0 5008907
309280707 3  P 97038 153656 0 5016837
311396438 13  P 55048 89759 0 5042404
314112776 16  P 35734 59711 0 5100791
314199757 11  P 47644 88927 0 5100792
314243062 7  P 45940 86393 0 5103878
318375449 5  P 37538 71528 0 5165817
319273699 8  P 39575 65685 0 5170423
320395919 19  P 24780 44463 0 5202179
321808474 4  P 18761 51073 0 5211655
323506179 1  P 71870 125012 0 5247479
324631640 6  P 20143 62485 0 5268727
327359973 10  P 31368 58280 0 5312002
332424609 17  P 36230 59457 0 5398530
332646602 15  P 35935 61919 0 5398520
332872454 18  P 37074 56114 0 5398528
335950660 12  P 39579 80813 0 5454847
336914289 8  P 40751 71304 0 5459444
339863183 9  P 133911 197641 0 5516940
340646784 1  P 84216 147215 0 5528304
343185644 2  P 42235 86144 0 5569542
344188097 10  P 35485 66269 0 5587714
344474050 15  P 37710 67263 0 5592307
348190875 16  P 53026 90146 0 5659124
351147300 6  P 32464 86324 0 5703151
352978224 7  P 78669 139774 0 5738503
353704103 5  P 50199 100565 0 5744627
353995968 4  P 22348 65553 0 5739011
356231342 18  P 59441 86576 0 5781233
358859341 3  P 124782 203043 0 5829114
359607893 11  P 55056 113491 0 5844720
360147214 13  P 103600 163289 0 5841113
360393390 17  P 44557 78064 0 5856759
360497131 14  P 79522 131324 0 5849320
362427218 19  P 31186 58337 0 5890811
365867429 8  P 42614 84612 0 5933806
365941375 16  P 66451 112909 0 5949937
366083429 15  P 46243 84814 0 5946354
366162846 1  P 101015 177407 0 5946343
366248479 2  P 52785 108256 0 5947394
371563732 3  P 147604 238235 0 6037240
371632260 7  P 85772 153532 0 6044129
372000956 5  P 59509 116229 0 6044396
372403426 14  P 84727 142085 0 6044389
372755322 19  P 34314 64213 0 6060025
374060437 12  P 50710 108014 0 6079227
375768376 17  P 45351 82007 0 6108663
377950252 11  P 63013 129904 0 6145263
384224103 9  P 173215 258888 0 6243736
385484997 10  P 48416 90060 0 6264314
385913481 6  P 41508 107747 0 6272744
389153195 18  P 62019 95188 0 6320623
389162886 13  P 127057 200601 0 6316493
393215143 4  P 24992 78240 0 6381573
396153294 14  P 97067 162102 0 6433501
396200474 18  P 65721 101267 0 6436078
398529264 2  P 66608 137362 0 6476278
399656961 10  P 54032 98628 0 6496505
402701028 12  P 61185 127489 0 6548471
403918983 11  P 66681 141061 0 6570729
404101034 6  P 60693 139797 0 6570723
405042888 4  P 31832 90296 0 6575357
408221973 17  P 58798 102907 0 6640373
411980164 9  P 184517 279347 0 6698484
412985261 5  P 98484 179833 0 6715875
413130311 19  P 44784 84223 0 6721525
413197333 7  P 108595 193682 0 6725121
413850345 1  P 145793 252903 0 6727647
415278802 13  P 160536 251473 0 6744367
415644534 16  P 93358 155767 0 6764260
419202959 3  P 178107 296018 0 6817771
420039892 8  P 70899 138907 0 6821352
420161989 15  P 56052 111995 0 6832353
428146426 15  P 60521 119146 0 6963169
428772807 6  P 79891 171026 0 6974942
430171741 3  P 183184 307095 0 6997481
430878186 17  P 69307 119393 0 7011571
431668971 11  P 78179 162582 0 7025382
432108409 2  P 101387 191908 0 7026426
433194081 1  P 159134 276566 0 7044572
434344709 10  P 61132 116310 0 7064812
434884717 7  P 127128 219970 0 7080441
434901952 9  P 191738 294539 0 7074026
436086696 8  P 82387 156499 0 7084258
436558870 4  P 35566 104759 0 7091698
437694087 13  P 179185 275902 0 7111614
442938797 5  P 102761 194691 0 7206621
443505805 19  P 54008 101604 0 7219188
449434897 18  P 90837 142029 0 7308268
450654134 12  P 67706 148608 0 7334128
451467713 14  P 119625 205201 0 7339732
452957295 16  P 117216 188712 0 7375585
454790999 7  P 134377 234465 0 7406584
454910521 16  P 120918 193379 0 7407586
455948906 9  P 200278 313300 0 7418858
456044244 18  P 95779 147857 0 7416554
456334717 1  P 178175 308726 0 7423707
456652619 4  P 46046 121524 0 7420913
457880753 19  P 55423 106374 0 7454705
457912048 15  P 71315 137507 0 7450843
458399665 8  P 112218 207139 0 7449812
459529188 12  P 72404 155724 0 7479532
467313479 10  P 75149 144553 0 7604964
467595113 5  P 116609 219373 0 7610581
469419118 11  P 94500 194483 0 7643873
470359253 3  P 184702 323918 0 7655906
470592873 2  P 152747 273288 0 7656947
474356904 14  P 130105 222159 0 7714769
477867017 6  P 104409 221500 0 7779285
480300039 17  P 83368 141602 0 7821293
483256671 13  P 211611 330324 0 7858107
484337923 7  P 164737 286519 0 7890671
485782290 10  P 80061 156235 0 7907545
487646487 19  P 69612 128426 0 7942384
488571506 8  P 124804 233655 0 7944134
489680249 15  P 81944 159773 0 7971327
491669776 12  P 87827 183221 0 8006117
492028996 18  P 118807 179286 0 8006115
494420122 11  P 106897 217273 0 8053480
494762042 4  P 49332 137867 0 8045290
494847983 16  P 130587 215941 0 8061910
495485073 2  P 175538 309920 0 8064741
496435165 14  P 145363 248164 0 8076490
496766924 5  P 126916 237939 0 8088522
502913939 6  P 113536 239917 0 8189646
502937396 3  P 202805 359369 0 8189662
505456336 17  P 93576 158820 0 8233450
505865934 1  P 244846 417351 0 8235222
511261341 9  P 258472 400819 0 8325079
511334822 13  P 243352 378215 0 8318134
516122669 14  P 154758 266848 0 8399043
517148217 6  P 132353 269922 0 8422854
517458850 19  P 78926 143284 0 8430823
518084710 1  P 263282 447504 0 8435413
519001303 5  P 131687 253057 0 8452808
519433874 4  P 55276 153790 0 8449512
522814152 3  P 209630 378166 0 8515290
524349652 15  P 92527 182072 0 8539340
525381594 13  P 246426 383471 0 8548271
525388447 18  P 159644 239376 0 8552673
526216322 11  P 124631 245313 0 8574421
527321437 8  P 141541 266097 0 8578998
532026857 9  P 268604 419180 0 8665296
533036169 16  P 151260 251391 0 8687564
534951033 12  P 97116 209452 0 8715232
538378214 17  P 98868 169878 0 8772835
538954148 10  P 92408 189233 0 8778708
541724950 2  P 224394 392553 0 8822343
541806679 7  P 203416 355940 0 8832223
545513199 11  P 137580 267386 0 8890580
545763258 14  P 160727 281190 0 8884663
546386998 4  P 58460 166865 0 8891104
547122100 9  P 276876 432477 0 8912591
547306704 7  P 203470 357873 0 8922333
547607755 12  P 104513 222380 0 8922591
551581696 17  P 109351 182818 0 8989153
552060309 18  P 170029 256702 0 8989662
553863546 16  P 158963 266873 0 9028809
554071484 8  P 169616 312755 0 9017262
554702149 2  P 247258 428459 0 9034957
555064154 3  P 239552 431295 0 9043658
560688915 10  P 101704 206953 0 9134801
563225073 15  P 112016 213500 0 9176262
563834776 1  P 331873 562055 0 9184968
567693284 19  P 89198 164519 0 9253864
568429359 6  P 170738 340849 0 9263023
570037992 13  P 281448 439530 0 9279910
573079409 5  P 138258 280249 0 9338812
575153704 11  P 152134 291398 0 9376200
578787823 13  P 291971 452386 0 9423264
582769232 17  P 109587 190417 0 9500127
583065280 5  P 141945 287857 0 9502396
586716585 18  P 182505 279799 0 9557467
592131594 1  P 370516 625319 0 9648578
593208938 19  P 94346 173079 0 9671905
593574555 4  P 70170 196357 0 9664216
593852635 8  P 183871 342210 0 9669027
595698939 9  P 319437 505892 0 9708483
597985819 10  P 109557 226559 0 9745871
598140648 3  P 256748 469868 0 9749442
598967647 2  P 276323 479533 0 9760190
599717130 12  P 116001 249895 0 9776349
601521972 15  P 131502 243735 0 9803702
601744337 7  P 244286 429261 0 9814231
602223076 16  P 177731 303156 0 9821123
602891428 14  P 209155 353791 0 9820643
603177622 19  P 97586 178250 0 9835231
603222332 17  P 118466 205194 0 9835231
603325387 6  P 191244 377231 0 9834754
604756729 2  P 282746 489777 0 9855036
606897180 13  P 299084 467220 0 9883804
607345266 10  P 120753 243433 0 9899216
607688824 5  P 150601 306399 0 9905838
608916611 9  P 330497 522973 0 9925038
612638315 14  P 214719 364155 0 9980333
612662520 15  P 141453 258309 0 9986221
614498238 18  P 185974 290747 0 10012635
615951251 11  P 178124 340304 0 10044605
620118659 8  P 189448 355493 0 10099359
622885257 7  P 263321 459188 0 10160594
623324997 4  P 75129 211471 0 10151629
624582801 16  P 186457 320894 0 10187455
630469160 3  P 282469 515779 0 10279102
631920682 12  P 119947 262982 0 10303963
632194519 1  P 407812 689619 0 10304950
632273691 6  P 206474 407410 0 10309029
637548748 10  P 133639 267103 0 10394057
644319142 2  P 324851 558957 0 10503206
644897161 19  P 107536 194832 0 10518747
646145344 16  P 189024 328194 0 10540731
646344040 3  P 298640 544461 0 10539193
647097755 17  P 128636 223622 0 10554076
648306980 7  P 284300 494771 0 10577098
648558514 9  P 350992 560526 0 10574521
649201441 4  P 75709 223106 0 10575564
651366355 1  P 409661 697030 0 10619060
651695419 6  P 214374 424741 0 10627226
653022309 15  P 145321 272606 0 10647459
655701035 11  P 213175 395793 0 10695854
655826374 18  P 196524 309466 0 10689749
656381979 13  P 320014 504628 0 10694545
658154228 14  P 241634 403711 0 10726051
658826835 12  P 130442 282205 0 10744790
659486097 5  P 156289 330473 0 10754471
661572014 8  P 208045 395355 0 10778515
665225401 15  P 156645 287458 0 10847390
665419935 11  P 218128 404507 0 10855084
666350745 13  P 328661 520224 0 10857871
668022650 1  P 437341 741818 0 10891952
672280093 12  P 139083 296342 0 10965204
672954809 5  P 161411 340810 0 10975140
673461184 6  P 223563 443521 0 10983828
673772198 19  P 116815 212506 0 10991833
679246001 9  P 358422 579538 0 11077297
681238502 17  P 143555 245411 0 11113435
683248233 18  P 213348 332156 0 11139026
685047175 3  P 318357 584039 0 11173299
685728207 8  P 225237 424424 0 11174278
685970622 10  P 149825 300070 0 11187389
686650927 7  P 335706 577063 0 11205312
687063189 2  P 364363 625089 0 11203512
687942350 16  P 195059 346407 0 11225522
689881289 14  P 247455 421528 0 11245857
692090615 4  P 77725 241593 0 11278273
694579283 3  P 319624 590209 0 11329459
694803415 19  P 125779 225734 0 11336408
695197792 7  P 335706 579751 0 11345343
695514950 2  P 381988 651500 0 11341985
695872669 9  P 359861 585310 0 11349681
696356272 4  P 77725 244675 0 11348162
698194112 15  P 175309 320970 0 11387544
702147615 13  P 366349 578964 0 11444358
703923580 5  P 165046 355420 0 11482524
704845542 10  P 160286 315832 0 11496634
709988483 17  P 151224 258967 0 11584472
711348464 16  P 215454 379004 0 11609004
713044867 11  P 247366 457449 0 11635363
713273656 6  P 265530 510336 0 11636110
713419840 14  P 265363 449172 0 11631502
720243796 8  P 239193 446266 0 11739765
720545071 18  P 219121 345401 0 11750093
720608186 12  P 151209 326358 0 11757001
723245217 1  P 530676 895026 0 11796714
723600365 19  P 133236 240225 0 11808213
726363441 17  P 158001 269234 0 11852756
726444526 13  P 383435 605515 0 11842432
726905141 12  P 154924 332674 0 11860170
727263841 18  P 222833 351626 0 11860174
727711616 1  P 530676 896370 0 11869867
728933247 8  P 248476 460561 0 11882097
738372971 14  P 271421 463978 0 12040330
739895307 10  P 172096 342281 0 12070878
741262432 4  P 82011 270856 0 12083895
741640092 2  P 447335 759205 0 12097683
742307025 7  P 347406 610749 0 12117175
745449209 9  P 378997 621596 0 12161960
747248030 11  P 287206 524018 0 12195743
747711055 6  P 284316 548233 0 12200328
747944285 15  P 198990 364846 0 12202631
750301698 16  P 234697 416081 0 12247203
751411498 3  P 358549 665450 0 12260569
753658123 5  P 200358 417470 0 12297366
754600729 13  P 398847 631133 0 12303730
761822630 7  P 351460 623029 0 12436917
761954901 5  P 202205 423118 0 12433299
762799793 2  P 488600 825354 0 12444357
762981186 4  P 85095 284515 0 12439731
763019616 17  P 167682 288264 0 12453328
763057150 19  P 147477 263320 0 12454665
765522641 1  P 587075 990473 0 12489382
766733092 12  P 162333 352876 0 12512708
767286001 16  P 242023 427844 0 12525468
767591765 11  P 308075 559485 0 12529048
768544768 14  P 275038 476177 0 12534659
768728264 8  P 290184 527187 0 12534124
773344121 3  P 387817 712128 0 12619907
775123308 18  P 265344 419774 0 12644298
779417920 9  P 400633 660364 0 12718498
780461006 6  P 288815 566125 0 12736901
782533207 10  P 196404 383743 0 12769448
783133316 15  P 218256 394618 0 12779138
784394679 17  P 172634 298530 0 12803535
784789635 1  P 616947 1038643 0 12805042
786826442 18  P 271543 429213 0 12836039
788805326 6  P 294836 577444 0 12873612
789749433 2  P 502601 852971 0 12885892
796404965 12  P 167114 364120 0 12998850
797028060 4  P 90153 301311 0 12997552
797482656 15  P 232394 416318 0 13014260
798047155 3  P 413890 756931 0 13024634
798232487 14  P 277956 485685 0 13021055
800004715 16  P 269807 470254 0 13061527
801392409 10  P 209641 404191 0 13078437
804088409 7  P 367949 662468 0 13129382
806138584 11  P 322402 591248 0 13160592
807272245 19  P 162047 294397 0 13179079
809478189 8  P 324341 578774 0 13201754
810923635 5  P 249253 503348 0 13235585
812136670 9  P 411099 682890 0 13254558
813382108 13  P 431603 685287 0 13266789
815169879 14  P 291831 507414 0 13298550
816960126 13  P 436164 691391 0 13325411
819075910 3  P 420160 772722 0 13369167
820542886 9  P 412384 687204 0 13392284
820692164 16  P 276817 483310 0 13400465
821814316 10  P 218927 421994 0 13413022
822191556 17  P 187957 323575 0 13422798
825608861 11  P 333813 612659 0 13479563
826196908 8  P 335566 598428 0 13475668
826576920 12  P 177580 384477 0 13493184
826935759 18  P 297950 469296 0 13493182
830367427 6  P 301562 602325 0 13554561
835007417 1  P 676323 1138915 0 13627796
836059316 4  P 99010 327587 0 13637036
837990971 15  P 239954 437501 0 13677946
839673540 5  P 259986 526265 0 13706615
840475424 19  P 182048 323271 0 13723077
840796211 2  P 558834 946961 0 13722228
841010214 7  P 403419 721431 0 13734299
844970413 5  P 263707 532001 0 13793398
847128997 17  P 198462 339582 0 13831372
848139379 12  P 188053 402200 0 13846462
849224050 2  P 574861 972121 0 13860299
852806255 8  P 343905 612797 0 13911628
856247236 4  P 108647 345185 0 13967786
856808567 9  P 428210 719026 0 13986459
857147269 15  P 245880 448679 0 13991800
857189363 10  P 224024 437217 0 13992606
857232409 11  P 359164 652933 0 13997699
860256591 19  P 192750 336122 0 14047169
860328844 3  P 439014 811210 0 14045041
861100798 13  P 460839 732300 0 14048605
861957940 16  P 288797 508742 0 14076554
863757464 1  P 702979 1184954 0 14098832
865290382 6  P 310191 624244 0 14126706
867697644 7  P 406400 734478 0 14171544
869685664 18  P 308326 488037 0 14193588
870185626 14  P 310598 549305 0 14199916
875678474 19  P 197534 345151 0 14299839
879173726 10  P 234445 456686 0 14352792
879661491 17  P 204863 353523 0 14364357
881218165 14  P 314302 557441 0 14380648
882265884 3  P 452197 838669 0 14404454
882545659 12  P 202195 425874 0 14410168
883341926 18  P 313294 495957 0 14417326
884169886 11  P 388345 700412 0 14439036
885495190 6  P 331933 657888 0 14457758
886119550 7  P 412234 747532 0 14473362
887897215 15  P 255338 468830 0 14495598
888158039 5  P 281494 570407 0 14500971
888712029 1  P 736115 1240206 0 14507660
889292883 9  P 431130 731704 0 14518676
894468507 2  P 623863 1047011 0 14601572
895622250 4  P 111364 361948 0 14612900
897682811 8  P 401653 700701 0 14646851
901739190 16  P 330391 573043 0 14728323
901991359 13  P 473722 757593 0 14718541
904997245 4  P 119973 374525 0 14766497
907624725 2  P 630527 1057714 0 14817122
908888842 18  P 320516 509569 0 14835885
910673689 5  P 295084 594223 0 14869862
912082139 17  P 218788 372591 0 14895552
912451096 14  P 327195 582986 0 14892389
912464911 7  P 419825 766157 0 14904973
914642424 10  P 244914 481245 0 14933906
915163690 1  P 757059 1275309 0 14941064
918355525 9  P 458366 777296 0 14994832
920007970 6  P 360007 704855 0 15023208
922937925 3  P 471551 877559 0 15070817
924787826 19  P 204388 361953 0 15104442
929491061 15  P 267950 495258 0 15177061
930271901 16  P 350647 605696 0 15195775
930311294 12  P 213854 456253 0 15192754
930397699 13  P 486455 780126 0 15183945
930904372 11  P 426087 762011 0 15204719
932306136 8  P 410040 722173 0 15214129
933926616 16  P 353290 610029 0 15255677
937197658 7  P 425917 780527 0 15310219
940694174 15  P 276593 506565 0 15360609
940746305 6  P 379379 738160 0 15362984
945457171 17  P 226422 386267 0 15442366
946312355 2  P 668348 1122681 0 15450970
947694231 19  P 207381 367378 0 15479736
949282946 5  P 306858 622913 0 15502425
949794181 4  P 141646 417616 0 15500437
951272679 13  P 509934 816586 0 15525952
952241788 1  P 818092 1373389 0 15548540
953263672 14  P 342320 613499 0 15561055
958686249 12  P 221795 474530 0 15657648
959246116 9  P 494218 830695 0 15664776
959248202 18  P 333604 533933 0 15660969
959281644 3  P 487231 914332 0 15666261
960220608 10  P 254806 505357 0 15680655
961529306 11  P 440838 787142 0 15706471
961712750 8  P 417819 740021 0 15695920
964547248 3  P 487231 916327 0 15752531
966225319 15  P 288908 526873 0 15778910
967388787 11  P 442736 792237 0 15802472
969329995 5  P 333542 663986 0 15830872
969603910 7  P 437879 802652 0 15841157
969632045 13  P 527208 845045 0 15826739
971251882 10  P 264610 518085 0 15861386
976232535 18  P 344113 548486 0 15939240
977163674 1  P 852969 1430913 0 15956854
979504057 17  P 232176 398656 0 16000190
979989119 16  P 370499 642229 0 16010352
981324373 9  P 514256 863858 0 16026504
983124743 2  P 688372 1162869 0 16054101
986452053 12  P 235322 500116 0 16112555
988201206 14  P 367901 656838 0 16133466
989147270 19  P 224774 398364 0 16158898
989790526 6  P 397728 778294 0 16166493
990149937 8  P 422374 755403 0 16161826
993965972 4  P 184429 487857 0 16224131
994019653 17  P 235051 405884 0 16238012
994682025 7  P 440194 814246 0 16252036
995601146 1  P 873266 1465758 0 16258929
998100411 15  P 308843 566285 0 16301147
998251817 5  P 353481 700185 0 16304717
998670052 18  P 345684 556959 0 16306856
999404308 11  P 464296 827655 0 16327006
1000780047 12  P 245033 515735 0 16347298
1002712049 10  P 279053 547075 0 16376824
1007449266 9  P 532242 896175 0 16454530
1009672150 3  P 526445 985267 0 16491846
1010617483 19  P 227540 404041 0 16510641
1010985600 2  P 706730 1197157 0 16510543
1012325355 4  P 193771 505835 0 16524928
1012507912 6  P 415799 810660 0 16538714
1014025052 8  P 443431 793217 0 16552986
1014810519 14  P 384736 685200 0 16569424
1015147669 13  P 567387 913626 0 16572444
1022521718 16  P 382306 669127 0 16707178
1024876799 5  P 364909 724146 0 16740934
1026969201 3  P 533851 997912 0 16775235
1027666404 7  P 447663 838167 0 16792447
1027669882 11  P 475093 850254 0 16790100
1028687285 2  P 710195 1206796 0 16800589
1029148505 6  P 421557 822382 0 16811351
1032850333 19  P 239793 419621 0 16874925
1034225877 13  P 591798 952058 0 16885013
1034939308 10  P 286178 567705 0 16904828
1036116842 1  P 911287 1531742 0 16922730
1037321913 8  P 475345 843704 0 16934676
1037560556 14  P 393737 702134 0 16942153
1041426634 17  P 247713 427986 0 17014713
1041779498 18  P 360160 581726 0 17013160
1043379599 16  P 393352 687497 0 17048935
1043420704 12  P 250039 539763 0 17045909
1044293041 9  P 563001 946027 0 17058169
1050412946 15  P 343778 622666 0 17158225
1050653671 4  P 227742 557387 0 17152891
1057290384 6  P 438272 856145 0 17272402
1058000349 12  P 253725 548862 0 17284755
1059172758 3  P 547991 1030571 0 17302844
1064982259 11  P 492612 880115 0 17401422
1065022704 13  P 604364 972964 0 17389575
1065387372 9  P 576449 969418 0 17403768
1065923887 10  P 298754 593307 0 17412477
1066148052 1  P 942715 1584714 0 17414759
1066395357 16  P 406668 709624 0 17426021
1069107409 14  P 409752 728010 0 17459011
1071171708 2  P 756073 1281936 0 17496645
1071669102 4  P 243493 579191 0 17497201
1074113357 17  P 256482 444034 0 17550261
1075154437 18  P 371905 598534 0 17559973
1075580704 5  P 384436 767353 0 17571651
1077150971 7  P 480825 900235 0 17603194
1078133064 15  P 363006 651688 0 17612367
1081652996 8  P 512172 900065 0 17660982
1082803609 19  P 244380 436165 0 17693353
1083029155 11  P 500032 895279 0 17697099
1087006668 15  P 368123 660073 0 17757772
1089781987 3  P 572480 1073769 0 17804337
1090718722 2  P 772687 1312079 0 17816901
1093584741 19  P 250662 447641 0 17869988
1094072775 7  P 483671 909587 0 17880440
1094748283 18  P 378848 611060 0 17880996
1095451906 12  P 263065 570787 0 17898382
1095549884 8  P 534185 932795 0 17888664
1095736224 10  P 304079 610642 0 17900919
1098892504 5  P 400861 797683 0 17953592
1099132443 1  P 991236 1664314 0 17955172
1100373054 14  P 419787 750883 0 17971262
1101273773 6  P 470328 917587 0 17993043
1104879591 16  P 421541 738379 0 18056545
1109028486 4  P 244965 594164 0 18109288
1112785350 17  P 260747 455660 0 18183857
1112820016 13  P 627633 1013848 0 18172667
1113793481 9  P 591452 1001210 0 18196850
1113970631 10  P 307571 621414 0 18199669
1118732014 7  P 488796 926556 0 18284450
1123810659 18  P 388632 627675 0 18357151
1124979351 8  P 566449 986811 0 18370822
1125966403 4  P 249076 603707 0 18386797
1126597813 17  P 263152 459688 0 18410158
1127162814 19  P 255662 460866 0 18420131
1128673564 5  P 408173 820571 0 18441521
1128749830 2  P 823278 1393784 0 18439997
1128811202 12  P 272363 594017 0 18444936
1131044919 14  P 440720 782614 0 18473784
1133735208 3  P 611440 1143749 0 18524458
1134100508 15  P 432534 751455 0 18529344
1134679745 1  P 1023790 1722952 0 18537560
1137044800 11  P 517676 935077 0 18582079
1137413708 13  P 646128 1044190 0 18575602
1138929962 6  P 493559 960765 0 18609993
1142199680 9  P 602443 1026757 0 18662253
1143082734 16  P 427152 757095 0 18682461
1143329264 3  P 615589 1151945 0 18681639
1144701123 14  P 454193 801380 0 18697525
1147533090 5  P 428629 857329 0 18750512
1152941484 17  P 274508 476413 0 18841769
1153186226 12  P 281603 615734 0 18844292
1153957773 16  P 433825 768341 0 18860637
1157001780 10  P 328962 663324 0 18904686
1158638262 6  P 503561 979388 0 18932884
1159272206 19  P 257134 470666 0 18946208
1163012339 8  P 621562 1072107 0 18993934
1163432002 7  P 507936 961368 0 19016803
1168043409 9  P 612654 1050214 0 19085661
1168794838 11  P 530146 958360 0 19102266
1169163625 13  P 672875 1088960 0 19095784
1170497226 4  P 252775 625177 0 19116386
1171272699 1  P 1068791 1797807 0 19137086
1171498197 18  P 397912 650835 0 19138461
1172531142 2  P 848472 1439206 0 19157299
1173100483 15  P 471095 809278 0 19168304
1176934696 4  P 252847 628055 0 19221858
1178926569 16  P 442326 785093 0 19269720
1182804395 13  P 678737 1100105 0 19319269
1183326157 14  P 480538 837539 0 19330344
1183451032 11  P 534051 964770 0 19342389
1184738414 17  P 284463 491428 0 19362729
1186027703 9  P 617541 1063519 0 19380308
1188119664 7  P 520856 989119 0 19421278
1188570833 6  P 521073 1009570 0 19423288
1191482635 18  P 403807 661128 0 19465884
1192209701 19  P 266462 487378 0 19485854
1195959894 15  P 488605 839458 0 19542828
1196166088 8  P 662949 1136865 0 19537119
1197845585 5  P 459450 915404 0 19574826
1197889470 12  P 297471 653027 0 19576702
1199990263 3  P 703986 1293557 0 19609954
1202062287 2  P 860746 1465275 0 19641132
1202298702 10  P 342875 693641 0 19646821
1202771099 1  P 1093751 1842499 0 19653140
1205158057 5  P 463154 922480 0 19694632
1206858227 12  P 305390 668185 0 19723645
1208178505 19  P 273813 500087 0 19747485
1208526251 7  P 529420 1004555 0 19755607
1210248291 18  P 410038 672444 0 19773340
1210622671 9  P 623299 1079351 0 19783246
1216356644 4  P 254708 642990 0 19867734
1216398068 13  P 710977 1152116 0 19869659
1221367238 1  P 1102884 1860274 0 19957817
1226985621 2  P 861686 1473820 0 20049447
1227095566 10  P 352127 712869 0 20053091
1227491151 15  P 511435 873059 0 20059430
1227560489 11  P 550318 998292 0 20065073
1227774019 6  P 531561 1035151 0 20065585
1228904320 14  P 505812 880951 0 20077088
1229266436 3  P 743763 1357154 0 20089611
1231613447 17  P 288172 505826 0 20130726
1232551560 16  P 455263 814080 0 20148297
1232902520 8  P 691005 1183134 0 20138999
1233654301 14  P 505812 881955 0 20154912
1236013937 11  P 551041 1001619 0 20203568
1236148008 15  P 517722 882065 0 20201253
1238855802 9  P 644058 1111017 0 20245834
1238952898 2  P 865406 1481459 0 20245542
1240271738 16  P 456006 817894 0 20274760
1240573208 7  P 552746 1043511 0 20280656
1244680207 6  P 531833 1041306 0 20342574
1245022553 1  P 1126468 1899798 0 20345375
1247653470 4  P 261676 660205 0 20380492
1249967069 18  P 434432 711897 0 20424089
1250608148 12  P 324752 703936 0 20440438
1253204888 10  P 353773 722134 0 20480866
1253666129 8  P 699968 1201906 0 20479187
1254578835 3  P 774972 1405426 0 20504322
1257470448 5  P 487291 966854 0 20551705
1257819052 19  P 281868 517911 0 20560791
1261879057 17  P 293972 515082 0 20626596
1263257324 13  P 731981 1190624 0 20637393
1268048668 10  P 355526 727297 0 20724066
1269638686 14  P 516214 900926 0 20744466
1277254080 17  P 304174 529798 0 20878498
1278859177 18  P 443518 728082 0 20897430
1279198200 7  P 586208 1097441 0 20913480
1279897273 19  P 286321 523373 0 20922516
1280327879 2  P 867306 1495603 0 20923424
1282304203 13  P 741282 1206407 0 20949445
1282434136 9  P 660913 1141107 0 20959813
1283986080 5  P 490999 979211 0 20986135
1284238943 3  P 800254 1445501 0 20990270
1285920821 12  P 342772 735251 0 21018996
1286259858 8  P 714471 1227124 0 21013198
1287145411 16  P 471833 847999 0 21042755
1288258342 6  P 540285 1064979 0 21056553
1290247194 4  P 266568 678059 0 21078345
1292373394 11  P 579541 1051277 0 21126951
1293123377 11  P 579541 1051462 0 21139239
1293414154 1  P 1163720 1963115 0 21138208
1294209768 15  P 552445 937062 0 21152530
1295373832 12  P 353879 751210 0 21173874
1296721773 14  P 527281 921023 0 21188181
1299006645 15  P 552445 938625 0 21231122
1299533052 10  P 360303 743632 0 21239903
1300658016 5  P 497372 993708 0 21259284
1300907109 3  P 836900 1503165 0 21263356
1303816505 17  P 321726 557645 0 21313689
1306025349 8  P 725162 1247504 0 21337030
1306591012 4  P 267979 686373 0 21346115
1309245106 7  P 633960 1169365 0 21405765
1311225363 19  P 295355 537054 0 21435790
1315364080 16  P 484977 873855 0 21505083
1316008320 6  P 542183 1077796 0 21511202
1316273481 1  P 1194656 2013020 0 21512729
1316810655 18  P 454788 748733 0 21519245
1318277891 9  P 680346 1180331 0 21547070
1322046646 2  P 871031 1513778 0 21606943
1323898097 13  P 779075 1267723 0 21630914
1328473483 16  P 489238 883161 0 21719864
1328566797 5  P 506752 1014460 0 21716490
1329362701 8  P 742677 1277972 0 21719381
1331405152 12  P 367740 781040 0 21764208
1331781008 2  P 872098 1518583 0 21766430
1335707233 17  P 339818 585033 0 21836180
1336039099 1  P 1213864 2045584 0 21836562
1337654687 11  P 606859 1100060 0 21868835
1337678545 15  P 566747 968743 0 21864709
1339319946 13  P 788351 1283691 0 21883583
1339391495 3  P 882213 1572115 0 21893875
1339718381 14  P 551752 960465 0 21892615
1340595582 10  P 363580 762871 0 21912664
1343117600 19  P 302121 549053 0 21958282
1344166946 7  P 665000 1221930 0 21977916
1349010931 6  P 550167 1096331 0 22051915
1349559144 9  P 707385 1224241 0 22059578
1350888894 18  P 465031 767406 0 22077580
1352528494 4  P 269204 701303 0 22098744
1355472723 4  P 274741 709346 0 22146979
1360248478 11  P 624419 1131017 0 22239006
1360566588 17  P 362191 616355 0 22243474
1361512214 9  P 715509 1237382 0 22255416
1363702911 2  P 873274 1527931 0 22289437
1363804371 13  P 799409 1301043 0 22284730
1364276391 7  P 676572 1244621 0 22307388
1367560734 18  P 470780 775993 0 22350730
1368407158 3  P 907516 1615425 0 22369264
1368595958 5  P 513787 1037914 0 22372356
1371712461 1  P 1241641 2092319 0 22421006
1373223429 16  P 516441 929051 0 22453040
1374447316 8  P 780926 1341280 0 22458041
1375439455 10  P 366075 780347 0 22483540
1377397288 19  P 304120 555257 0 22519944
1378500337 12  P 383738 816175 0 22535783
1378914712 6  P 565670 1126029 0 22541854
1379053459 15  P 568751 983884 0 22542592
1383044783 14  P 566579 988295 0 22602496
1385004709 16  P 521995 944276 0 22646059
1385826110 14  P 566579 989451 0 22648065
1386344458 3  P 929198 1651569 0 22663147
1390044214 4  P 297912 751865 0 22713393
1390423693 10  P 369403 787411 0 22729033
1391416097 8  P 803659 1376271 0 22736049
1391663741 13  P 819495 1331861 0 22741164
1394347848 17  P 385218 646016 0 22796942
1396109124 2  P 873782 1541368 0 22820381
1396726612 1  P 1288519 2167000 0 22830852
1397495053 7  P 695415 1275875 0 22851639
1398574688 9  P 736753 1278592 0 22862638
1398826528 11  P 655670 1180525 0 22871065
1399418869 15  P 576290 999514 0 22876255
1404024168 6  P 584153 1157836 0 22953241
1407252089 5  P 523527 1060913 0 23005689
1408867465 19  P 305764 563143 0 23035524
1410217075 18  P 483655 798945 0 23049604
1412014476 12  P 397230 842017 0 23084894
1417420881 12  P 397329 843422 0 23173469
1418715288 9  P 751638 1302608 0 23192615
1419353529 8  P 823777 1410338 0 23193764
1421817241 16  P 536346 968750 0 23249185
1422835140 15  P 583908 1015455 0 23259895
1423077915 2  P 877486 1554965 0 23262233
1426670269 11  P 664778 1200527 0 23327249
1426795321 14  P 593927 1037808 0 23319290
1426982538 18  P 497896 817733 0 23324288
1429281969 3  P 956665 1704434 0 23366622
1430351164 13  P 836275 1360019 0 23375009
1432057638 7  P 727664 1328155 0 23417905
1434059897 4  P 349654 834317 0 23434525
1437488458 17  P 399870 671106 0 23503751
1438845738 10  P 395412 831391 0 23522368
1440291374 6  P 613045 1207524 0 23547392
1441209753 19  P 309491 574584 0 23565440
1441783346 5  P 524071 1072777 0 23571446
1445010727 1  P 1345295 2264113 0 23621933
1445457798 16  P 544580 983791 0 23636510
1448553209 8  P 841379 1443468 0 23672158
1448716098 4  P 354890 846362 0 23674645
1449695376 1  P 1349149 2270942 0 23698685
1450728368 6  P 628592 1231177 0 23718410
1451844499 3  P 991834 1761484 0 23736282
1453757438 13  P 852930 1387230 0 23758493
1453902702 9  P 759972 1325109 0 23769118
1454750194 12  P 410266 869379 0 23785045
1455147275 19  P 312040 580512 0 23793787
1456467319 11  P 678055 1225808 0 23815443
1461514124 14  P 622218 1084422 0 23888116
1461694657 15  P 600959 1048925 0 23896565
1466689734 5  P 531347 1091894 0 23979508
1471300968 17  P 430721 716779 0 24057727
1472545140 18  P 509157 838930 0 24070773
1472968545 2  P 878444 1577783 0 24079637
1473104381 7  P 752617 1374235 0 24090393
1473267593 10  P 413785 862209 0 24086326
1476287866 19  P 315189 587802 0 24140152
1477732898 11  P 691258 1246860 0 24163856
1479264533 12  P 422069 890537 0 24186701
1479684730 4  P 375014 883514 0 24182026
1479869197 8  P 860290 1478210 0 24185230
1484228270 15  P 614073 1075317 0 24265748
1484720640 10  P 425713 878664 0 24273968
1485057621 7  P 759427 1388636 0 24286233
1485944875 13  P 863264 1409009 0 24285844
1486622142 17  P 445805 738335 0 24308745
1487641194 18  P 518476 854318 0 24318105
1487830262 5  P 547897 1117838 0 24325861
1490333301 16  P 562450 1017807 0 24371734
1490775398 1  P 1382198 2329202 0 24371732
1490923094 3  P 1045983 1850708 0 24376532
1492477254 6  P 673103 1305863 0 24402399
1494859200 2  P 881009 1588500 0 24438289
1497529740 14  P 637445 1109577 0 24478190
1503470321 9  P 778931 1368257 0 24581226
1504189715 5  P 551004 1127765 0 24593894
1505492239 1  P 1387106 2338790 0 24612850
1506448195 7  P 787034 1432946 0 24636694
1507404097 6  P 681510 1324967 0 24646956
1511390354 2  P 890731 1603990 0 24709130
1512548080 3  P 1061099 1875684 0 24730834
1512661443 16  P 571431 1033084 0 24737556
1513494171 8  P 886418 1527114 0 24736121
1515561389 12  P 437479 915486 0 24781382
1517559717 4  P 376932 898591 0 24802568
1520074708 9  P 778931 1373617 0 24853269
1521060948 11  P 705264 1276938 0 24873732
1523019728 17  P 464293 760857 0 24905084
1526986424 10  P 447304 918848 0 24966435
1528170393 14  P 655829 1139159 0 24980195
1528576339 18  P 531608 874728 0 24988780
1529148138 13  P 894268 1461995 0 24993673
1530490997 19  P 320783 601736 0 25028214
1533194500 15  P 632134 1106344 0 25068000
1535481577 4  P 377892 905285 0 25096194
1537317552 13  P 915689 1494321 0 25127512
1540819545 15  P 635821 1112972 0 25192927
1541357817 14  P 656911 1144229 0 25196251
1542086668 6  P 716036 1381714 0 25215183
1542881602 19  P 321869 606720 0 25231217
1547720992 5  P 559792 1151720 0 25307103
1548198225 7  P 814070 1481500 0 25320721
1548380127 16  P 581146 1049543 0 25322759
1548650403 8  P 904140 1561589 0 25312108
1549707367 17  P 486130 793562 0 25342327
1551439479 10  P 460232 940822 0 25367071
1551467493 12  P 447496 938959 0 25369654
1558845114 3  P 1091253 1932116 0 25489357
1559576538 11  P 724664 1309159 0 25504766
1559887126 9  P 794485 1403975 0 25505538
1560867220 1  P 1449415 2440557 0 25520104
1560906011 2  P 893672 1623280 0 25520388
1561654506 18  P 542751 892597 0 25530730
1565976232 13  P 943076 1538247 0 25597045
1569838531 15  P 646520 1134206 0 25668366
1570576537 14  P 675846 1172526 0 25674957
1571326394 18  P 547054 901542 0 25689193
1571467189 11  P 735834 1327228 0 25699582
1573197319 8  P 914040 1583776 0 25714275
1577923048 3  P 1123244 1982864 0 25801921
1579256837 19  P 343053 639411 0 25827184
1581720775 10  P 465167 958238 0 25863190
1582908540 5  P 572383 1175816 0 25883608
1584273489 1  P 1483935 2497360 0 25903585
1587139388 12  P 455788 960542 0 25954095
1587687267 2  P 895897 1636031 0 25959170
1589613465 17  P 507411 823337 0 25996137
1589696084 6  P 779749 1482827 0 25995192
1590512096 9  P 805928 1425911 0 26007293
1591626047 7  P 833409 1519888 0 26032237
1592317585 16  P 599404 1084364 0 26042618
1593341034 4  P 379429 927126 0 26044154
1597673109 3  P 1156486 2035306 0 26125499
1599738363 17  P 514335 832418 0 26162020
1601039075 1  P 1485505 2503665 0 26178270
1601361575 5  P 581301 1193708 0 26185940
1601701380 18  P 558140 921672 0 26186855
1602735358 2  P 897744 1643322 0 26205697
1603048882 10  P 490575 997528 0 26212628
1603355798 9  P 809095 1434912 0 26217720
1603530050 12  P 459206 971188 0 26222639
1604085530 13  P 974231 1588202 0 26221421
1604583137 16  P 611038 1099406 0 26243576
1605352616 6  P 790261 1502982 0 26251702
1608041117 8  P 929005 1616273 0 26285144
1610624696 19  P 361823 669428 0 26341107
1612856613 4  P 385829 941746 0 26363896
1613401321 7  P 842045 1538660 0 26389003
1617545413 14  P 694668 1214770 0 26444475
1619076532 11  P 769468 1387987 0 26479605
1619647868 15  P 675829 1189539 0 26484429
1626580308 5  P 589422 1211950 0 26599121
1628053486 19  P 368399 677957 0 26626658
1631393000 10  P 498039 1018332 0 26677001
1632332183 17  P 551379 885860 0 26696029
1633869281 15  P 680335 1198970 0 26717427
1634451303 18  P 564698 936612 0 26723427
1635137179 9  P 826524 1466397 0 26738420
1636629996 16  P 616155 1115630 0 26768628
1637295295 14  P 697446 1222431 0 26768053
1637702508 12  P 486516 1014843 0 26782510
1639976986 1  P 1522784 2566676 0 26816222
1641610664 3  P 1199542 2106909 0 26845363
1644952284 4  P 388867 956855 0 26889716
1647717220 11  P 789382 1421363 0 26948842
1648729859 7  P 882740 1606407 0 26967825
1649056058 6  P 832911 1575096 0 26967710
1649796608 2  P 905445 1669685 0 26976768
1650166114 8  P 951882 1662220 0 26975305
1650460927 13  P 1007950 1648040 0 26981217
1654323138 7  P 887857 1614031 0 27059463
1656759823 8  P 951882 1664598 0 27083336
1658707234 17  P 567161 910633 0 27128150
1658826316 18  P 575221 952605 0 27122785
1659817491 16  P 619822 1127068 0 27148529
1660622225 4  P 390764 964753 0 27146483
1662439720 10  P 508033 1038676 0 27185668
1663452833 2  P 906725 1675007 0 27200511
1663726560 1  P 1534124 2588184 0 27205333
1665928501 19  P 373955 691691 0 27247195
1667139087 11  P 796769 1436156 0 27267044
1670225758 15  P 701126 1237832 0 27313079
1671297990 3  P 1239721 2169217 0 27331755
1675870517 14  P 718601 1261422 0 27400055
1676390013 12  P 509671 1056783 0 27416357
1676445377 13  P 1024592 1677529 0 27406942
1681492835 6  P 834548 1587417 0 27499156
1683236631 5  P 596569 1234656 0 27527368
1683803462 19  P 378640 697129 0 27540056
1683965271 9  P 859138 1521756 0 27538407
1685632835 13  P 1027431 1683401 0 27557469
1690601615 1  P 1552235 2620043 0 27645648
1692379268 14  P 722312 1269814 0 27670532
1693002263 10  P 521434 1064731 0 27686399
1696080330 5  P 598179 1243112 0 27737797
1698358768 3  P 1269561 2219407 0 27775113
1698887268 9  P 882549 1561270 0 27782886
1698951590 11  P 806139 1458438 0 27788255
1699482549 18  P 585643 970783 0 27788890
1699585265 15  P 711160 1257378 0 27794090
1699859125 2  P 907231 1686956 0 27796985
1700695911 6  P 840266 1601721 0 27813776
1700972898 17  P 585063 935991 0 27820626
1704760918 7  P 951610 1716404 0 27885830
1705940888 12  P 532735 1095390 0 27900511
1709794131 4  P 391273 980888 0 27952111
1710525469 8  P 974345 1713426 0 27964205
1710973919 16  P 643125 1164836 0 27986667
1719795361 11  P 814734 1475340 0 28129751
1720592158 14  P 737197 1292793 0 28132768
1720891757 3  P 1297064 2263855 0 28144292
1724145765 16  P 650086 1175977 0 28202472
1726373215 18  P 588347 976044 0 28229463
1727929045 15  P 724726 1278406 0 28258465
1728378548 10  P 529743 1084232 0 28265981
1728425892 17  P 594823 948917 0 28270411
1728781219 8  P 989977 1737004 0 28263301
1730715344 9  P 905004 1602265 0 28304353
1730921182 12  P 546309 1121164 0 28309783
1730921600 2  P 908099 1697649 0 28305911
1733306070 6  P 843036 1615896 0 28348048
1734944066 19  P 386809 711406 0 28377938
1738695315 1  P 1592618 2691404 0 28433602
1738710961 13  P 1051459 1729097 0 28427083
1739702285 4  P 393032 992943 0 28442091
1742526484 7  P 976948 1762450 0 28504579
1743002174 5  P 614122 1276571 0 28506554
1743109414 11  P 816270 1482998 0 28511699
1746899059 6  P 848677 1628506 0 28570758
1748390350 2  P 908244 1702513 0 28592117
1748947805 8  P 1007468 1768472 0 28593697
1750892851 5  P 619045 1284673 0 28635833
1753465471 7  P 983947 1775978 0 28683775
1754688683 3  P 1349563 2342316 0 28698015
1755316566 17  P 612732 975572 0 28710978
1757264013 14  P 753817 1321523 0 28733595
1763319740 15  P 757983 1329014 0 28838293
1764111604 10  P 537890 1105833 0 28851446
1764839107 1  P 1609583 2721235 0 28861931
1767085993 13  P 1064811 1755753 0 28891975
1767951764 18  P 612062 1014624 0 28910673
1769434164 9  P 950780 1681346 0 28938718
1770817678 16  P 674897 1220290 0 28967135
1770827471 12  P 568300 1165471 0 28963601
1772631638 19  P 389454 723691 0 28995401
1772778905 4  P 393663 1005014 0 28984038
1774544590 4  P 393663 1005696 0 29012966
1776404894 18  P 615348 1018849 0 29049167
1776470936 5  P 623733 1300697 0 29054899
1779314810 10  P 543511 1117387 0 29100533
1781891339 11  P 843285 1533612 0 29147120
1784170253 14  P 763302 1341367 0 29174421
1785024086 6  P 892517 1698609 0 29195392
1786015428 12  P 576269 1180720 0 29212439
1788470081 15  P 781608 1367168 0 29250344
1789999721 2  P 912680 1722890 0 29273844
1791469893 3  P 1390071 2411552 0 29300630
1792582203 17  P 619398 989018 0 29321535
1795695354 13  P 1075302 1776839 0 29360708
1797526828 7  P 1011125 1826505 0 29405686
1797682859 1  P 1650254 2789066 0 29400038
1797694220 19  P 392770 731344 0 29406025
1798978909 8  P 1027181 1809468 0 29413392
1801980940 9  P 980108 1731827 0 29471955
1804869915 16  P 692906 1252824 0 29525039
1807920466 18  P 625768 1035062 0 29565512
1808163397 15  P 795122 1387563 0 29572991
1810971070 10  P 547215 1133192 0 29619184
1811220860 5  P 642879 1333792 0 29624237
1811270126 17  P 629238 1003537 0 29627707
1811677080 16  P 694162 1256488 0 29636567
1813296632 2  P 916389 1736697 0 29655534
1813468083 12  P 589284 1203825 0 29662220
1813807067 8  P 1030818 1817905 0 29656333
1814382848 1  P 1671668 2824340 0 29673647
1817756713 19  P 401299 744259 0 29734725
1817795208 14  P 773924 1362558 0 29725326
1818908146 9  P 990154 1748816 0 29749286
1819454517 11  P 875240 1583091 0 29762540
1820256273 3  P 1412350 2452197 0 29772256
1826448540 7  P 1034644 1863934 0 29879535
1829357183 4  P 465660 1120749 0 29910992
1831445313 13  P 1087608 1802530 0 29946430
1831617845 6  P 922333 1751958 0 29958772
1836018049 10  P 563172 1160922 0 30029545
1837055351 6  P 928230 1760964 0 30047858
1837451475 14  P 778970 1375051 0 30047372
1838897259 19  P 404553 750112 0 30081090
1839795522 18  P 638056 1055601 0 30087750
1841103900 8  P 1040514 1838600 0 30103558
1841514895 12  P 608057 1235638 0 30121734
1847702407 4  P 489806 1157571 0 30211534
1849765367 2  P 917455 1750087 0 30253036
1853154629 11  P 895512 1614877 0 30314682
1853741535 15  P 815507 1423560 0 30319731
1856230128 17  P 658364 1045261 0 30364322
1857891759 3  P 1425098 2483848 0 30388874
1858816102 5  P 658056 1367058 0 30404004
1861021895 16  P 723139 1303683 0 30445003
1861039163 13  P 1108500 1835386 0 30431282
1862589208 7  P 1063342 1908986 0 30471658
1863075115 9  P 1005806 1783337 0 30472900
1863561064 18  P 644241 1064921 0 30477121
1864617212 1  P 1713476 2897701 0 30496681
1866851574 1  P 1713476 2897809 0 30533289
1868912264 17  P 663054 1052130 0 30572077
1870326609 14  P 805735 1420470 0 30585988
1870608670 12  P 621372 1262306 0 30598396
1871682981 7  P 1074320 1927715 0 30620651
1872327942 2  P 921166 1761632 0 30622699
1873641750 3  P 1430029 2496433 0 30646919
1876123472 11  P 909823 1643263 0 30690995
1877878969 10  P 595471 1216270 0 30715366
1878850331 19  P 410479 762420 0 30735675
1880194593 15  P 821944 1438977 0 30753137
1880554692 13  P 1109839 1841325 0 30751022
1881208275 16  P 742174 1331123 0 30775751
1882869676 8  P 1076856 1899753 0 30787831
1885017723 5  P 661490 1379719 0 30833315
1888602082 6  P 942083 1797666 0 30892394
1891512491 9  P 1016275 1805010 0 30938813
1894247764 4  P 560995 1264917 0 30974139
1897560935 11  P 913574 1653903 0 31042224
1901421253 12  P 630416 1279953 0 31103221
1901965770 7  P 1103778 1974006 0 31116770
1902069582 15  P 828329 1450094 0 31111533
1903041238 6  P 946154 1807972 0 31128939
1903736725 10  P 603500 1234745 0 31139043
1903840619 9  P 1016476 1808951 0 31140795
1910367192 1  P 1744556 2951327 0 31246246
1912252126 5  P 665784 1392568 0 31279522
1912525950 8  P 1099505 1934935 0 31273709
1913971683 4  P 591666 1311771 0 31297289
1914515389 2  P 924022 1777341 0 31313896
1915476518 13  P 1116348 1860005 0 31323176
1915516767 3  P 1433307 2514155 0 31332996
1915723193 17  P 680795 1077494 0 31339042
1916889216 18  P 660506 1092353 0 31350845
1917037815 19  P 411994 770070 0 31361338
1917723933 16  P 751923 1348208 0 31374016
1919201593 14  P 831330 1464303 0 31386748
1924572757 8  P 1105331 1947911 0 31471077
1925764213 18  P 663076 1097347 0 31496250
1929147793 15  P 839797 1471285 0 31555180
1929890376 2  P 929459 1788006 0 31565798
1933526719 7  P 1126266 2009517 0 31633884
1933944146 19  P 414234 776554 0 31638326
1934023972 6  P 949352 1822067 0 31636583
1934380093 16  P 771024 1374938 0 31646907
1935830239 5  P 676287 1409330 0 31665819
1936007788 13  P 1124890 1876995 0 31659558
1940996876 9  P 1025746 1832503 0 31749556
1943732840 11  P 943170 1705208 0 31798695
1947242227 1  P 1790141 3025295 0 31850402
1947811007 14  P 838205 1479341 0 31855479
1948207688 17  P 707146 1116494 0 31871263
1948825815 4  P 614018 1350140 0 31868335
1951157409 3  P 1445648 2541483 0 31916927
1951233740 12  P 665759 1343594 0 31919328
1953002437 10  P 642427 1304223 0 31946201
1957991464 15  P 843977 1484633 0 32027750
1964001203 3  P 1453070 2553453 0 32127359
1964592254 11  P 957292 1728349 0 32140454
1964933657 8  P 1122740 1981214 0 32132314
1966582635 17  P 711095 1123805 0 32172316
1970701554 14  P 853048 1505304 0 32230511
1971137471 9  P 1027955 1843516 0 32243374
1972397215 19  P 427225 795075 0 32268339
1973283426 5  P 681653 1423938 0 32279447
1975767963 10  P 661423 1333820 0 32319191
1976227092 6  P 951794 1838042 0 32328037
1976311131 18  P 663691 1109579 0 32324408
1977620510 7  P 1179209 2091636 0 32356306
1977757821 13  P 1136706 1901655 0 32343584
1978708300 16  P 789308 1409091 0 32373169
1979445328 1  P 1807215 3055008 0 32378017
1980311820 12  P 681271 1372669 0 32395740
1980485619 2  P 935126 1809355 0 32394721
1982702270 4  P 636335 1387547 0 32423338
1987295471 18  P 665083 1113653 0 32504373
1987851599 13  P 1151982 1924263 0 32508959
1988129555 17  P 718059 1132533 0 32525337
1990428504 19  P 428003 799291 0 32563763
1992573555 7  P 1200962 2122418 0 32601295
1992640374 2  P 936629 1814157 0 32593888
1992971837 4  P 642955 1398177 0 32591618
1993398942 6  P 953277 1845268 0 32609381
1993907362 3  P 1455539 2565056 0 32617338
1997404767 14  P 866061 1526736 0 32668008
1999559390 9  P 1028374 1853265 0 32709033
2000351603 1  P 1832407 3095599 0 32720544
2002514936 12  P 694742 1395405 0 32759515
2003317679 16  P 796976 1428346 0 32776365
2004025792 8  P 1137746 2010711 0 32772823
2005674262 10  P 672195 1356864 0 32809174
2005920339 11  P 978887 1767347 0 32817567
2010038338 15  P 862265 1521474 0 32880477
2010173968 5  P 691458 1442051 0 32883859
2016741452 15  P 862265 1523217 0 32990301
2017776709 7  P 1227565 2165462 0 33014214
2019598949 16  P 798895 1434951 0 33043116
2019732928 18  P 674089 1128802 0 33035827
2021267948 10  P 681926 1376083 0 33064658
2021392857 5  P 697333 1452525 0 33067666
2021546611 2  P 938382 1826638 0 33067486
2024060149 4  P 690015 1468794 0 33100957
2025869564 8  P 1146732 2028080 0 33130707
2026934349 9  P 1029808 1864767 0 33157538
2033069074 19  P 437086 817079 0 33262383
2033593036 12  P 715415 1432835 0 33268694
2035257945 13  P 1188307 1982342 0 33285655
2035348244 17  P 722762 1145715 0 33298967
2037977121 6  P 962576 1872991 0 33339748
2038579665 3  P 1455576 2580937 0 33349243
2041670321 11  P 983368 1782128 0 33403282
2041962474 1  P 1869459 3159445 0 33402266
2041982830 14  P 897975 1572157 0 33398370
2044414578 6  P 964056 1877631 0 33445218
2046143014 10  P 707704 1416399 0 33472203
2047514263 18  P 680888 1142103 0 33490992
2050702387 12  P 726660 1450876 0 33549012
2050830999 7  P 1262810 2220978 0 33555768
2051202943 2  P 953380 1856591 0 33553372
2051351593 13  P 1193673 1992100 0 33549328
2054756705 19  P 443428 829784 0 33617709
2055947780 8  P 1166490 2062686 0 33623498
2056614027 3  P 1469502 2607361 0 33644712
2057851650 1  P 1894142 3200455 0 33662614
2059285720 17  P 723505 1151347 0 33691157
2060794557 4  P 734756 1539924 0 33702801
2064345952 5  P 709109 1476025 0 33771404
2064348865 16  P 821586 1470930 0 33776292
2064887500 9  P 1039082 1888101 0 33779350
2067655159 11  P 1004058 1814388 0 33829000
2071529715 14  P 919837 1606081 0 33882455
2072335306 15  P 874871 1552409 0 33901138
2075062265 2  P 955119 1866425 0 33944281
2076226470 13  P 1200471 2009626 0 33956870
2077095851 5  P 714041 1485019 0 33980290
2077407378 3  P 1478268 2626831 0 33985388
2077900857 8  P 1173089 2078306 0 33983174
2080389193 18  P 690637 1157788 0 34029615
2080577443 12  P 745618 1486053 0 34038477
2080596073 10  P 732077 1457147 0 34036679
2081323563 7  P 1295157 2269139 0 34055354
2082130113 16  P 832739 1490211 0 34067621
2082498401 14  P 921773 1611844 0 34062163
2087772728 15  P 878748 1560524 0 34154061
2091023477 1  P 1933083 3263566 0 34206096
2091077040 11  P 1018492 1842618 0 34212736
2091336467 6  P 964183 1895519 0 34213974
2091606411 9  P 1072426 1941180 0 34217104
2092223247 17  P 731328 1167354 0 34230802
2098572022 19  P 463585 862725 0 34335575
2100544539 4  P 758733 1579381 0 34354050
2103639032 14  P 931560 1629282 0 34408523
2104326686 18  P 700165 1172762 0 34421805
2104976494 10  P 738700 1473681 0 34436125
2106642749 5  P 716104 1497670 0 34464384
2110542212 7  P 1340981 2344058 0 34534067
2110999777 2  P 955498 1878044 0 34533081
2111108646 12  P 762599 1514544 0 34538695
2113491067 19  P 470141 874232 0 34580008
2113914142 13  P 1210260 2031318 0 34574337
2114154030 4  P 779337 1610869 0 34577023
2117536323 16  P 849970 1518991 0 34647712
2120920703 11  P 1038074 1872189 0 34701689
2122522789 15  P 902936 1603795 0 34723401
2126065665 3  P 1490129 2659698 0 34782569
2127754467 17  P 732629 1175674 0 34812939
2128771201 1  P 1971780 3328409 0 34824549
2129950084 9  P 1092004 1972286 0 34845319
2130650774 8  P 1195486 2124511 0 34847423
2132291609 6  P 971177 1916737 0 34884941
2134795784 11  P 1038074 1878297 0 34929017
2136044550 4  P 796044 1637589 0 34935673
2138085998 13  P 1223209 2058308 0 34970366
2138686784 12  P 779611 1545530 0 34990528
2142779832 18  P 710142 1190491 0 35051816
2143322667 8  P 1199192 2134299 0 35055038
2144179037 15  P 905016 1612397 0 35078210
2146648565 1  P 1984516 3350026 0 35117448
2147848833 16  P 864367 1544505 0 35144350
2149465709 7  P 1363842 2386041 0 35171758
2150569171 19  P 483351 894344 0 35187493
2151998387 14  P 958705 1671745 0 35200838
2152361729 10  P 763361 1519133 0 35212476
2155461504 6  P 974505 1930843 0 35264586
2155658629 5  P 740293 1542839 0 35267448
2157098172 17  P 743100 1193080 0 35293707
2160731362 9  P 1121764 2023207 0 35349633
2161438823 3  P 1518563 2710795 0 35362143
2162468669 2  P 965819 1908366 0 35376344
2166080339 5  P 750532 1557210 0 35438193
2166631689 19  P 487401 903187 0 35450656
2166956813 4  P 842631 1711324 0 35442127
2169913389 15  P 914128 1630937 0 35499841
2170554760 1  P 2023611 3415588 0 35509113
2173090684 9  P 1125915 2032299 0 35552126
2176308007 7  P 1371152 2405624 0 35611566
2177173047 3  P 1532530 2732530 0 35619921
2179014288 18  P 719838 1208162 0 35645477
2180264035 14  P 978144 1702819 0 35663941
2181242727 6  P 986590 1957231 0 35686980
2182871995 13  P 1260601 2116102 0 35704118
2185733629 12  P 805790 1592195 0 35761331
2188832663 17  P 749961 1205046 0 35813642
2189479143 8  P 1219744 2182795 0 35811256
2190689751 10  P 774048 1548027 0 35840432
2191186271 11  P 1077447 1943997 0 35852905
2192557218 16  P 890906 1592343 0 35876842
2193421674 2  P 968897 1922873 0 35883474
2193773939 6  P 991242 1967858 0 35892291
2200848227 17  P 752405 1209150 0 36010505
2201397198 19  P 498177 920332 0 36020252
2201663404 15  P 934586 1662617 0 36020026
2203132849 1  P 2054547 3467140 0 36042866
2203796634 2  P 972603 1930627 0 36053457
2204594898 3  P 1532674 2742634 0 36069194
2205130132 16  P 893433 1597896 0 36082835
2205497747 4  P 883425 1775701 0 36073572
2210101667 13  P 1283995 2155093 0 36150257
2210733369 14  P 991471 1728813 0 36163135
2212807004 8  P 1230123 2204287 0 36193448
2213717366 18  P 724506 1220405 0 36214051
2216002252 10  P 781827 1566215 0 36255149
2217139818 12  P 808677 1607395 0 36275888
2218549005 5  P 779977 1606996 0 36297834
2218604914 7  P 1393529 2449665 0 36304556
2219733288 11  P 1102178 1986740 0 36320611
2225623517 9  P 1188819 2132257 0 36412794
2226951513 14  P 992484 1736658 0 36428860
2228320826 6  P 994135 1983947 0 36458305
2229241498 15  P 946213 1684254 0 36471860
2230686344 11  P 1112433 2003138 0 36500063
2231816995 17  P 770584 1238426 0 36517893
2232969906 3  P 1535244 2757043 0 36534089
2236736666 5  P 790204 1625369 0 36595814
2239215186 7  P 1416536 2485232 0 36642206
2239968520 2  P 993242 1967859 0 36646091
2240762874 8  P 1238773 2226659 0 36651469
2240989548 16  P 930884 1657714 0 36670350
2244654048 4  P 919147 1832402 0 36715095
2246001049 12  P 817232 1627518 0 36748718
2246195406 13  P 1296884 2178506 0 36741614
2248069080 19  P 505169 937753 0 36784923
2248764234 18  P 734981 1239640 0 36788258
2250374035 9  P 1216359 2175739 0 36818293
2252580385 10  P 789483 1586919 0 36854442
2253179723 1  P 2126566 3586085 0 36862820
2256217683 11  P 1125274 2025733 0 36918364
2256911471 16  P 937919 1670930 0 36931214
2257049196 10  P 793172 1593370 0 36927659
2257392858 5  P 805606 1648321 0 36934239
2257650844 8  P 1244700 2239024 0 36928161
2257976705 13  P 1307365 2198255 0 36934632
2259044635 4  P 950664 1881137 0 36950865
2260523940 6  P 997047 2000419 0 36985919
2263998659 18  P 735145 1244240 0 37037856
2269898484 1  P 2161306 3642340 0 37136737
2270332588 17  P 801285 1281254 0 37148928
2273561699 12  P 822543 1643032 0 37200295
2274358102 14  P 1011625 1772082 0 37205544
2275163239 15  P 957817 1710838 0 37224235
2276032399 3  P 1540834 2781978 0 37239616
2279303517 19  P 511045 952048 0 37296666
2281292349 7  P 1440738 2530988 0 37331610
2282281413 2  P 1025762 2029127 0 37339327
2282934380 9  P 1241436 2217878 0 37351790
2286424135 10  P 802446 1614659 0 37408931
2288231300 9  P 1250438 2232565 0 37438575
2292373644 18  P 744059 1261079 0 37502748
2292988952 17  P 825022 1318625 0 37520128
2294726635 1  P 2191232 3692670 0 37543514
2295500753 12  P 831581 1661728 0 37559717
2296610550 3  P 1541987 2790124 0 37576766
2297552050 16  P 956802 1706759 0 37597062
2297566358 5  P 827398 1683668 0 37592403
2298289192 13  P 1368144 2293089 0 37595104
2300308011 7  P 1448154 2546718 0 37643161
2301139474 11  P 1153857 2080581 0 37654357
2302541402 8  P 1253925 2264898 0 37663633
2305430854 6  P 1010998 2033702 0 37721663
2308133579 15  P 967350 1734886 0 37764391
2308444267 19  P 523493 977183 0 37774102
2308639558 14  P 1039343 1822976 0 37767198
2310687721 2  P 1052742 2073028 0 37804735
2312264468 4  P 991068 1950820 0 37822804
2314264328 18  P 756741 1282066 0 37861403
2314698140 8  P 1276909 2302060 0 37862798
2314908511 10  P 811727 1635648 0 37875616
2320452041 14  P 1049824 1837629 0 37960732
2321662959 19  P 531321 989563 0 37990672
2322544943 4  P 1006210 1973818 0 37991229
2322696402 6  P 1023719 2054255 0 38004532
2323608830 9  P 1276162 2279046 0 38018199
2324754511 17  P 835277 1335739 0 38040569
2325820332 1  P 2206505 3718180 0 38052946
2327204267 3  P 1542567 2800192 0 38078012
2327967975 12  P 839011 1685758 0 38091678
2328345986 5  P 855680 1731907 0 38096710
2328636447 11  P 1179845 2125848 0 38104863
2332586080 13  P 1395947 2339562 0 38157017
2333114564 16  P 984734 1751889 0 38179709
2339444624 15  P 979806 1762445 0 38277410
2341500187 2  P 1069592 2107323 0 38309560
2342011115 7  P 1486747 2612542 0 38326415
2344889343 18  P 772318 1309998 0 38363158
2351447762 8  P 1305535 2349280 0 38464890
2351965766 7  P 1489730 2620315 0 38489483
2353296015 12  P 847644 1704951 0 38506640
2355736576 10  P 821520 1660924 0 38544530
2357600858 19  P 553831 1029683 0 38579468
2358094908 3  P 1543634 2815434 0 38584121
2359461056 13  P 1432428 2395482 0 38597325
2361295846 11  P 1198936 2160009 0 38639948
2362843922 2  P 1082869 2133528 0 38659250
2364529446 4  P 1067132 2069565 0 38679089
2365733107 14  P 1074246 1884222 0 38702608
2367606287 9  P 1295339 2315051 0 38739045
2369895141 17  P 857089 1371865 0 38780148
2372664076 1  P 2281952 3841437 0 38820430
2372861606 5  P 876217 1767749 0 38826042
2373336985 6  P 1060384 2116603 0 38834211
2373396170 16  P 1024913 1812173 0 38839672
2373633217 15  P 991324 1788040 0 38837528
2374311109 18  P 781431 1327611 0 38845200
2377186337 14  P 1082826 1898681 0 38890257
2379083628 16  P 1028620 1818328 0 38932855
2379155450 12  P 856907 1725731 0 38930317
2380805747 6  P 1063188 2123069 0 38956577
2381045689 11  P 1204112 2171561 0 38963525
2382812791 2  P 1099648 2165571 0 38986416
2383564907 10  P 830131 1680316 0 39000464
2384386060 7  P 1498191 2640586 0 39020680
2384714625 1  P 2300410 3872924 0 39017834
2392871903 19  P 566190 1050576 0 39157333
2395104073 8  P 1333643 2400722 0 39180130
2395716826 4  P 1113705 2141660 0 39190042
2397384003 15  P 1009573 1818006 0 39226641
2398270177 17  P 863322 1383083 0 39245043
2399123519 9  P 1307062 2337252 0 39255387
2399299022 5  P 880628 1780784 0 39259186
