246411586 19  P 14168 21281 0 3990026
248397260 6  P 11416 25214 0 4019719
248567854 1  P 9274 17451 0 4019729
249058032 4  P 8939 17847 0 4019724
250012544 18  P 10096 15756 0 4040966
250505298 15  P 13729 20495 0 4052732
251172306 5  P 20705 29335 0 4064779
252524501 7  P 11448 23461 0 4092688
253195597 8  P 19796 22929 0 4087808
253427530 13  P 14620 23506 0 4092663
262160584 17  P 15231 22440 0 4247302
263795960 3  P 42467 68211 0 4271633
265487775 16  P 19671 29781 0 4304125
267919354 12  P 17438 29477 0 4340231
268387282 14  P 16578 26940 0 4340217
268401053 9  P 32027 46500 0 4346127
273016260 10  P 27755 38797 0 4421632
279621791 11  P 35905 59118 0 4534275
279997720 2  P 8085 26118 0 4534285
287293515 14  P 21458 34881 0 4649977
289520951 19  P 15637 25276 0 4696330
289547470 10  P 32536 46094 0 4692476
290340436 11  P 38652 64395 0 4709885
292578564 5  P 30854 52664 0 4743171
293177622 13  P 24574 44358 0 4743925
293294342 12  P 21793 38139 0 4755970
299351795 8  P 31790 50778 0 4844025
300915143 7  P 30191 62326 0 4885517
302020555 16  P 20411 36411 0 4902649
302596488 17  P 17110 26657 0 4909830
303864686 15  P 13984 29144 0 4926965
304631647 6  P 26680 61639 0 4945270
304950020 18  P 13023 23523 0 4941060
306417426 4  P 9918 32815 0 4959497
308685180 2  P 9497 33873 0 5004299
310499525 3  P 93597 147674 0 5036811
310740506 1  P 60876 104246 0 5038336
320448475 9  P 77242 113028 0 5198860
325836192 8  P 45818 70981 0 5277943
326597138 16  P 34584 57917 0 5305336
326866000 6  P 29072 68594 0 5309557
330037012 13  P 37454 65877 0 5347818
330093598 3  P 100180 159754 0 5357826
330270463 5  P 63574 103855 0 5360689
330787391 1  P 74866 127170 0 5366778
330949774 14  P 29826 51892 0 5365236
331018348 17  P 26403 41024 0 5375494
331932808 9  P 87698 129371 0 5387015
333511610 4  P 10099 38155 0 5403397
342357033 2  P 9770 42557 0 5555977
343043805 18  P 15140 32084 0 5565184
344458445 19  P 20597 38759 0 5596426
345872472 12  P 30319 58732 0 5617406
347903354 11  P 60448 104368 0 5652978
347993425 7  P 42533 96044 0 5656842
348052190 15  P 23275 49628 0 5650929
358675645 10  P 62299 103825 0 5825054
364011342 9  P 108494 163415 0 5912567
364262804 11  P 71455 125252 0 5921005
366523709 8  P 55961 96133 0 5944562
366958456 15  P 31533 64111 0 5960687
368396293 13  P 51125 88916 0 5976283
369460324 6  P 46830 108532 0 6007387
370485277 5  P 84769 139827 0 6019559
370716819 2  P 17934 62066 0 6020615
373205908 17  P 36513 61366 0 6066688
375881570 1  P 104351 180214 0 6105579
379825099 18  P 26370 47973 0 6167807
385721480 3  P 171812 272017 0 6269213
388005369 19  P 29134 56701 0 6309895
388081983 16  P 65348 105548 0 6312687
388091351 12  P 50630 97629 0 6309116
388777941 14  P 40672 79347 0 6312684
388931366 7  P 52052 121810 0 6327557
389152238 4  P 15072 60254 0 6315008
390235475 10  P 82570 132996 0 6342122
407527289 4  P 18800 70561 0 6616065
408274055 8  P 57996 111579 0 6628588
411787463 13  P 77943 136826 0 6687189
412427245 19  P 35116 66950 0 6710022
414106576 14  P 57436 105439 0 6727652
415982321 12  P 58739 114843 0 6766070
424495735 9  P 147570 225128 0 6903525
426357885 18  P 37131 66565 0 6930167
428221527 17  P 52202 84845 0 6968061
429881520 15  P 51027 99386 0 6991582
430669928 2  P 18314 79774 0 7002885
431272245 1  P 150594 260492 0 7013081
432360756 10  P 105087 169349 0 7032288
432999948 3  P 235116 372681 0 7043805
437728070 7  P 59358 148629 0 7127040
440301907 16  P 94528 152964 0 7168250
440565440 5  P 138126 223628 0 7167702
440858352 11  P 125323 218685 0 7175902
441539851 6  P 74210 171668 0 7188289
443234282 3  P 246393 391503 0 7211480
444193348 15  P 54058 105509 0 7226078
444485750 5  P 140838 228145 0 7231958
445862113 17  P 55360 91536 0 7257082
447086624 8  P 78932 146253 0 7264487
447591627 12  P 64754 130792 0 7283953
449022185 1  P 177197 304108 0 7303892
458446802 7  P 60284 156418 0 7466492
458772808 6  P 78370 183540 0 7470652
466037380 13  P 92859 165708 0 7575997
466107431 2  P 19274 91671 0 7583491
466579658 10  P 121048 197078 0 7592921
466701572 4  P 29164 102087 0 7585524
473544513 11  P 133382 239238 0 7711447
473621900 18  P 48845 87149 0 7704565
474208508 19  P 40639 81004 0 7722243
475967568 14  P 87255 154525 0 7741142
480426045 16  P 105663 174062 0 7825635
482401920 9  P 190447 293973 0 7852243
485087918 8  P 96202 176546 0 7887095
486444568 6  P 83855 198365 0 7924018
499329598 5  P 158407 267390 0 8130499
501531313 3  P 316781 503233 0 8166606
502543817 18  P 55528 97231 0 8178417
503017122 10  P 146652 238082 0 8189909
505153846 11  P 151787 272893 0 8229326
508545371 2  P 21502 110537 0 8278781
509083465 19  P 48345 91255 0 8293631
510451022 4  P 61980 160501 0 8302311
510717708 14  P 105773 185637 0 8310478
512665802 7  P 93003 213928 0 8354810
514371099 13  P 134085 225923 0 8367869
515490183 15  P 81318 152816 0 8394195
517534494 17  P 63162 110102 0 8431352
518910495 16  P 122393 200049 0 8456157
519138603 12  P 68576 157100 0 8456167
520151927 9  P 224732 352306 0 8470733
520600387 1  P 240114 411771 0 8476610
523132093 6  P 95244 228917 0 8525096
523992900 1  P 243393 416969 0 8532193
532142143 10  P 166034 266268 0 8667089
532154145 12  P 71150 163503 0 8669409
535419351 11  P 175332 312811 0 8725182
536341096 18  P 62225 107269 0 8732144
542052590 19  P 58807 106939 0 8833790
542560979 2  P 30805 130221 0 8836089
542637030 4  P 70087 177971 0 8829660
543052607 15  P 88843 168193 0 8845773
552629248 16  P 127585 213897 0 9008598
554009221 8  P 117462 221544 0 9016286
554815776 17  P 90484 146962 0 9042159
555565541 5  P 172667 301710 0 9051831
555964476 9  P 241031 385002 0 9057478
557772327 13  P 172227 284712 0 9078942
558377735 14  P 117766 215266 0 9091345
560140524 3  P 383944 609205 0 9126848
561934497 7  P 130289 274488 0 9162014
563651895 9  P 243184 390478 0 9183422
565708864 19  P 71734 125189 0 9221369
568137949 18  P 71450 122779 0 9253102
568944105 1  P 277292 473464 0 9268666
569418304 4  P 70831 187230 0 9268436
570404845 2  P 35047 144682 0 9292281
570675528 17  P 105155 167139 0 9301997
572663745 6  P 100130 248714 0 9336606
578810494 12  P 81613 190736 0 9433816
579296761 3  P 394418 631218 0 9440703
580758998 8  P 138122 254344 0 9454549
582697352 7  P 138850 289311 0 9502189
584801110 16  P 141020 239902 0 9535693
585485895 10  P 202331 323149 0 9541072
585810082 14  P 131385 240801 0 9540791
587091388 11  P 206018 370649 0 9571766
587350385 13  P 197453 326415 0 9563533
594314995 5  P 176845 316682 0 9686703
600334252 15  P 107845 205981 0 9784253
603201031 12  P 94388 209946 0 9833427
604021060 16  P 150273 255612 0 9850570
604435996 2  P 36582 159110 0 9849841
607464518 9  P 268018 438192 0 9901241
608603621 7  P 157906 318295 0 9926631
609356977 14  P 147770 265179 0 9926580
611122340 18  P 78631 136703 0 9957356
611243430 8  P 157302 289946 0 9953998
611564026 10  P 211359 342989 0 9968329
612882986 15  P 115268 218355 0 9989820
619519716 17  P 113437 181997 0 10102245
619782873 4  P 118479 266501 0 10093582
620454970 5  P 208350 367029 0 10114983
622314292 3  P 442962 711859 0 10145458
624513645 11  P 233000 417132 0 10184878
625240628 19  P 86261 151506 0 10196723
629194596 13  P 221127 367123 0 10249089
634210964 1  P 344443 587748 0 10337969
636882928 6  P 105595 280783 0 10388747
643676280 3  P 457140 737357 0 10495472
645069060 15  P 131011 246693 0 10517171
645482093 18  P 90316 154205 0 10520295
646398660 6  P 109302 288170 0 10544651
646462478 8  P 170008 314336 0 10531009
653451829 4  P 143681 308884 0 10645178
659428026 19  P 95646 163586 0 10756846
659750194 12  P 105368 238867 0 10759880
660741385 13  P 243579 400335 0 10765945
662623053 14  P 172201 308510 0 10799274
665147591 1  P 391286 663589 0 10844840
667917988 9  P 320233 527569 0 10891684
671642508 5  P 243258 427435 0 10953629
672191537 17  P 124161 197770 0 10965214
673111240 10  P 224421 377632 0 10976705
675067215 16  P 180634 312464 0 11014589
675280151 2  P 41509 186751 0 11010543
676214899 7  P 206168 400471 0 11034332
681154395 11  P 280610 498478 0 11112863
684967493 12  P 110197 253460 0 11173059
685925877 17  P 129693 205795 0 11190236
686669101 4  P 154229 332605 0 11189423
687611077 5  P 251910 440627 0 11215257
687897572 13  P 253453 418143 0 11210863
688544873 14  P 191007 339301 0 11223969
690764497 2  P 41564 191029 0 11264237
697858356 11  P 294461 521895 0 11386523
702028989 18  P 96494 165470 0 11446751
703535572 3  P 514082 833219 0 11476199
703645276 16  P 186905 327984 0 11482806
707775847 7  P 217378 422313 0 11551447
707861294 10  P 248016 413443 0 11546043
708368705 8  P 181785 343888 0 11545275
717460974 1  P 429541 730496 0 11701918
720040655 6  P 134207 344450 0 11751159
720069243 19  P 100255 178794 0 11750383
720475442 15  P 164373 305758 0 11752606
720933720 9  P 340309 569724 0 11760280
725315695 5  P 262170 463151 0 11832976
727553622 15  P 166416 309495 0 11868574
728024908 8  P 192188 359352 0 11867320
732513794 18  P 102659 173503 0 11946202
734122781 9  P 343928 577824 0 11976340
735369693 7  P 245672 466107 0 12003543
735841773 14  P 210092 370342 0 11998874
736905161 12  P 122223 284194 0 12024000
742516044 3  P 553068 894363 0 12114848
742929802 6  P 136517 354078 0 12126196
745864002 16  P 188857 338842 0 12174515
745920782 2  P 50844 217203 0 12167914
748794946 11  P 326620 575305 0 12221072
752725328 19  P 103528 184980 0 12285418
753863407 17  P 132147 216313 0 12303320
754564451 10  P 261573 436835 0 12311223
756100726 13  P 265583 446752 0 12328291
758178878 1  P 452356 771710 0 12369034
763684742 4  P 155373 355372 0 12451241
766044832 14  P 220566 388671 0 12493712
766973600 3  P 575447 928534 0 12515552
768998153 18  P 106377 181428 0 12543961
769962416 8  P 193981 373383 0 12554420
770689243 5  P 274311 490358 0 12576395
771129106 17  P 136925 222947 0 12586201
776733195 12  P 143626 325661 0 12676538
778080089 10  P 271537 455391 0 12696500
778351663 6  P 139668 369897 0 12706545
784373679 11  P 356277 624823 0 12803982
785793761 7  P 309420 569380 0 12829682
787506978 13  P 272335 464402 0 12842845
789623885 2  P 60763 241035 0 12883944
792100350 19  P 119548 214124 0 12930536
798350716 1  P 484202 824793 0 13027201
799633027 15  P 188849 357506 0 13049489
799801623 16  P 219411 393425 0 13058217
800214848 9  P 390040 660568 0 13059208
802622244 4  P 157270 368854 0 13089190
803679767 6  P 148947 389514 0 13121519
803714631 7  P 320343 587617 0 13123274
808183586 9  P 391919 665369 0 13189762
808678846 1  P 500671 850492 0 13196416
809819572 13  P 295014 498399 0 13208401
811529428 18  P 119291 202572 0 13240789
822873758 12  P 159317 358012 0 13432501
824897190 19  P 124321 225749 0 13467875
825294056 4  P 167273 386918 0 13460635
827707718 16  P 236541 418659 0 13515425
828478223 8  P 242170 455718 0 13513118
828810560 11  P 378861 671445 0 13532034
829905151 2  P 77136 273145 0 13543902
830172578 3  P 623998 1012965 0 13550987
834830084 10  P 294044 498633 0 13626285
837584806 15  P 201409 384949 0 13671309
838550949 17  P 143702 242492 0 13690835
843013606 14  P 271250 473717 0 13754757
843204861 5  P 310916 557852 0 13764480
844464761 7  P 341745 627769 0 13790911
846639438 12  P 164197 370929 0 13821873
847133284 15  P 204688 392121 0 13827726
847353151 8  P 262477 485903 0 13822360
851544924 14  P 279876 485375 0 13894533
853662825 19  P 125791 231765 0 13939167
858163253 1  P 544520 926046 0 14007156
858798682 5  P 328353 587111 0 14019964
861285915 16  P 247590 438138 0 14065565
868108992 11  P 386124 693295 0 14175861
873066516 17  P 160964 265257 0 14256336
873718174 2  P 111730 328494 0 14261727
875059744 4  P 173236 403131 0 14275992
877516360 3  P 637063 1042440 0 14326661
878855510 9  P 431175 740361 0 14347633
879441756 10  P 324555 551220 0 14357191
880429858 6  P 158810 426742 0 14378977
882279484 18  P 136127 227550 0 14399949
883522764 13  P 345987 583120 0 14415933
883560708 18  P 139834 232327 0 14420941
887053906 13  P 345987 584044 0 14473787
888367311 19  P 139207 256027 0 14507742
890521873 16  P 256150 452407 0 14544537
892595673 5  P 347760 621903 0 14573672
892665521 8  P 280179 516781 0 14564749
893124470 2  P 140793 370848 0 14579674
897672638 3  P 657782 1077621 0 14656897
898076908 12  P 186526 408841 0 14664616
899434730 4  P 181154 420247 0 14675345
902847966 17  P 179850 295959 0 14744272
904339796 9  P 441793 761392 0 14765163
906057088 7  P 361238 671704 0 14800052
906638629 11  P 407642 730554 0 14807150
907073519 1  P 561978 962861 0 14808489
914287816 15  P 219301 426201 0 14928003
915968147 14  P 291490 515651 0 14950004
918695406 6  P 170687 457059 0 15005919
921892611 10  P 367491 617155 0 15052698
924129680 16  P 278208 486720 0 15095189
927779474 18  P 151479 250933 0 15145414
928754067 17  P 190700 312158 0 15168713
935367750 14  P 312193 547692 0 15267858
936774323 6  P 175427 470561 0 15302121
939188302 3  P 690963 1135835 0 15337082
939231646 4  P 200567 457167 0 15327372
942850825 13  P 397795 663166 0 15387944
943736365 10  P 375252 633052 0 15410587
944606167 19  P 170344 307992 0 15429165
946827503 2  P 163584 408534 0 15459539
947979118 7  P 407107 747905 0 15486885
948592553 12  P 190921 429482 0 15492253
953194070 15  P 228564 446665 0 15565440
953517354 5  P 378281 683498 0 15571798
956137901 11  P 426780 766272 0 15618141
957663656 1  P 607280 1039579 0 15637338
959261790 9  P 468973 812350 0 15664994
963603292 8  P 311581 575116 0 15726978
965057122 7  P 413073 760231 0 15766684
966222831 17  P 202980 332176 0 15782598
966685682 18  P 155630 262779 0 15782850
968340977 4  P 214435 479435 0 15804295
969133033 6  P 197823 508890 0 15832278
972694938 1  P 622752 1064783 0 15883606
973488977 16  P 282705 502817 0 15903889
975962638 8  P 314620 582490 0 15929470
977095824 10  P 397964 667957 0 15957140
978530026 12  P 191425 438837 0 15982746
978872387 9  P 471461 818802 0 15986266
980529318 14  P 328181 576766 0 16007778
987522364 15  P 246303 474317 0 16127867
990466699 11  P 432831 780536 0 16180580
997824916 2  P 195410 460390 0 16295075
998459728 19  P 181723 332875 0 16311500
999860768 5  P 425191 758511 0 16331067
1000766360 3  P 718975 1192272 0 16345972
1002132732 13  P 443805 730589 0 16359197
1011679261 1  P 642873 1102182 0 16522317
1012397169 19  P 187240 340368 0 16539850
1012544063 4  P 216952 489808 0 16528517
1013464272 13  P 458665 751852 0 16544857
1016219445 3  P 719590 1196220 0 16599154
1018686792 2  P 218143 492840 0 16636877
1019298848 10  P 427459 715688 0 16648587
1022529392 18  P 159823 273858 0 16697788
1023825576 8  P 344288 626769 0 16713643
1026341824 14  P 345933 609459 0 16758360
1027897342 15  P 258084 493734 0 16789353
1028152301 9  P 481104 842652 0 16793681
1033565834 5  P 450497 799111 0 16883254
1034436233 12  P 199577 462036 0 16898709
1038540783 6  P 212579 544498 0 16969423
1039097828 17  P 231014 371031 0 16976579
1039910843 16  P 291986 529167 0 16992138
1040779163 11  P 437439 795448 0 17004891
1042432075 7  P 419256 789606 0 17034390
1043972785 17  P 235926 376698 0 17056450
1049716470 4  P 218036 499920 0 17137538
1051797601 3  P 725775 1213583 0 17182063
1054879728 16  P 299034 542239 0 17237388
1055435711 18  P 163721 281119 0 17236922
1055919942 14  P 353888 623235 0 17242960
1056560596 11  P 443669 806728 0 17263448
1056569910 1  P 673988 1154918 0 17257800
1059315827 5  P 462780 822421 0 17305128
1059699191 9  P 487588 860517 0 17310539
1061619524 7  P 420053 797173 0 17348756
1062546327 2  P 251253 547858 0 17355467
1064048771 10  P 448451 754977 0 17381759
1067773708 6  P 237454 585313 0 17448392
1071619101 15  P 277757 527604 0 17505688
1072537873 19  P 195276 356658 0 17525188
1077056189 8  P 378291 678466 0 17585755
1080045621 12  P 207988 487908 0 17645966
1081944461 13  P 497871 814384 0 17666815
1087701375 18  P 186612 313294 0 17765556
1087791420 7  P 428827 815879 0 17777551
1088329256 3  P 779410 1298213 0 17780590
1088806200 8  P 383478 687404 0 17778264
1094721632 2  P 264720 577512 0 17882624
1099348433 16  P 307495 562200 0 17965952
1100053494 19  P 205225 368860 0 17976002
1101420795 12  P 216426 505050 0 17996174
1105273707 6  P 262161 629207 0 18062776
1106475788 13  P 504639 829450 0 18068728
1107804303 1  P 748763 1278094 0 18097203
1108113457 17  P 251081 403112 0 18107317
1108720527 5  P 488020 869170 0 18114583
1109622243 4  P 223229 526641 0 18119035
1114569156 15  P 289753 552850 0 18209371
1115486296 10  P 472711 803821 0 18224506
1115605561 9  P 510049 902525 0 18226499
1119170010 11  P 490417 881164 0 18289228
1121620537 14  P 397790 691520 0 18319384
1128324158 9  P 520531 916167 0 18434881
1130077459 2  P 293879 623055 0 18461887
1131881572 19  P 218791 385679 0 18497472
1138464762 7  P 431894 837630 0 18607751
1139048560 5  P 499147 892497 0 18611468
1140060572 11  P 503507 902519 0 18631497
1141944243 15  P 307604 579275 0 18657876
1145548756 10  P 477912 817614 0 18717043
1146278455 4  P 227552 540725 0 18719608
1146429063 13  P 524675 859963 0 18723312
1146757442 1  P 770853 1317509 0 18735404
1153410889 16  P 321085 592999 0 18851707
1155688208 3  P 825576 1383933 0 18884184
1157500000 12  P 237136 541607 0 18914945
1158804808 6  P 294353 687896 0 18939813
1159051550 8  P 445089 777784 0 18929144
1159341730 14  P 407302 711113 0 18937406
1161670198 18  P 214157 355574 0 18977456
1161754159 17  P 266408 427385 0 18986159
1164201926 12  P 237136 544399 0 19024768
1165372535 9  P 537325 947185 0 19041854
1166891343 3  P 830981 1393240 0 19067734
1169202449 2  P 306263 650098 0 19102903
1171183241 1  P 793886 1356822 0 19135591
1177653476 4  P 233281 557555 0 19233652
1180368151 13  P 554674 904493 0 19279334
1184618870 8  P 462657 806764 0 19348029
1185370317 19  P 231184 409501 0 19373800
1185476709 6  P 320299 729766 0 19376795
1185732949 14  P 417558 731541 0 19369788
1186494558 7  P 443128 861221 0 19394693
1188238399 17  P 272627 441081 0 19420071
1188878264 10  P 480663 833568 0 19426924
1192565837 5  P 511784 923772 0 19488261
1197271871 16  P 350465 638820 0 19570293
1198859188 18  P 248080 397677 0 19586732
1199366107 15  P 328830 618741 0 19598662
1199779329 11  P 529075 949293 0 19609915
1204803508 15  P 331045 623314 0 19687749
1208229302 7  P 452323 880036 0 19750793
1210501698 5  P 512888 931716 0 19782144
1211751837 10  P 483871 846030 0 19801707
1213882427 1  P 837670 1429871 0 19835168
1215547698 3  P 886444 1482685 0 19864908
1219033438 18  P 260404 414123 0 19917292
1222129018 9  P 555031 988928 0 19971770
1222544838 14  P 428288 753386 0 19972912
1225952558 2  P 321434 687213 0 20032684
1228147641 13  P 581796 949523 0 20062166
1230512848 4  P 238356 579066 0 20099694
1233098501 16  P 372055 671008 0 20157294
1235285262 17  P 276020 451570 0 20190881
1235451206 11  P 538617 974639 0 20194359
1235712602 8  P 516989 894425 0 20185132
1237080076 12  P 262440 594731 0 20218785
1238522319 19  P 239026 427344 0 20244666
1240790648 6  P 379392 828800 0 20283009
1244044130 4  P 243347 589913 0 20321389
1244800961 17  P 277625 454514 0 20346784
1246624341 2  P 322971 695525 0 20371369
1246976789 6  P 386588 839723 0 20384385
1248440965 14  P 454557 793622 0 20397179
1255129723 16  P 385238 691727 0 20518247
1255585120 13  P 591728 970301 0 20511696
1256638766 18  P 271536 431052 0 20533416
1257368957 15  P 349734 655547 0 20548972
1261454826 5  P 514102 951485 0 20616954
1264509284 8  P 532764 921927 0 20656922
1264590276 9  P 587244 1038592 0 20667446
1265428492 19  P 251011 445093 0 20685492
1267717467 12  P 272954 615285 0 20720746
1273454937 10  P 494581 874864 0 20812648
1274023467 3  P 951666 1586049 0 20822966
1274982416 11  P 547655 999533 0 20842037
1278929298 1  P 890121 1519798 0 20900887
1279197706 7  P 455084 905216 0 20913534
1286452032 12  P 282636 632696 0 21027689
1288829823 5  P 519975 966417 0 21065457
1288954358 9  P 608356 1069543 0 21066626
1289147170 19  P 257910 453806 0 21074097
1291047577 3  P 960985 1603861 0 21101889
1293623167 18  P 274354 439743 0 21139366
1294338272 7  P 455211 910255 0 21161596
1300403469 4  P 255843 622667 0 21244779
1302834461 13  P 618293 1016907 0 21285809
1303662884 15  P 359668 677624 0 21307442
1303910642 11  P 554883 1015565 0 21315979
1306642952 10  P 498707 889250 0 21356397
1308164190 6  P 418802 901883 0 21386868
1309388696 14  P 489903 846012 0 21395742
1309524972 8  P 556646 964968 0 21394450
1312363454 17  P 282690 469519 0 21453723
1315663703 1  P 928191 1583437 0 21502729
1315718118 2  P 380168 790413 0 21503394
1320473330 16  P 416284 741225 0 21588827
1324912879 19  P 264493 467281 0 21660077
1328262837 4  P 256240 630915 0 21701224
1329516440 3  P 983863 1646275 0 21732154
1331889962 2  P 384931 800897 0 21768352
1335545302 11  P 576084 1051907 0 21834274
1336392919 5  P 550071 1020551 0 21844706
1338566578 17  P 293152 484077 0 21883032
1339439347 10  P 510320 910811 0 21893728
1340601166 1  P 964620 1641457 0 21911302
1343320445 6  P 447145 948250 0 21962853
1347285723 14  P 505565 872312 0 22016641
1349072672 7  P 468097 945359 0 22058361
1352692104 16  P 417477 750815 0 22116696
1354215370 9  P 653919 1147600 0 22135848
1360031057 12  P 322697 703831 0 22233197
1360451298 18  P 290296 467592 0 22234273
1360476249 13  P 659655 1085619 0 22230202
1361537890 15  P 380752 713871 0 22255652
1363198089 8  P 576214 1008528 0 22273799
1366128972 8  P 583007 1019491 0 22321826
1366506588 19  P 277285 487275 0 22341545
1366947660 7  P 472407 954766 0 22351222
1367064953 3  P 1000763 1679719 0 22347313
1370168389 9  P 665618 1166329 0 22397220
1374092686 12  P 323682 709015 0 22463582
1375444878 13  P 662308 1092441 0 22475447
1379752133 5  P 572776 1059032 0 22555087
1380966982 18  P 299590 484544 0 22570397
1382029655 11  P 613836 1111898 0 22595863
1382522383 15  P 403268 748349 0 22599457
1383495263 1  P 1007833 1713303 0 22614069
1383794076 4  P 260152 653425 0 22611039
1385218164 2  P 436506 884527 0 22642073
1389332286 17  P 298132 495036 0 22714771
1392179884 6  P 460058 979398 0 22763365
1394629659 16  P 423449 769584 0 22803798
1395423842 10  P 519123 937066 0 22810975
1404232439 14  P 528230 911244 0 22949645
1406647188 15  P 423535 774636 0 22994713
1407838313 7  P 482888 978654 0 23021173
1408960253 17  P 305446 504802 0 23036355
1414623964 11  P 630676 1141959 0 23129883
1417919301 16  P 434330 789708 0 23185374
1421524032 6  P 484469 1020208 0 23244119
1423872252 4  P 266886 673406 0 23267678
1424960640 13  P 690652 1140611 0 23286705
1425502127 5  P 588762 1094509 0 23304649
1426210294 10  P 538259 972777 0 23315375
1427662875 19  P 284752 507603 0 23343524
1427914089 1  P 1043307 1773439 0 23341819
1428389546 12  P 346945 755183 0 23353167
1428775469 8  P 644319 1120509 0 23348207
1429982360 14  P 539278 934439 0 23371529
1430277715 9  P 670404 1191739 0 23382045
1433796254 2  P 457217 922418 0 23437971
1437732605 18  P 319344 512237 0 23500435
1437815149 3  P 1031408 1740539 0 23506475
1444106607 4  P 267396 679864 0 23599194
1444128017 10  P 548916 994605 0 23608917
1448782471 3  P 1041556 1758471 0 23686181
1452332810 16  P 448412 815500 0 23749194
1452608939 2  P 467146 941998 0 23746191
1455238438 17  P 317475 521296 0 23794571
1455404717 11  P 652887 1184676 0 23798033
1456570945 6  P 515937 1074790 0 23818321
1459289115 1  P 1087978 1845522 0 23855865
1460085603 13  P 716296 1179662 0 23862187
1460373076 14  P 545054 946270 0 23869446
1461012092 9  P 674477 1209044 0 23885592
1463252166 5  P 597714 1117303 0 23923136
1466791942 7  P 522598 1049912 0 23987060
1474584725 15  P 438504 810309 0 24107787
1478185685 18  P 329781 527108 0 24163214
1479123894 12  P 383468 811580 0 24184390
1481037903 19  P 289016 516135 0 24218020
1481791193 8  P 679050 1183822 0 24216789
1489483092 14  P 564804 977038 0 24346373
1493584755 19  P 297637 527209 0 24423587
1494698160 7  P 531060 1070868 0 24444271
1495860509 3  P 1046685 1783385 0 24457501
1497587971 8  P 692719 1204352 0 24475599
1498379052 17  P 329033 537928 0 24501385
1499324000 1  P 1128678 1913603 0 24511791
1505611686 5  P 631501 1179157 0 24617136
1506477403 12  P 400589 842921 0 24632546
1507002230 10  P 565031 1035695 0 24639054
1507887189 9  P 709789 1270391 0 24653585
1510351176 13  P 740170 1221570 0 24685732
1513211525 6  P 552441 1141040 0 24746312
1515678423 15  P 442801 827271 0 24781059
1518161014 16  P 473446 863857 0 24827715
1518592120 11  P 688990 1243995 0 24833283
1520248166 18  P 333109 536381 0 24852361
1520622220 4  P 269976 706748 0 24852811
1520812348 2  P 547776 1069770 0 24863611
1526545738 12  P 413275 862890 0 24961341
1532391752 3  P 1047517 1795705 0 25056024
1532752213 10  P 571289 1051285 0 25060931
1534212478 1  P 1155640 1959790 0 25083380
1534412841 15  P 444031 832096 0 25088003
1538664718 6  P 566595 1163880 0 25163336
1540045208 11  P 698305 1262628 0 25184767
1540070065 13  P 755307 1243318 0 25172634
1542559046 9  P 741139 1318430 0 25221636
1544623148 18  P 336801 545471 0 25251718
1545873390 14  P 573991 1001272 0 25270265
1547635737 7  P 547921 1110620 0 25311593
1547884706 8  P 706617 1234082 0 25299650
1548459718 19  P 312243 547602 0 25322654
1552705346 5  P 652906 1220185 0 25388704
1553083088 2  P 600589 1151281 0 25392329
1560254104 17  P 340709 557411 0 25515140
1562088233 16  P 492140 892900 0 25547409
1562091007 4  P 270481 721675 0 25532232
1565217593 12  P 445892 912424 0 25594937
1565702141 4  P 271224 723416 0 25591367
1567957866 16  P 496123 897413 0 25643574
1569109031 18  P 338955 551600 0 25652866
1571170307 11  P 711646 1287692 0 25694713
1571944226 15  P 475239 880776 0 25702901
1573541073 8  P 712052 1250484 0 25719985
1573654772 14  P 587360 1024972 0 25725430
1580727285 6  P 595534 1212337 0 25852475
1584428521 19  P 314375 555466 0 25911962
1584962481 1  P 1204452 2043822 0 25914863
1585874790 2  P 614103 1182093 0 25929585
1587486555 5  P 658195 1239314 0 25958553
1588432553 7  P 586380 1169742 0 25979998
1592668413 9  P 755665 1349105 0 26042615
1593354054 10  P 607100 1115308 0 26053817
1593691538 17  P 353629 575037 0 26062978
1596829515 3  P 1084023 1869013 0 26111751
1597929265 13  P 784032 1291582 0 26120593
1605740944 19  P 321906 564173 0 26261143
1606598430 16  P 521184 937670 0 26276657
1606733354 14  P 604367 1055658 0 26267375
1608632412 13  P 792817 1305858 0 26295951
1610795807 12  P 482099 971358 0 26341681
1613717234 11  P 738907 1336079 0 26391798
1616779417 18  P 343925 568932 0 26433917
1619100471 15  P 507541 927881 0 26475494
1620902600 8  P 739882 1293227 0 26495944
1621226573 1  P 1229113 2087673 0 26509028
1628310040 7  P 608802 1210446 0 26633346
1630469898 3  P 1103601 1905076 0 26662907
1632236502 5  P 678195 1279493 0 26691723
1632387861 4  P 315506 803937 0 26683953
1632767968 10  P 640779 1173901 0 26699567
1634468696 2  P 632361 1221577 0 26725743
1637398958 6  P 620079 1265551 0 26780982
1638269686 17  P 369038 599704 0 26793343
1642152815 9  P 765927 1375896 0 26853358
1646180189 6  P 623822 1272932 0 26924854
1646860730 3  P 1107708 1916558 0 26931454
1652741052 15  P 528875 955162 0 27026650
1652903661 4  P 336357 838353 0 27020073
1657819126 19  P 328307 578752 0 27114390
1657827422 12  P 504862 1011525 0 27112223
1660093537 2  P 651036 1255614 0 27145571
1660824611 9  P 779974 1398083 0 27159275
1661864596 17  P 377363 611629 0 27179919
1662635549 7  P 641843 1263724 0 27195730
1663685673 18  P 352100 583961 0 27202426
1664913552 13  P 801428 1330872 0 27218042
1666867189 1  P 1293973 2194469 0 27256786
1667816522 5  P 687486 1300803 0 27274633
1675551608 16  P 550421 986716 0 27406375
1675935891 11  P 781507 1404474 0 27411167
1677064780 10  P 662007 1214694 0 27425321
1678884741 8  P 743682 1315212 0 27445919
1681685879 14  P 632450 1101611 0 27495387
1687945843 6  P 648292 1320524 0 27609137
1688442104 16  P 556120 994766 0 27617569
1689215852 7  P 651538 1284568 0 27631183
1689814853 10  P 665574 1223238 0 27634216
1690475343 15  P 553212 993118 0 27644874
1691194835 13  P 806885 1344717 0 27648625
1692187277 2  P 654406 1270895 0 27671390
1699488470 17  P 381981 621140 0 27796348
1700121546 9  P 812650 1449982 0 27803086
1700585968 1  P 1328832 2252366 0 27809231
1702262880 4  P 362564 889940 0 27828757
1702772273 19  P 333735 589261 0 27850894
1707783392 5  P 695156 1322064 0 27929477
1708279608 14  P 642514 1118867 0 27931091
1710494110 8  P 749069 1331587 0 27963804
1711046084 12  P 531097 1057747 0 27984146
1712719894 3  P 1152876 2002898 0 28010479
1713201363 18  P 355536 595700 0 28013685
1721389067 11  P 811557 1453668 0 28155860
1724944075 19  P 348700 607787 0 28214154
1729191529 17  P 387971 634285 0 28283002
1729384878 9  P 835518 1490156 0 28282555
1730423964 5  P 696474 1331967 0 28300412
1730878548 10  P 685724 1260278 0 28306983
1731507063 15  P 571269 1023633 0 28317118
1731962848 8  P 754843 1345475 0 28315545
1736421721 2  P 674383 1311470 0 28396124
1736944967 13  P 835542 1390179 0 28398186
1737572034 1  P 1372789 2325238 0 28415201
1739342118 14  P 654535 1143653 0 28440015
1741145639 16  P 567045 1019574 0 28481050
1742358668 12  P 541618 1080095 0 28497167
1744247384 4  P 395470 946363 0 28516619
1747329288 3  P 1172823 2043574 0 28577514
1752664693 6  P 689321 1391997 0 28669474
1752901285 7  P 690569 1354730 0 28674632
1755138800 18  P 365557 614275 0 28700784
1763701443 11  P 834745 1494464 0 28849095
1764124160 12  P 543958 1089774 0 28853766
1766228506 8  P 770636 1374952 0 28876945
1767170086 18  P 370207 621328 0 28897904
1767426909 16  P 575918 1036436 0 28911637
1767780993 2  P 679841 1328964 0 28909907
1769044081 4  P 403500 964241 0 28922879
1769257053 15  P 588108 1051552 0 28935610
1771684021 9  P 863700 1540326 0 28975576
1774323124 7  P 710265 1385011 0 29025607
1776892935 10  P 708451 1303537 0 29060899
1777397261 19  P 374673 643902 0 29073546
1786789115 1  P 1457172 2462474 0 29221562
1788923172 3  P 1223239 2128589 0 29258984
1789082160 17  P 392049 648154 0 29264242
1789437661 6  P 726580 1453653 0 29271953
1794429403 13  P 879494 1455127 0 29339990
1795533552 5  P 703707 1362615 0 29367160
1799185882 14  P 662551 1164255 0 29420492
1801232887 11  P 850230 1524055 0 29464009
1804017772 5  P 719165 1385090 0 29506161
1806166875 7  P 727360 1418414 0 29547330
1806810701 18  P 376809 636178 0 29547375
1813374951 2  P 706011 1380034 0 29656914
1817891917 3  P 1250136 2178422 0 29733596
1818389173 14  P 669899 1178102 0 29735115
1819381613 19  P 382962 659133 0 29761416
1822117791 6  P 740919 1479907 0 29807380
1824153869 4  P 414440 1000401 0 29825769
1826238421 17  P 393948 654834 0 29873006
1827909649 10  P 736198 1357211 0 29896747
1831027759 9  P 875894 1569326 0 29947857
1832897720 15  P 613593 1101601 0 29978290
1835202353 12  P 549482 1119896 0 30018299
1835868987 13  P 925460 1525930 0 30018888
1838817687 16  P 617494 1107822 0 30081288
1839666033 8  P 796946 1427472 0 30080134
1840842084 11  P 877135 1570564 0 30112961
1843217986 12  P 551342 1124778 0 30149625
1844492241 1  P 1535729 2591309 0 30166956
1854437275 2  P 715666 1402873 0 30329678
1855164066 1  P 1540306 2600408 0 30341802
1858914630 6  P 746448 1495982 0 30410257
1860341354 4  P 424300 1024700 0 30418663
1860509705 8  P 800971 1433841 0 30421631
1861209775 19  P 394823 676577 0 30446725
1866614586 16  P 623825 1120065 0 30536709
1868732748 11  P 881766 1581117 0 30569916
1870038263 15  P 615057 1109252 0 30586800
1872142808 5  P 745292 1428365 0 30622306
1872204366 3  P 1310195 2270563 0 30623446
1873285280 17  P 398326 664602 0 30643818
1874448111 7  P 754447 1474347 0 30666039
1876538962 10  P 769723 1412951 0 30693480
1877123348 14  P 679235 1200910 0 30697412
1877466937 18  P 379410 648456 0 30705004
1881246655 9  P 891057 1598949 0 30770631
1881726246 13  P 958006 1576204 0 30770237
1890013958 14  P 682544 1208326 0 30908611
1892420212 11  P 899107 1610067 0 30958005
1897627275 5  P 770065 1468228 0 31039836
1897763780 18  P 389176 661775 0 31037547
1900866429 15  P 626394 1127340 0 31091881
1902230938 9  P 895561 1611351 0 31114433
1903741914 13  P 971982 1601658 0 31130934
1904131758 19  P 408793 698518 0 31149956
1905391751 3  P 1324321 2300436 0 31167183
1907666851 7  P 759409 1492451 0 31210293
1911364437 16  P 650443 1158967 0 31269882
1913843502 2  P 749277 1459131 0 31302979
1914963025 8  P 840719 1504426 0 31313783
1915222819 17  P 402179 676822 0 31330919
1915496757 1  P 1579747 2668285 0 31330281
1915555779 6  P 767061 1542894 0 31338261
1919500887 12  P 574107 1168747 0 31399410
1920471116 10  P 804994 1469706 0 31413260
1920544489 4  P 427203 1044990 0 31405028
1933592127 14  P 688058 1227304 0 31622590
1937210570 13  P 984981 1623537 0 31679280
1939045386 11  P 936730 1673046 0 31721905
1939161293 16  P 653680 1166750 0 31725298
1940897274 19  P 420547 713629 0 31752318
1941869201 8  P 855949 1534697 0 31754612
1942772050 17  P 415099 691414 0 31782282
1945888332 4  P 428269 1051747 0 31820258
1947663316 15  P 653138 1168187 0 31858585
1947807665 7  P 786240 1539005 0 31867960
1949642950 5  P 811715 1540074 0 31892043
1954637499 9  P 901784 1636193 0 31973058
1955296268 12  P 587639 1193593 0 31985900
1957221009 10  P 818556 1500813 0 32015362
1958961583 6  P 792332 1591504 0 32049416
1959704335 3  P 1341645 2341693 0 32057031
1960216997 18  P 396148 675029 0 32060773
1962179732 1  P 1627302 2748184 0 32095129
1964033447 2  P 799007 1540928 0 32125286
1966525353 8  P 866531 1554854 0 32158567
1969816103 5  P 825031 1564869 0 32222531
1974325071 9  P 924600 1669642 0 32295611
1976460216 15  P 668741 1194180 0 32330393
1976752350 10  P 822268 1512161 0 32335363
1979623183 18  P 405417 689293 0 32378723
1984565274 3  P 1347252 2358247 0 32464322
1985462474 1  P 1653156 2791933 0 32476566
1992763280 4  P 429352 1073886 0 32588252
1994124975 2  P 834513 1600756 0 32618303
1994865658 16  P 687835 1219967 0 32637950
1994983540 14  P 710834 1270404 0 32628410
1995054692 13  P 1010413 1668915 0 32626974
1996698191 7  P 810991 1591351 0 32668975
1998060923 11  P 989526 1755619 0 32688800
1998191583 17  P 418872 704983 0 32690272
1998747220 6  P 831887 1662660 0 32701253
1998850481 19  P 432597 736687 0 32701819
1999124250 12  P 608895 1230299 0 32703970
2005610533 3  P 1384384 2416822 0 32809150
2009256591 19  P 439433 746781 0 32872312
2010185777 9  P 966247 1732908 0 32883145
2010212460 1  P 1678619 2836310 0 32882064
2012077007 11  P 1010514 1786634 0 32918430
2013207130 17  P 420015 709798 0 32936287
2018883697 15  P 686461 1232192 0 33025428
2020111524 5  P 846635 1606902 0 33046581
2024857156 4  P 436517 1095595 0 33114074
2025326344 18  P 415973 709983 0 33127524
2027654573 14  P 719582 1288030 0 33163696
2030071014 6  P 853172 1702082 0 33214459
2030118058 13  P 1034066 1706986 0 33201429
2034462820 8  P 887222 1603878 0 33271650
2035108529 12  P 621037 1251863 0 33293527
2036330541 10  P 835812 1549372 0 33311482
2036990517 2  P 860052 1648274 0 33320605
2038442713 16  P 725913 1278356 0 33351906
2041686515 7  P 846003 1650161 0 33406056
2044626101 3  P 1392776 2441949 0 33448375
2046006655 19  P 454724 769872 0 33474422
2048279571 14  P 721983 1296498 0 33501611
2049034485 4  P 455231 1127478 0 33510192
2051057582 7  P 848575 1656907 0 33559591
2055508452 6  P 877855 1743036 0 33631213
2057374235 12  P 625816 1264297 0 33658327
2057811400 11  P 1035359 1827849 0 33667737
2059859180 18  P 425520 724970 0 33693281
2063392891 5  P 886603 1674871 0 33755693
2066967611 1  P 1750710 2953335 0 33811957
2068869504 17  P 429121 729855 0 33848254
2070322233 8  P 894542 1625552 0 33859161
2072012127 9  P 989799 1784131 0 33896096
2075296741 2  P 882585 1691602 0 33948211
2079114584 16  P 752262 1320786 0 34018265
2079439888 10  P 855372 1588091 0 34017777
2080007155 15  P 727124 1296480 0 34026884
2084445343 13  P 1077448 1773782 0 34091536
2084872927 9  P 994916 1793723 0 34106774
2088420272 14  P 741704 1332478 0 34159265
2093933300 8  P 899193 1639691 0 34245976
2095783488 5  P 919204 1726492 0 34286369
2102631114 4  P 513412 1226005 0 34388305
2103100392 19  P 485859 818082 0 34409842
2103957185 17  P 431152 738285 0 34423128
2107023975 6  P 902295 1791961 0 34475230
2109577879 2  P 914105 1745859 0 34509868
2115655100 11  P 1061966 1879070 0 34615438
2116992238 1  P 1801673 3039332 0 34631560
2117256999 15  P 741095 1321894 0 34637177
2118141368 13  P 1109061 1824747 0 34643600
2118423007 3  P 1395745 2477644 0 34657455
2119588673 7  P 897672 1739602 0 34682394
2120221227 10  P 896591 1652476 0 34685933
2120264797 12  P 638349 1298602 0 34688717
2121208161 16  P 763951 1342796 0 34707919
2123076297 18  P 432701 745253 0 34729053
2127960197 15  P 751628 1338658 0 34812535
2129170654 11  P 1073083 1897088 0 34836876
2132945380 13  P 1119754 1843304 0 34886147
2134496444 1  P 1823084 3073759 0 34918345
2136299223 5  P 971272 1805511 0 34950169
2140949615 9  P 999767 1817714 0 35025547
2141091974 18  P 434398 749156 0 35024222
2142202344 12  P 647709 1316500 0 35048139
2143376140 3  P 1401847 2490705 0 35066282
2143586446 6  P 904876 1808991 0 35074265
2147769661 17  P 448617 763962 0 35140949
2147893502 10  P 908533 1674953 0 35139306
2147958202 16  P 765199 1350628 0 35146189
2152041118 8  P 917115 1680910 0 35198034
2155088726 7  P 900355 1752548 0 35264025
2156622664 4  P 522836 1252203 0 35272900
2159490971 19  P 505219 849589 0 35333739
2160576482 14  P 777068 1388654 0 35341461
2162593727 2  P 958704 1816493 0 35378471
2165619937 7  P 902739 1757071 0 35436567
2167222845 17  P 465736 790787 0 35459670
2167343657 2  P 959128 1818266 0 35456292
2170744177 8  P 932578 1708079 0 35504462
2173523479 13  P 1142666 1881379 0 35550965
2174477157 6  P 915343 1830661 0 35580376
2175219108 14  P 783821 1401249 0 35581328
2175389387 11  P 1081408 1920290 0 35594112
2175766781 3  P 1412040 2515944 0 35596960
2176002288 5  P 993342 1843182 0 35600650
2178654453 18  P 447143 767780 0 35639639
2179522351 16  P 774535 1371685 0 35663305
2185421294 12  P 692855 1390124 0 35756229
2185710163 15  P 762627 1365689 0 35758704
2190471188 10  P 937656 1726904 0 35836892
2194975351 19  P 519391 872772 0 35915113
2195476612 1  P 1901923 3201801 0 35917440
2196168786 9  P 1008984 1845021 0 35930242
2199857048 4  P 523342 1264941 0 35981245
2207147217 19  P 522760 878469 0 36114537
2209711517 6  P 934103 1862218 0 36157649
2210522621 15  P 775545 1383467 0 36165228
2213601625 13  P 1163569 1919896 0 36207596
2216763857 18  P 449056 775255 0 36264019
2218352506 16  P 789990 1398150 0 36299519
2219389181 12  P 731487 1450100 0 36312750
2219641787 3  P 1419476 2538688 0 36315798
2220661787 17  P 466657 799209 0 36335187
2224232820 14  P 806134 1436482 0 36384386
2224291809 7  P 905218 1775980 0 36397846
2229473149 2  P 1025419 1922279 0 36474208
2232275347 8  P 962415 1765978 0 36512580
2233137571 9  P 1032352 1888187 0 36535929
2233268086 10  P 972550 1788239 0 36538073
2233549601 5  P 1042513 1924811 0 36543476
2235294506 4  P 527555 1280249 0 36561848
2236322660 1  P 1948942 3278968 0 36586658
2244658607 10  P 979991 1801673 0 36724693
2245045652 11  P 1116457 1979977 0 36735342
2248006575 19  P 535283 897669 0 36783977
2248653905 4  P 530176 1286988 0 36780726
2249666840 7  P 914468 1795944 0 36813585
2252853551 8  P 967704 1779077 0 36849730
2259663247 15  P 788241 1405648 0 36970341
2266039087 13  P 1177383 1952403 0 37066727
2267219881 3  P 1434439 2574150 0 37095309
2267583313 16  P 815385 1437225 0 37106102
2270170379 14  P 812378 1454230 0 37137018
2270609543 2  P 1060847 1981075 0 37148180
2273012609 9  P 1041857 1911036 0 37189233
2273108661 12  P 770565 1515357 0 37192881
2276441536 17  P 475683 815192 0 37249105
2276627669 5  P 1092183 2003884 0 37249246
2276805937 6  P 938843 1890019 0 37256906
2279795066 18  P 451892 786600 0 37296716
2280617216 1  P 2007387 3373844 0 37312376
2284233108 11  P 1118524 1992505 0 37377389
2284400369 8  P 978461 1802453 0 37366590
2286061327 11  P 1118524 1993365 0 37407341
2286374259 12  P 799395 1556387 0 37410224
2287607055 4  P 531027 1299833 0 37418931
2297554786 1  P 2033268 3417431 0 37589876
2301023501 13  P 1182889 1970624 0 37639905
2301178541 19  P 552456 926109 0 37655140
2302097953 17  P 483064 828724 0 37669457
2302639134 14  P 818608 1469108 0 37668983
2302668752 9  P 1048948 1931842 0 37675113
2306879390 10  P 1015996 1865474 0 37744078
2310482930 16  P 846420 1481987 0 37808961
2310492261 5  P 1141323 2081153 0 37804062
2310960211 15  P 793342 1422265 0 37810789
2312172175 2  P 1124345 2081165 0 37829138
2313594939 3  P 1446792 2607142 0 37855112
2314321012 6  P 942474 1911638 0 37871554
2318513812 18  P 456916 798837 0 37931082
2320495566 7  P 940427 1854645 0 37974029
2323485572 3  P 1446829 2609688 0 38017159
2328625271 2  P 1137782 2103104 0 38098702
2331310741 18  P 464318 809758 0 38140746
2333916906 7  P 940427 1858888 0 38193922
2336549524 5  P 1154118 2105288 0 38230982
2342162858 19  P 557470 938268 0 38326626
2344525438 10  P 1038302 1900312 0 38360890
2344847915 17  P 504050 862835 0 38369867
2346919554 4  P 542750 1332374 0 38390701
2348057139 8  P 1024046 1880747 0 38409521
2348648445 13  P 1204633 2016006 0 38420187
2349835320 15  P 797535 1439650 0 38447716
2351601621 1  P 2071770 3484718 0 38475374
2351836642 6  P 964328 1952343 0 38486201
2352512504 9  P 1057275 1958019 0 38491746
2352889842 12  P 846902 1636591 0 38500005
2356177131 16  P 877591 1530156 0 38557606
2360030043 11  P 1154199 2062180 0 38619233
2363301931 16  P 887540 1542851 0 38674334
2363670226 14  P 838387 1513598 0 38668909
2365358685 12  P 864168 1662562 0 38704290
2366138282 4  P 542912 1336703 0 38705581
2366541488 8  P 1032366 1898383 0 38712356
2368045695 11  P 1157529 2069419 0 38750558
2371385699 7  P 955723 1884705 0 38807808
2372969068 2  P 1189516 2183717 0 38825220
2376842175 14  P 839725 1518315 0 38884717
2381423013 3  P 1453719 2635932 0 38966404
2382522242 19  P 585408 982019 0 38987870
2384018360 10  P 1057765 1935730 0 39007936
2385618730 13  P 1214262 2035774 0 39025871
2389341967 18  P 468284 828423 0 39091522
2390117237 1  P 2098635 3530799 0 39106412
2391653244 9  P 1072958 1987247 0 39133023
2393602277 6  P 974035 1979556 0 39170483
2394411756 17  P 519416 889253 0 39181892
2396819509 15  P 804927 1456696 0 39217502
2399612060 5  P 1182254 2161033 0 39264181
