250012542 18  P 10096 15589 0 4040968
253195593 8  P 19796 22437 0 4087809
253796066 3  P 26584 43436 0 4107798
257919341 12  P 17438 25881 0 4176392
258387274 14  P 14112 21187 0 4176379
265487771 16  P 17389 26193 0 4304125
272160612 17  P 15231 23128 0 4411137
272524569 7  P 19813 38135 0 4420367
273427596 13  P 21163 35257 0 4420344
276411554 19  P 15378 24983 0 4481546
278397328 6  P 11882 31275 0 4511235
278401072 9  P 39861 58816 0 4509968
278568291 1  P 15695 31694 0 4511247
279058101 4  P 8939 23160 0 4511244
279621786 11  P 23924 44411 0 4534273
279997726 2  P 8085 23637 0 4534286
281172391 5  P 24595 41775 0 4556294
283048686 10  P 28974 39725 0 4586004
290505352 15  P 18635 30164 0 4708091
298155691 3  P 72684 116184 0 4834566
298916687 9  P 66256 96925 0 4846092
299547482 10  P 30582 45121 0 4856319
300021442 13  P 38105 60370 0 4856049
302596486 17  P 17104 27066 0 4909824
302919971 2  P 15640 36822 0 4909837
303599067 19  P 15649 28034 0 4926986
307690827 16  P 32806 51459 0 4995576
311883068 8  P 30134 49516 0 5049337
314950029 18  P 13023 26163 0 5104902
320547342 5  P 59847 98507 0 5201409
322381907 15  P 30998 52757 0 5230327
326584771 6  P 22989 58993 0 5300724
330465022 4  P 9570 35758 0 5353484
330528723 12  P 19986 48448 0 5366014
332746768 11  P 52913 94050 0 5404659
337293496 14  P 24349 49710 0 5469169
337852652 7  P 24402 62719 0 5490699
338553769 1  P 68062 120063 0 5494032
348922426 10  P 35473 64097 0 5665273
352553553 6  P 26603 69514 0 5726194
352981181 14  P 29236 57693 0 5726192
353464507 9  P 107209 157913 0 5739779
354256244 13  P 82458 126786 0 5744615
356633007 8  P 40213 71768 0 5782505
360972097 16  P 49503 80532 0 5868528
361200594 12  P 29093 67160 0 5868539
378490554 1  P 79357 140815 0 6148354
380284493 5  P 79200 138166 0 6180132
380359280 3  P 131914 215363 0 6181365
380396002 19  P 23587 42617 0 6185225
380418597 11  P 86369 147885 0 6185699
381465723 18  P 17446 36996 0 6194692
381808513 4  P 11748 47816 0 6194690
383009505 7  P 62991 121127 0 6230541
383427342 15  P 41745 74308 0 6230514
387060581 2  P 21541 64310 0 6288396
389377847 17  P 35787 53657 0 6331642
396141010 8  P 50160 98824 0 6429795
396233945 2  P 22645 68767 0 6438667
396700587 4  P 16184 57635 0 6438650
396946841 7  P 68653 133184 0 6458890
398461615 1  P 108406 186901 0 6475522
405768365 17  P 43542 64718 0 6600184
405912859 6  P 36888 97404 0 6600428
409684152 14  P 37447 78568 0 6655202
413397354 15  P 57563 100061 0 6721527
414925627 16  P 64270 111857 0 6752479
418069123 13  P 125991 190273 0 6790101
420326080 12  P 46409 109421 0 6837233
432767017 5  P 132824 220264 0 7039983
433653150 18  P 20930 47806 0 7049730
435015613 3  P 188386 306619 0 7076837
438575887 11  P 111662 195769 0 7138526
439333516 19  P 37367 67379 0 7150856
441627126 10  P 39230 94861 0 7184103
441823830 9  P 176629 263574 0 7187440
445600306 1  P 145312 250202 0 7247859
446357719 18  P 29764 60555 0 7257856
447272800 6  P 50201 128895 0 7278051
449256581 13  P 151007 224184 0 7301066
449262669 14  P 53793 106378 0 7303641
454282672 5  P 146946 246095 0 7392487
458732288 12  P 59020 137992 0 7466477
461067844 19  P 40687 72175 0 7506949
463884419 7  P 98140 194263 0 7555590
465065264 17  P 49800 80530 0 7571693
475490722 15  P 100833 176183 0 7738836
475589503 9  P 193511 296985 0 7740648
475891654 10  P 42508 109673 0 7745506
476263292 11  P 147028 249925 0 7755986
478980312 4  P 18462 83749 0 7786740
487785037 16  P 79591 142487 0 7946190
488656286 3  P 274151 442472 0 7955656
488904743 2  P 26347 102984 0 7956999
491508924 8  P 102201 194772 0 7992273
494815730 17  P 64488 101518 0 8059117
495413299 6  P 73903 178333 0 8066762
495657190 10  P 52982 124998 0 8069340
498466654 12  P 66957 160417 0 8117474
499365921 1  P 189614 327927 0 8128745
501232098 14  P 64784 129305 0 8155088
504196896 8  P 108871 205888 0 8200148
504295572 7  P 121120 238879 0 8217677
505316416 16  P 90329 161668 0 8233422
505934412 18  P 35254 73589 0 8233981
506574067 4  P 19997 93553 0 8238834
508919561 11  P 176878 294842 0 8291020
516925407 5  P 185390 313296 0 8418812
518177255 19  P 51178 93558 0 8442628
518823914 9  P 238166 362797 0 8448981
528514151 2  P 26618 119496 0 8605957
529156300 3  P 344177 551112 0 8619200
530428229 15  P 143714 241805 0 8638920
541787724 13  P 155159 253556 0 8817084
543329451 5  P 217303 361736 0 8851408
544506222 15  P 156525 258892 0 8869571
544797825 10  P 66210 149040 0 8874448
547359441 3  P 360900 577754 0 8917431
547792578 9  P 248483 380902 0 8923594
551325014 18  P 51992 97418 0 8977657
552154152 12  P 90664 200045 0 8997084
555810992 2  P 27897 126644 0 9053186
556652627 4  P 21777 111206 0 9059306
559915277 8  P 137048 258585 0 9113029
560419387 11  P 201703 333529 0 9134780
560713849 1  P 254429 436737 0 9133820
572052672 19  P 64061 118951 0 9325308
573051100 16  P 124786 215148 0 9343166
574356441 14  P 82263 166157 0 9353157
575268804 17  P 83060 137876 0 9377250
582960272 6  P 85554 221182 0 9501119
590694144 13  P 184984 298419 0 9618345
591416102 7  P 156042 304321 0 9645049
595034484 17  P 86070 143257 0 9701085
596818661 15  P 185570 301827 0 9726651
597540172 8  P 152168 286920 0 9729466
598156110 3  P 385426 621342 0 9749665
598524143 9  P 289339 442843 0 9754767
598638545 12  P 93812 217821 0 9758674
605907552 5  P 245552 414863 0 9876680
612897740 6  P 99622 247297 0 9991611
615898800 19  P 74398 136482 0 10043672
618545803 2  P 31587 149449 0 10081024
623560025 14  P 98880 193979 0 10159288
626185553 11  P 254077 415145 0 10212266
627378292 10  P 83619 189370 0 10227397
632395288 16  P 133622 233967 0 10315443
633053973 13  P 197889 323127 0 10312354
633447821 7  P 189792 362270 0 10333679
635257048 1  P 318892 546247 0 10355141
639668725 4  P 97990 230617 0 10419396
641858753 18  P 66848 125157 0 10460913
644707774 16  P 148827 254766 0 10517167
645324237 9  P 309308 481567 0 10521519
645428528 15  P 185715 313606 0 10523062
648327006 2  P 32299 160067 0 10568954
651780954 12  P 124889 275876 0 10629335
654673647 10  P 103207 223534 0 10674622
658158108 5  P 273160 468440 0 10732734
660113438 17  P 100206 163720 0 10767325
663388586 11  P 274721 447193 0 10821797
665335068 13  P 209623 347436 0 10841242
666932104 7  P 216394 407111 0 10882283
671932251 8  P 215338 392781 0 10948248
673966188 4  P 127587 279256 0 10981303
678540383 6  P 121055 300071 0 11067050
689075885 18  P 72045 135598 0 11234541
690064291 3  P 448427 741643 0 11255446
690521813 19  P 82523 159084 0 11266291
691397625 1  P 396141 674250 0 11274942
691779142 14  P 118830 231852 0 11276981
696686344 12  P 147367 312190 0 11365058
698848309 16  P 180843 309284 0 11404198
699006206 19  P 86237 165141 0 11405297
702016045 3  P 465069 767532 0 11451285
704366377 1  P 404874 690012 0 11487419
705173701 5  P 314411 531185 0 11503015
710106591 4  P 142479 305200 0 11573419
711228916 7  P 229626 432847 0 11608035
712769610 17  P 129176 209894 0 11630036
714819409 13  P 226475 376139 0 11651979
716627887 10  P 129402 267990 0 11689648
717950870 18  P 78740 147645 0 11707625
721366006 15  P 220233 370881 0 11767208
729154435 11  P 307016 509263 0 11899297
732290694 8  P 252116 456369 0 11937164
732476869 6  P 142434 341502 0 11950757
732936448 2  P 65887 232945 0 11955187
735089922 9  P 330207 531893 0 11992222
739201103 14  P 129640 254833 0 12053932
744189193 5  P 327132 555355 0 12142235
744571891 8  P 259616 469309 0 12138378
745678502 15  P 235718 392383 0 12165537
748886780 9  P 341384 548289 0 12218269
758358985 11  P 314399 526000 0 12377756
760969203 3  P 537362 880518 0 12417153
764405175 2  P 65923 243620 0 12470769
773756637 19  P 107920 196647 0 12629990
774691513 17  P 142133 228703 0 12644557
775893118 10  P 141916 301702 0 12660653
776763448 18  P 95930 176677 0 12671204
777576860 12  P 166830 349849 0 12690361
781475680 13  P 232979 395829 0 12744069
782286595 16  P 196393 342224 0 12771231
784711612 1  P 462961 789904 0 12803756
786101639 6  P 185719 415679 0 12829325
788372243 4  P 143094 331030 0 12855713
790464764 7  P 267737 509399 0 12906201
793279316 14  P 155886 298711 0 12939932
793491356 1  P 472522 806363 0 12947626
796507906 6  P 187870 420698 0 12999817
797134394 8  P 290795 523289 0 12999538
797897238 15  P 246222 414798 0 13021084
801623885 12  P 181346 375487 0 13084342
803673694 10  P 150666 319816 0 13115811
806363357 17  P 152672 244845 0 13163467
810423616 5  P 335976 585231 0 13227398
810981548 4  P 144808 339611 0 13226141
812697896 7  P 291088 544451 0 13270489
815920748 2  P 69090 260385 0 13314798
816516035 3  P 606629 992941 0 13327213
819636676 9  P 354673 580228 0 13377424
819998040 11  P 366831 606210 0 13387668
822959742 19  P 122030 213670 0 13436131
827794640 18  P 99603 187877 0 13507290
836114027 16  P 201008 357950 0 13653143
839241327 13  P 242929 419722 0 13690497
840357335 14  P 167839 319072 0 13711249
844623128 18  P 103120 192210 0 13783002
845207185 17  P 164694 265130 0 13799882
845358287 2  P 70046 268507 0 13797101
846138564 11  P 377377 625278 0 13815950
847883043 15  P 256655 434702 0 13840024
851194143 19  P 126039 222448 0 13898719
851788202 13  P 247857 428058 0 13896064
853236046 5  P 352105 616027 0 13928823
858906948 3  P 666902 1086183 0 14021723
860541531 7  P 320444 595017 0 14054351
862779227 14  P 178315 334747 0 14078608
875358331 12  P 225731 447992 0 14292398
877278528 4  P 146344 360161 0 14312345
878988966 16  P 215931 384582 0 14355596
879022646 1  P 554217 945426 0 14348949
880898660 6  P 215616 484273 0 14382448
887878834 10  P 210222 418422 0 14495378
889167966 9  P 370071 614126 0 14516603
890884387 8  P 323135 588352 0 14535524
895482286 11  P 378762 638936 0 14624388
898702015 2  P 70661 285289 0 14671083
899760111 7  P 329416 614805 0 14696903
901223054 3  P 705883 1149245 0 14715006
902212502 8  P 326641 595203 0 14721122
902966688 4  P 149277 370303 0 14733207
903447549 6  P 221693 497554 0 14751881
903747906 14  P 181969 345592 0 14749836
904626772 5  P 389907 678636 0 14770791
912191488 17  P 171646 276148 0 14897348
919817142 16  P 220395 394273 0 15024522
926783221 10  P 232410 456496 0 15132814
931069223 15  P 263178 456813 0 15202963
935561405 12  P 260368 506467 0 15278758
936007476 1  P 597101 1020576 0 15282567
937074217 9  P 376828 632423 0 15301483
939210108 13  P 285541 495690 0 15328371
941272245 19  P 141457 243831 0 15374557
943341936 18  P 124781 223720 0 15400406
944032048 3  P 779442 1263761 0 15416375
944475383 19  P 145164 249130 0 15427037
946897545 13  P 287005 499876 0 15454322
947607267 14  P 195956 365870 0 15468423
947913654 1  P 605309 1035723 0 15477638
950878538 10  P 256053 490448 0 15527559
952263866 18  P 132183 235183 0 15546582
954595458 5  P 397466 705773 0 15589467
954902341 9  P 379454 639701 0 15593572
955045693 12  P 263062 517681 0 15597984
963122239 4  P 151980 392994 0 15718793
964962386 8  P 378461 680994 0 15749203
966910862 16  P 224034 410622 0 15796102
967129058 17  P 177396 292959 0 15797443
974476706 6  P 270467 588465 0 15915608
976639561 2  P 72396 313093 0 15948007
979303607 15  P 309777 525101 0 15993219
984510331 7  P 370750 698430 0 16085430
987638698 11  P 411163 709106 0 16134263
996497218 4  P 155855 408344 0 16265603
997795633 12  P 278668 549188 0 16298396
998841668 14  P 211491 396016 0 16307833
1002945533 6  P 281109 610915 0 16382031
1003147327 15  P 317230 538429 0 16383869
1003975374 19  P 159623 272444 0 16401870
1003982531 18  P 137374 247967 0 16393933
1007723406 16  P 234059 434220 0 16464771
1009941505 17  P 190568 307912 0 16498876
1011001876 10  P 285883 544397 0 16512638
1012523020 1  P 649569 1114089 0 16536180
1018553930 13  P 315994 548847 0 16628316
1019493658 8  P 386328 708943 0 16642632
1019516295 3  P 866581 1404195 0 16653089
1021361076 5  P 407524 738675 0 16683348
1023514510 2  P 73464 327483 0 16716004
1029400898 7  P 399758 750274 0 16820910
1041183685 9  P 435128 737631 0 17007197
1041669927 11  P 457374 776251 0 17019494
1045298779 10  P 293028 560919 0 17074552
1053122971 11  P 459779 777769 0 17207141
1054452033 2  P 83243 348977 0 17222880
1057389362 12  P 285617 571588 0 17274775
1058590818 6  P 317811 676248 0 17293702
1059412326 17  P 197669 316787 0 17309372
1061321690 1  P 693510 1189994 0 17335681
1063657973 5  P 413383 760956 0 17376334
1070131904 13  P 326635 566164 0 17473365
1072375740 3  P 940977 1519901 0 17519122
1072982325 14  P 232364 430761 0 17522535
1075716694 4  P 158603 434819 0 17563524
1078098423 16  P 250935 462917 0 17617786
1078898656 15  P 337060 572357 0 17624961
1079917887 9  P 455842 769816 0 17641813
1082053588 19  P 191683 323016 0 17681094
1084807134 7  P 419999 794001 0 17728683
1085359604 18  P 144418 265912 0 17727174
1090243802 8  P 405780 751122 0 17801784
1104078930 3  P 980585 1584326 0 18038542
1106545588 12  P 293151 594064 0 18080145
1109600470 19  P 204746 342532 0 18132415
1109928782 13  P 338296 586215 0 18125392
1110195597 6  P 369853 763768 0 18139180
1115355385 9  P 463812 790432 0 18222414
1115413681 1  P 722759 1242460 0 18221905
1115872210 4  P 160034 448149 0 18221437
1118618655 8  P 411570 765658 0 18266672
1122109060 18  P 167066 296817 0 18329274
1122529353 14  P 245455 458318 0 18334303
1125569505 16  P 267686 491332 0 18395535
1126088271 7  P 443726 838364 0 18405029
1132984796 2  P 84981 372695 0 18509532
1133173744 5  P 417902 786722 0 18515276
1135178539 15  P 377585 635382 0 18547038
1136316572 17  P 220368 356389 0 18569392
1137783119 10  P 336874 639357 0 18589793
1139873123 11  P 497472 844733 0 18628434
1146569089 19  P 212221 354718 0 18738104
1147798653 5  P 441438 825146 0 18754886
1147994596 7  P 457015 861735 0 18763940
1148919929 14  P 269634 495955 0 18766678
1148975314 15  P 381846 643951 0 18773078
1154261619 9  P 483507 822081 0 18859846
1154451121 11  P 504927 857756 0 18867272
1155478082 8  P 425646 794089 0 18870574
1157524596 1  P 751031 1294262 0 18911845
1158485678 3  P 1063262 1711175 0 18929919
1166488528 17  P 238859 385130 0 19063727
1171263819 18  P 182269 321876 0 19134644
1177707761 16  P 278033 513425 0 19249761
1184655160 2  P 98886 410832 0 19356118
1187038176 13  P 349653 610925 0 19388733
1187356618 4  P 164929 476090 0 19392635
1187398577 6  P 392725 819935 0 19404064
1188592798 12  P 310811 633103 0 19424390
1191361301 10  P 375188 694903 0 19467605
1194632432 1  P 785205 1354009 0 19519803
1196642393 5  P 479332 886814 0 19555132
1201082187 17  P 263591 423461 0 19630495
1203632589 13  P 354676 620849 0 19660605
1205171187 2  P 102988 421099 0 19692244
1206580019 10  P 382991 711801 0 19716945
1213070438 6  P 406877 847957 0 19824652
1214442266 16  P 296510 546307 0 19851609
1214810448 11  P 532885 905425 0 19856187
1214997997 14  P 288320 528210 0 19849282
1215088304 7  P 471648 900504 0 19863198
1216366122 15  P 435756 728477 0 19877185
1219277379 9  P 496920 858543 0 19925055
1220493697 8  P 456069 851407 0 19935770
1229194145 19  P 241353 404984 0 20091823
1229298894 12  P 362362 712395 0 20091316
1232310739 18  P 201522 355838 0 20134823
1238294119 4  P 167278 493360 0 20227192
1241407409 3  P 1152742 1858788 0 20288497
1243970490 5  P 515174 945444 0 20330537
1246921314 2  P 120963 458178 0 20376274
1253538657 1  P 849809 1462312 0 20484905
1254944042 19  P 245223 411262 0 20513710
1254990998 15  P 448758 747810 0 20510008
1255029350 11  P 555680 945729 0 20515128
1258777278 9  P 516390 895231 0 20572220
1260738416 17  P 284279 456198 0 20607885
1273030001 12  P 371214 732610 0 20807799
1275072001 8  P 490227 911041 0 20829969
1275192163 16  P 307383 569195 0 20846922
1275513716 14  P 327377 586952 0 20840761
1279967063 18  P 216580 380277 0 20915619
1281809741 4  P 176094 515956 0 20940144
1282135165 7  P 472931 923410 0 20961688
1282742320 6  P 442504 915563 0 20966138
1283629412 3  P 1181357 1908106 0 20980255
1284814367 10  P 387805 739651 0 20998733
1286756958 13  P 368047 657303 0 21022504
1293882457 1  P 888172 1527238 0 21145886
1299001126 3  P 1189218 1922981 0 21232102
1300000194 12  P 371739 742966 0 21249649
1306267741 5  P 545598 1002249 0 21351192
1308263783 18  P 228228 393868 0 21379232
1310567142 16  P 311247 579762 0 21426503
1313100646 13  P 390217 687666 0 21454117
1314009304 8  P 528017 971113 0 21467908
1314822660 7  P 482231 946264 0 21497237
1314881594 19  P 246671 422445 0 21495720
1316451083 14  P 346548 617514 0 21511473
1322373871 11  P 592793 1011059 0 21618483
1323492243 6  P 460818 949848 0 21633771
1325785312 17  P 309120 494528 0 21673602
1332262827 4  P 178261 533829 0 21766763
1336897251 15  P 462394 776971 0 21851954
1337355402 9  P 553232 961261 0 21859640
1339985206 2  P 174731 553328 0 21900997
1340611295 10  P 398620 764525 0 21912901
1346830302 5  P 555950 1022862 0 22015762
1348858126 12  P 382192 768172 0 22050150
1357496016 9  P 560136 975194 0 22189622
1358658102 10  P 401291 769971 0 22208575
1360519709 17  P 315382 504740 0 22242687
1362341903 18  P 253727 432826 0 22265242
1366692241 16  P 350620 640136 0 22346040
1367615958 15  P 467405 787129 0 22355246
1368388731 14  P 363555 648393 0 22362407
1373306675 8  P 568383 1037867 0 22439414
1374211045 6  P 466757 972634 0 22464731
1374676105 11  P 633513 1078550 0 22475392
1375197647 7  P 490807 973253 0 22486418
1375773422 1  P 960744 1649307 0 22487570
1380044070 4  P 178770 543414 0 22549606
1382688753 3  P 1262001 2043666 0 22603230
1384257056 13  P 431716 755387 0 22619916
1386014963 2  P 188730 580017 0 22655171
1388553508 19  P 252112 437193 0 22702756
1399382425 1  P 978706 1680671 0 22874376
1400451263 18  P 258962 443079 0 22889621
1401045618 12  P 388811 788337 0 22905187
1404069508 13  P 450272 781719 0 22944514
1407397229 19  P 254502 443519 0 23011491
1410082278 17  P 340964 543666 0 23054717
1410607324 14  P 386486 684386 0 23054111
1412094883 3  P 1286432 2084396 0 23085014
1419634762 8  P 588589 1072321 0 23198435
1423878833 10  P 417008 800236 0 23277103
1429827478 2  P 202854 609410 0 23372993
1434137956 4  P 206656 596836 0 23435862
1435918889 9  P 623121 1070448 0 23474484
1436299059 5  P 596523 1099518 0 23481603
1437676589 16  P 392369 701688 0 23509034
1437807456 7  P 508300 1017094 0 23512205
1438336669 6  P 512636 1052007 0 23515345
1438522262 15  P 473986 806348 0 23516966
1440670345 11  P 657097 1125946 0 23556635
1444852204 6  P 528992 1076770 0 23622093
1445303465 19  P 257688 454482 0 23632544
1448837957 8  P 615590 1116866 0 23676890
1459444583 11  P 669812 1144438 0 23864226
1460184003 9  P 636091 1093098 0 23872037
1460242229 1  P 1030046 1766837 0 23871485
1460966985 18  P 267105 458931 0 23881104
1461749379 2  P 203813 620261 0 23896002
1464468385 14  P 428943 748612 0 23936522
1465315136 3  P 1307804 2132174 0 23956947
1471394815 17  P 379504 604158 0 24059250
1472549151 5  P 618701 1137659 0 24075520
1478716397 4  P 244666 655603 0 24166214
1481465263 7  P 513184 1034244 0 24227466
1481960105 13  P 492341 847322 0 24220650
1482225384 15  P 477829 818955 0 24232983
1486795739 12  P 410893 840163 0 24310106
1488801549 16  P 402029 722734 0 24346656
1489861271 10  P 418824 822870 0 24358183
1497684037 9  P 683936 1169665 0 24486432
1497905564 2  P 210415 640069 0 24488381
1499767521 10  P 429711 839481 0 24520476
1500147235 19  P 268395 468318 0 24531102
1501570350 1  P 1081141 1851009 0 24548597
1503779521 18  P 275587 471459 0 24582541
1509415952 8  P 621692 1144147 0 24669393
1511432603 7  P 528765 1066316 0 24718475
1511778474 4  P 248391 671914 0 24707900
1513238394 17  P 395693 625483 0 24744810
1514735696 3  P 1359397 2219733 0 24766665
1517632041 13  P 521171 893214 0 24805090
1520705424 5  P 659186 1198004 0 24864497
1525287879 15  P 490745 837661 0 24938515
1525551519 16  P 420672 749854 0 24948767
1527951488 11  P 692082 1185719 0 24986628
1534352120 6  P 569576 1155151 0 25088440
1537529222 14  P 453603 792719 0 25133564
1538420776 12  P 432570 883634 0 25155917
1545445908 6  P 573283 1164592 0 25270195
1551522201 19  P 273795 478626 0 25372826
1553361176 10  P 440205 861751 0 25398549
1555407403 3  P 1422071 2315290 0 25433017
1558894705 17  P 400542 636719 0 25492839
1559334715 15  P 494870 846317 0 25496334
1560205261 5  P 679215 1230956 0 25511653
1561497924 14  P 464768 807408 0 25526265
1566811835 2  P 213777 664226 0 25617338
1568810659 18  P 280871 485030 0 25648009
1569465965 4  P 249582 689461 0 25653048
1572335168 13  P 537992 926981 0 25701333
1579073573 1  P 1141736 1956924 0 25818397
1584715274 9  P 716135 1227975 0 25912341
1586666971 7  P 567194 1137096 0 25951098
1587029654 11  P 700374 1209924 0 25954556
1588295800 12  P 474450 943081 0 25973056
1589910945 16  P 447799 790278 0 26003218
1590900385 8  P 667982 1218345 0 26004418
1595988397 17  P 404881 646976 0 26100578
1602084756 19  P 281564 490320 0 26201235
1602794793 14  P 485427 840021 0 26202864
1603666150 8  P 673771 1228558 0 26213568
1607851584 1  P 1157715 1986323 0 26289889
1608836457 6  P 575140 1184458 0 26308777
1609590169 9  P 718630 1237100 0 26319885
1620517868 5  P 706547 1286819 0 26499803
1620907398 3  P 1507126 2450464 0 26506159
1623694136 15  P 497746 861047 0 26550786
1626960038 13  P 563932 966690 0 26596296
1628248193 18  P 285486 497151 0 26621830
1630764433 12  P 476625 956206 0 26668857
1631109004 11  P 707842 1229172 0 26676725
1631546174 2  P 216270 685107 0 26677941
1632557563 7  P 611305 1211118 0 26702955
1633283104 10  P 457063 902799 0 26707986
1633294155 4  P 250558 710494 0 26698804
1635660833 16  P 482658 839901 0 26752776
1644944508 13  P 571576 980404 0 26890946
1650211468 6  P 577732 1200401 0 26986661
1650997226 4  P 255798 722433 0 26988846
1651459691 19  P 287321 501166 0 27010193
1655030004 12  P 484121 970998 0 27066421
1660655583 2  P 218840 694295 0 27154865
1661490955 15  P 500583 868916 0 27170044
1662394701 17  P 427736 679017 0 27188567
1668079952 10  P 470594 926792 0 27278093
1677965320 7  P 650614 1274307 0 27446884
1682342084 11  P 719330 1249547 0 27516145
1683091670 14  P 500164 864299 0 27518437
1684326329 18  P 296300 513945 0 27540613
1686395301 16  P 507151 873967 0 27584002
1688961709 1  P 1221276 2095517 0 27618766
1689355825 9  P 729240 1268826 0 27626757
1691095990 5  P 731340 1335748 0 27656143
1691588000 8  P 728698 1317788 0 27654062
1693954296 3  P 1576919 2566586 0 27702938
1695341900 18  P 299596 516622 0 27721090
1696184709 4  P 259793 736783 0 27729195
1703007421 13  P 582950 1002953 0 27842229
1708002166 5  P 740060 1351610 0 27933131
1708732744 11  P 733084 1270766 0 27948521
1710478186 8  P 747517 1347351 0 27963552
1711751941 10  P 476301 946430 0 27993606
1714445360 1  P 1256476 2153214 0 28036298
1716588869 7  P 686647 1334475 0 28079706
1720348437 16  P 530046 904384 0 28140286
1725249312 2  P 224181 722052 0 28213162
1728405524 12  P 499676 1006789 0 28268590
1728543329 9  P 735921 1286356 0 28268797
1729912890 19  P 291482 514468 0 28295562
1730883398 6  P 589864 1238782 0 28308376
1735397723 15  P 511289 891581 0 28380921
1736607311 14  P 517058 888345 0 28395232
1738222776 17  P 449337 711531 0 28430928
1740766930 3  P 1646076 2673516 0 28469910
1744105799 9  P 743329 1299823 0 28523770
1745941504 17  P 452684 717415 0 28557385
1747868430 13  P 601603 1039080 0 28577198
1748658064 10  P 489649 972471 0 28598267
1750763860 18  P 312982 537411 0 28629119
1751357347 14  P 519259 895266 0 28636892
1752372203 4  P 259885 753783 0 28649765
1752864198 16  P 555408 941304 0 28673015
1752947352 8  P 766577 1382943 0 28659358
1754376082 3  P 1654219 2688150 0 28692881
1758735199 2  P 225571 732480 0 28761769
1759392749 5  P 762757 1388983 0 28775102
1761885629 7  P 714892 1383266 0 28821843
1764327515 12  P 532966 1059727 0 28857131
1779415867 1  P 1322488 2263421 0 29100759
1784633365 6  P 604315 1272914 0 29189010
1785912826 15  P 516627 904706 0 29208554
1787631588 19  P 305609 533350 0 29241221
1792467046 11  P 736669 1295011 0 29320405
1794569069 19  P 305683 534894 0 29354883
1797944131 15  P 518465 907905 0 29405672
1802013590 14  P 526136 911524 0 29466839
1803275359 8  P 773716 1402429 0 29483928
1807382888 1  P 1343765 2299667 0 29558966
1807624350 2  P 227204 748324 0 29562790
1808077408 12  P 568675 1110705 0 29573927
1809480821 9  P 754207 1329781 0 29594866
1811559714 4  P 262638 774971 0 29619487
1817029497 18  P 319139 549661 0 29714808
1820283521 10  P 519323 1023224 0 29771765
1826507392 13  P 615514 1070604 0 29865622
1828470901 5  P 785648 1431639 0 29906863
1831473415 16  P 584766 988177 0 29960934
1832335466 17  P 488871 767400 0 29972849
1833641795 3  P 1727157 2807519 0 29991554
1835010625 7  P 765071 1467955 0 30019907
1836445857 6  P 608168 1290938 0 30037903
1836560847 11  P 741571 1306887 0 30042830
1843404595 11  P 745279 1312480 0 30154957
1847567157 16  P 588381 992817 0 30224611
1852694091 15  P 534722 928964 0 30302689
1854832186 17  P 499322 780966 0 30341435
1857486551 5  P 801263 1458569 0 30382247
1858447405 8  P 807213 1453427 0 30387858
1858482367 14  P 546918 944698 0 30392009
1869194818 13  P 617409 1082481 0 30565006
1871904506 18  P 327503 562022 0 30613879
1872335991 1  P 1407536 2404836 0 30623137
1872608711 2  P 227693 767491 0 30627492
1878461502 6  P 619259 1315204 0 30726282
1882151207 7  P 768382 1487186 0 30792254
1883907567 3  P 1775666 2887326 0 30815091
1885537890 19  P 312831 549555 0 30845314
1885919084 4  P 263598 794386 0 30837779
1888668281 9  P 768057 1369890 0 30892263
1888702496 12  P 618943 1184951 0 30894876
1891111675 10  P 531236 1117701 0 30932203
1893952434 2  P 232949 780929 0 30977186
1894911501 17  P 508783 793958 0 30998073
1895930256 6  P 629856 1332266 0 31012485
1903086068 1  P 1438071 2455732 0 31126939
1904367610 19  P 315197 553454 0 31153791
1909255032 16  P 602491 1016981 0 31235282
1909859187 18  P 343112 584094 0 31235697
1910978486 8  P 826035 1491728 0 31248518
1911122218 4  P 271345 810948 0 31250696
1916455340 10  P 536414 1129082 0 31347432
1917407391 3  P 1796102 2927309 0 31363940
1919983714 12  P 639933 1212463 0 31407385
1928434044 9  P 777927 1395210 0 31543769
1928550985 7  P 788991 1525164 0 31552462
1931049028 5  P 883901 1583455 0 31587474
1932888611 14  P 581388 993945 0 31611066
1937967096 11  P 765958 1352151 0 31704251
1938493924 15  P 559016 974541 0 31708419
1940882361 13  P 630113 1113453 0 31739524
1948066564 17  P 523370 822388 0 31868977
1951055245 6  P 650457 1375712 0 31915645
1953633310 15  P 570540 993397 0 31956435
1954342100 14  P 594321 1014965 0 31962548
1959287883 19  P 318977 566123 0 32053626
1959628797 10  P 549921 1153291 0 32054753
1961728506 8  P 837561 1515359 0 32080000
1964010741 7  P 804347 1553660 0 32133429
1965704402 3  P 1813179 2966469 0 32155226
1974671206 2  P 293488 888212 0 32299667
1976184035 9  P 804636 1439931 0 32326088
1980637885 4  P 282853 846142 0 32389633
1982804712 1  P 1542981 2627887 0 32433035
1985133214 5  P 935993 1672214 0 32473571
1989005082 16  P 620187 1053611 0 32541896
1990295339 11  P 771152 1372879 0 32561590
1991368425 13  P 676620 1184508 0 32566655
1992092914 12  P 654755 1246486 0 32588815
1992795081 18  P 374046 628314 0 32594534
1994586000 1  P 1549676 2639582 0 32626057
1995153456 4  P 287394 851942 0 32627454
2000664579 6  P 656232 1399219 0 32728436
2005017734 5  P 937170 1680611 0 32799361
2006884940 8  P 859569 1555953 0 32819834
2006989413 16  P 624008 1059964 0 32836546
2007683923 9  P 827580 1472966 0 32842171
2010843046 2  P 320190 933628 0 32892301
2013359042 18  P 384359 640381 0 32931426
2021300948 17  P 553255 864550 0 33068840
2026904775 11  P 796615 1411999 0 33161389
2032868290 13  P 684340 1200596 0 33246581
2033162868 19  P 332315 587786 0 33263981
2033201496 14  P 610594 1045894 0 33254572
2036032356 3  P 1825921 3001385 0 33307476
2037299251 10  P 566616 1195813 0 33327318
2037710176 15  P 599137 1041626 0 33333949
2038198126 7  P 853457 1637568 0 33348904
2041686682 12  P 663905 1269428 0 33401351
2044035245 17  P 558870 872274 0 33441315
2046451323 18  P 390342 650843 0 33473632
2046897973 13  P 691148 1212103 0 33476467
2047460221 15  P 607433 1052788 0 33493691
2050802068 16  P 651239 1102059 0 33554365
2051174230 10  P 571623 1205226 0 33554642
2053825410 4  P 292703 867765 0 33588734
2054881640 19  P 345683 606538 0 33619819
2057627125 5  P 946891 1703718 0 33661310
2058718043 12  P 665821 1279165 0 33680387
2067248501 11  P 818827 1448640 0 33822371
2069338052 8  P 910343 1637366 0 33843044
2075389030 14  P 622173 1068361 0 33945755
2075840209 9  P 833272 1496975 0 33958830
2084541909 7  P 874395 1677017 0 34108195
2085312348 2  P 379251 1028841 0 34112382
2085852166 6  P 693301 1470584 0 34124140
2089766808 3  P 1838646 3029720 0 34187856
2092929799 1  P 1587608 2708069 0 34237313
2094889075 9  P 845182 1515426 0 34270924
2097134773 8  P 916222 1652180 0 34298458
2098330233 5  P 952060 1724748 0 34328181
2100577275 12  P 679990 1302440 0 34366203
2100888954 14  P 633278 1083564 0 34363543
2105588784 7  P 892203 1708334 0 34453024
2107602083 6  P 704393 1488285 0 34480487
2109123478 11  P 839804 1482357 0 34508437
2121981659 4  P 303256 897540 0 34705396
2123079715 3  P 1859608 3068785 0 34733651
2124398489 1  P 1619140 2761054 0 34752888
2132444468 15  P 626010 1089649 0 34886057
2132674298 10  P 605773 1265465 0 34889917
2134800957 17  P 584330 913158 0 34928413
2136083146 16  P 671516 1136945 0 34951600
2136240952 19  P 358604 625168 0 34952805
2137320021 13  P 750567 1306654 0 34957911
2139201351 18  P 412164 684065 0 34993242
2139906099 2  P 427216 1105203 0 35006838
2145830453 10  P 608189 1269134 0 35105462
2148928471 19  P 360107 630414 0 35160675
2151661785 17  P 586964 919861 0 35204636
2153242264 1  P 1630942 2782533 0 35225463
2154264767 12  P 685948 1321458 0 35245814
2157259758 8  P 937909 1691661 0 35283537
2160117792 6  P 730575 1538930 0 35340895
2160248466 11  P 855895 1513533 0 35346050
2162201609 14  P 647526 1108698 0 35368074
2162716968 18  P 419527 696834 0 35378521
2164262262 9  P 915586 1629021 0 35407519
2165085538 13  P 780896 1351869 0 35412816
2170859178 2  P 443091 1135241 0 35513970
2173989527 16  P 701635 1181247 0 35572651
2176080471 5  P 975859 1776103 0 35602027
2183282483 3  P 1903755 3146801 0 35720004
2184012947 4  P 310722 919930 0 35721713
2188850922 15  P 668877 1156542 0 35810210
2189807501 7  P 951597 1809856 0 35832843
2196900354 8  P 951698 1715817 0 35933002
2197972764 17  P 593763 931387 0 35963419
2199621658 16  P 707584 1193423 0 35992601
2201548115 3  P 1915195 3166788 0 36019264
2201689732 5  P 990791 1797675 0 36021602
2203361575 10  P 630555 1306001 0 36048039
2206936036 11  P 873204 1547664 0 36110968
2207480973 9  P 961641 1699170 0 36115603
2210867892 6  P 736617 1562893 0 36172371
2211609078 18  P 430082 714461 0 36179540
2211975740 15  P 673019 1163217 0 36189084
2214026234 7  P 963755 1833909 0 36229640
2214617491 19  P 361460 642301 0 36236895
2226835980 1  P 1692593 2888978 0 36431208
2230045362 14  P 674171 1151859 0 36479616
2232898171 13  P 807548 1405011 0 36523832
2237937276 2  P 445707 1157196 0 36612963
2239139860 12  P 706718 1372241 0 36636397
2240715993 4  P 315612 938341 0 36650734
2245885591 7  P 984793 1869606 0 36751613
2246312258 2  P 445743 1160223 0 36750179
2249778581 4  P 319770 946442 0 36799207
2250772268 19  P 371817 654993 0 36829279
2251060980 11  P 898328 1587186 0 36833903
2260228469 8  P 961739 1747824 0 36970562
2263847836 17  P 599320 941888 0 37042712
2265816503 5  P 1005710 1832269 0 37072215
2267179333 13  P 817239 1422453 0 37085489
2269992762 6  P 753446 1595769 0 37141060
2274647690 15  P 683852 1184260 0 37215894
2276473803 16  P 731755 1233193 0 37251742
2280900429 3  P 2015289 3329253 0 37319349
2281101596 1  P 1756420 2995447 0 37320275
2281128964 10  P 653853 1357953 0 37322152
2282981453 9  P 1026378 1802770 0 37352581
2288560685 18  P 433531 725609 0 37440332
2292483553 12  P 736049 1422856 0 37510369
2292920302 14  P 687392 1174555 0 37509749
2294522634 15  P 685658 1188425 0 37541523
2295451461 11  P 922977 1627142 0 37561189
2296997657 4  P 350550 1001315 0 37572828
2297722800 17  P 604206 949039 0 37597718
2297778151 9  P 1035422 1815279 0 37594999
2297975340 19  P 374687 662860 0 37602650
2300686865 12  P 751948 1447444 0 37644771
2301890387 2  P 447673 1177493 0 37660769
2308795609 18  P 444054 740031 0 37771857
2312758410 6  P 759886 1615086 0 37841727
2314552051 16  P 752377 1266874 0 37875611
2318123403 14  P 689010 1182177 0 37922672
2318719941 3  P 2045897 3380610 0 37938983
2326273488 1  P 1779742 3038405 0 38060351
2332908891 5  P 1021689 1870505 0 38171470
2334689862 10  P 698064 1422877 0 38199709
2336823485 7  P 1058701 1989772 0 38241518
2337835585 13  P 845924 1478871 0 38243116
2339384753 8  P 969863 1778528 0 38267449
2345996848 9  P 1041056 1833417 0 38385005
2346687257 2  P 448053 1190399 0 38394717
2358882465 7  P 1075601 2019324 0 38602929
2361092143 14  P 699518 1199786 0 38626666
2363050940 17  P 624042 976477 0 38668051
2363461497 6  P 780328 1652230 0 38672438
2364694885 13  P 856208 1496587 0 38683175
2365171065 12  P 784388 1502150 0 38701261
2369516719 3  P 2099227 3463447 0 38771226
2373256654 19  P 381022 679812 0 38836051
2377560132 4  P 380370 1060201 0 38892746
2379522301 16  P 769549 1298915 0 38940045
2379710281 15  P 715506 1237735 0 38937221
2386087861 8  P 973573 1797555 0 39032627
2386664097 1  P 1816825 3104992 0 39049769
2387748216 18  P 460079 760515 0 39065411
2389424430 5  P 1028823 1897385 0 39097409
2390408526 10  P 721551 1461658 0 39112596
2392045222 11  P 939172 1665349 0 39143775
2399452325 12  P 814771 1551135 0 39262920
