243795879 3  P 22101 36275 0 3943955
245487690 16  P 13807 18578 0 3976446
246411586 19  P 14168 21281 0 3990026
247919360 12  P 17438 25232 0 4012552
248387280 14  P 14112 20970 0 4012538
248397255 6  P 11416 24452 0 4019719
248401229 9  P 26355 35177 0 4018455
248567806 1  P 9755 18001 0 4019731
249058032 4  P 8939 17847 0 4019724
250012546 18  P 10096 15978 0 4040968
250505304 15  P 13729 21259 0 4052732
251172304 5  P 20705 29544 0 4064779
252524597 7  P 14377 27935 0 4092689
253016174 10  P 23055 26899 0 4093954
253195602 8  P 19796 23968 0 4087809
253427523 13  P 13864 23294 0 4092662
259624669 11  P 29919 52292 0 4206641
259997714 2  P 8085 21424 0 4206607
262160589 17  P 15231 24601 0 4247301
264305803 7  P 20438 38584 0 4285711
264502777 17  P 18932 29243 0 4285701
266417414 4  P 9918 24457 0 4304137
266539333 8  P 27304 37756 0 4306429
266584777 6  P 15917 37783 0 4317697
268438060 10  P 28593 37931 0 4346625
268809404 18  P 16714 25411 0 4348934
269425203 16  P 19319 30020 0 4368631
269960699 1  P 29804 53203 0 4370191
271574815 14  P 19931 34905 0 4392440
273760529 9  P 54627 76960 0 4433937
274406747 5  P 39992 64573 0 4445446
274546434 3  P 66704 105943 0 4447754
279394752 11  P 41512 74677 0 4530550
279895962 15  P 22635 39248 0 4534264
282116333 19  P 25836 39022 0 4574985
282122528 12  P 26192 46070 0 4572931
282919532 2  P 8355 28851 0 4582156
283302732 13  P 30519 52930 0 4582130
285292826 4  P 14140 36688 0 4613382
285571402 7  P 30941 58589 0 4634123
286016115 5  P 50495 82166 0 4635650
286074088 9  P 62471 89738 0 4635677
287060150 2  P 8737 30904 0 4649995
287909667 16  P 34668 55215 0 4671478
288168600 11  P 43376 79830 0 4674301
288178526 6  P 16916 46397 0 4671481
289898659 8  P 35885 53983 0 4689146
290297412 10  P 39069 55709 0 4704767
290833910 1  P 49245 88571 0 4712196
290967003 14  P 29202 51143 0 4710129
291465667 18  P 17547 31931 0 4720132
292513769 12  P 33611 58849 0 4743173
294958947 13  P 34736 62820 0 4773105
301989722 19  P 37404 53632 0 4900616
302034006 17  P 24805 42938 0 4900610
302382089 15  P 30540 54670 0 4902648
303538655 3  P 120368 189947 0 4922747
303918585 11  P 48026 92037 0 4932341
308047433 10  P 47103 66453 0 4995578
308278865 12  P 43479 75713 0 5001470
308662022 13  P 38896 73063 0 4997612
309371320 9  P 83222 121649 0 5017351
309876903 3  P 145095 227557 0 5026591
310094604 5  P 64360 107880 0 5030138
312471590 17  P 29744 49825 0 5071615
312597228 16  P 60381 95492 0 5075957
312600410 6  P 20624 61212 0 5071597
312747655 2  P 9677 41738 0 5070856
314539333 8  P 46380 74267 0 5092853
319152902 14  P 37125 68636 0 5171951
319271066 19  P 42345 62653 0 5183754
319710796 1  P 88323 154518 0 5185273
321559448 18  P 21180 39141 0 5213186
321899635 7  P 50402 96990 0 5229320
322255343 15  P 39041 70264 0 5228278
323386588 4  P 15226 51457 0 5237504
324125857 5  P 71568 120994 0 5260023
325153790 12  P 46909 85584 0 5277948
326127736 11  P 69201 126335 0 5296205
326162802 1  P 102609 176983 0 5291000
326215703 18  P 24863 44440 0 5289474
326484249 3  P 158613 252321 0 5298682
327493769 7  P 62969 116781 0 5320968
328842825 14  P 39766 72745 0 5330708
330302302 19  P 43556 64763 0 5364489
330475538 6  P 26417 74375 0 5364456
331230342 4  P 16455 56087 0 5366008
331583877 13  P 47650 90326 0 5373158
332078820 10  P 54610 83933 0 5389305
332799679 17  P 37481 58983 0 5404669
332925725 16  P 69374 111890 0 5409005
334474140 15  P 43376 78137 0 5428470
338589077 9  P 97854 148844 0 5496061
338904327 2  P 14390 54334 0 5499399
340124770 8  P 71250 115818 0 5512031
343432791 9  P 99057 150427 0 5575420
345065306 17  P 38882 62439 0 5605628
345391832 10  P 60283 94712 0 5607420
345438406 5  P 80790 137008 0 5609206
346309450 18  P 35752 60128 0 5618687
347165686 7  P 70650 132517 0 5643272
348527983 14  P 52774 96581 0 5653224
349253872 16  P 72993 122882 0 5676518
349693682 13  P 59228 112027 0 5669856
351289880 8  P 75737 126606 0 5694961
353021045 15  P 45252 87733 0 5732338
353123104 2  P 14661 59131 0 5732355
353161552 19  P 62282 88180 0 5739011
353638611 12  P 61384 113793 0 5744634
353995964 4  P 17990 62930 0 5738999
357537822 1  P 122121 211520 0 5805036
360512754 11  P 90835 166040 0 5859559
361796761 3  P 189746 304264 0 5877239
362225841 6  P 43907 106420 0 5884634
364060538 12  P 61384 117465 0 5915384
365862266 17  P 48160 78493 0 5946359
366083523 15  P 50139 97007 0 5946350
367735323 9  P 122831 191593 0 5973576
369315552 5  P 100245 167346 0 6000371
369457040 16  P 94900 158716 0 6007523
370334725 1  P 132124 228012 0 6014699
371465136 4  P 29186 78756 0 6025211
371843829 3  P 192179 311243 0 6041849
373127722 10  P 64554 108515 0 6061803
373536733 19  P 67469 99070 0 6072834
375387789 14  P 63637 116327 0 6093282
377466811 2  P 16378 68076 0 6131202
378835277 6  P 52932 124912 0 6156759
378997203 11  P 98411 180732 0 6162405
379153259 18  P 46852 81601 0 6156792
379633615 8  P 98076 161471 0 6159340
379740649 13  P 77400 141943 0 6162140
380009388 7  P 92873 174816 0 6181375
383931255 7  P 92873 175468 0 6245630
384518459 17  P 54582 91047 0 6252022
385740234 19  P 68828 101588 0 6272770
385828094 3  P 214563 346419 0 6270962
386185545 2  P 18027 71964 0 6274050
387412410 13  P 78105 145852 0 6287831
388780526 9  P 135602 211999 0 6318378
389200274 14  P 73847 130883 0 6319582
389339822 4  P 36601 94872 0 6318067
390429040 6  P 68018 148532 0 6346703
391099559 15  P 63830 121456 0 6356200
393407640 5  P 112955 190876 0 6395117
395211197 1  P 169216 287584 0 6422244
395357346 12  P 77514 145681 0 6428148
397454212 10  P 81298 135339 0 6460388
398051215 16  P 112788 190920 0 6475997
398325716 11  P 106228 198130 0 6479068
399368456 8  P 109897 181839 0 6482664
403059549 18  P 51035 90732 0 6548472
404278822 11  P 109937 204106 0 6576601
404287442 13  P 89218 164821 0 6564304
404475747 1  P 177407 301511 0 6574055
404744153 7  P 109475 206063 0 6586618
405017026 5  P 116001 197803 0 6585321
405118367 8  P 111100 183425 0 6576866
405163386 6  P 68236 154779 0 6588107
409731567 14  P 83082 148487 0 6655962
410107324 12  P 84064 158083 0 6669807
410747003 18  P 51974 94488 0 6674422
411058846 4  P 40980 107166 0 6673902
413855139 9  P 169722 261999 0 6729195
415255844 19  P 78208 117264 0 6756348
417925808 17  P 76197 122836 0 6799351
418146469 15  P 76821 147324 0 6799327
418248480 2  P 27809 96391 0 6799368
419431300 10  P 92300 156743 0 6820457
421973079 16  P 136590 229054 0 6867928
423781302 3  P 263321 427649 0 6892775
424081350 17  P 79907 128228 0 6900213
424257147 6  P 81675 179679 0 6900932
424404722 2  P 31456 102334 0 6900225
424605058 9  P 172781 267303 0 6905317
425708942 19  P 83015 124334 0 6927609
425903667 18  P 55681 102750 0 6922742
427629297 16  P 141167 234903 0 6960597
429540250 8  P 119826 201815 0 6976985
431028847 11  P 126390 229524 0 7014868
431996364 4  P 44686 118874 0 7016941
432334333 13  P 95977 184335 0 7023814
432873504 12  P 101084 183070 0 7042791
432882785 5  P 129569 222670 0 7041864
434937378 3  P 282666 458691 0 7075548
435048297 10  P 101537 171999 0 7076316
435662802 1  P 208512 355903 0 7085019
438309757 14  P 90548 166152 0 7124178
441103533 7  P 129836 246014 0 7182329
443052675 15  P 89113 165211 0 7207383
444108333 11  P 130099 238654 0 7229137
444438861 5  P 141941 240990 0 7231199
445850299 1  P 215264 368117 0 7251923
448639092 12  P 118966 211632 0 7301091
448987603 17  P 89959 146017 0 7308273
450623472 2  P 31727 111093 0 7329790
452031134 3  P 297964 482757 0 7355605
452558220 9  P 180272 285294 0 7363298
453004301 16  P 161737 269172 0 7376330
453447286 7  P 139097 260630 0 7384567
453835176 6  P 94540 207262 0 7385533
454805896 8  P 140103 235289 0 7390931
455787838 13  P 100133 197035 0 7408060
456386981 4  P 48792 131693 0 7416552
457459032 19  P 88815 135296 0 7447798
459497476 18  P 64763 119950 0 7473135
459693281 15  P 91410 172876 0 7480021
462153909 14  P 105330 188231 0 7514833
462188938 10  P 112209 191303 0 7520983
463457408 16  P 168424 279547 0 7547593
463761313 9  P 182905 290499 0 7546846
463794501 14  P 105330 188693 0 7541712
464240255 19  P 88815 137554 0 7558901
465181825 7  P 139097 265345 0 7576825
465256570 13  P 106459 207490 0 7563194
465765629 3  P 317934 513204 0 7580622
466919304 18  P 69589 127597 0 7594729
467756564 1  P 223627 384137 0 7610833
468172035 11  P 136076 254501 0 7623419
468188883 5  P 160353 275721 0 7620310
468539834 6  P 95046 213964 0 7626423
469310973 2  P 37819 125209 0 7635965
470277634 4  P 51613 139856 0 7644132
470676150 17  P 104817 168916 0 7663608
473474957 15  P 103237 192213 0 7705811
473904715 12  P 131386 234061 0 7715041
475563906 10  P 118571 202995 0 7740118
482665267 8  P 159558 269289 0 7847369
483794312 18  P 72699 134924 0 7871210
484974643 19  P 96521 150679 0 7898611
485176216 16  P 187075 312264 0 7903428
485428488 1  P 235233 405707 0 7900363
486183234 9  P 182942 297401 0 7914206
488585317 6  P 99421 225642 0 7954871
489029420 8  P 168403 280077 0 7951639
490069901 17  P 115947 185420 0 7981355
491137018 4  P 55358 148664 0 7985889
491178121 15  P 106017 198503 0 7995856
494280192 14  P 113042 204838 0 8041182
496238275 3  P 359295 573411 0 8079865
496303522 13  P 123304 238805 0 8071862
498810978 12  P 141351 254027 0 8123101
500056752 7  P 148335 289430 0 8148208
500407721 5  P 187652 320287 0 8148165
500610825 10  P 124058 216418 0 8150482
500889117 2  P 38542 135397 0 8153338
502747679 11  P 153519 285035 0 8189895
504102779 8  P 177614 297194 0 8198597
504142650 10  P 128198 222660 0 8208339
504290099 6  P 100870 235121 0 8212141
504328086 3  P 383571 609925 0 8212408
504522200 1  P 242832 421580 0 8213187
504543221 4  P 58293 157085 0 8205532
504731807 18  P 78957 147580 0 8214249
506185050 11  P 155869 287887 0 8246212
507685961 2  P 40657 139961 0 8264696
507740600 15  P 113274 210748 0 8267212
508644912 16  P 201188 335743 0 8287935
511665943 7  P 154650 301383 0 8338413
513394277 17  P 128767 204975 0 8363499
513444059 13  P 131683 253493 0 8352686
515263234 14  P 122241 220184 0 8384964
518592248 12  P 147043 268047 0 8447198
519168526 19  P 117737 181144 0 8458831
519815417 5  P 201883 345470 0 8466112
520511368 9  P 208873 343983 0 8476627
523651956 9  P 208873 345861 0 8528082
524272207 13  P 135404 261874 0 8530093
524725320 1  P 283367 486668 0 8544185
528001383 5  P 201883 348189 0 8600252
528759033 8  P 187267 316275 0 8602557
531728483 7  P 155810 311255 0 8667115
532220146 10  P 142386 248723 0 8668365
532669342 18  P 94135 173555 0 8671975
532769256 17  P 130616 212831 0 8680936
533107792 12  P 169420 301135 0 8685017
534037536 15  P 121137 231808 0 8698060
534803161 19  P 124101 192177 0 8714988
537834302 3  P 425724 679587 0 8761362
538726438 6  P 134811 292679 0 8776358
539795376 2  P 44914 157310 0 8790774
540247645 11  P 177563 326293 0 8804285
540528538 16  P 226953 376348 0 8810305
542027652 4  P 59361 173094 0 8819671
542626611 14  P 146303 259460 0 8833273
543108862 11  P 177563 327603 0 8851131
544271865 19  P 126922 197281 0 8870122
544647228 13  P 147670 284378 0 8863912
545029628 8  P 200517 339385 0 8869130
545246482 4  P 59361 174276 0 8872405
546595207 10  P 151977 265492 0 8903884
548593720 3  P 437444 697748 0 8937643
550956762 17  P 136471 224336 0 8978916
551558177 9  P 233058 386272 0 8985294
553138528 18  P 101689 187634 0 9007330
553576615 2  P 45983 163656 0 9016566
553591389 14  P 150942 268568 0 9012915
554100399 1  P 318186 545799 0 9025457
554257614 6  P 142939 307906 0 9030811
554286110 16  P 232876 385310 0 9035706
555610901 5  P 219844 378114 0 9052587
561521896 15  P 140339 259410 0 9148364
562314079 7  P 173430 344678 0 9168226
562662755 12  P 182072 328685 0 9169241
565197315 7  P 176711 351022 0 9215465
565241031 1  P 325837 559831 0 9207984
566386938 9  P 243500 402247 0 9228241
566996370 4  P 67115 190650 0 9228747
567065410 5  P 225163 389209 0 9240226
567420378 12  P 183921 331648 0 9247188
569696513 8  P 219122 371018 0 9273270
571044517 14  P 161845 287836 0 9298862
573022280 13  P 153599 301730 0 9328803
575345303 10  P 161212 285062 0 9374921
576263265 11  P 198383 365699 0 9394354
576709412 19  P 146651 229070 0 9401575
576818802 15  P 142763 265730 0 9398986
577097437 17  P 145007 242795 0 9407198
577359320 18  P 115850 210363 0 9404127
577856526 16  P 253018 416008 0 9421876
580398291 6  P 156068 334734 0 9459084
582810999 2  P 48096 177533 0 9495536
583171877 3  P 498876 796602 0 9504158
584615609 15  P 145328 271847 0 9526728
584759801 7  P 193561 379981 0 9535975
586682523 8  P 229708 392123 0 9551535
586761300 9  P 260027 429654 0 9562060
587046752 3  P 503582 803398 0 9567644
587194107 1  P 368186 629172 0 9567656
589138236 11  P 207453 382560 0 9605294
589527817 4  P 76982 210194 0 9597897
591279753 2  P 50790 183863 0 9634288
592423358 6  P 167370 352706 0 9656098
594152409 17  P 151460 253623 0 9686627
595318824 19  P 150371 237818 0 9706468
595842183 12  P 196510 351887 0 9712843
596641888 5  P 226951 402617 0 9724826
599751406 10  P 175127 306492 0 9774788
600591666 18  P 117621 217980 0 9784798
602763268 14  P 192951 332698 0 9818536
603119762 16  P 263726 432952 0 9835783
603178499 13  P 161622 322430 0 9822878
605110654 5  P 228075 406733 0 9863576
605359404 3  P 528137 842415 0 9867676
608587179 8  P 240631 410094 0 9910439
608950709 11  P 215105 397394 0 9929897
609798166 12  P 205106 364156 0 9941496
610754366 16  P 266464 439611 0 9960867
611585734 6  P 174916 368129 0 9970045
611717966 14  P 192951 335968 0 9965224
612389151 2  P 51968 191682 0 9980140
612568785 15  P 153683 288471 0 9984711
613105190 9  P 277665 459327 0 9993674
613559071 4  P 97397 245937 0 9991617
613743928 1  P 384043 659794 0 10002639
613816627 17  P 154699 261413 0 10008798
614486232 10  P 182579 320117 0 10016194
615725792 13  P 172363 338637 0 10028445
616244636 7  P 208101 407779 0 10051809
619109180 18  P 122563 227518 0 10088153
622912832 19  P 162109 255522 0 10158559
623251779 5  P 234973 422281 0 10160790
625186401 2  P 60138 204872 0 10189804
628243728 8  P 261726 442672 0 10232480
628694482 13  P 177920 349119 0 10240923
631207248 17  P 161515 273726 0 10293725
632841734 11  P 225771 420536 0 10321314
633623285 18  P 126290 235701 0 10325977
634178573 15  P 167816 311191 0 10338754
634656696 3  P 579197 924203 0 10347669
636325496 4  P 108617 266515 0 10364603
636416502 7  P 211818 417031 0 10382301
637600376 19  P 171365 270635 0 10399199
638867286 6  P 177155 382393 0 10417009
639483247 12  P 212696 384453 0 10427844
640513654 14  P 211982 369307 0 10437026
640741402 1  P 400397 692287 0 10444961
641878291 10  P 193024 340479 0 10464956
642521880 16  P 283784 471464 0 10481308
642759424 9  P 295889 489703 0 10479517
643717003 18  P 133444 247521 0 10491350
643742257 6  P 177877 385325 0 10496876
644457842 16  P 283784 472033 0 10513050
645045754 12  P 218133 392682 0 10518978
646422336 3  P 603751 960834 0 10540433
647658096 10  P 194092 343959 0 10559671
649279296 14  P 215692 376636 0 10580641
650631625 19  P 174514 277407 0 10612700
651756718 15  P 176889 327992 0 10626752
652872358 4  P 119147 284400 0 10635705
653022598 1  P 413231 715607 0 10646172
653248912 2  P 61567 217749 0 10649577
657475763 13  P 190277 373546 0 10712472
659767560 5  P 252012 456200 0 10759053
660113463 17  P 175914 297967 0 10767321
660261809 9  P 304659 506012 0 10766276
661779706 11  P 246919 457906 0 10795426
662791539 7  P 234198 454608 0 10814426
663775072 8  P 292973 494132 0 10814615
667635306 7  P 237113 460213 0 10893786
668069204 15  P 179623 335650 0 10894013
668819129 19  P 183672 292423 0 10910683
669993792 8  P 300403 505212 0 10916502
670750335 12  P 229307 416640 0 10940097
671857423 14  P 229595 399674 0 10950554
672951389 18  P 149658 273508 0 10970324
674414154 6  P 183366 404023 0 10999398
674551582 16  P 305701 508014 0 11006096
675507104 3  P 642339 1024473 0 11016939
679527441 9  P 320184 529403 0 11081921
680408107 10  P 200213 361311 0 11096244
680487908 11  P 268151 491719 0 11101937
680533073 5  P 279898 500400 0 11099267
680772640 1  P 438442 758800 0 11100822
681800961 17  P 186297 315605 0 11122647
682897696 13  P 199204 393218 0 11128983
683217696 2  P 62977 230233 0 11140583
683382504 15  P 181681 341638 0 11144892
683779591 18  P 149658 275451 0 11147732
683841006 4  P 134456 308485 0 11143086
684830058 10  P 200213 363104 0 11168692
685339878 9  P 323386 535668 0 11177151
687967613 12  P 245772 444056 0 11222207
688696967 8  P 304335 516305 0 11222931
689126780 5  P 289022 513830 0 11240065
689492269 6  P 186043 413540 0 11246432
693454009 3  P 673250 1073071 0 11310978
693623073 14  P 234630 414186 0 11307155
694006567 19  P 198169 314863 0 11323351
694175963 17  P 190446 322948 0 11325398
696387846 4  P 136214 315497 0 11348650
696926570 16  P 313829 526520 0 11372682
697077047 2  P 63935 236724 0 11367652
697154261 11  P 285607 520595 0 11374998
697585143 13  P 201620 401625 0 11369621
697651517 1  P 449332 778609 0 11377362
697916555 7  P 249286 483490 0 11389911
704038353 13  P 202648 404915 0 11475349
704154527 18  P 155414 287546 0 11481553
704358225 12  P 253663 458121 0 11490749
705060467 11  P 289454 528194 0 11504532
705257901 6  P 189745 424190 0 11504728
706088430 7  P 251441 487678 0 11523797
706522623 1  P 454736 787911 0 11522705
706592650 2  P 67637 243357 0 11523551
707959754 19  P 202309 323333 0 11551957
708290691 8  P 318184 539092 0 11543950
709158145 10  P 210352 382175 0 11567283
709370313 9  P 339890 565960 0 11570836
711223500 16  P 320935 538625 0 11606920
712360071 3  P 699349 1111618 0 11620729
713272333 15  P 192148 361993 0 11634618
716892509 5  P 301655 535780 0 11694969
717685982 17  P 201385 339085 0 11710584
719122269 4  P 139072 322563 0 11721128
722128266 14  P 248257 440864 0 11774173
726087141 19  P 210539 336511 0 11848955
727587522 8  P 323367 550339 0 11860105
728975809 13  P 222713 436798 0 11883922
729217047 18  P 170257 310582 0 11892174
729304907 6  P 194589 437880 0 11898709
729763660 14  P 250606 446563 0 11899270
733533247 10  P 211872 392033 0 11966643
735089937 9  P 365569 605232 0 11992248
736537931 15  P 209384 387266 0 12015800
736773605 1  P 481980 832638 0 12018333
737891196 7  P 281954 534558 0 12044848
738169262 4  P 159206 352495 0 12033182
739098478 16  P 332568 563290 0 12063610
739904337 11  P 302819 556164 0 12075407
740311444 2  P 68362 254160 0 12075992
740705042 5  P 320527 567090 0 12085107
741655117 12  P 260298 476102 0 12101818
742141341 3  P 705969 1130946 0 12108665
742822318 17  P 213225 359561 0 12122415
743574293 9  P 367666 612140 0 12131253
743800915 17  P 216938 364321 0 12138449
743991382 1  P 490213 845873 0 12136589
745657037 3  P 716253 1147047 0 12166262
745893066 10  P 217099 402295 0 12169144
746758254 18  P 184001 331899 0 12179564
748780151 2  P 72054 262508 0 12214743
750991078 15  P 218652 403167 0 12252595
751232937 14  P 262310 467879 0 12251016
751841796 11  P 308532 564550 0 12270987
752722735 4  P 170190 373220 0 12271614
753447736 7  P 301889 566881 0 12299723
757475449 19  P 219920 355156 0 12363220
757517498 5  P 333369 585702 0 12360556
758919825 6  P 206130 468418 0 12383914
759024988 8  P 342052 585076 0 12375169
760561380 12  P 272391 496672 0 12411569
760710217 13  P 236182 463468 0 12403849
761645309 16  P 340556 577744 0 12433011
764125791 3  P 740116 1188711 0 12468843
766326378 18  P 194686 349300 0 12500168
766682058 1  P 532659 916237 0 12508346
766787886 15  P 230190 419404 0 12511407
766934882 6  P 209857 476555 0 12515234
767593171 5  P 345851 601980 0 12525632
767850438 19  P 225184 363751 0 12533204
769460147 13  P 240234 471845 0 12547208
769810547 14  P 263429 475093 0 12555389
774369695 7  P 311470 587055 0 12638282
774420828 12  P 276176 505181 0 12638640
776576194 11  P 324571 590939 0 12676232
776920813 2  P 79468 281807 0 12675793
778204935 10  P 240646 441420 0 12698536
779384469 8  P 349342 603332 0 12708734
780614102 16  P 347497 590497 0 12743795
780816495 17  P 232392 390479 0 12744908
781648520 9  P 383738 643932 0 12755053
781797607 4  P 205909 431620 0 12747971
783310536 11  P 324571 593648 0 12786563
785702032 2  P 79847 284449 0 12819664
787156939 3  P 758621 1220382 0 12846178
787861295 10  P 244118 448338 0 12856744
788413244 1  P 547875 943691 0 12864385
789724048 4  P 220686 454569 0 12877837
790108892 18  P 205522 367096 0 12889798
791835178 13  P 244860 485000 0 12913799
791942222 16  P 355717 603186 0 12929393
792411902 17  P 236448 397832 0 12934860
794225432 19  P 231478 375799 0 12965330
795627982 14  P 274825 494521 0 12978379
796954873 5  P 353758 619595 0 13006694
798647579 15  P 248418 449604 0 13033393
800010112 12  P 300849 545070 0 13057889
800137205 9  P 398334 667098 0 13057970
800351818 6  P 217728 499732 0 13062732
800993821 8  P 369350 636954 0 13062778
802025938 7  P 324257 612280 0 13091397
804045087 18  P 212224 378575 0 13118148
804126746 5  P 363830 634415 0 13124197
804154239 11  P 335664 613154 0 13128067
806883065 6  P 217728 502724 0 13169739
807775882 7  P 329976 620504 0 13185600
808221565 3  P 770027 1244183 0 13191293
808962496 8  P 371780 643154 0 13193336
810881688 19  P 233157 381821 0 13238225
812800954 17  P 240676 407658 0 13268940
812905153 2  P 80805 296365 0 13265356
817199227 9  P 407647 684412 0 13337511
818095611 10  P 257877 474644 0 13352097
818225447 15  P 253358 460489 0 13354156
818373952 12  P 307021 559968 0 13358762
821053881 13  P 246983 498050 0 13392515
821654251 14  P 284118 513472 0 13404789
822265316 4  P 259936 518996 0 13410984
823244224 16  P 382712 650026 0 13442237
823616789 1  P 587982 1013888 0 13441150
824060478 11  P 350492 637036 0 13454206
826042973 9  P 407647 687345 0 13482406
826045740 12  P 318900 576680 0 13484456
826566564 17  P 250378 422242 0 13494475
828016498 3  P 786706 1276600 0 13515608
828786056 16  P 383982 653252 0 13533034
829118017 19  P 243635 396966 0 13536973
830163352 13  P 250687 505913 0 13541763
832259365 8  P 391841 676736 0 13575025
833647871 7  P 371436 688880 0 13609482
835548864 10  P 261581 486461 0 13638048
836059745 4  P 279764 549393 0 13636985
837572778 1  P 602426 1038418 0 13669803
838164281 6  P 224042 524896 0 13682241
838501794 5  P 383778 672515 0 13687388
838545805 2  P 84761 311331 0 13685448
840287910 15  P 254552 469612 0 13715623
842029537 18  P 227037 405126 0 13740476
842857365 14  P 294021 532628 0 13752177
844076072 11  P 364686 658961 0 13782138
844709780 15  P 258270 475310 0 13788071
846150903 7  P 376154 699183 0 13814331
846732396 14  P 294021 533983 0 13815665
847611255 5  P 387496 678838 0 13836635
848185914 18  P 227037 406506 0 13841342
848746179 9  P 417069 707374 0 13854374
848985168 3  P 807516 1309316 0 13859153
849350466 19  P 246266 403256 0 13868491
850242418 6  P 230855 536321 0 13880128
850842688 2  P 85827 317024 0 13886917
851038291 13  P 264028 531186 0 13883775
854114136 16  P 395956 676042 0 13948006
855150109 8  P 407246 706184 0 13950052
855413697 1  P 636628 1092929 0 13962103
856332231 17  P 253840 432321 0 13982154
856689423 10  P 272666 507192 0 13984413
860475021 4  P 298983 582775 0 14036996
862436390 12  P 350409 626075 0 14080674
865202030 2  P 86552 323229 0 14122180
865560754 18  P 236302 421550 0 14126010
866853991 7  P 398716 735292 0 14153526
867898057 1  P 638293 1098380 0 14166646
868202007 12  P 354101 631608 0 14175138
868498050 11  P 374379 679105 0 14182261
869037968 15  P 274961 504774 0 14186662
869460171 13  P 279050 555671 0 14185592
869790694 8  P 407951 711947 0 14189913
870011749 9  P 421765 720445 0 14202783
874184706 4  P 300774 588920 0 14261615
875968150 14  P 307479 560933 0 14294631
877519718 17  P 264516 449711 0 14329289
878148598 6  P 243453 562181 0 14337335
878522292 19  P 257092 419515 0 14346439
879251816 10  P 283821 528497 0 14354071
880095619 5  P 405452 716450 0 14368849
881547560 3  P 837013 1358276 0 14392647
883817840 16  P 414556 705811 0 14434661
884297553 3  P 840741 1363571 0 14437702
884619863 16  P 419365 713164 0 14447800
885707280 17  P 268208 456294 0 14463434
886932082 7  P 416962 764750 0 14482483
888142322 12  P 366717 650849 0 14501834
888372661 9  P 427083 733259 0 14503580
889054344 1  P 645261 1113135 0 14513265
892326139 14  P 319144 581285 0 14562661
893461120 6  P 244809 570522 0 14588208
895048757 10  P 291233 542575 0 14612887
895780135 2  P 93327 340922 0 14623163
896100772 13  P 291960 579161 0 14622070
896903681 4  P 328040 635373 0 14633842
898100408 15  P 281016 521857 0 14662816
898904314 11  P 402150 724391 0 14680429
900834839 19  P 265682 435700 0 14712005
901118786 8  P 430135 749851 0 14703188
901470616 5  P 415992 736114 0 14719051
903466986 18  P 247170 443829 0 14747061
903545117 18  P 247170 443829 0 14748340
905616807 1  P 676902 1163539 0 14784622
905772282 15  P 283956 526238 0 14788508
906732436 11  P 405223 732199 0 14808685
907529318 14  P 322852 590939 0 14811746
907688334 3  P 853942 1390668 0 14820922
909420810 12  P 379195 673380 0 14850458
909827009 2  P 94500 347338 0 14853306
910009394 8  P 435819 761149 0 14848851
910163772 10  P 302363 561408 0 14860527
911773650 6  P 252245 586917 0 14888239
911993080 19  P 270869 444039 0 14894822
912964632 7  P 432780 795379 0 14908977
914053902 13  P 295627 590350 0 14916211
916031555 4  P 353712 675269 0 14947229
918645392 16  P 437144 743010 0 15005272
919136781 9  P 452297 776256 0 15007639
920269676 17  P 289496 490192 0 15029697
920751835 5  P 423989 752011 0 15034953
925595588 5  P 424652 754521 0 15114311
925824224 9  P 461074 789503 0 15117202
925832165 17  P 294438 495476 0 15120831
927223515 16  P 438320 747012 0 15145815
928666501 7  P 449983 825641 0 15166256
929228189 8  P 439926 773265 0 15163729
929608263 12  P 388489 689072 0 15181206
933086043 6  P 258871 603154 0 15237416
934123008 14  P 335453 617842 0 15247453
934850416 15  P 293277 546546 0 15264916
935529500 18  P 262230 469017 0 15272369
936639543 2  P 95387 358776 0 15292599
936919112 4  P 367682 699814 0 15289442
937388642 11  P 432627 775966 0 15310944
937875849 3  P 863279 1415649 0 15315502
939225778 13  P 307275 613262 0 15328624
939428632 19  P 278809 456316 0 15344322
942189326 10  P 311490 582493 0 15385234
942913668 1  P 750310 1280982 0 15395690
943483226 12  P 397602 705127 0 15408534
944736187 5  P 439173 776863 0 15427907
945172673 3  P 875172 1434057 0 15435049
945241074 19  P 286206 466337 0 15439553
945600750 13  P 312832 622644 0 15433071
946308631 9  P 466976 805070 0 15452815
947057124 7  P 459209 843992 0 15467566
947123031 11  P 442184 792696 0 15470430
947905145 2  P 95767 362090 0 15477168
947928588 15  P 297011 554936 0 15479187
948991793 1  P 750310 1281611 0 15495274
949879096 17  P 299531 504824 0 15514811
951275063 8  P 454197 799731 0 15524939
952122442 4  P 391690 736574 0 15538529
960129803 16  P 451856 770843 0 15684945
960798695 10  P 320847 599316 0 15690129
960836100 6  P 264442 620821 0 15692065
961685816 18  P 273255 486388 0 15700913
962279270 14  P 340753 634888 0 15708763
963076134 11  P 442220 797444 0 15731802
965772317 19  P 299373 484861 0 15775935
967500711 3  P 892897 1466300 0 15800864
968358459 1  P 783501 1335921 0 15812569
968636840 9  P 478837 823989 0 15818638
971454984 5  P 449785 797996 0 15865665
973173392 14  P 347501 648726 0 15887251
973528515 4  P 405995 763179 0 15889240
973769716 17  P 309979 522145 0 15906233
975007656 10  P 330124 614868 0 15922925
978468087 2  P 102191 381140 0 15977899
979195526 6  P 270234 634794 0 15992860
980103279 8  P 480028 843584 0 15997252
980444499 13  P 331690 656825 0 16003945
981358279 12  P 425908 753922 0 16029075
981676676 16  P 468084 797129 0 16037967
982170181 18  P 280053 499494 0 16036527
982637906 7  P 491247 896167 0 16050515
983334817 15  P 314373 586070 0 16059276
984709783 15  P 314373 586910 0 16081803
984716847 11  P 444059 807470 0 16086357
985703855 3  P 904467 1492273 0 16099094
987295765 12  P 431474 762730 0 16126352
987486254 10  P 334013 623521 0 16127372
988139915 2  P 103923 387255 0 16136362
988244673 7  P 494954 902333 0 16142376
988486175 5  P 462037 816949 0 16144703
993007438 1  P 840528 1426782 0 16216418
994058693 9  P 500032 860782 0 16235146
994992287 6  P 277641 649727 0 16251669
998350761 13  P 349139 685399 0 16297318
998754769 16  P 472394 808490 0 16317769
998794948 14  P 366092 681145 0 16307028
998863473 17  P 321677 541696 0 16317368
999045081 18  P 288225 514653 0 16313002
1002037883 19  P 317664 513924 0 16370105
1002182813 8  P 491130 865750 0 16358974
1003423728 10  P 341132 636433 0 16388490
1003566472 4  P 435857 814987 0 16381375
1003858972 11  P 451309 824352 0 16399952
1005850454 15  P 324846 604383 0 16428169
1006586608 6  P 283741 661813 0 16441627
1007194479 13  P 352848 692114 0 16442214
1008277389 9  P 508869 876531 0 16468099
1008676566 17  P 323976 546645 0 16478145
1008875837 3  P 939154 1547328 0 16478741
1008973226 4  P 442123 825029 0 16469959
1014968374 14  P 370091 691235 0 16571985
1016470528 5  P 473365 840853 0 16603187
1018392891 12  P 446723 791556 0 16635843
1018807235 7  P 509165 933042 0 16643106
1018920934 16  P 492565 837744 0 16648169
1020775067 8  P 505466 889790 0 16663610
1020944897 1  P 862290 1465511 0 16674143
1021867590 19  P 319202 521016 0 16694968
1022859745 18  P 295970 525685 0 16703146
1023171196 2  P 104303 400930 0 16710312
1024678485 15  P 330366 616988 0 16736644
1025064358 10  P 348584 652212 0 16743048
1026388881 18  P 295970 527011 0 16761001
1026452018 12  P 448570 795903 0 16767883
1029176537 16  P 498571 847420 0 16816197
1030788255 13  P 358689 709282 0 16828771
1033732415 11  P 466522 854560 0 16889420
1034412949 19  P 328476 535086 0 16900536
1035603165 8  P 520789 914640 0 16906552
1035794165 4  P 455575 850103 0 16909384
1036996134 9  P 523293 903487 0 16938624
1039401016 7  P 518266 950779 0 16980509
1039441650 17  P 328808 557879 0 16982199
1039507972 6  P 296755 690871 0 16980998
1040212017 1  P 889212 1509846 0 16989787
1041939268 5  P 483311 860956 0 17020465
1042049887 3  P 996491 1635635 0 17022259
1042201145 14  P 381418 712073 0 17018191
1042608760 2  P 105027 409448 0 17028777
1044841757 11  P 475776 869025 0 17071436
1045076108 14  P 385141 717566 0 17065295
1045783371 17  P 333363 564714 0 17086100
1046263878 18  P 299649 537123 0 17086629
1046485186 2  P 106438 412027 0 17092263
1048492863 1  P 899901 1528837 0 17125482
1049053530 15  P 334146 629559 0 17136003
1049403552 4  P 458803 857214 0 17132354
1050048773 10  P 352627 663293 0 17152391
1050229042 7  P 523513 959674 0 17157914
1056741058 19  P 338510 553402 0 17266360
1058480514 9  P 534520 920625 0 17290619
1059132019 13  P 368536 731966 0 17293151
1060295747 12  P 462917 825542 0 17322377
1060648537 6  P 297008 699424 0 17327359
1061134438 8  P 532307 932618 0 17324855
1062344978 3  P 1029486 1688397 0 17354764
1063470542 5  P 497772 887255 0 17373228
1063475410 15  P 343435 646356 0 17372291
1063475413 19  P 345567 563862 0 17376694
1063661050 16  P 534845 905944 0 17381185
1065167993 9  P 547594 940253 0 17400186
1069780121 12  P 469396 835962 0 17477768
1070044867 14  P 396932 740709 0 17474380
1071290689 8  P 535252 940178 0 17491252
1071689286 5  P 501624 894435 0 17507882
1073435498 11  P 486588 894168 0 17539912
1074701452 18  P 302853 550507 0 17552546
1075322798 7  P 531735 979298 0 17569048
1076522281 1  P 923613 1570299 0 17584712
1078867737 13  P 379986 752915 0 17616474
1080070492 6  P 302345 713293 0 17645562
1080374329 2  P 106711 423514 0 17647524
1081001930 10  P 366563 687824 0 17659528
1081254765 16  P 545745 924631 0 17669440
1083254110 17  P 346755 588454 0 17700019
1083326761 3  P 1053023 1725176 0 17698523
1085408174 10  P 367501 690586 0 17731720
1085512993 4  P 474349 883113 0 17723961
1086138943 18  P 307631 558568 0 17739936
1086785402 17  P 347751 590300 0 17757876
1087429888 6  P 309738 725294 0 17766137
1088979410 7  P 556343 1017215 0 17792790
1088997349 4  P 475953 885677 0 17781046
1091103171 8  P 548250 960661 0 17815854
1092717653 12  P 475962 848904 0 17853571
1093873040 14  P 401817 752873 0 17864780
1093882094 13  P 383884 762225 0 17862490
1095194167 15  P 353344 666053 0 17891966
1095220470 5  P 510042 912872 0 17893413
1095343100 2  P 107201 431682 0 17892770
1095489113 16  P 552389 936036 0 17902654
1097631724 19  P 348943 572354 0 17936310
1098199322 9  P 570580 982349 0 17941369
1098789892 1  P 970305 1646049 0 17949533
1099359006 11  P 494598 911318 0 17964613
1099391847 3  P 1088162 1780598 0 17961722
1104397301 19  P 354534 580788 0 18047155
1105007970 6  P 316596 739763 0 18054126
1107522258 15  P 364411 683683 0 18093950
1107588701 7  P 563630 1031279 0 18097680
1107747276 4  P 481528 899954 0 18088238
1108736310 10  P 378680 712488 0 18113924
1108749434 2  P 111400 442914 0 18112414
1109222868 17  P 358836 607855 0 18125491
1109272717 13  P 399468 790346 0 18114647
1109439225 5  P 517456 926444 0 18126371
1111462457 1  P 996707 1687923 0 18157124
1116796504 12  P 504454 898125 0 18248074
1117232939 14  P 408914 769370 0 18247504
1117971502 3  P 1107060 1811560 0 18266125
1118076215 11  P 495827 921784 0 18271298
1119071908 8  P 565706 991733 0 18274082
1119355890 9  P 599040 1026635 0 18287984
1119723549 16  P 564001 957710 0 18299706
1122529564 18  P 322766 583575 0 18336157
1124148625 6  P 325981 757994 0 18367723
1124303541 19  P 361896 594192 0 18373297
1125038223 13  P 413130 812434 0 18372942
1125468081 2  P 116976 454715 0 18386328
1130510744 7  P 574632 1055422 0 18473232
1130516913 3  P 1116227 1828021 0 18471667
1131176603 16  P 573220 974080 0 18487348
1134904518 18  P 333018 598253 0 18538909
1135097850 17  P 368417 625670 0 18549425
1135873911 12  P 510530 912336 0 18560634
1137544884 14  P 417847 786654 0 18580296
1139303512 15  P 380458 713224 0 18614652
1139712886 8  P 577188 1009907 0 18612249
1141248004 11  P 514794 951995 0 18650943
1141580028 10  P 389392 735623 0 18652032
1142142395 5  P 544161 969137 0 18662171
1142398477 1  P 1038356 1757995 0 18663993
1142919650 9  P 615260 1056231 0 18674052
1144309741 4  P 496362 932710 0 18687273
1145592044 18  P 336729 605534 0 18714013
1147744154 8  P 581536 1018775 0 18743830
1148904300 11  P 514794 955058 0 18776381
1149402833 9  P 621804 1067264 0 18780271
1150264965 2  P 117391 463567 0 18792598
1150475770 13  P 432775 844727 0 18789708
1154142130 12  P 519027 930076 0 18859937
1154161375 16  P 589524 1003391 0 18863920
1154632849 1  P 1044368 1769944 0 18864440
1155455056 10  P 390518 741731 0 18879359
1155517459 5  P 552525 985826 0 18881307
1155879099 17  P 371314 632762 0 18889903
1156762978 4  P 496513 937260 0 18891305
1158178506 15  P 386877 728123 0 18923890
1158326122 14  P 429404 807218 0 18920774
1159604488 7  P 603824 1105523 0 18949899
1159991052 19  P 370430 612935 0 18957997
1161570424 6  P 326054 773093 0 18980838
1163145845 3  P 1173542 1917978 0 19006248
1166536390 16  P 593776 1013978 0 19066670
1166949643 9  P 640594 1096996 0 19067755
1168109189 18  P 343860 618016 0 19082900
1168296191 2  P 120648 473785 0 19088018
1169960172 13  P 442619 863822 0 19108941
1171419119 4  P 503095 949772 0 19131426
1174001801 5  P 556875 997257 0 19184153
1174294890 11  P 525478 977567 0 19192380
1175613523 17  P 375125 642491 0 19213230
1175757904 6  P 326455 777798 0 19213286
1175970719 10  P 394006 751865 0 19215486
1176695329 1  P 1059849 1797581 0 19225904
1179224396 3  P 1192843 1947212 0 19269676
1179412976 19  P 383428 633113 0 19276203
1180495033 7  P 610916 1120988 0 19292169
1181147286 15  P 392064 742429 0 19300209
1181529330 14  P 442231 830707 0 19300931
1182837942 8  P 599274 1052455 0 19318798
1183392262 12  P 551051 982705 0 19339169
1184091780 14  P 442231 831238 0 19342914
1184901299 7  P 610916 1121582 0 19364361
1185174076 5  P 558776 1003531 0 19367191
1186242217 1  P 1068042 1811519 0 19382319
1188732387 11  P 531062 990099 0 19428924
1189230917 9  P 656962 1126144 0 19432811
1189261982 16  P 604115 1033677 0 19439001
1189287999 19  P 384514 636080 0 19437992
1189804866 6  P 333869 791322 0 19443430
1191654561 18  P 350713 631743 0 19468686
1191717636 12  P 554807 990147 0 19475570
1192218085 2  P 121716 480964 0 19479953
1192447322 8  P 602131 1059544 0 19476238
1198285345 17  P 381297 651888 0 19584682
1198472599 3  P 1217549 1984728 0 19585036
1199022296 15  P 397187 753399 0 19593072
1199356607 4  P 508017 963376 0 19589152
1201986296 10  P 405440 773430 0 19641723
1202303879 13  P 453535 888996 0 19638856
1204363457 17  P 385005 658159 0 19684266
1204497974 14  P 455613 853568 0 19677248
1205351664 6  P 333923 796371 0 19698147
1207085947 1  P 1086734 1843418 0 19723808
1208564742 3  P 1227239 2000259 0 19750369
1209257026 13  P 454100 892097 0 19752774
1209323150 7  P 625875 1148736 0 19764486
1210416090 8  P 604178 1068146 0 19770634
1212060946 11  P 540037 1007575 0 19811127
1214936843 2  P 123325 488526 0 19852176
1214982678 18  P 351584 638133 0 19850891
1217951853 4  P 508633 969726 0 19893791
1218737199 5  P 577566 1036894 0 19917086
1219598901 16  P 633534 1079593 0 19936040
1219709827 19  P 394679 655705 0 19936424
1220334908 15  P 398941 760654 0 19942253
1222593088 12  P 558624 1003963 0 19981423
1222798798 10  P 414321 789852 0 19982715
1222949789 9  P 680577 1166522 0 19985257
1223389071 11  P 548692 1020352 0 19996726
1225574709 5  P 582613 1045681 0 20029110
1225897309 19  P 394679 657008 0 20037800
1228320404 6  P 335332 806460 0 20074462
1229468123 12  P 558624 1005999 0 20094061
1231853579 8  P 609619 1081965 0 20121857
1232553550 15  P 400625 766331 0 20142443
1234901313 7  P 647322 1185236 0 20183554
1235553931 13  P 469550 919354 0 20183618
1235664091 1  P 1118784 1898466 0 20192019
1238622215 4  P 513542 981556 0 20232477
1239185546 14  P 467513 877381 0 20245567
1239376260 3  P 1282166 2087291 0 20255183
1239583808 16  P 650162 1108889 0 20263472
1240168452 9  P 687555 1181454 0 20267366
1240405579 2  P 123362 499626 0 20269453
1240783135 10  P 423056 806434 0 20277370
1241859206 18  P 354696 648936 0 20291211
1242035342 17  P 395584 678425 0 20301477
1245158152 10  P 423056 808298 0 20349048
1245560484 14  P 472251 885966 0 20350013
1246117249 1  P 1149191 1947406 0 20363277
1246459839 19  P 403151 671530 0 20374695
1247316599 17  P 395584 678866 0 20388005
1248040383 6  P 339043 818145 0 20397531
1253388887 18  P 365812 664726 0 20480136
1254592136 11  P 552941 1037503 0 20507952
1256329804 3  P 1306492 2126339 0 20532940
1256583270 16  P 662134 1131512 0 20541991
1257608712 2  P 126036 508574 0 20551307
1257666846 7  P 658806 1205790 0 20556538
1259928901 13  P 495679 961798 0 20582978
1261389902 12  P 584877 1051315 0 20617064
1261809694 4  P 515461 992824 0 20612374
1261878459 9  P 703572 1208349 0 20623060
1262069248 15  P 407082 783918 0 20626027
1262900438 8  P 631978 1120146 0 20630519
1263705399 5  P 609803 1094655 0 20653832
1264641875 3  P 1314846 2140301 0 20669121
1265780558 2  P 130427 516837 0 20685194
1266912984 19  P 404887 679435 0 20709798
1268486004 11  P 556640 1046855 0 20735587
1269155541 12  P 589413 1059023 0 20744296
1269701379 18  P 371167 673806 0 20747397
1270303601 15  P 408128 786709 0 20760936
1271478542 8  P 635687 1127484 0 20771063
1272346037 5  P 613503 1101993 0 20795399
1273726644 6  P 339207 828305 0 20818394
1275448189 7  P 668876 1224004 0 20847864
1275997619 4  P 518734 1001842 0 20844819
1276191692 17  P 399547 689049 0 20861091
1276257038 13  P 501305 973850 0 20850495
1277501962 10  P 437915 835839 0 20878965
1278449707 9  P 716585 1230026 0 20894560
1283576032 14  P 482758 910323 0 20972858
1284022138 16  P 673115 1151056 0 20991524
1284695335 1  P 1196786 2023979 0 20995333
1285779218 14  P 482921 910952 0 21008955
1285850455 15  P 411109 794584 0 21015656
1287556625 8  P 649981 1152196 0 21034486
1287827447 2  P 131203 523855 0 21046407
1290523444 1  P 1197254 2025295 0 21090820
1292239505 16  P 679464 1160514 0 21126179
1292968015 12  P 600953 1080149 0 21134438
1295882898 6  P 341442 840327 0 21181401
1297066589 17  P 413025 709017 0 21203103
1297154645 11  P 563751 1064997 0 21205285
1298694190 19  P 420157 703194 0 21230500
1298882062 7  P 702001 1275481 0 21231801
1299236272 10  P 442994 849544 0 21235059
1301069530 13  P 509084 990319 0 21257022
1301107000 4  P 520143 1012883 0 21256207
1301138899 18  P 378879 689691 0 21262463
1302873077 9  P 734687 1262101 0 21294682
1303096000 5  P 623725 1124310 0 21299202
1303360528 3  P 1355108 2206556 0 21303477
1304986294 10  P 442994 851752 0 21329267
1308388610 14  P 488763 923386 0 21379385
1309257804 1  P 1217818 2058630 0 21397760
1309543507 9  P 734687 1264312 0 21403994
1309666049 8  P 671635 1191483 0 21396721
1311829366 3  P 1360862 2215453 0 21442230
1311892539 12  P 616662 1106534 0 21444494
1312529641 11  P 571210 1079318 0 21457184
1314702454 2  P 133667 535991 0 21486722
1315864497 16  P 690405 1182005 0 21513244
1316004092 17  P 418392 719087 0 21513374
1318101651 6  P 342601 849647 0 21545431
1318272331 15  P 419322 813733 0 21546854
1319397310 19  P 427771 716089 0 21569699
1319498269 18  P 384772 701530 0 21563261
1319922086 7  P 718379 1302957 0 21576517
1320538708 13  P 519638 1009740 0 21575994
1323658491 5  P 638148 1148903 0 21636098
1324044486 4  P 524358 1024632 0 21632013
1324444191 19  P 427771 717330 0 21652387
1325276287 7  P 718379 1304542 0 21664242
1328932513 13  P 526976 1022037 0 21713517
1328945298 1  P 1235390 2089668 0 21720317
1329235193 2  P 133831 540699 0 21724800
1329942652 16  P 700821 1198182 0 21743898
1331861369 10  P 445751 860819 0 21769584
1332201135 14  P 500236 943355 0 21769526
1334811810 12  P 621821 1119174 0 21819998
1337230968 9  P 743639 1283581 0 21857624
1337764047 11  P 582235 1100402 0 21870621
1338048200 3  P 1398810 2273819 0 21871788
1338913010 15  P 423011 824019 0 21885030
1339070415 6  P 346325 860879 0 21888981
1339103600 8  P 689272 1223186 0 21879019
1340560161 4  P 525102 1030324 0 21902604
1341451466 18  P 388497 711181 0 21922942
1341535370 17  P 424889 731950 0 21931678
1343066255 5  P 645509 1165621 0 21954046
1344790805 6  P 350057 867427 0 21982678
1346421155 12  P 628081 1130952 0 22010204
1347732370 14  P 503925 951963 0 22023990
1349060806 18  P 396619 722498 0 22047612
1349215402 7  P 740095 1342297 0 22056431
1352288696 13  P 536850 1042109 0 22096182
1352317686 16  P 713010 1223453 0 22110486
1353574691 9  P 755230 1302683 0 22125397
1353756697 15  P 430377 837757 0 22128227
1353925961 17  P 429201 740189 0 22134683
1358095650 10  P 458806 883770 0 22199404
1359959871 19  P 437738 736639 0 22234275
1360124343 2  P 139401 558728 0 22230911
1360379354 5  P 656341 1186913 0 22237723
1360998531 11  P 588281 1117708 0 22251292
1361376336 3  P 1449918 2351188 0 22253993
1362683236 8  P 706817 1255173 0 22265320
1363335933 1  P 1254836 2125796 0 22283770
1364278905 4  P 526058 1039662 0 22291208
1368082227 17  P 440351 756951 0 22366619
1368525474 8  P 706817 1256582 0 22361062
1368763916 18  P 399476 731695 0 22370428
1369705052 10  P 462220 891841 0 22389612
1370811823 2  P 143108 566407 0 22406015
1371164210 6  P 355074 883883 0 22414793
1371514047 11  P 589163 1122885 0 22423578
1372120068 7  P 754347 1369391 0 22431721
1373794570 4  P 527904 1044795 0 22447110
1373904274 14  P 511464 969343 0 22452785
1374191765 5  P 661857 1199380 0 22464023
1374523090 13  P 554871 1071616 0 22460467
1376895716 16  P 725847 1244841 0 22513169
1378373061 9  P 770308 1329637 0 22531665
1378657384 3  P 1473056 2387811 0 22537122
1379368159 19  P 444723 747074 0 22552226
1381803549 15  P 435767 852921 0 22587747
1382405586 12  P 654371 1176368 0 22599769
1382523817 1  P 1274857 2160689 0 22598140
1385736673 5  P 661857 1202634 0 22653171
1388287999 19  P 450421 756298 0 22698397
1388874338 2  P 156161 590964 0 22701946
1389166076 8  P 711375 1267705 0 22699234
1391364555 16  P 732600 1258791 0 22750224
1391403945 4  P 543328 1072921 0 22735616
1395226729 6  P 357623 893616 0 22809029
1395289109 1  P 1294956 2194114 0 22807285
1395668451 9  P 777726 1344329 0 22815057
1397285349 17  P 453322 779449 0 22845081
1398029743 11  P 600275 1146088 0 22858009
1399204418 3  P 1489007 2418547 0 22873755
1399741034 15  P 447690 873402 0 22881631
1399889142 14  P 529959 1002295 0 22878513
1401017548 10  P 476805 918986 0 22902625
1402435838 18  P 406600 748792 0 22922104
1403280563 12  P 665563 1198525 0 22941780
1403416795 7  P 789318 1420850 0 22944482
1403679300 13  P 574915 1106174 0 22938159
1404897338 19  P 452517 762028 0 22970521
1406948067 8  P 728620 1296149 0 22990563
1408804775 6  P 362188 903900 0 23031489
1410309016 9  P 786958 1360664 0 23054926
1410663671 13  P 576044 1110171 0 23052589
1412720958 5  P 681608 1237777 0 23095275
1412779696 11  P 606927 1160567 0 23099665
1413249908 2  P 165506 612358 0 23101311
1413302750 3  P 1515715 2460319 0 23104737
1413583311 16  P 745306 1281530 0 23114247
1417075747 4  P 549710 1090417 0 23156214
1417283127 10  P 486030 935254 0 23169116
1417623294 18  P 416821 764299 0 23170936
1418546253 12  P 667950 1207960 0 23191885
1418644723 17  P 460956 793993 0 23195032
1419627554 14  P 549012 1033539 0 23201900
1419647296 15  P 450929 883596 0 23207776
1421695337 1  P 1323662 2243916 0 23239914
1424803528 19  P 455043 769889 0 23296663
1425057668 7  P 797521 1442495 0 23299034
1427684083 9  P 804438 1390316 0 23339595
1428851568 1  P 1335845 2263621 0 23357162
1431283490 5  P 684403 1249358 0 23399401
1431648071 13  P 577296 1119681 0 23396391
1432376241 3  P 1541166 2502437 0 23417237
1433469725 7  P 805854 1456670 0 23436854
1433473914 16  P 773113 1328569 0 23440132
1435084850 15  P 451238 888878 0 23460701
1436483733 12  P 676862 1224819 0 23485770
1437205014 10  P 493681 952260 0 23495513
1437920189 18  P 423548 777894 0 23503470
1438028404 17  P 472095 812856 0 23512612
1440670295 11  P 621336 1189280 0 23556620
1440773648 6  P 395760 960539 0 23555258
1441759832 8  P 774144 1365616 0 23560914
1442576569 14  P 565899 1062489 0 23577891
1443294928 2  P 188220 652641 0 23593562
1443811997 2  P 188220 652894 0 23602032
1444247621 4  P 550543 1101387 0 23601393
1445059052 9  P 816238 1416918 0 23624265
1446074319 1  P 1344954 2280335 0 23639334
1447036489 16  P 775443 1335867 0 23662338
1447732686 18  P 427997 784393 0 23664238
1449451581 14  P 571445 1071594 0 23690529
1449457244 17  P 477678 822973 0 23699862
1451776364 7  P 812843 1474078 0 23736782
1452517522 10  P 499274 964731 0 23746391
1453633012 6  P 411238 987692 0 23765942
1453913053 19  P 469723 792451 0 23773589
1455804332 13  P 592261 1146298 0 23792164
1456153981 4  P 556100 1111950 0 23796464
1456587974 8  P 786992 1387966 0 23803855
1456846013 5  P 690981 1268102 0 23818213
1456935951 11  P 629584 1205280 0 23823108
1460501178 3  P 1565172 2543938 0 23878027
1462100508 15  P 464228 914295 0 23903318
1463233725 12  P 691902 1251766 0 23924037
1464770364 12  P 696844 1256593 0 23949212
1466199659 9  P 833955 1447068 0 23970628
1466445316 1  P 1368838 2320225 0 23973090
1468209873 19  P 469905 796085 0 24007825
1468798724 10  P 508196 981449 0 24013134
1469325848 4  P 561228 1123569 0 24012266
1470641761 3  P 1568197 2552261 0 24044169
1470919778 15  P 471623 925473 0 24047811
1471008414 6  P 421852 1010234 0 24050610
1473083266 16  P 802271 1380137 0 24089085
1473179338 13  P 596874 1158419 0 24076835
1473978621 8  P 789564 1397924 0 24088774
1476264089 14  P 585910 1094380 0 24129823
1476830455 5  P 702098 1287104 0 24145635
1479260672 7  P 850781 1529198 0 24187082
1479935761 18  P 438014 805153 0 24191850
1481936838 2  P 203747 688369 0 24226660
1482279734 11  P 637537 1224608 0 24238333
1483894741 17  P 495965 853321 0 24264085
1484171182 12  P 722545 1297748 0 24267072
1486611585 5  P 711475 1299886 0 24305885
1487123872 18  P 441704 811952 0 24309620
1490150500 8  P 796979 1413005 0 24353731
1490171238 2  P 207108 695592 0 24361568
1491757467 13  P 602426 1170968 0 24381210
1492170313 11  P 641247 1231730 0 24400381
1493184201 9  P 841390 1465533 0 24412738
1493959878 15  P 474284 936111 0 24425300
1495423150 3  P 1588336 2588596 0 24450175
1495529764 14  P 595171 1112434 0 24445472
1497462940 1  P 1421814 2406982 0 24481252
1497663031 19  P 480581 814868 0 24490382
1499598891 16  P 819764 1410255 0 24523515
1499807431 7  P 859077 1545247 0 24523714
1500267850 10  P 523033 1010238 0 24528715
1501769661 17  P 504517 867045 0 24556947
1502602275 6  P 439479 1043552 0 24568234
1503310142 4  P 596417 1181863 0 24569047
1504061781 2  P 211688 704013 0 24589151
1508128832 10  P 526738 1016756 0 24657483
1508550951 17  P 508225 873024 0 24668052
1508733639 12  P 738307 1323353 0 24669501
1509170359 14  P 601109 1123483 0 24668957
1509470895 5  P 724015 1319666 0 24680405
1510060180 4  P 600145 1189436 0 24679638
1510274122 6  P 450298 1061333 0 24693929
1511220015 3  P 1603331 2613902 0 24708987
1511746556 9  P 863251 1497969 0 24716861
1512278620 7  P 865864 1559042 0 24728039
1512529543 18  P 444495 822067 0 24725865
1513005109 16  P 840586 1442210 0 24743156
1513898442 1  P 1441709 2439461 0 24750554
1514444215 15  P 482494 953018 0 24760915
1514679355 13  P 607864 1186857 0 24756756
1518060945 11  P 656124 1259680 0 24824568
1519537957 19  P 491327 832726 0 24848779
1519744254 8  P 816673 1448467 0 24838586
1527908515 10  P 537121 1037453 0 24981574
1528382844 1  P 1456184 2464739 0 24987858
1528904549 18  P 455493 839976 0 24994149
1530275494 8  P 833981 1475500 0 25011127
1530701998 4  P 629365 1236188 0 25017812
1531560999 14  P 605399 1134832 0 25035791
1533651269 7  P 881016 1585346 0 25078204
1535215171 9  P 880045 1524634 0 25101368
1536108659 12  P 753745 1355930 0 25118010
1538141729 3  P 1616082 2638907 0 25150065
1538303643 15  P 488379 968786 0 25151825
1538377258 5  P 737913 1345793 0 25153995
1539920340 11  P 670271 1283650 0 25182710
1541019507 16  P 877200 1501130 0 25202113
1541285268 17  P 521694 896878 0 25204369
1541586660 6  P 464946 1090510 0 25206940
1541858829 2  P 224370 735878 0 25208411
1542367606 19  P 495632 842575 0 25222790
1543382980 13  P 621601 1216080 0 25227031
1546746539 9  P 887462 1537538 0 25290294
1548670333 14  P 614634 1153177 0 25316108
1549227166 6  P 468011 1096299 0 25332119
1549519720 17  P 525623 902922 0 25339282
1549726868 8  P 860027 1516122 0 25329808
1550178584 15  P 497656 984095 0 25346380
1551530649 2  P 225095 739964 0 25366872
1551908502 5  P 746407 1360045 0 25375685
1553429342 13  P 622054 1221162 0 25391629
1555467210 11  P 680540 1300993 0 25437426
1556060765 18  P 471168 863125 0 25439076
1556473908 16  P 884255 1513105 0 25455342
1557174098 10  P 548315 1060879 0 25461057
1557780550 12  P 777401 1393717 0 25473079
1558260546 7  P 883296 1597654 0 25481399
1560013440 4  P 643750 1266400 0 25498055
1560157468 3  P 1644538 2684867 0 25510765
1561292510 1  P 1511946 2556215 0 25527042
1562522384 19  P 496518 848659 0 25553029
1563897356 19  P 496518 848920 0 25575556
1563944207 15  P 504049 995638 0 25571914
1563998478 14  P 619584 1162360 0 25567242
1566300983 17  P 526276 907601 0 25614226
1567763922 18  P 476171 872142 0 25630819
1569377257 8  P 874529 1540715 0 25651755
1572272331 4  P 654052 1284147 0 25698893
1573583259 16  P 898494 1535450 0 25735660
1574064953 3  P 1657199 2708107 0 25738599
1574804354 13  P 629448 1236722 0 25741834
1575517890 5  P 752619 1375646 0 25762495
1576485503 2  P 239388 767867 0 25775701
1576558375 1  P 1536509 2596524 0 25777152
1576970986 10  P 557621 1078214 0 25785406
1577139052 11  P 691145 1320540 0 25792493
1579367763 6  P 493852 1139875 0 25825930
1582581672 12  P 808318 1441126 0 25879416
1584480994 9  P 904633 1571446 0 25908533
1584635654 7  P 892080 1617558 0 25913525
1587272758 15  P 509169 1008971 0 25954117
1589882819 1  P 1556237 2628059 0 25995460
1590572338 8  P 886696 1563671 0 25999010
1592496632 9  P 908421 1579945 0 26039859
1592841408 4  P 665472 1305463 0 26035894
1593029691 2  P 268663 812973 0 26046779
1593139861 12  P 824574 1468128 0 26052400
1593176741 17  P 544808 935560 0 26054550
1594029499 18  P 484170 887822 0 26061152
1595642883 10  P 561495 1088682 0 26091325
1595938627 3  P 1658122 2717348 0 26096994
1597274010 6  P 495988 1147951 0 26119301
1598600468 19  P 509066 871020 0 26144132
1598807602 7  P 897803 1630748 0 26145719
1599239531 16  P 907076 1555613 0 26156004
1599398110 13  P 636835 1255702 0 26144775
1600998449 11  P 704128 1345348 0 26183405
1601866195 14  P 639578 1198993 0 26187664
1604267983 5  P 771491 1407925 0 26233524
1606867661 6  P 501416 1157129 0 26276484
1607332527 5  P 774765 1413533 0 26283730
1611113476 17  P 552512 948755 0 26348432
1611795361 19  P 517703 883220 0 26360314
1611904720 14  P 643305 1205871 0 26352136
1613120093 7  P 912823 1657406 0 26380214
1615392933 10  P 566188 1103003 0 26414905
1617205667 8  P 903658 1592421 0 26435359
1617320286 1  P 1600491 2701645 0 26444991
1617374107 11  P 713397 1362086 0 26451694
1617422957 3  P 1667689 2739382 0 26448990
1617679034 15  P 519015 1033435 0 26452284
1618404498 18  P 489191 900707 0 26460508
1620067663 16  P 919555 1575269 0 26497249
1620699759 9  P 927312 1612416 0 26501934
1620872646 4  P 692917 1355217 0 26495149
1623061979 2  P 284208 846257 0 26538822
1623705464 10  P 566188 1106826 0 26551098
1624311871 12  P 851897 1514703 0 26563114
1624976037 13  P 663655 1298795 0 26563840
1626038760 13  P 663655 1299032 0 26581251
1626530657 2  P 284208 847079 0 26595650
1627263315 4  P 696605 1361885 0 26599854
1628388262 6  P 533880 1210326 0 26629068
1632641218 11  P 723880 1379032 0 26701836
1633560734 18  P 496342 913002 0 26708827
1633565144 3  P 1680217 2763777 0 26713433
1633763469 8  P 917411 1617583 0 26706636
1633889951 12  P 857462 1524427 0 26720039
1634764083 14  P 655265 1227505 0 26726660
1635817615 16  P 929392 1592476 0 26755296
1635867591 19  P 534443 908900 0 26754688
1636355976 9  P 937116 1629472 0 26758443
1637835209 15  P 527378 1050287 0 26782521
1637883476 5  P 800062 1456424 0 26784271
1639164064 1  P 1614505 2726244 0 26802874
1642066641 17  P 566922 975236 0 26855565
1644870016 7  P 923300 1679408 0 26900399
1646472832 17  P 568683 978515 0 26927754
1647574779 9  P 938307 1632099 0 26942248
1647952387 12  P 869009 1543407 0 26950436
1648079673 3  P 1686790 2776815 0 26951260
1649509002 4  P 720845 1401281 0 26964320
1649701562 14  P 665417 1244609 0 26971393
1650649100 6  P 539804 1225656 0 26993789
1651374459 2  P 296799 872152 0 27002691
1651467037 18  P 497755 919395 0 27002204
1653067689 16  P 937863 1609213 0 27037917
1654123482 11  P 731515 1396779 0 27053796
1654225522 19  P 540250 918948 0 27055482
1654588725 7  P 932223 1694656 0 27059630
1656133592 15  P 542027 1072636 0 27082296
1657367179 1  P 1651233 2785799 0 27101112
1657580361 10  P 574934 1124191 0 27106100
1659069921 13  P 682268 1332772 0 27122432
1662424123 5  P 812598 1478789 0 27186342
1664603641 8  P 941064 1656696 0 27211915
1666444178 19  P 548895 931077 0 27255672
1668094959 3  P 1708385 2812970 0 27279183
1669326585 11  P 747213 1422797 0 27302883
1669361663 10  P 582327 1137921 0 27299124
1670763403 4  P 729435 1419498 0 27312547
1671071562 5  P 817219 1487666 0 27328018
1672883607 15  P 547779 1083808 0 27356725
1674514932 2  P 300927 886044 0 27381824
1674585935 1  P 1661245 2804659 0 27383223
1675811838 12  P 879275 1566493 0 27406882
1677855993 9  P 958967 1668882 0 27438373
1678401165 7  P 941869 1717447 0 27449769
1678567704 16  P 957026 1639142 0 27455702
1678894735 17  P 578818 998519 0 27458953
1678916069 8  P 942926 1664978 0 27446404
1679639071 14  P 675654 1266957 0 27461881
1680944979 13  P 695488 1358579 0 27480829
1682399047 6  P 578098 1282995 0 27513965
1683294294 18  P 510794 944292 0 27523658
1684736598 5  P 822819 1498160 0 27551905
1688104414 7  P 945580 1724156 0 27608744
1688663714 13  P 699129 1365077 0 27607290
1689074697 9  P 963796 1678406 0 27622175
1691936841 2  P 303948 894814 0 27667261
1692228579 8  P 947830 1674453 0 27664504
1692236698 10  P 587068 1152383 0 27673905
1692676415 17  P 580393 1002818 0 27684745
1692907553 3  P 1735676 2859777 0 27685707
1694488184 4  P 746917 1450673 0 27701239
1695389944 12  P 885120 1579964 0 27727645
1695883934 6  P 585821 1298812 0 27734899
1696007115 15  P 554518 1098819 0 27735600
1696420195 18  P 515878 952590 0 27738710
1697545328 14  P 682108 1280325 0 27755250
1701295420 11  P 781340 1475706 0 27826655
1701598998 16  P 967380 1660029 0 27833044
1701959887 19  P 570111 962957 0 27837555
1704022683 15  P 562285 1110363 0 27866927
1705295137 18  P 518810 957954 0 27884115
1705807458 7  P 954196 1739561 0 27898789
1706239899 1  P 1702589 2873716 0 27901823
1707373439 14  P 684506 1286346 0 27916267
1707461602 6  P 590606 1306205 0 27924580
1708412973 19  P 571719 965857 0 27943283
1709951604 11  P 783196 1481421 0 27968475
1710095458 12  P 895933 1595387 0 27968578
1711954238 3  P 1750184 2884976 0 27997762
1713044525 4  P 759689 1473813 0 28005262
1714038092 1  P 1717893 2897750 0 28029588
1715114516 16  P 974571 1672275 0 28054480
1716122916 9  P 973679 1697356 0 28065307
1716694987 13  P 702861 1377154 0 28066553
1717816264 5  P 836710 1525996 0 28093850
1717827448 2  P 305122 906189 0 28091451
1719283589 10  P 595648 1170898 0 28117037
1720994219 8  P 966066 1704175 0 28135793
1722613871 17  P 593967 1023288 0 28175237
1726053585 19  P 581523 979401 0 28232305
1730473542 3  P 1783053 2937091 0 28301171
1732171198 2  P 305956 912802 0 28326455
1732225777 15  P 568909 1125049 0 28329003
1733489530 16  P 988474 1696521 0 28355534
1734096044 5  P 853504 1553256 0 28360599
1734379473 17  P 601283 1034024 0 28368005
1734592038 18  P 522790 970056 0 28364111
1735061061 11  P 794683 1501445 0 28379861
1735259825 8  P 980542 1727448 0 28369515
1736151185 7  P 956305 1752703 0 28395941
1736718042 12  P 909943 1620656 0 28404762
1736898447 1  P 1754803 2958585 0 28404128
1737342233 14  P 695069 1307388 0 28407272
1739658544 10  P 603460 1185686 0 28450859
1742569935 13  P 719427 1406041 0 28490484
1742852086 6  P 611001 1346652 0 28504405
1745012247 9  P 990257 1728009 0 28538648
1745747721 4  P 771805 1500827 0 28541066
1747032356 3  P 1793666 2953701 0 28572459
1748082616 17  P 605266 1042136 0 28592515
1748428913 15  P 575365 1136782 0 28594472
1749326418 18  P 530060 982782 0 28605514
1749566268 5  P 863418 1569246 0 28614036
1750075138 1  P 1771384 2985804 0 28620005
1752134867 8  P 986801 1740629 0 28645992
1752710593 13  P 726862 1418925 0 28656627
1753924215 10  P 614593 1204122 0 28684583
1754369325 16  P 1008066 1727115 0 28697619
1754436019 14  P 698089 1318220 0 28687328
1755762223 9  P 993381 1734945 0 28714772
1756889886 12  P 914733 1635559 0 28735255
1757682418 7  P 960355 1766692 0 28748707
1759069224 19  P 588183 994334 0 28773230
1759227235 6  P 616183 1360764 0 28772690
1761123500 11  P 817007 1539651 0 28806861
1762108681 2  P 310153 928727 0 28816949
1765236565 5  P 886089 1604657 0 28870798
1766955381 10  P 625049 1219937 0 28898084
1766975439 4  P 785247 1525100 0 28888844
1767046186 2  P 311113 931351 0 28897845
1768522817 16  P 1011924 1737493 0 28929481
1769013307 4  P 787043 1527717 0 28922230
1769108892 18  P 536870 994620 0 28929606
1769654688 11  P 823802 1549723 0 28946636
1770204310 3  P 1837228 3021643 0 28952100
1770546109 12  P 923307 1650524 0 28958998
1770788370 15  P 580408 1150808 0 28960806
1770804020 19  P 592600 1000866 0 28965485
1772163734 13  P 736669 1437077 0 28975347
1774601577 1  P 1799717 3035571 0 29021842
1777157776 8  P 1002042 1765483 0 29055954
1779468790 14  P 713160 1344167 0 29097434
1780195936 6  P 620601 1375230 0 29116239
1780363856 17  P 619347 1065062 0 29121407
1781901183 7  P 961171 1778545 0 29145506
1783721063 9  P 1019679 1780800 0 29172839
1789432416 7  P 963832 1784366 0 29268896
1790248450 11  P 836764 1572395 0 29284038
1790752271 10  P 632450 1237063 0 29287969
1791592419 18  P 543435 1008654 0 29297988
1793235700 3  P 1868780 3074012 0 29329440
1793374210 12  P 928662 1666037 0 29333008
1794611636 5  P 912211 1647642 0 29352069
1795320915 6  P 628791 1390127 0 29364039
1795512590 9  P 1023786 1790534 0 29366032
1795835558 13  P 747980 1460067 0 29363183
1796873483 14  P 719380 1358239 0 29382616
1797350909 19  P 603418 1020643 0 29400426
1798249772 2  P 311386 945181 0 29409082
1799354063 8  P 1016925 1789380 0 29419609
1800083647 16  P 1046288 1792302 0 29446592
1802039077 1  P 1836332 3097727 0 29471372
1802616359 15  P 596427 1180341 0 29482269
1803957562 17  P 625565 1079333 0 29507960
1805028873 4  P 801430 1558334 0 29512298
1807248681 18  P 553894 1025318 0 29554495
1807732076 4  P 801430 1559298 0 29556587
1809964624 1  P 1842109 3107922 0 29601194
1811651176 7  P 971286 1802405 0 29632926
1811936004 14  P 721226 1365841 0 29629400
1812014052 11  P 853498 1601802 0 29640640
1812491420 15  P 596807 1184203 0 29644059
1812720569 3  P 1899784 3123142 0 29648676
1812889888 12  P 944721 1691960 0 29652748
1813436832 2  P 312439 950087 0 29657904
1814210580 13  P 757008 1476609 0 29664235
1815195915 6  P 645295 1420003 0 29689660
1815447715 8  P 1026919 1807624 0 29683283
1815846091 10  P 641725 1256739 0 29699100
1815986675 5  P 920812 1664873 0 29702272
1820293595 17  P 632836 1091911 0 29775606
1821632185 19  P 615421 1038745 0 29798249
1821974285 16  P 1066802 1825324 0 29805244
1824684431 9  P 1043644 1823459 0 29843979
1826186728 12  P 953966 1708089 0 29870604
1827623466 9  P 1043644 1824737 0 29892107
1828968808 14  P 729370 1381390 0 29908435
1830774234 3  P 1940839 3185703 0 29944461
1831414729 6  P 676338 1469195 0 29955380
1832419511 4  P 805465 1574293 0 29961062
1832999331 2  P 312711 959083 0 29978413
1833851234 5  P 930104 1684155 0 29994960
1833868299 13  P 776329 1508278 0 29986279
1834220972 10  P 647296 1270694 0 30000148
1834465316 7  P 976881 1818002 0 30006686
1835412349 17  P 637516 1101867 0 30023283
1837114938 16  P 1077870 1845434 0 30053303
1841100820 19  P 633248 1063758 0 30117221
1841320340 1  P 1890341 3188215 0 30114944
1842967211 11  P 879938 1644600 0 30147772
1842979014 8  P 1037758 1831874 0 30134340
1843100889 15  P 606074 1208244 0 30145557
1843686210 18  P 577334 1061436 0 30151482
1844295329 14  P 734951 1393496 0 30159565
1847627202 3  P 1969003 3231508 0 30220577
1847640069 2  P 317156 971345 0 30218284
1847772693 15  P 609792 1214501 0 30222099
1849957602 17  P 644159 1113282 0 30261618
1850403936 4  P 819010 1600094 0 30255711
1851663697 13  P 785632 1525888 0 30277859
1851924060 5  P 938429 1697889 0 30291061
1852932441 7  P 983561 1832741 0 30309276
1852960239 19  P 633575 1067122 0 30311522
1854655408 12  P 963207 1729603 0 30337032
1854670519 18  P 579424 1064857 0 30331447
1855258511 6  P 694331 1501781 0 30346026
1859161800 16  P 1088683 1867248 0 30414516
1861166503 8  P 1049301 1851992 0 30432321
1861892969 10  P 656027 1292448 0 30453521
1862060999 11  P 894535 1667033 0 30460601
1865138232 9  P 1079873 1879736 0 30506761
1865195385 1  P 1911529 3225060 0 30506107
1865576812 18  P 583114 1073012 0 30510135
1869232812 11  P 896973 1672338 0 30578104
1870802449 16  P 1105446 1893123 0 30605236
1872986669 5  P 943894 1710256 0 30636146
1873215336 7  P 1006631 1868297 0 30641560
1873645145 17  P 649089 1124534 0 30649714
1873968058 2  P 322592 987252 0 30649639
1875606354 9  P 1085414 1889019 0 30678278
1876429725 1  P 1943304 3276052 0 30690165
1876439907 10  P 659752 1301970 0 30691853
1876811690 12  P 970636 1745618 0 30700035
1878210206 15  P 617862 1234230 0 30720785
1879092156 14  P 749510 1421001 0 30729670
1881007081 19  P 643353 1085787 0 30771040
1881122765 4  P 840803 1639744 0 30758998
1881822757 8  P 1061449 1874684 0 30770731
1883222186 3  P 1990317 3274848 0 30803752
1883977216 6  P 730143 1562571 0 30816546
1884389007 11  P 901768 1682358 0 30826419
1884538683 13  P 805850 1560947 0 30816477
1884924197 10  P 663437 1309162 0 30830859
1885819410 5  P 954650 1725910 0 30846380
1888045316 14  P 750592 1425288 0 30876359
1888085201 15  P 621750 1242450 0 30882576
1889029894 18  P 594064 1089388 0 30894389
1893027095 6  P 733851 1570182 0 30964818
1894557248 8  P 1063132 1881111 0 30979368
1894983527 12  P 980001 1761811 0 30997758
1895450161 9  P 1094757 1905738 0 31003397
1896929769 1  P 1980097 3335898 0 31026032
1897245520 7  P 1008239 1880093 0 31035292
1897288464 19  P 646482 1092632 0 31037793
1897413727 13  P 807215 1567261 0 31027420
1898312320 2  P 327765 1003794 0 31048481
1900294638 4  P 851476 1659208 0 31073106
1900829849 3  P 2015744 3315165 0 31092229
1901818135 16  P 1138510 1945356 0 31113395
1902067024 17  P 660126 1143711 0 31115376
1903874731 2  P 331971 1011532 0 31139615
1905967455 18  P 594390 1094475 0 31171891
1907848234 17  P 663995 1149336 0 31210094
1908757143 19  P 649522 1099472 0 31225696
1909799074 10  P 679642 1334641 0 31238402
1912869041 16  P 1148640 1962244 0 31294448
1913264083 11  P 915109 1710802 0 31299507
1914775028 1  P 2011478 3386912 0 31318401
1915397748 15  P 634728 1265648 0 31330063
1915472228 4  P 863942 1683014 0 31321766
1915627894 14  P 761341 1446482 0 31328271
1916588417 8  P 1075390 1902942 0 31340323
1916874036 9  P 1114613 1933081 0 31354368
1917438606 3  P 2027604 3338342 0 31364342
1917965709 7  P 1025017 1907613 0 31374746
1919554376 13  P 822891 1593639 0 31390167
1919827372 12  P 984464 1776697 0 31404794
1920661036 5  P 976595 1763394 0 31417224
1920867905 6  P 751101 1601951 0 31420953
1924701836 18  P 601009 1104312 0 31478834
1926873878 17  P 670669 1160672 0 31521807
1927276741 15  P 639772 1275971 0 31524687
1928921624 2  P 333252 1021720 0 31549979
1929069946 13  P 828583 1604414 0 31546065
1929611606 10  P 688920 1352909 0 31563007
1929923019 3  P 2028330 3342802 0 31568881
1930839319 7  P 1031793 1919114 0 31585692
1932224325 16  P 1154737 1978219 0 31611559
1933373463 11  P 935771 1746275 0 31628977
1933647788 19  P 653408 1109662 0 31633500
1933683758 8  P 1081463 1915922 0 31620376
1934356659 1  P 2039339 3431755 0 31639221
1934888251 4  P 866113 1690594 0 31639876
1934967998 12  P 997319 1798252 0 31652851
1938029725 14  P 768763 1464659 0 31695300
1940517941 5  P 998346 1799004 0 31742554
1940855514 6  P 783877 1653422 0 31748421
1942278195 9  P 1121134 1949967 0 31770622
1946088398 8  P 1087144 1926089 0 31823629
1946149080 6  P 783877 1656122 0 31835150
1946723272 17  P 675024 1169978 0 31847018
1947585265 15  P 643479 1288960 0 31857420
1948327903 2  P 340127 1038832 0 31867929
1948811213 18  P 612922 1124881 0 31873838
1949856332 9  P 1124660 1956857 0 31894780
1951614933 16  P 1176232 2012680 0 31929250
1954944944 13  P 841569 1628043 0 31969998
1955580347 10  P 698164 1372847 0 31988475
1955975915 19  P 659630 1121631 0 31999324
1956622612 1  P 2093367 3517488 0 32004018
1956779678 14  P 776196 1479637 0 32002496
1957123446 11  P 955930 1775582 0 32018092
1959188733 3  P 2062781 3402784 0 32048361
1959765185 12  P 1008454 1819736 0 32059121
1960263262 4  P 872880 1707593 0 32055615
1963260973 7  P 1043089 1943649 0 32116880
1963455838 5  P 1036082 1858443 0 32118357
1967758431 6  P 795985 1678356 0 32189190
1968164075 1  P 2100351 3531437 0 32193113
1969451802 18  P 618493 1135933 0 32212011
1971201575 14  P 785479 1495006 0 32238783
1971918819 9  P 1129078 1971727 0 32256249
1972940205 5  P 1048935 1876749 0 32273743
1972966366 4  P 873043 1712458 0 32263742
1974662366 17  P 691959 1196570 0 32304744
1975361607 10  P 707424 1392027 0 32312565
1977485357 2  P 345720 1057298 0 32345620
1977842274 11  P 963412 1791435 0 32357546
1977991494 19  P 661598 1130104 0 32360022
1978100840 15  P 653812 1309503 0 32357380
1979260347 8  P 1107406 1960311 0 32367107
1979989901 16  P 1195287 2043276 0 32394144
1980624715 12  P 1020846 1839702 0 32400880
1982663661 13  P 855653 1653516 0 32424131
1983745392 7  P 1052299 1962077 0 32452491
1984094993 3  P 2091205 3450717 0 32456414
1986179008 19  P 669018 1141104 0 32494166
1986694919 13  P 855653 1655117 0 32490178
1987296612 2  P 347450 1063560 0 32506387
1987692017 17  P 700340 1209866 0 32518244
1988340750 9  P 1145514 1999566 0 32525304
1990030895 12  P 1023013 1844649 0 32554986
1991330430 10  P 714808 1405992 0 32574195
1992602156 6  P 801897 1694922 0 32596224
1992880547 3  P 2110715 3480396 0 32600356
1993039127 1  P 2130107 3581303 0 32600662
1993310144 4  P 876876 1723057 0 32597049
1994411807 16  P 1205669 2060282 0 32630431
1996291504 8  P 1126774 1991702 0 32646144
1998014177 11  P 975936 1813873 0 32688035
1999826865 18  P 636819 1165140 0 32709671
2001026677 7  P 1056009 1973244 0 32735626
2001178924 15  P 667934 1333762 0 32735485
2001748469 14  P 803578 1526831 0 32739259
2004768336 5  P 1069228 1913404 0 32795209
2005452741 12  P 1027926 1854892 0 32807655
2007005515 16  P 1214754 2071822 0 32836759
2007870415 7  P 1058505 1977861 0 32847754
2010133310 15  P 670272 1339066 0 32882172
2010171594 2  P 355872 1079037 0 32881170
2010279670 14  P 805425 1531207 0 32879033
2011463364 8  P 1144177 2016959 0 32894716
2013653199 9  P 1157223 2019581 0 32940024
2015857077 4  P 879681 1733851 0 32966450
2017164684 6  P 809162 1712705 0 32998648
2017382810 1  P 2162523 3635410 0 32999497
2017663404 19  P 673909 1152853 0 33010005
2018279939 18  P 647927 1182647 0 33012003
2020279724 11  P 988306 1834424 0 33052830
2020473181 17  P 712098 1230439 0 33055326
2021351146 13  P 873736 1686775 0 33057975
2022628822 10  P 715335 1416164 0 33086951
2023862146 5  P 1095809 1955780 0 33108035
2025739898 3  P 2156664 3553884 0 33138711
2027654700 14  P 811156 1544113 0 33163704
2028311195 18  P 648434 1186101 0 33176353
2028432934 7  P 1060307 1988041 0 33184646
2029336544 6  P 813791 1721490 0 33198063
2030033547 10  P 717198 1420548 0 33208294
2030448494 8  P 1160148 2043959 0 33205760
2031812208 12  P 1035484 1872155 0 33239521
2033080843 5  P 1100699 1964711 0 33259071
2035147755 19  P 686446 1171302 0 33296467
2037225863 15  P 670978 1348608 0 33326075
2037528283 9  P 1169348 2041769 0 33331188
2039004440 17  P 718646 1242746 0 33358939
2039092620 11  P 1003895 1860891 0 33361050
2039278895 4  P 888255 1751373 0 33350189
2039719844 3  P 2176034 3584590 0 33367753
2042224321 16  P 1234858 2106845 0 33413776
2042874785 2  P 366425 1101334 0 33416975
2044554716 1  P 2186865 3678490 0 33444670
2045288690 13  P 883516 1704997 0 33450165
2045736690 10  P 718264 1426849 0 33465568
2045795400 9  P 1173056 2048839 0 33466637
2047413417 19  P 693718 1182618 0 33497427
2049282356 3  P 2177428 3589134 0 33524424
2050822796 8  P 1190369 2090324 0 33539574
2051086626 6  P 818453 1735702 0 33554413
2053741792 13  P 884460 1708091 0 33588659
2054468489 2  P 374847 1112846 0 33606926
2054961531 14  P 826367 1570021 0 33611087
2055436428 11  P 1013163 1874556 0 33628821
2055441957 17  P 727925 1257544 0 33628249
2056429792 1  P 2198406 3698552 0 33639224
2057096380 5  P 1125874 2004695 0 33652537
2057280996 12  P 1043808 1886463 0 33656797
2057839125 7  P 1062264 2001182 0 33666431
2057943085 16  P 1242567 2120409 0 33671310
2059060253 4  P 905246 1778638 0 33674281
2063600929 15  P 675442 1360535 0 33758199
2063609680 18  P 659577 1207194 0 33754653
2066418840 9  P 1186782 2071438 0 33804527
2066818044 16  P 1247403 2128119 0 33816713
2067593493 12  P 1049714 1897380 0 33825755
2069317008 17  P 734147 1267633 0 33855576
2069669503 4  P 918845 1801471 0 33848095
2072179771 1  P 2223023 3738437 0 33897269
2072288384 19  P 697956 1191935 0 33904979
2072850263 14  P 835636 1586789 0 33904186
2073510306 8  P 1193008 2101148 0 33911276
2073523046 13  P 892465 1723324 0 33912750
2073846431 5  P 1134910 2021593 0 33926965
2074227293 6  P 835671 1767322 0 33933543
2076611640 10  P 732852 1454077 0 33971419
2077014548 11  P 1022990 1889151 0 33982350
2077890520 2  P 385260 1134548 0 33990670
2082272738 15  P 682268 1371801 0 34064113
2083046382 18  P 671740 1224607 0 34073127
2083693702 10  P 736566 1461346 0 34087451
2083948480 7  P 1071559 2023327 0 34094202
2084957656 17  P 739717 1277697 0 34111831
2085407658 3  P 2218518 3658639 0 34116281
2086107816 14  P 837391 1593651 0 34121396
2087083679 16  P 1255569 2143429 0 34148742
2087170522 18  P 675455 1230355 0 34140696
2091299394 5  P 1140105 2032917 0 34212912
2091382404 13  P 901945 1741078 0 34205353
2091467669 11  P 1026696 1898493 0 34219148
2092038346 15  P 689188 1383294 0 34224113
2094762665 9  P 1213414 2118243 0 34268903
2095077857 2  P 394045 1149177 0 34272265
2095261060 7  P 1078979 2036030 0 34279544
2097163395 19  P 700610 1202751 0 34312531
2097394229 3  P 2240756 3692504 0 34312667
2098383463 6  P 862793 1807855 0 34329308
2098729107 8  P 1209253 2133837 0 34324456
2102747681 4  P 920868 1816406 0 34390041
2103312236 12  P 1063336 1927224 0 34410966
2106085976 1  P 2262172 3804560 0 34452779
2107973243 17  P 749358 1294360 0 34488919
2108251311 12  P 1063390 1928316 0 34491861
2108312257 2  P 395709 1155166 0 34489096
2110545308 14  P 847040 1612516 0 34521779
2111542293 7  P 1083932 2048288 0 34546292
2112312466 6  P 873853 1826699 0 34557519
2112471285 5  P 1151315 2055244 0 34559787
2113064716 10  P 742135 1477388 0 34568665
2113724320 16  P 1268836 2167841 0 34585221
2114887574 9  P 1234688 2152441 0 34598629
2115235754 3  P 2263360 3727901 0 34604978
2115335598 11  P 1042450 1922468 0 34610196
2116044528 4  P 922279 1821720 0 34607896
2116960249 19  P 709888 1218961 0 34636883
2118654978 18  P 685545 1250590 0 34656533
2120307096 8  P 1227274 2162136 0 34677988
2120325356 1  P 2273212 3824624 0 34686069
2123241893 13  P 914197 1766479 0 34727337
2123304033 15  P 712598 1418303 0 34736366
2125682872 7  P 1089842 2060111 0 34777967
2125833708 16  P 1274520 2178697 0 34783621
2127414705 6  P 877560 1837665 0 34804954
2129418836 9  P 1245407 2170446 0 34836708
2130437346 2  P 400616 1169816 0 34851587
2130514449 11  P 1050570 1937821 0 34858886
2130988870 17  P 758218 1311787 0 34866004
2133062202 12  P 1073950 1948134 0 34898386
2133389306 18  P 694028 1264886 0 34897939
2133982828 14  P 847422 1622780 0 34905778
2134853956 8  P 1232192 2172356 0 34916323
2135632119 19  P 716519 1231663 0 34942803
2136205434 10  P 749533 1495556 0 34947797
2137424631 5  P 1187277 2112242 0 34968615
2139424547 13  P 929827 1791665 0 34992466
2141772747 15  P 728396 1441095 0 35038955
2143622661 4  P 931870 1841131 0 35059729
2144373482 14  P 848838 1627077 0 35076017
2144889460 11  P 1065664 1964058 0 35094404
2145016977 3  P 2298299 3785145 0 35092901
2145421675 12  P 1079336 1959199 0 35100878
2146380550 16  P 1286647 2201104 0 35120256
2146539127 1  P 2303959 3876511 0 35115554
2146848189 17  P 770804 1329743 0 35125842
2153928979 15  P 729101 1446011 0 35238121
2155517871 10  P 756987 1511726 0 35264210
2155700132 9  P 1261295 2198778 0 35267296
2155976620 1  P 2305202 3879395 0 35270176
2156305362 6  P 889387 1862217 0 35278287
2156748696 18  P 695130 1272135 0 35280656
2158327903 2  P 402807 1180333 0 35308546
2158438793 3  P 2310325 3802056 0 35312799
2159400951 8  P 1241478 2189502 0 35318499
2160179288 13  P 945757 1817829 0 35332513
2160216805 4  P 932377 1845762 0 35331604
2161022735 19  P 730578 1253608 0 35358802
2161690232 5  P 1208322 2147952 0 35366180
2164870333 7  P 1091128 2075850 0 35420011
2166197745 8  P 1244554 2193947 0 35429853
2166529709 14  P 858598 1646525 0 35439018
2167682774 13  P 950886 1827724 0 35455448
2168612733 3  P 2329282 3831825 0 35479485
2168998949 11  P 1071107 1979159 0 35489409
2169999784 2  P 405372 1188357 0 35499778
2171883499 6  P 897182 1876066 0 35533515
2172378548 10  P 757024 1517277 0 35540432
2173164172 1  P 2328841 3919151 0 35551774
2173796580 12  P 1098804 1992977 0 35565769
2174171634 19  P 739857 1267472 0 35574232
2174229831 7  P 1092740 2081577 0 35573354
2175512611 9  P 1274253 2221782 0 35591895
2180082615 17  P 784648 1356320 0 35670353
2181255578 16  P 1304095 2237259 0 35691637
2181566689 5  P 1225870 2178708 0 35691805
2181701845 18  P 709922 1297517 0 35689487
2181913413 15  P 747083 1475081 0 35696612
2182560181 4  P 934002 1855449 0 35697675
2184014451 11  P 1080355 1994633 0 35735421
2184616523 15  P 747083 1475435 0 35740899
2184725857 19  P 744180 1275578 0 35747152
2187635268 8  P 1272131 2234621 0 35781078
2188598297 17  P 792064 1366951 0 35809873
2188802495 16  P 1304618 2240489 0 35815284
2189721411 5  P 1229597 2185964 0 35825434
2191930309 6  P 909562 1897803 0 35861953
2194171647 12  P 1105365 2004979 0 35899591
2196170277 14  P 867526 1668089 0 35924644
2196794531 4  P 935520 1862120 0 35930885
2198218575 2  P 407975 1199345 0 35962112
2198311192 18  P 719192 1313621 0 35961614
2200950131 9  P 1282200 2237514 0 36008656
2201104831 7  P 1124607 2133090 0 36013671
2201783504 10  P 765839 1538595 0 36022223
2201907476 3  P 2374400 3904842 0 36024974
2204741831 13  P 983387 1885117 0 36062620
2205674516 5  P 1238839 2203007 0 36086808
2205715709 7  P 1124607 2135086 0 36089191
2206101251 13  P 983387 1885710 0 36084893
2208054769 1  P 2371266 3989370 0 36123412
2208702820 12  P 1107188 2011693 0 36137666
2211262586 9  P 1290182 2249730 0 36177614
2211473190 17  P 802639 1386691 0 36184651
2211966827 4  P 942943 1878317 0 36179463
2212194569 15  P 755514 1497267 0 36192731
2214310911 14  P 882185 1693111 0 36221856
2214421734 2  P 411032 1208592 0 36227580
2215752313 10  P 770038 1548437 0 36251088
2217854005 8  P 1284050 2258106 0 36276167
2219080216 3  P 2396531 3941911 0 36306310
2221014291 18  P 729715 1333052 0 36333577
2221177460 16  P 1341989 2300053 0 36345708
2221670712 11  P 1103992 2036082 0 36352375
2223257085 19  P 762799 1307922 0 36378440
2223664801 6  P 939106 1946771 0 36381878
2225635230 8  P 1288844 2267209 0 36403653
2226903231 9  P 1293872 2259150 0 36433867
2227320341 1  P 2395716 4030124 0 36439057
2229108644 15  P 768482 1518538 0 36469850
2229120420 7  P 1136174 2157759 0 36472672
2231142945 10  P 774019 1558615 0 36503240
2231207586 17  P 811894 1401557 0 36507979
2232592431 18  P 733463 1340426 0 36523272
2235326564 14  P 882584 1700783 0 36566176
2235471376 5  P 1250422 2227286 0 36574992
2237569612 19  P 766512 1315907 0 36612936
2237867843 6  P 950593 1965187 0 36614579
2238077067 11  P 1110742 2047659 0 36621171
2240830124 3  P 2440827 4007052 0 36662655
2240943061 16  P 1357870 2324952 0 36669546
2240976676 13  P 1013876 1936940 0 36656281
2241544558 4  P 944785 1891755 0 36664061
2243251329 12  P 1122384 2039426 0 36703679
2243312317 2  P 434233 1249930 0 36700920
2243572098 1  P 2409209 4055068 0 36705320
2246201558 14  P 883540 1704496 0 36744350
2249350813 19  P 771397 1323035 0 36805959
2250109202 2  P 445286 1267365 0 36812278
2251307885 7  P 1139814 2170255 0 36836188
2251695720 10  P 785028 1578470 0 36839975
2251898462 1  P 2438274 4100968 0 36841737
2253879493 17  P 815771 1409501 0 36879435
2255064634 9  P 1324493 2306283 0 36895257
2256153955 4  P 944785 1900280 0 36903419
2256327079 3  P 2457079 4035690 0 36916554
2256609833 11  P 1119416 2064273 0 36924784
2256974329 16  P 1360175 2333018 0 36932194
2259179009 15  P 773872 1534909 0 36962521
2259789120 13  P 1023196 1955536 0 36964502
2260062207 12  P 1144814 2072099 0 36979131
2260455774 5  P 1252522 2240203 0 36984334
2262248698 18  P 752551 1369130 0 37009159
2262524177 6  P 971052 2000011 0 37018542
2264010267 8  P 1320563 2318762 0 37032378
2265330443 10  P 785753 1583902 0 37063365
2265589183 7  P 1147256 2185495 0 37070171
2265601571 13  P 1032359 1969629 0 37059729
2267914662 6  P 986886 2022741 0 37106857
2269623924 18  P 756985 1377176 0 37129991
2269904760 14  P 892595 1722484 0 37132700
2269921770 2  P 470050 1310161 0 37136886
2270051292 17  P 829940 1428631 0 37144391
2270882142 19  P 778862 1337474 0 37158727
2271874671 12  P 1154049 2085764 0 37172666
2272054023 15  P 779464 1546687 0 37173460
2273454237 3  P 2467647 4057876 0 37197162
2278029029 4  P 947499 1913670 0 37261812
2278712458 1  P 2485074 4179272 0 37281029
2279518265 5  P 1258917 2255298 0 37296653
2279668787 9  P 1337824 2328742 0 37298365
2282385227 8  P 1330941 2334919 0 37333431
2282974363 16  P 1375608 2361769 0 37358175
2283382971 11  P 1132854 2086521 0 37363456
2287498471 14  P 898725 1735352 0 37420953
2287957551 17  P 837472 1440385 0 37437765
2290543822 9  P 1345216 2341516 0 37476535
2291052467 16  P 1382438 2372341 0 37490525
2291998850 11  P 1137993 2094442 0 37504619
2292566149 5  P 1259588 2261369 0 37510408
2292732203 4  P 949342 1922445 0 37502708
2293439843 10  P 797328 1606166 0 37523898
2293866534 15  P 781094 1555939 0 37530833
2294757130 19  P 784161 1348443 0 37549894
2295679756 13  P 1051738 2005904 0 37552522
2298620368 7  P 1159629 2212827 0 37611351
2299124724 12  P 1164366 2108109 0 37619126
2299688644 3  P 2517303 4137112 0 37626981
2299882840 1  P 2504707 4214271 0 37627900
2300843500 2  P 482420 1336476 0 37643504
2302071412 6  P 1011404 2071472 0 37666460
2303057228 8  P 1346226 2363786 0 37672101
2303717451 18  P 769037 1398981 0 37688580
2305803991 15  P 783951 1562287 0 37726417
2305842229 14  P 907723 1751151 0 37721496
2306330766 5  P 1264515 2270254 0 37735942
2307905993 2  P 482798 1339049 0 37759213
2308155935 12  P 1168064 2115828 0 37767094
2312071343 6  P 1024508 2091090 0 37830299
2314092479 18  P 769219 1401867 0 37858562
2315724380 16  P 1395431 2393811 0 37894744
2317429029 19  P 787855 1358474 0 37921350
2317617214 1  P 2536732 4265196 0 37918457
2317986641 10  P 799014 1615661 0 37926069
2318182981 7  P 1170136 2231762 0 37931863
2318735596 3  P 2531722 4162913 0 37939032
2318820392 13  P 1059976 2023289 0 37931655
2319451999 4  P 955709 1940739 0 37940459
2319885241 17  P 849495 1463326 0 37960865
2321510302 8  P 1349302 2373075 0 37974430
2321885988 11  P 1169087 2146029 0 37994277
2325809498 9  P 1371197 2389131 0 38054312
2326804020 19  P 788146 1360100 0 38074949
2328592663 11  P 1169087 2149025 0 38104154
2328701774 18  P 772875 1408893 0 38097918
2329057969 7  P 1182965 2253785 0 38110039
2330460973 13  P 1067426 2036478 0 38122373
2330678998 15  P 805009 1595518 0 38133966
2331102582 6  P 1038706 2114866 0 38142103
2333188798 3  P 2539654 4178164 0 38175829
2335398493 1  P 2553545 4294145 0 38209779
2335403912 4  P 957465 1949082 0 38201834
2336190129 5  P 1276607 2293673 0 38225154
2337218680 14  P 922372 1779261 0 38235543
2337244672 8  P 1356177 2386215 0 38232217
2337965739 9  P 1375479 2398542 0 38253478
2338272048 16  P 1403356 2408525 0 38264145
2338517874 10  P 804801 1630502 0 38262451
2338912468 17  P 853975 1471962 0 38272579
2341593745 2  P 504712 1379214 0 38311149
2342484113 12  P 1190423 2154151 0 38329520
2345107833 14  P 924471 1785221 0 38364821
2346955418 10  P 812212 1642956 0 38400692
2347309430 9  P 1382928 2410517 0 38406562
2348662379 17  P 862230 1484096 0 38432321
2348850914 19  P 793476 1372575 0 38436162
2349124773 2  P 509381 1387508 0 38434535
2350729067 8  P 1359881 2395668 0 38453146
2351123694 18  P 779442 1422863 0 38465276
2351346318 5  P 1285833 2310732 0 38473472
2352523491 13  P 1071696 2049670 0 38483839
2353896210 16  P 1431581 2452740 0 38520138
2355085932 1  P 2576009 4332997 0 38532335
2357516837 3  P 2574943 4235752 0 38574405
2359554090 15  P 816527 1618396 0 38607050
2359764506 11  P 1193476 2192805 0 38614863
2359930819 6  P 1053160 2143798 0 38614416
2360750930 7  P 1206301 2294469 0 38629284
2363001316 12  P 1208282 2187267 0 38665645
2364444606 15  P 821408 1624033 0 38687177
2365247667 4  P 957739 1961447 0 38690789
2365826958 11  P 1194746 2194514 0 38714189
2366267871 10  P 812917 1649726 0 38717103
2368557960 7  P 1207544 2298871 0 38757195
2369827891 12  P 1211967 2193106 0 38777516
2372926465 17  P 870746 1499117 0 38829888
2374332338 14  P 929442 1798514 0 38843632
2374841492 4  P 965128 1973593 0 38847974
2375101584 1  P 2595780 4366432 0 38860267
2375663364 19  P 805690 1395250 0 38875456
2377049402 5  P 1291336 2326632 0 38894584
2377265385 2  P 515218 1404206 0 38895591
2378262477 16  P 1461467 2497453 0 38919350
2378812385 18  P 792020 1445817 0 38918926
2378868710 13  P 1084180 2074670 0 38915453
2378873466 9  P 1418865 2467433 0 38923675
2380775895 8  P 1373974 2422688 0 38945425
2382292174 6  P 1077769 2185003 0 38980750
2385860640 3  P 2623336 4312595 0 39038782
2386411805 16  P 1470870 2512879 0 39052865
2387491469 15  P 827523 1637133 0 39064773
2390059483 9  P 1430709 2485999 0 39106971
2390649592 6  P 1083329 2194775 0 39117710
2391233080 18  P 797606 1455854 0 39122426
2391248869 11  P 1201407 2213928 0 39130696
2391291495 8  P 1382970 2436664 0 39117712
2391874854 2  P 518744 1415072 0 39134951
2392314748 10  P 818523 1665922 0 39143847
2393718519 12  P 1230018 2225735 0 39168939
2394291842 13  P 1089770 2087358 0 39168170
2394300151 7  P 1218058 2321658 0 39178950
2396297987 3  P 2629738 4324322 0 39209787
2397520172 17  P 876282 1512120 0 39232829
2398033811 5  P 1292004 2335141 0 39238388
