248356293 12  P 157 3977039 0 4019710
249424589 16  P 165 3998281 0 4040950
249785943 15  P 165 3998280 0 4040938
250121033 14  P 207 3998236 0 4040941
250230448 11  P 114 4010106 0 4052716
250239097 19  P 116 4010106 0 4052734
250283403 17  P 115 4010107 0 4052724
250730682 18  P 116 4010107 0 4052725
250989465 13  P 157 4010062 0 4052722
253416019 9  P 136 4057958 0 4100598
253421832 10  P 137 4057957 0 4100594
253976162 8  P 441 4057647 0 4100614
265927056 1  P 270 4130781 0 4304139
279101644 7  P 81 4485533 0 4528145
279427957 6  P 518 4485084 0 4528129
279451170 3  P 84 4485528 0 4528137
279452578 5  P 80 4485531 0 4528135
279622085 2  P 81 4485533 0 4528145
280089102 4  P 627 4484972 0 4528136
286538665 8  P 492 4591099 0 4634117
289520333 19  P 179 4653625 0 4696318
290085982 7  P 99 4665481 0 4708111
290435922 3  P 102 4665476 0 4708104
290606423 2  P 99 4665481 0 4708111
292667898 11  P 133 4705382 0 4748010
292720894 17  P 145 4705371 0 4748019
293168173 18  P 146 4705371 0 4748021
293426914 13  P 176 4705338 0 4748017
302140035 5  P 99 4857223 0 4899845
302724768 6  P 746 4866547 0 4909821
302823458 4  P 940 4857130 0 4900610
303152287 14  P 433 4866868 0 4909795
308221487 16  P 198 4961577 0 5004276
308449967 12  P 549 4961216 0 5004280
308582842 15  P 184 4961590 0 5004262
319525361 9  P 165 5141063 0 5183732
319531155 10  P 167 5141062 0 5183727
319973861 1  P 624 5015919 0 5189634
326258252 7  P 118 5258102 0 5300751
326607776 3  P 121 5258097 0 5300744
326778693 2  P 118 5258102 0 5300751
326824962 12  P 600 5262220 0 5305334
329511643 11  P 151 5309011 0 5351658
329864470 1  P 696 5177893 0 5351678
330270655 13  P 194 5308967 0 5351664
332874814 5  P 118 5360756 0 5403396
338709541 6  P 1059 5455795 0 5499385
339933504 14  P 452 5469473 0 5512418
342114087 19  P 198 5515302 0 5558013
342455852 16  P 217 5522453 0 5565171
342817206 15  P 203 5522466 0 5565157
343642781 17  P 164 5539657 0 5582323
344090060 18  P 165 5539657 0 5582324
346119196 9  P 183 5576757 0 5619445
346124991 10  P 186 5576756 0 5619440
348745717 4  P 1616 5608824 0 5652985
348773501 8  P 1114 5610116 0 5653753
365990809 6  P 1374 5902448 0 5946353
369367662 7  P 137 5964388 0 6007054
369717188 3  P 140 5964383 0 6007047
369718594 5  P 137 5964386 0 6007043
369888103 2  P 137 5964388 0 6007055
382458278 1  P 955 6039325 0 6213367
384502130 17  P 193 6209067 0 6251761
384949409 18  P 194 6209067 0 6251762
386464791 14  P 635 6231653 0 6274779
387785991 19  P 216 6263572 0 6306297
388308578 11  P 180 6272310 0 6314985
389067593 13  P 223 6272267 0 6314989
390299610 16  P 246 6306296 0 6349041
390556679 9  P 202 6304802 0 6347508
390562474 10  P 205 6304801 0 6347503
390660972 15  P 232 6306309 0 6349029
394341151 12  P 1018 6367971 0 6411502
395586001 8  P 1425 6376773 0 6420720
398714530 4  P 2158 6426956 0 6471659
409398448 8  P 1443 6603057 0 6647022
419237130 16  P 264 6780390 0 6823151
419598480 15  P 250 6780403 0 6823140
422542875 11  P 210 6833175 0 6875878
422740800 6  P 1922 6831681 0 6876134
423301890 13  P 252 6833133 0 6875882
424802370 1  P 1229 6732805 0 6907120
428044143 12  P 1102 6920075 0 6963692
428049019 17  P 212 6922521 0 6965231
428164508 7  P 155 6927697 0 6970381
428400396 9  P 220 6924815 0 6967538
428406191 10  P 223 6924814 0 6967534
428496298 18  P 213 6922521 0 6965233
428514036 3  P 158 6927692 0 6970374
428515460 5  P 156 6927695 0 6970369
428684949 2  P 155 6927697 0 6970382
429949037 4  P 2450 6938403 0 6983399
430395330 19  P 245 6961653 0 7004408
433355462 14  P 787 6999755 0 7043034
447631442 6  P 2255 7239148 0 7283932
450964747 11  P 228 7298819 0 7341542
451723768 13  P 270 7298778 0 7341542
452283969 16  P 283 7321810 0 7364588
452645325 15  P 268 7321823 0 7364577
459148454 8  P 1963 7417633 0 7462116
461989108 19  P 264 7479267 0 7522038
462033368 17  P 242 7479290 0 7522027
462184884 12  P 1385 7479148 0 7523049
462187301 5  P 204 7479325 0 7522042
462370886 4  P 2996 7469050 0 7514590
462480648 18  P 243 7479290 0 7522033
462748399 3  P 188 7488557 0 7531270
462896160 1  P 1532 7356625 0 7531242
467633256 7  P 185 7574323 0 7617037
468153699 2  P 200 7574308 0 7617037
468166075 9  P 279 7576276 0 7619055
468171868 10  P 282 7576275 0 7619050
468511702 14  P 906 7575635 0 7619028
484898526 8  P 2165 7839313 0 7884000
486072258 9  P 324 7869605 0 7912427
486078072 10  P 327 7869605 0 7912422
486683518 11  P 260 7884001 0 7926755
489339517 4  P 3351 7910542 0 7956436
491170297 3  P 207 7954202 0 7996934
491341213 2  P 238 7954174 0 7996940
493160976 19  P 282 7989969 0 8032754
493911388 13  P 375 7989872 0 8032730
494105491 14  P 998 7994870 0 8038354
499377140 17  P 260 8091111 0 8133864
499531072 5  P 222 8091146 0 8133879
499824420 18  P 261 8091111 0 8133873
501709577 6  P 2912 8124500 0 8169939
510242627 7  P 246 8272373 0 8315146
510739987 1  P 1903 8140118 0 8315108
512658982 16  P 399 8310876 0 8353762
514473458 15  P 320 8334763 0 8377561
514903741 12  P 1591 8342684 0 8386782
523131444 6  P 3124 8475260 0 8520913
525989074 15  P 338 8523415 0 8566231
526539512 7  P 265 8539362 0 8582154
530150400 9  P 343 8591762 0 8634599
530546701 5  P 256 8599272 0 8642037
530855802 14  P 1180 8596794 0 8640455
536192573 13  P 531 8682444 0 8725458
539529670 3  P 226 8746503 0 8789251
539700583 2  P 271 8746460 0 8789260
542333681 1  P 2118 8657530 0 8832732
542464523 4  P 4074 8780204 0 8826820
544734326 10  P 650 8830295 0 8873435
545544159 12  P 1807 8844476 0 8888786
545864053 19  P 333 8853404 0 8896239
545908429 17  P 315 8853423 0 8896227
546355709 18  P 316 8853423 0 8896237
547815238 16  P 538 8886733 0 8929757
548289097 8  P 2474 8877587 0 8922580
554199211 11  P 363 8990074 0 9032927
564975208 6  P 3652 9160290 0 9206468
565122302 12  P 1996 9165052 0 9209552
569543335 14  P 1199 9230631 0 9274308
572227016 7  P 284 9287887 0 9330698
572623433 3  P 245 9288693 0 9331459
572724298 1  P 2329 9155230 0 9330650
572747460 2  P 290 9287881 0 9330700
575433567 11  P 392 9337948 0 9380830
578580319 17  P 344 9388690 0 9431522
578916041 9  P 454 9390627 0 9433569
579027599 18  P 345 9388690 0 9431533
579742226 8  P 2504 9392884 0 9437904
581265459 5  P 275 9430229 0 9473010
587862112 16  P 631 9542765 0 9585882
588442215 15  P 390 9546593 0 9589454
590301584 19  P 362 9581437 0 9624300
593370767 4  P 4807 9613506 0 9660856
593880076 13  P 571 9627555 0 9670607
595484750 10  P 1092 9661329 0 9704911
605767754 17  P 373 9834100 0 9876960
606215032 18  P 375 9834099 0 9876969
610195800 7  P 303 9909949 0 9952778
610545328 3  P 277 9909973 0 9952770
610716241 2  P 309 9909943 0 9952780
611230842 14  P 1243 9913594 0 9957312
616103934 9  P 484 9999877 0 10042847
620887231 4  P 5070 10064055 0 10111668
628146213 19  P 380 10201451 0 10244329
629376176 10  P 1250 10216428 0 10260174
630365263 13  P 589 10225296 0 10268364
632953797 5  P 307 10277045 0 10319856
633121878 11  P 436 10283055 0 10325980
637364985 15  P 408 10348113 0 10390986
639615750 1  P 2717 10250771 0 10426581
640097379 16  P 783 10398419 0 10441686
640998181 12  P 2420 10407756 0 10452678
641960419 6  P 4428 10420812 0 10467770
643664948 8  P 2587 10440096 0 10485197
644216860 12  P 2438 10460471 0 10505413
645809305 11  P 465 10490897 0 10533850
645922511 5  P 326 10489505 0 10532335
645963676 9  P 583 10488992 0 10532062
646480942 4  P 5552 10482892 0 10530985
648059756 14  P 1261 10516967 0 10560704
649552470 15  P 426 10547774 0 10590666
650693855 1  P 2875 10432112 0 10608081
651852398 8  P 2606 10574220 0 10619340
654255861 13  P 632 10616674 0 10659786
655443029 19  P 399 10648663 0 10691560
657954296 10  P 1499 10684397 0 10728390
660915359 7  P 321 10740906 0 10783754
661264890 3  P 295 10740930 0 10783746
669127973 17  P 391 10872162 0 10915038
669575247 18  P 393 10872161 0 10915047
674576431 2  P 328 10956196 0 10999050
680038519 6  P 4857 11044249 0 11091635
681269176 16  P 898 11072859 0 11116238
684809075 4  P 5928 11110475 0 11158945
690159813 16  P 917 11218504 0 11261899
690161775 15  P 445 11213097 0 11256008
690510654 9  P 602 11218830 0 11261915
695461821 8  P 2668 11288654 0 11333833
695641291 5  P 344 11304080 0 11346926
699788509 6  P 5057 11367628 0 11415215
701412639 1  P 3133 11262825 0 11439048
702043738 11  P 495 11412211 0 11455193
705224640 13  P 651 11451728 0 11494855
708177412 19  P 418 11512644 0 11555557
710149685 7  P 351 11547531 0 11590409
710499242 3  P 314 11547566 0 11590400
713123286 2  P 347 11587728 0 11630601
713174818 17  P 421 11593795 0 11636701
713622099 18  P 423 11593794 0 11636711
717185593 12  P 2825 11655591 0 11700922
717563752 10  P 1836 11660696 0 11705022
719606644 14  P 1291 11689160 0 11732925
725591036 14  P 1309 11787189 0 11830971
726092047 2  P 366 11800190 0 11843081
730535231 16  P 1035 11879891 0 11923399
738881393 1  P 3329 11876512 0 12052934
739060616 12  P 2941 12013870 0 12059320
745079357 10  P 1986 12111358 0 12155835
745666875 9  P 654 12122458 0 12165591
747993486 7  P 370 12167545 0 12210440
748343042 3  P 333 12167580 0 12210433
749227410 8  P 2731 12169486 0 12214727
751584031 13  P 669 12211261 0 12254408
753328793 5  P 363 12249213 0 12292077
754918489 4  P 6749 12258307 0 12307598
755882290 6  P 5573 12286142 0 12334241
757099367 19  P 447 12314152 0 12357092
757143671 17  P 440 12314162 0 12357084
757481214 11  P 514 12320480 0 12363481
757590951 18  P 442 12314161 0 12357095
760458733 15  P 475 12364813 0 12407752
764935715 12  P 3091 12437655 0 12483257
769286874 19  P 466 12513813 0 12556772
769331180 17  P 459 12513823 0 12556764
769778461 18  P 460 12513822 0 12556775
770027909 4  P 6952 12505652 0 12555147
772751313 10  P 2148 12564572 0 12609207
774414898 8  P 2781 12582107 0 12627395
775290330 7  P 389 12614757 0 12657670
780028547 14  P 1327 12679074 0 12722873
782691684 16  P 1273 12734177 0 12777920
789280487 3  P 362 12838270 0 12881150
789451405 2  P 396 12838239 0 12881158
790647005 1  P 3705 12724257 0 12901054
790824937 11  P 533 12866765 0 12909780
797297528 5  P 393 12969566 0 13012457
798146165 15  P 493 12982264 0 13025221
798630915 13  P 878 12981864 0 13025215
798694941 6  P 6142 12987001 0 13035673
800776222 9  P 739 13025283 0 13068499
804248120 12  P 3266 13081570 0 13127344
806872263 14  P 1346 13118863 0 13162681
809896173 19  P 485 13179137 0 13222114
809940465 17  P 478 13179146 0 13222104
810387746 18  P 479 13179145 0 13222118
811005989 13  P 976 13184518 0 13227965
816114873 15  P 523 13276633 0 13319621
819522950 6  P 6306 13328080 0 13376915
823041871 9  P 798 13390023 0 13433292
828024676 7  P 638 13478501 0 13521660
828156895 5  P 439 13475118 0 13518055
828490696 1  P 3974 13344016 0 13521081
833327343 3  P 381 13559915 0 13602814
833498250 2  P 611 13559684 0 13602818
835977402 8  P 3326 13590188 0 13636023
837871875 11  P 552 13637563 0 13680594
840769642 16  P 1471 13685525 0 13729465
841512225 4  P 7872 13675906 0 13726319
843110574 10  P 2255 13717229 0 13761966
845085416 6  P 6354 13746847 0 13795726
846068868 1  P 4132 13631854 0 13809073
848068831 13  P 1106 13791615 0 13835188
850263901 2  P 662 13834320 0 13877505
860105974 4  P 7954 13980461 0 14030958
861516877 10  P 2274 14018778 0 14063532
862833671 15  P 542 14042055 0 14085057
864672555 5  P 555 14073271 0 14116325
870680994 7  P 921 14177094 0 14220532
872628982 16  P 1500 14207478 0 14251447
874138766 12  P 3393 14226529 0 14272420
874727416 8  P 3421 14224971 0 14270897
877296155 3  P 400 14280281 0 14323196
880193058 19  P 514 14330851 0 14373856
880237383 17  P 508 14330861 0 14373847
880669197 14  P 1364 14327932 0 14371765
880684663 18  P 509 14330860 0 14373861
881120416 9  P 1137 14341226 0 14384834
881356258 11  P 570 14349992 0 14393039
883082066 16  P 1585 14378655 0 14422706
883971699 17  P 527 14392025 0 14435029
884419027 18  P 528 14392025 0 14435045
885699951 11  P 588 14421141 0 14464207
890103387 7  P 1116 14495105 0 14538737
892633645 8  P 3517 14518247 0 14564272
898443823 13  P 1366 14616697 0 14660524
898661774 19  P 532 14633425 0 14676448
900204326 10  P 2304 14652602 0 14697386
902068009 15  P 561 14684851 0 14727871
902137919 14  P 1382 14679656 0 14723508
905466865 12  P 3533 14739665 0 14785694
906084490 1  P 4448 14614826 0 14792361
908155496 3  P 418 14785861 0 14828793
911201524 2  P 807 14832573 0 14875900
914194749 6  P 6469 14879017 0 14928006
914969648 5  P 953 14896928 0 14940386
920746588 4  P 8631 14973308 0 15024484
922698566 9  P 1381 15022193 0 15066041
923201233 12  P 3563 15030194 0 15076252
923896922 13  P 1411 15033675 0 15077546
926679240 6  P 6501 15083531 0 15132549
928574965 11  P 739 15123451 0 15166666
929208652 15  P 601 15129483 0 15172539
930093119 3  P 484 15145220 0 15188218
930829309 5  P 1091 15156625 0 15200222
933027827 4  P 8649 15174505 0 15225699
933860606 10  P 2359 15203971 0 15248805
938447005 7  P 1314 15286966 0 15330793
942936205 2  P 1008 15352301 0 15395830
944800839 16  P 1781 15389657 0 15433898
947729781 9  P 1523 15432162 0 15476146
949428258 1  P 4867 15324542 0 15502502
953325450 14  P 1463 15518230 0 15562155
954771171 19  P 587 15552663 0 15595738
954815476 17  P 568 15552688 0 15595724
960180682 8  P 3985 15624463 0 15670943
961856520 18  P 616 15660672 0 15703773
963709415 13  P 1538 15685831 0 15729825
967306387 7  P 1332 15759779 0 15803623
967583663 15  P 677 15758141 0 15801269
974901645 9  P 1772 15877093 0 15921324
978967464 2  P 1359 15942281 0 15986159
981999245 3  P 870 15995256 0 16038638
983579231 5  P 1398 16020569 0 16064473
983605964 4  P 8768 16003057 0 16054370
984036819 19  P 605 16032133 0 16075222
984081108 17  P 586 16032158 0 16075204
986493063 8  P 4021 16055528 0 16102043
989966025 11  P 1119 16128889 0 16172478
992700432 14  P 1615 16163194 0 16207264
993475107 1  P 5224 16045839 0 16224163
993675880 16  P 1877 16190330 0 16234658
995715957 18  P 660 16215381 0 16258520
996813720 10  P 2389 16235365 0 16280224
997576301 12  P 3644 16248672 0 16294806
1001210420 6  P 7179 16303960 0 16353660
1003930501 8  P 4084 16341160 0 16387736
1003960766 5  P 1516 16354380 0 16398398
1004887903 14  P 1633 16362855 0 16406941
1008943052 19  P 645 16440156 0 16483285
1008987365 17  P 627 16440180 0 16483267
1011122151 18  P 690 16467765 0 16510935
1012657423 10  P 2407 16494929 0 16539807
1018310625 12  P 3663 16588364 0 16634516
1021160229 16  P 2031 16640479 0 16684957
1023748684 2  P 1857 16675465 0 16719846
1025609024 3  P 1090 16709529 0 16753129
1026288521 6  P 7378 16714636 0 16764535
1028225082 13  P 1817 16742574 0 16786835
1029661777 15  P 754 16775151 0 16818350
1036807890 9  P 2297 16890825 0 16935585
1037443933 1  P 5528 16765914 0 16944538
1038853311 7  P 1417 16931918 0 16975844
1040059761 11  P 1203 16949539 0 16993209
1042543516 4  P 8886 16968572 0 17020002
1043323492 9  P 2348 16997526 0 17042335
1043747229 11  P 1221 17009937 0 17053624
1045602397 8  P 4136 17023859 0 17070485
1047655914 3  P 1141 17070693 0 17114343
1047950232 18  P 719 17071125 0 17114324
1053091036 14  P 1663 17152584 0 17196698
1058582093 16  P 2095 17253534 0 17298073
1058599307 15  P 786 17249230 0 17292460
1059154430 12  P 3707 17257503 0 17303696
1064601080 6  P 7727 17341993 0 17392244
1065594955 10  P 2437 17362227 0 17407133
1068303271 1  P 5732 17271307 0 17450132
1071110436 5  P 1644 17454431 0 17498578
1072467479 2  P 2270 17473251 0 17518046
1077459460 13  P 1979 17549065 0 17593485
1078074752 4  P 8937 17550662 0 17602144
1080009514 7  P 1468 17606168 0 17650147
1080521167 19  P 675 17612861 0 17656015
1080565489 17  P 672 17612870 0 17655999
1084075402 11  P 1273 17670621 0 17714358
1084789915 8  P 4187 17665855 0 17712531
1086118901 7  P 1486 17706247 0 17750241
1086536808 15  P 824 17706920 0 17750186
1087318056 19  P 693 17724202 0 17767375
1087420062 12  P 3737 17720577 0 17766799
1087502992 17  P 690 17726516 0 17769663
1093850166 1  P 5920 17689677 0 17868688
1094262938 14  P 1682 17827126 0 17871257
1097890336 3  P 1292 17893579 0 17937381
1098432986 9  P 2856 17899921 0 17945236
1098641846 10  P 2455 17903650 0 17948571
1099295639 2  P 2472 17912598 0 17957596
1106222798 16  P 2255 18033917 0 18078613
1109887791 18  P 738 18085891 0 18129108
1112297995 5  P 1729 18129162 0 18173392
1113898000 6  P 8190 18149199 0 18199915
1119465364 4  P 9056 18228687 0 18280286
1120334439 13  P 2271 18251234 0 18295942
1124122254 11  P 1335 18326686 0 18370483
1124152854 4  P 9075 18305467 0 18357086
1125089126 9  P 3025 18336481 0 18381965
1125552416 19  P 723 18350603 0 18393806
1128704219 5  P 1747 18397944 0 18442188
1131404934 2  P 2490 18438659 0 18483673
1134835410 6  P 8352 18492073 0 18542950
1134977431 8  P 4239 18488076 0 18534794
1141802478 15  P 876 18612339 0 18655658
1144610541 10  P 2484 18656771 0 18701720
1144818882 1  P 6265 18524395 0 18703753
1147894607 16  P 2339 18716580 0 18761357
1153481746 14  P 1712 18797336 0 18841494
1157303185 13  P 2366 18856832 0 18901631
1159049869 17  P 719 18898709 0 18941884
1159915797 7  P 1572 18915248 0 18959322
1160029383 12  P 3788 18910156 0 18956422
1160653390 18  P 790 18917581 0 18960851
1162640298 3  P 2080 18953640 0 18998236
1162993894 7  P 1591 18965660 0 19009754
1164966875 12  P 3806 18991033 0 19037317
1165034254 17  P 737 18996738 0 19039930
1166592466 2  P 2509 19015151 0 19060185
1166762796 18  P 809 19017659 0 19060947
1167680584 8  P 4357 19023762 0 19070600
1172687188 3  P 2228 19118094 0 19162842
1178230999 4  P 9191 19191364 0 19243100
1178285195 16  P 2500 19214337 0 19259273
1184809817 11  P 1387 19320939 0 19364784
1188057942 9  P 3374 19367807 0 19413640
1189396209 19  P 741 19396601 0 19439818
1191397933 6  P 8733 19418407 0 19469659
1193005587 15  P 906 19451221 0 19494566
1198021914 13  P 2582 19523747 0 19568765
1200469979 10  P 2503 19571953 0 19616917
1200537648 1  P 6608 19436941 0 19616642
1202169209 14  P 1731 19595013 0 19639188
1203047955 5  P 1984 19615750 0 19660231
1203931385 7  P 1642 19636327 0 19680473
1204996601 4  P 9276 19629806 0 19681627
1205001060 5  P 2003 19647731 0 19692230
1205403555 14  P 1750 19647985 0 19692179
1206421546 3  P 2607 19670413 0 19715534
1208497295 11  P 1471 19708950 0 19752878
1209961804 8  P 4408 19716445 0 19763335
1212207095 16  P 2552 19770060 0 19815047
1213053205 13  P 2634 19769967 0 19815038
1216904379 12  P 3857 19841925 0 19888259
1217693055 19  P 771 19860186 0 19903433
1218378015 17  P 756 19870704 0 19913914
1219006400 1  P 6807 19739328 0 19919230
1220311214 2  P 2539 19895248 0 19940312
1223016854 10  P 2522 19941342 0 19986323
1227632356 6  P 9028 20011770 0 20063316
1231177488 15  P 936 20076599 0 20119972
1233700322 18  P 839 20114333 0 20157650
1238776662 9  P 3720 20198427 0 20244607
1243245420 9  P 3739 20271623 0 20317821
1243978273 7  P 1692 20292403 0 20336600
1244247163 18  P 857 20287114 0 20330448
1244272011 1  P 6923 20153162 0 20333177
1245727443 8  P 4493 20302342 0 20349316
1246315465 17  P 797 20328390 0 20371642
1252286812 15  P 954 20422435 0 20465825
1252481680 11  P 1490 20429570 0 20473517
1255247284 14  P 1769 20464606 0 20508813
1258928147 13  P 2830 20521384 0 20566651
1263380536 19  P 789 20608712 0 20651975
1266444780 6  P 9342 20647354 0 20699212
1266988343 16  P 2767 20667376 0 20712576
1267985577 10  P 2541 20678090 0 20723091
1268779930 2  P 2557 20689341 0 20734424
1269699741 4  P 9393 20689783 0 20741718
1273171533 3  P 3352 20763288 0 20809151
1275841890 12  P 3941 20807470 0 20853889
1279782304 5  P 2216 20872729 0 20917435
1285779370 12  P 3959 20970267 0 21016705
1291003932 16  P 2796 21060818 0 21106048
1292462655 7  P 1743 21086719 0 21130966
1293797912 5  P 2268 21102307 0 21147067
1294323508 9  P 4020 21108202 0 21154675
1295889288 2  P 2575 21133481 0 21178583
1295980955 4  P 9444 21120322 0 21172309
1298919130 11  P 1552 21190337 0 21234347
1304257287 6  P 9511 21266701 0 21318731
1304841051 14  P 1788 21277132 0 21321354
1305083629 15  P 984 21287429 0 21330846
1306709376 13  P 2959 21304099 0 21349495
1307344942 10  P 2559 21322935 0 21367954
1318225145 1  P 7343 21364384 0 21544813
1318914901 8  P 4655 21501281 0 21548417
1320112327 17  P 816 21537459 0 21580729
1320864935 19  P 807 21550518 0 21593796
1322343434 3  P 3834 21568430 0 21614775
1322934600 18  P 887 21576299 0 21619663
1323868061 8  P 4673 21582415 0 21629567
1324552804 15  P 1002 21606386 0 21649821
1328356624 11  P 1604 21672589 0 21716648
1329226039 6  P 9738 21675558 0 21727815
1332240668 13  P 3076 21722285 0 21767796
1335545009 12  P 4044 21785541 0 21832062
1336193892 1  P 7503 21658620 0 21839208
1339957089 16  P 2912 21862748 0 21908093
1341536810 19  P 825 21889187 0 21932484
1341581100 17  P 835 21889184 0 21932473
1343391819 10  P 2589 21913497 0 21958546
1344918514 4  P 9527 21922028 0 21974099
1346686203 2  P 2594 21965718 0 22010839
1349012925 14  P 1806 22000825 0 22045064
1351403377 18  P 906 22042712 0 22086095
1354204204 5  P 2452 22091817 0 22136758
1356900171 7  P 1827 22142377 0 22186707
1360093450 3  P 4299 22186452 0 22233260
1361432933 9  P 4465 22207265 0 22254187
1363755552 19  P 843 22253199 0 22296516
1363799834 17  P 853 22253197 0 22296505
1365843515 3  P 4384 22280574 0 22327469
1366761025 9  P 4516 22294507 0 22341482
1368566452 16  P 3097 22331297 0 22376822
1370008687 8  P 4758 22338295 0 22385531
1371028500 11  P 1656 22371672 0 22415783
1371360543 10  P 2608 22371718 0 22416784
1372512792 18  P 924 22388550 0 22431951
1376122265 14  P 1835 22444955 0 22489222
1385162223 15  P 1034 22599377 0 22642844
1385532436 5  P 2518 22605032 0 22650036
1387322010 7  P 1879 22640755 0 22685137
1389318767 13  P 3423 22657100 0 22702955
1397652847 4  P 9644 22785908 0 22838096
1398654349 12  P 4117 22819451 0 22866045
1399023355 6  P 10287 22818554 0 22871356
1401709491 1  P 7960 22731563 0 22912612
1402154967 2  P 2612 22874500 0 22919638
1403187167 3  P 4850 22891935 0 22939297
1403266677 5  P 2573 22895533 0 22940591
1404920001 12  P 4135 22922088 0 22968699
1408585834 6  P 10339 22975173 0 23028025
1408586782 8  P 4832 22970284 0 23017592
1411459096 15  P 1053 23030206 0 23073691
1412764295 2  P 2631 23048305 0 23093462
1413509517 7  P 1898 23069792 0 23114191
1414637867 11  P 1708 23086115 0 23130278
1415334411 13  P 3441 23083321 0 23129189
1422912622 1  P 8118 23078794 0 23260003
1425309634 18  P 943 23253554 0 23296974
1426219976 10  P 2627 23270516 0 23315600
1426919215 14  P 1853 23277193 0 23321476
1429340353 4  P 9740 23304980 0 23357263
1432784210 17  P 872 23383418 0 23426745
1438620462 9  P 5020 23471337 0 23518816
1439269609 16  P 3216 23489577 0 23535220
1442443040 19  P 888 23542370 0 23585730
1443123113 12  P 4209 23547931 0 23594616
1444127962 17  P 891 23569255 0 23612600
1444778412 18  P 961 23572512 0 23615950
1445550857 16  P 3335 23592368 0 23638131
1456640312 3  P 5427 23767124 0 23815065
1459193481 15  P 1072 23812267 0 23855770
1462954251 5  P 2623 23873402 0 23918511
1464381392 1  P 8335 23757998 0 23939422
1466668485 4  P 9758 23916545 0 23968847
1468358081 2  P 2650 23959134 0 24004309
1468403552 11  P 1759 23966960 0 24011170
1470209413 13  P 3691 23982137 0 24028257
1470911790 19  P 907 24008783 0 24052160
1473618932 7  P 1950 24054573 0 24099021
1477148376 6  P 10917 24097911 0 24151343
1477153583 14  P 1872 24100214 0 24144513
1480157492 10  P 2645 24154209 0 24199311
1480932947 9  P 5405 24164195 0 24212055
1483221718 17  P 910 24209748 0 24253110
1483618081 8  P 4862 24199566 0 24246904
1485461815 8  P 4880 24229754 0 24277112
1486454324 10  P 2664 24257357 0 24302476
1488443769 13  P 3775 24280802 0 24327006
1490600111 1  P 8550 24187343 0 24368985
1492021218 19  P 925 24354621 0 24398015
1492981532 18  P 980 24362253 0 24405706
1495512928 11  P 1811 24411067 0 24455328
1498245422 9  P 5587 24447656 0 24495695
1502605973 4  P 9875 24505225 0 24557646
1503938579 5  P 2705 24544805 0 24589995
1505560638 12  P 4271 24570843 0 24617586
1505582160 16  P 3487 24575767 0 24621682
1505701837 2  P 2669 24570955 0 24616149
1513575416 14  P 1891 24696930 0 24741246
1516556393 7  P 2032 24757975 0 24802505
1520476453 6  P 11302 24807409 0 24861225
1521671587 3  P 6139 24831872 0 24880526
1523115358 15  P 1091 24859544 0 24903064
1524691474 16  P 3505 24888835 0 24934767
1528923075 10  P 2682 24953146 0 24998282
1532659240 17  P 929 25019713 0 25063093
1534201227 12  P 4334 25040026 0 25086833
1538376100 5  P 2724 25109011 0 25154218
1538758708 8  P 4911 25102940 0 25150326
1539419019 18  P 999 25123065 0 25166535
1541103262 7  P 2084 25160099 0 25204680
1542437189 3  P 6387 25171840 0 25220746
1542464177 9  P 5867 25171850 0 25220170
1543273338 6  P 11520 25180692 0 25234723
1544818067 19  P 943 25219625 0 25263037
1549294196 14  P 1910 25282128 0 25326461
1553543501 4  P 9993 25339665 0 25392204
1555568880 1  P 8949 25251379 0 25433424
1556974727 15  P 1110 25414276 0 25457816
1557021921 13  P 4021 25404131 0 25450584
1557639320 2  P 2687 25421880 0 25467093
1558450431 11  P 1895 25442149 0 25486495
1563003019 17  P 947 25516848 0 25560243
1565068484 15  P 1129 25546865 0 25590421
1567597766 16  P 3655 25591659 0 25637740
1570890305 3  P 6735 25637662 0 25686914
1571028566 14  P 1928 25638205 0 25682556
1572016714 5  P 2776 25660126 0 25705385
1572141832 10  P 2700 25661224 0 25706378
1572387906 11  P 1945 25670448 0 25714846
1576778255 4  P 10046 25720284 0 25772874
1584087676 7  P 2135 25864304 0 25908936
1585584521 1  P 9150 25742951 0 25925198
1585870425 9  P 6215 25882665 0 25931334
1588945205 6  P 11910 25928579 0 25983004
1591475039 13  P 4104 25968524 0 26015060
1597052446 19  P 962 26075415 0 26118842
1600233100 2  P 2706 26119718 0 26164949
1601493076 8  P 4940 26130750 0 26178163
1601888761 12  P 4419 26148931 0 26195821
1603341317 18  P 1029 26170331 0 26213831
1603704194 5  P 2828 26179239 0 26224552
1608549829 17  P 966 26263068 0 26306482
1610465703 4  P 10099 26272167 0 26324809
1612448502 9  P 6409 26317922 0 26366784
1614912251 15  P 1159 26363476 0 26407061
1616343427 3  P 7214 26381879 0 26431604
1618525127 7  P 2154 26428508 0 26473158
1621285243 16  P 3771 26471155 0 26517352
1622873100 12  P 4470 26492687 0 26539627
1624896172 19  P 981 26531587 0 26575033
1624950391 14  P 1946 26521641 0 26566010
1625325484 11  P 1996 26537726 0 26582172
1625756332 1  P 9410 26400862 0 26583367
1628414924 8  P 4959 26571818 0 26619250
1632904938 2  P 2725 26654994 0 26700241
1635117174 6  P 12322 26684642 0 26739476
1639626213 10  P 2718 26766870 0 26812040
1641928211 13  P 4286 26794962 0 26841680
1642060089 18  P 1047 26804682 0 26848200
1643669168 14  P 1965 26828310 0 26872697
1643962626 7  P 2205 26845222 0 26889926
1646391702 5  P 2879 26878579 0 26923942
1651193039 19  P 999 26962416 0 27005881
1651207146 16  P 3856 26961309 0 27007590
1652021983 1  P 9552 26831052 0 27013701
1659293851 4  P 10214 27072049 0 27124808
1661747548 18  P 1066 27127222 0 27170759
1662298069 10  P 2737 27138306 0 27183490
1663646911 13  P 4508 27150578 0 27197513
1667518620 17  P 985 27229194 0 27272626
1670093441 3  P 7708 27262020 0 27312236
1671479812 9  P 6778 27284710 0 27333942
1672602458 8  P 5139 27295602 0 27343213
1674154399 12  P 4517 27332831 0 27379816
1677263038 11  P 2122 27388542 0 27433114
1679164151 6  P 12563 27406063 0 27461136
1679849715 15  P 1178 27427392 0 27470993
1682514319 2  P 2743 27467775 0 27513041
1684975015 13  P 4647 27499875 0 27546949
1685878408 17  P 1004 27529975 0 27573426
1686716311 18  P 1085 27536292 0 27579845
1691261167 9  P 6979 27608601 0 27658037
1691382847 6  P 12627 27606187 0 27661324
1693662225 19  P 1017 27658206 0 27701687
1695787279 15  P 1222 27688468 0 27732113
1703356698 14  P 2012 27806183 0 27850614
1704108102 2  P 2761 27821549 0 27866832
1708766724 5  P 3191 27900211 0 27945882
1713853288 7  P 2657 27989848 0 28034999
1717562190 3  P 8076 28039376 0 28089959
1719164995 8  P 5322 28058297 0 28106086
1720516857 10  P 2756 28092144 0 28137343
1720866168 1  P 10057 27958473 0 28141628
1721082170 16  P 4150 28105844 0 28152407
1721231411 4  P 10813 28086217 0 28139586
1721607576 12  P 4601 28110217 0 28157283
1722137928 11  P 2329 28123562 0 28168337
1726746981 4  P 10897 28176498 0 28229950
1728365324 19  P 1057 28226740 0 28270255
1729836797 8  P 5470 28232990 0 28280930
1734782310 5  P 3210 28326431 0 28372119
1735013807 12  P 4663 28329802 0 28376928
1738025150 7  P 3056 28385472 0 28431027
1738778582 14  P 2110 28386434 0 28430962
1738944274 1  P 10229 28254489 0 28437814
1739169465 18  P 1125 28395642 0 28439233
1740044152 11  P 2359 28416907 0 28461712
1742800913 16  P 4194 28461639 0 28508239
1745485567 10  P 2786 28501201 0 28546429
1745557942 9  P 7224 28497954 0 28547627
1753085821 6  P 12731 28617023 0 28672264
1753240388 15  P 1307 28629693 0 28673414
1754279950 2  P 2780 28643545 0 28688845
1758827805 3  P 8161 28715385 0 28766053
1760756292 13  P 4893 28741225 0 28788533
1762894085 17  P 1055 28791747 0 28835242
1763515295 3  P 8180 28792166 0 28842853
1764606903 18  P 1155 28812379 0 28855999
1764681384 7  P 3407 28821851 0 28867755
1764779333 12  P 4859 28817284 0 28864599
1764802796 19  P 1099 28823690 0 28867245
1764825395 11  P 2392 28822889 0 28867724
1764979763 9  P 7243 28816142 0 28865832
1770693452 15  P 1357 28915592 0 28959363
1771081485 17  P 1084 28925859 0 28969385
1775673041 10  P 2819 28995759 0 29041019
1779389322 2  P 2799 29054918 0 29100237
1785668894 4  P 11660 29141100 0 29195317
1786273302 6  P 12749 29160749 0 29216007
1786559829 14  P 2242 29169150 0 29213807
1789459905 1  P 10597 29081755 0 29265453
1792084438 13  P 4911 29254487 0 29301810
1792832124 16  P 4224 29281321 0 29327948
1795649321 8  P 6067 29310648 0 29359184
1798719815 5  P 3228 29373965 0 29419667
1803313546 5  P 3246 29449211 0 29494931
1810992082 6  P 12768 29565722 0 29620997
1811872261 11  P 2441 29593655 0 29638539
1812091059 14  P 2260 29587436 0 29632108
1814646588 19  P 1118 29640311 0 29683884
1814790793 7  P 3889 29642349 0 29688737
1817593443 3  P 8328 29678030 0 29728866
1819167296 9  P 7273 29703920 0 29753638
1819983100 2  P 2817 29719987 0 29765325
1821300325 17  P 1103 29748625 0 29792169
1821654381 12  P 5119 29748859 0 29796426
1823131796 1  P 10810 29633216 0 29817129
1824891819 10  P 2837 29802140 0 29847417
1828461873 8  P 6252 29848063 0 29896781
1836247025 4  P 12105 29969318 0 30023979
1838269695 16  P 4254 30025740 0 30072393
1839100140 13  P 5005 30024696 0 30072114
1840131030 15  P 1386 30053227 0 30097026
1842278890 18  P 1184 30084928 0 30128571
1843822034 7  P 4203 30117673 0 30164380
1847655026 2  P 2836 30173344 0 30218701
1852481683 14  P 2355 30249097 0 30293865
1852568441 15  P 1449 30256938 0 30300801
1854530950 3  P 8347 30283194 0 30334050
1855226451 6  P 12787 30290439 0 30345730
1856860570 10  P 2856 30325897 0 30371193
1858529398 12  P 5270 30352865 0 30400585
1858997018 4  P 12420 30341733 0 30396709
1859943493 19  P 1136 30382437 0 30426027
1859987779 17  P 1121 30382461 0 30426022
1864386026 9  P 7302 30444753 0 30494501
1869657332 5  P 3265 30536168 0 30581905
1873466320 18  P 1202 30595882 0 30639546
1875053201 13  P 5024 30613731 0 30661167
1879350550 1  P 11139 30553968 0 30738208
1879356663 11  P 2471 30699289 0 30744201
1882707123 16  P 4273 30753784 0 30800454
1883602454 8  P 6701 30751030 0 30800193
1888870387 9  P 7321 30845886 0 30895652
1891150157 7  P 4649 30892643 0 30939796
1893204184 5  P 3284 30921941 0 30967695
1898677868 19  P 1155 31017042 0 31060650
1899070180 6  P 12805 31008757 0 31064064
1900193828 13  P 5092 31025567 0 31073070
1902028522 11  P 2489 31070727 0 31115655
1902144629 16  P 4292 31072228 0 31118918
1905201282 12  P 5438 31117364 0 31165254
1906468453 3  P 8499 31133985 0 31184992
1907990340 15  P 1501 31164918 0 31208829
1908456538 17  P 1140 31176554 0 31220133
1909169177 14  P 2518 31177697 0 31222629
1909185057 18  P 1232 31181067 0 31224761
1909719951 10  P 2889 31191911 0 31237240
1910319306 1  P 11383 31061110 0 31245592
1913747020 4  P 13109 31238053 0 31293721
1920264340 2  P 2854 31362956 0 31408331
1922164950 8  P 7024 31382506 0 31431991
1923657460 10  P 2907 31420244 0 31465591
1924172950 5  P 3302 31429314 0 31475087
1925873182 12  P 5588 31455899 0 31503940
1926247287 14  P 2537 31457486 0 31502436
1926353294 7  P 5130 31468923 0 31516555
1926561217 2  P 2872 31466105 0 31511499
1928928168 13  P 5154 31496287 0 31543850
1929734084 3  P 8551 31515116 0 31566174
1933488384 16  P 4311 31585746 0 31632451
1933599735 19  P 1186 31589171 0 31632809
1935214225 9  P 7340 31605164 0 31654949
1935565905 17  P 1171 31620683 0 31664292
1938678685 1  P 11614 31525513 0 31710227
1938872573 18  P 1283 31667415 0 31711160
1939727506 8  P 7273 31669998 0 31719726
1941367082 6  P 12824 31701730 0 31757056
1954177938 15  P 1587 31921569 0 31965563
1957762640 4  P 13556 31958749 0 32014868
1960247346 11  P 2508 32024566 0 32069508
1963251162 10  P 2938 32068917 0 32114291
1967246995 4  P 13641 32114055 0 32170257
1969029923 2  P 2891 32161894 0 32207305
1972937148 3  P 8613 32222891 0 32274012
1974934782 11  P 2526 32265186 0 32310147
1976532323 5  P 3320 32287151 0 32332942
1978568824 13  P 5206 32309547 0 32357157
1979772398 1  P 11801 32198602 0 32383499
1979880949 15  P 1606 32342668 0 32386681
1981151672 9  P 7359 32357784 0 32407587
1981420082 12  P 5816 32365749 0 32414015
1983835799 6  P 12843 32397519 0 32452862
1986278544 14  P 2634 32440937 0 32485983
1987535254 16  P 4341 32471220 0 32517955
1993028832 18  P 1302 32554692 0 32598455
1998503416 17  P 1190 32651832 0 32695459
2000289929 8  P 7630 32661891 0 32711974
2000884548 7  P 5807 32689346 0 32737661
2001787241 19  P 1205 32706335 0 32749993
2003716040 14  P 2718 32726546 0 32771678
2004168857 4  P 14086 32718529 0 32775173
2007552882 15  P 1657 32795993 0 32840056
2014423028 10  P 2957 32907298 0 32952691
2017139293 2  P 2910 32950099 0 32995529
2021579213 5  P 3338 33025181 0 33070989
2023725508 1  P 12046 32918479 0 33103622
2025669145 11  P 2544 33096399 0 33141379
2026019614 16  P 4360 33101729 0 33148483
2028306388 7  P 6025 33138402 0 33186939
2033524300 8  P 7812 33206216 0 33256478
2034005988 19  P 1224 33234189 0 33277864
2034256314 13  P 5291 33221844 0 33269541
2034966888 12  P 6062 33242809 0 33291321
2035054552 6  P 12862 33236668 0 33292028
2036597153 17  P 1209 33275941 0 33319587
2039374659 3  P 8763 33311250 0 33362522
2040745390 9  P 7388 33334138 0 33383969
2042638164 18  P 1320 33367472 0 33411255
2047063584 5  P 3357 33442698 0 33488524
2048278250 4  P 14500 33440794 0 33497858
2052440960 17  P 1228 33535507 0 33579170
2052943801 13  P 5322 33527988 0 33575715
2053694345 1  P 12276 33409253 0 33594624
2053712639 7  P 6349 33554325 0 33603189
2056591016 11  P 2563 33603005 0 33648002
2058414896 8  P 8092 33613736 0 33664280
2058538942 6  P 12881 33621417 0 33676796
2061641810 10  P 2975 33680912 0 33726321
2064231960 18  P 1338 33721246 0 33765047
2065917289 9  P 7407 33746536 0 33796381
2067990363 19  P 1243 33790970 0 33834663
2068153550 14  P 2880 33782125 0 33827417
2070740346 15  P 1751 33831159 0 33875315
2071691498 16  P 4379 33849998 0 33896770
2077015348 3  P 8846 33927870 0 33979225
2079733166 2  P 2929 33975618 0 34021065
2081841906 12  P 6310 34010554 0 34059312
2085076250 12  P 6328 34063526 0 34112303
2087407334 5  P 3376 34103670 0 34149515
2088678135 13  P 5374 34113407 0 34161187
2088927822 15  P 1770 34129123 0 34173297
2096934762 14  P 2899 34253657 0 34298968
2099610581 10  P 2994 34302973 0 34348401
2101093457 3  P 8897 34322314 0 34373719
2104947022 7  P 6872 34393216 0 34442599
2105334113 19  P 1262 34402791 0 34446502
2105378370 17  P 1258 34402804 0 34446494
2108170608 2  P 2948 34441518 0 34486983
2108620364 9  P 7426 34446164 0 34496028
2114403796 18  P 1367 34543231 0 34587061
2117210860 6  P 12899 34582679 0 34638074
2117309770 11  P 2582 34597801 0 34642818
2118149304 8  P 8577 34591933 0 34642956
2119668899 4  P 15371 34609574 0 34667505
2119910237 16  P 4409 34639983 0 34686785
2120413065 1  P 12754 34501889 0 34687725
2124778519 11  P 2601 34720150 0 34765186
2127292250 9  P 7444 34752065 0 34801948
2127469928 10  P 3027 34759387 0 34804849
2129344826 5  P 3395 34790755 0 34836619
2129685637 12  P 6544 34794182 0 34843178
2132600019 13  P 5424 34832972 0 34880800
2134115303 15  P 1821 34869423 0 34913647
2134961800 8  P 8762 34867198 0 34918411
2137894578 16  P 4428 34934620 0 34981441
2138425244 17  P 1277 34944225 0 34987933
2139513150 18  P 1385 34954604 0 34998453
2139950411 14  P 3014 34958306 0 35003732
2141881820 1  P 12923 34853458 0 35039466
2142618887 7  P 7482 35009805 0 35059805
2144820212 6  P 12918 35035011 0 35090424
2145592477 2  P 2967 35054618 0 35100103
2145859076 3  P 9016 35055632 0 35107157
2146247006 4  P 15809 35044582 0 35102951
2157271584 19  P 1281 35253715 0 35297445
2163966028 11  P 2620 35362179 0 35407234
2164100550 1  P 13021 35217387 0 35403497
2169511031 9  P 7463 35443758 0 35493659
2171563687 10  P 3046 35481800 0 35527281
2174774320 8  P 8980 35519266 0 35570694
2175311245 2  P 2986 35541512 0 35587013
2178553178 13  P 5476 35585815 0 35633692
2180106954 18  P 1403 35619674 0 35663539
2182302848 15  P 1904 35658841 0 35703150
2182938626 5  P 3413 35668817 0 35714699
2184394024 17  P 1295 35697358 0 35741084
2188137940 14  P 3098 35747723 0 35793233
2191238357 16  P 4447 35808585 0 35855423
2191560662 12  P 6856 35807624 0 35856933
2192997016 4  P 16223 35810114 0 35868895
2194413990 6  P 12936 35847537 0 35902968
2199046576 3  P 9111 35926960 0 35978578
2199525188 7  P 7892 35941740 0 35992149
2199865351 19  P 1311 35951541 0 35995300
2204009497 7  P 7943 36015159 0 36065620
2205110454 5  P 3431 36032062 0 36077960
2206585821 6  P 12955 36046941 0 36102390
2207778847 18  P 1422 36073031 0 36116915
2208285204 16  P 4465 36087862 0 36134715
2209407429 10  P 3065 36101813 0 36147313
2209669974 12  P 6951 36104230 0 36153637
2216325434 11  P 2649 36220006 0 36265087
2220918883 4  P 16505 36267298 0 36326361
2226045603 2  P 3005 36372725 0 36418242
2231325476 14  P 3149 36455256 0 36500814
2231505961 15  P 1957 36464932 0 36509293
2231975107 13  P 5560 36460995 0 36508955
2232537236 19  P 1330 36486819 0 36530595
2233084942 1  P 13467 36347170 0 36533725
2234664968 8  P 9519 36499964 0 36551932
2236495448 9  P 7481 36541211 0 36591131
2240253432 17  P 1313 36612540 0 36656284
2240999690 3  P 9195 36614233 0 36665932
2248667301 9  P 7500 36740615 0 36790554
2253769603 16  P 4483 36833059 0 36879930
2255677856 15  P 1976 36860946 0 36905325
2256140293 3  P 9214 36862278 0 36913996
2256704294 10  P 3084 36876706 0 36922225
2256967457 2  P 3024 36879329 0 36924865
2257695195 6  P 12973 36884299 0 36939766
2262800269 17  P 1331 36981928 0 37025692
2266329225 5  P 3450 37035052 0 37080968
2266731671 14  P 3268 37035231 0 37080907
2270290777 7  P 8554 37100487 0 37151557
2270966301 18  P 1440 37108276 0 37152177
2276028269 4  P 17017 37169692 0 37229262
2276227437 8  P 9735 37180702 0 37232888
2276262923 11  P 2668 37202003 0 37247101
2279310636 12  P 7236 37244932 0 37294622
2280428178 13  P 5611 37254797 0 37302810
2282146601 19  P 1349 37299599 0 37343395
2282788051 1  P 13785 37161185 0 37348053
2284428683 1  P 13785 37188065 0 37374933
2285173089 10  P 3102 37343119 0 37388657
2285325688 18  P 1459 37343521 0 37387441
2287200427 11  P 2686 37381184 0 37426301
2288211842 8  P 9950 37376835 0 37429237
2289827805 3  P 9299 37414127 0 37465930
2289886085 9  P 7518 37415925 0 37465882
2290813607 5  P 3469 37436185 0 37482120
2292778274 4  P 17367 37443769 0 37503683
2296420044 12  P 7319 37525167 0 37574940
2296865402 15  P 2060 37535677 0 37580139
2302113425 16  P 4501 37625105 0 37671995
2303419209 14  P 3320 37636268 0 37681994
2303740385 19  P 1368 37653373 0 37697187
2307769053 17  P 1349 37718678 0 37762460
2308492101 6  P 12991 37716538 0 37772021
2317686251 2  P 3042 37874128 0 37919680
2319350068 13  P 5662 37892440 0 37940506
2320337671 7  P 9163 37919833 0 37971515
2325154996 2  P 3060 37996477 0 38042048
2326573542 9  P 7537 38016993 0 38066968
2329157350 5  P 3487 38064389 0 38110344
2331294169 11  P 2704 38103596 0 38148733
2332024731 8  P 10236 38094370 0 38147051
2332366180 1  P 14114 37973137 0 38160331
2333528270 4  P 17750 38111028 0 38171324
2338655925 3  P 9417 38214007 0 38265925
2343497309 14  P 3403 38292822 0 38338632
2345795053 12  P 7502 38333940 0 38383893
2346419453 18  P 1478 38344462 0 38388401
2347128423 17  P 1367 38363523 0 38407323
2347818477 15  P 2113 38370439 0 38414950
2348209453 13  P 5680 38365253 0 38413337
2348660243 16  P 4520 38387709 0 38434616
2353912238 19  P 1387 38475370 0 38519200
2354282434 10  P 3120 38475389 0 38520943
2354493892 7  P 9574 38479028 0 38531123
2355960860 6  P 13010 38494247 0 38549747
2363764351 2  P 3078 38629033 0 38674623
2364240348 15  P 2132 38639476 0 38684005
2369137900 11  P 2722 38723610 0 38768765
2370876185 10  P 3139 38747242 0 38792814
2374278265 4  P 18200 38778222 0 38838966
2374341322 18  P 1496 38801915 0 38845872
2376400156 7  P 9724 38837789 0 38890033
2378146950 13  P 5732 38855696 0 38903831
2379021595 19  P 1406 38886742 0 38930591
2382042297 9  P 7556 38925774 0 38975767
2382570215 6  P 13029 38930195 0 38985715
2383094833 5  P 3506 38948082 0 38994056
2383175258 17  P 1397 38954084 0 38997915
2388434811 14  P 3553 39028925 0 39074886
2392444330 1  P 14502 38957056 0 39144640
2392841929 12  P 7816 39104435 0 39154701
2393628995 16  P 4539 39124458 0 39171383
2398837255 8  P 10814 39188435 0 39241695
