245926595 1  P 98 3803277 0 3976464
248356293 12  P 157 3977039 0 4019710
249424588 16  P 165 3998281 0 4040950
249785943 15  P 165 3998280 0 4040938
250121032 14  P 207 3998236 0 4040941
250230448 11  P 114 4010106 0 4052716
250239097 19  P 116 4010106 0 4052734
250283403 17  P 115 4010107 0 4052724
250730682 18  P 116 4010107 0 4052725
250989464 13  P 157 4010062 0 4052722
253416019 9  P 136 4057958 0 4100598
253421832 10  P 137 4057957 0 4100594
253976162 8  P 442 4057645 0 4100611
259101572 7  P 81 4157852 0 4200466
259427890 6  P 522 4157402 0 4200452
259451099 3  P 84 4157847 0 4200458
259452506 5  P 80 4157850 0 4200455
259622014 2  P 81 4157852 0 4200465
260089081 4  P 616 4157307 0 4200453
266402288 11  P 133 4275047 0 4317674
266455240 17  P 146 4275035 0 4317681
266538658 8  P 558 4263351 0 4306433
266902519 18  P 147 4275035 0 4317683
267161303 13  P 176 4275003 0 4317680
267959192 6  P 707 4296991 0 4340223
268070790 7  P 100 4304778 0 4347411
268386635 14  P 393 4297312 0 4340200
270435912 3  P 103 4337796 0 4380426
270436944 5  P 98 4337800 0 4380424
270606825 2  P 100 4337801 0 4380432
279525385 9  P 154 4485714 0 4528373
279531179 10  P 156 4485713 0 4528368
279629742 19  P 180 4491578 0 4534269
279973845 1  P 568 4360621 0 4534277
282018317 16  P 198 4532264 0 4574965
282246865 12  P 548 4531901 0 4574966
282379676 15  P 184 4532277 0 4574952
282823881 4  P 1127 4529262 0 4572920
285430134 7  P 118 4589175 0 4631824
285779659 3  P 122 4589169 0 4631818
285950575 2  P 119 4589174 0 4631824
286119136 9  P 173 4593727 0 4636405
286124935 10  P 175 4593726 0 4636399
286824969 12  P 600 4606857 0 4649974
287292913 14  P 445 4607019 0 4649958
287690221 16  P 216 4625173 0 4667891
288051576 15  P 203 4625186 0 4667878
288773043 8  P 938 4627249 0 4670718
289511646 11  P 152 4653651 0 4696297
289564638 17  P 164 4653640 0 4696304
289864468 1  P 798 4522435 0 4696321
289917629 4  P 1478 4645129 0 4689139
290011917 18  P 165 4653640 0 4696306
290270661 13  P 195 4653607 0 4696303
292874829 5  P 117 4705396 0 4748038
294381457 6  P 1317 4729259 0 4773102
302114090 19  P 199 4859942 0 4902651
303942590 1  P 887 4753001 0 4926977
304457825 19  P 218 4898323 0 4941050
304761353 4  P 1704 4888096 0 4932337
309718563 5  P 136 4981345 0 5024004
309787703 6  P 1402 4981588 0 5025518
310299571 16  P 246 4995575 0 5038323
310660932 15  P 233 4995588 0 5038309
310949193 14  P 594 4994452 0 5037537
312523897 7  P 137 5033060 0 5075728
312873425 3  P 141 5033054 0 5075721
313044338 2  P 138 5033059 0 5075728
314462910 9  P 192 5058092 0 5100789
314468705 10  P 194 5058091 0 5100782
318695354 8  P 1253 5117168 0 5160953
321199968 12  P 949 5169700 0 5213168
322105391 11  P 170 5187648 0 5230310
322158409 17  P 183 5187638 0 5230318
322605685 18  P 184 5187638 0 5230322
322864409 13  P 213 5187604 0 5230319
323445758 7  P 155 5211985 0 5254671
323795284 3  P 159 5211979 0 5254665
323966199 2  P 156 5211984 0 5254672
324449131 11  P 188 5226029 0 5268710
325208153 13  P 231 5225985 0 5268719
326054680 8  P 1513 5237477 0 5281525
327830249 17  P 201 5280546 0 5323245
328277530 18  P 202 5280547 0 5323250
328515428 5  P 155 5289294 0 5331971
328746016 14  P 745 5285882 0 5329121
329215988 12  P 1132 5300841 0 5344494
329948849 4  P 2474 5299977 0 5344988
330556615 9  P 221 5321740 0 5364468
330562410 10  P 223 5321740 0 5364462
336022038 6  P 2091 5410706 0 5455325
341893324 16  P 265 5513188 0 5555955
342254676 15  P 252 5513201 0 5555941
342458654 1  P 1391 5383523 0 5558007
342551590 19  P 237 5522432 0 5565178
344802388 1  P 1405 5421908 0 5596406
345978545 9  P 239 5574394 0 5617137
345999932 10  P 241 5574649 0 5617390
346367206 8  P 1760 5570023 0 5614320
347984192 5  P 174 5608251 0 5650945
348049007 17  P 220 5611791 0 5654508
348091132 12  P 1284 5609937 0 5653739
348164507 7  P 174 5616958 0 5659663
348496287 18  P 221 5611792 0 5654512
348511621 14  P 844 5609623 0 5652957
348514035 3  P 178 5616952 0 5659657
348684948 2  P 175 5616957 0 5659664
350395329 19  P 256 5650925 0 5693690
350803290 6  P 2371 5652592 0 5697496
359237078 16  P 284 5797329 0 5840113
359598435 15  P 271 5797342 0 5840101
360901996 4  P 3020 5806557 0 5852115
362542866 11  P 217 5850128 0 5892838
363301879 13  P 260 5850084 0 5892846
366417904 14  P 945 5902892 0 5946331
366692234 19  P 275 5917915 0 5960698
368130530 1  P 1618 5803897 0 5978607
368201557 3  P 215 5939475 0 5982217
368202962 5  P 193 5939497 0 5982209
369337928 9  P 257 5957096 0 5999856
369343723 10  P 260 5957095 0 5999852
370147071 6  P 2666 5969215 0 6014416
370964821 11  P 236 5988094 0 6030821
371017790 17  P 239 5988093 0 6030825
371145706 13  P 345 5978512 0 6021357
371465067 18  P 240 5988094 0 6030831
372283997 16  P 317 6011057 0 6053872
372645351 15  P 304 6011070 0 6053861
372933253 4  P 3282 6003410 0 6049233
374164282 8  P 2205 6024998 0 6069739
374903753 12  P 1567 6048947 0 6093031
382398919 7  P 193 6177836 0 6220556
382919331 2  P 205 6177823 0 6220559
385841176 12  P 1586 6228127 0 6272229
386736514 17  P 258 6245609 0 6288355
387183793 18  P 259 6245610 0 6288366
388410958 15  P 353 6269323 0 6312163
388431656 9  P 275 6269908 0 6312687
388437451 10  P 278 6269907 0 6312683
390205902 16  P 347 6304659 0 6347502
390242644 7  P 211 6306328 0 6349067
390763063 2  P 224 6306316 0 6349071
392027003 4  P 3558 6315960 0 6362062
392379696 19  P 326 6338725 0 6381555
392418096 11  P 382 6339435 0 6382304
393554846 8  P 2349 6342543 0 6387428
399262249 14  P 1154 6440794 0 6484437
401037676 6  P 3013 6474969 0 6520518
401817645 13  P 454 6480929 0 6523882
402185889 3  P 245 6496244 0 6539016
402187318 5  P 238 6496251 0 6539007
402896152 1  P 1979 6373131 0 6548205
405285928 15  P 407 6545747 0 6588638
405864036 19  P 371 6559607 0 6602481
406355658 18  P 314 6559666 0 6602474
407862201 16  P 484 6593800 0 6636776
408218679 10  P 324 6593956 0 6636778
408349258 1  P 1994 6462460 0 6637549
409075496 12  P 1673 6608711 0 6652896
409869151 9  P 321 6621094 0 6663917
411084537 6  P 3278 6639308 0 6685121
412424017 17  P 303 6666429 0 6709217
412624783 5  P 270 6667226 0 6710013
412835919 8  P 2664 6658125 0 6703320
413505167 13  P 594 6672275 0 6715367
419529654 3  P 263 6780385 0 6823176
420776988 4  P 4151 6786393 0 6833094
421058636 11  P 466 6808596 0 6851541
421836378 7  P 303 6823867 0 6866699
422356818 2  P 243 6823929 0 6866702
422402856 14  P 1247 6819835 0 6863567
425069054 6  P 3422 6868282 0 6914239
425770745 13  P 707 6873118 0 6916323
428136787 11  P 485 6924546 0 6967508
428289072 8  P 2842 6911127 0 6956501
428823854 4  P 4235 6918147 0 6964932
429543447 14  P 1266 6936807 0 6980558
430161017 15  P 524 6953180 0 6996185
430301620 19  P 404 6959959 0 7002865
430345866 17  P 344 6960017 0 7002849
431318018 1  P 2263 6838504 0 7013865
431809929 12  P 1724 6981139 0 7025372
432273872 7  P 322 6994856 0 7037707
433528677 2  P 262 7006950 0 7049742
437749987 10  P 384 7077736 0 7120616
439027522 18  P 356 7094920 0 7137768
439467153 3  P 282 7107022 0 7149831
439468557 5  P 288 7107016 0 7149820
440096598 16  P 631 7121777 0 7164899
442306658 9  P 339 7152530 0 7195373
445739074 19  P 434 7212856 0 7255789
446060891 3  P 301 7215035 0 7257862
447902421 11  P 504 7248367 0 7291348
447918446 14  P 1304 7237826 0 7281611
448220985 17  P 392 7252834 0 7295712
450150395 9  P 357 7281023 0 7323884
450195745 7  P 373 7288436 0 7331338
452747429 2  P 281 7321811 0 7364622
453246350 18  P 374 7327862 0 7370728
453370754 4  P 4654 7319895 0 7367098
457523622 8  P 3145 7389797 0 7435476
458145490 15  P 660 7411540 0 7454679
458921807 10  P 413 7424585 0 7467493
459100295 6  P 3755 7425508 0 7471797
461265432 5  P 306 7464117 0 7506936
461268481 16  P 719 7468568 0 7511771
462333651 1  P 2506 7346420 0 7522022
462802107 13  P 984 7479559 0 7523040
462919294 12  P 1826 7490729 0 7535063
464181630 9  P 416 7510851 0 7553769
465011835 11  P 573 7528616 0 7571666
465122431 12  P 1826 7526826 0 7571158
467036778 1  P 2564 7423417 0 7599076
467039075 8  P 3267 7545573 0 7591375
467957952 19  P 529 7576795 0 7619820
468402602 18  P 434 7576121 0 7619046
469207923 15  P 701 7592745 0 7635924
470574708 14  P 1470 7608857 0 7652805
470716197 2  P 299 7616192 0 7659022
471583715 13  P 1053 7623359 0 7666909
473549142 17  P 490 7667710 0 7710679
474055128 7  P 490 7679229 0 7722249
474404660 3  P 319 7679400 0 7722246
475031224 10  P 431 7688504 0 7731430
475127918 16  P 749 7695610 0 7738844
478734184 5  P 325 7750306 0 7793143
479011381 4  P 5098 7739539 0 7787187
481428334 6  P 3926 7791157 0 7837616
483980960 14  P 1543 7828429 0 7872452
485570759 7  P 542 7867848 0 7910920
486458675 13  P 1096 7867025 0 7910619
488449520 18  P 463 7904540 0 7947493
490498421 3  P 338 7943061 0 7985925
490534144 16  P 768 7948007 0 7991256
490833027 19  P 589 7951519 0 7994602
492323878 4  P 5265 7957481 0 8005298
492952951 5  P 344 7983247 0 8026102
493772250 6  P 4074 7993251 0 8039855
494414274 8  P 3583 7993766 0 8039880
498705431 17  P 549 8079810 0 8122837
499677420 1  P 2794 7957966 0 8133855
500294157 12  P 1955 8102948 0 8147407
500786179 15  P 789 8110034 0 8153296
501434964 2  P 318 8119469 0 8162317
501619170 9  P 435 8124209 0 8167144
502043025 11  P 697 8135208 0 8178380
502828083 10  P 460 8143897 0 8186852
503746511 14  P 1640 8152169 0 8196285
504296791 10  P 479 8167942 0 8210916
505455945 16  P 837 8192416 0 8235732
505817319 15  P 820 8192434 0 8235725
505937275 5  P 363 8195964 0 8238835
505962850 9  P 465 8195345 0 8238312
508342135 3  P 357 8235394 0 8278276
508396218 13  P 1175 8226368 0 8270039
508865859 6  P 4265 8240350 0 8287148
508930240 7  P 675 8250436 0 8293641
513505594 1  P 2924 8184395 0 8360414
515976655 8  P 3761 8346861 0 8393154
516542797 4  P 5673 8353869 0 8402091
518652402 11  P 716 8407318 0 8450507
518903740 2  P 336 8405659 0 8448526
520683979 18  P 553 8432578 0 8475620
520997369 12  P 2076 8442023 0 8486608
521408545 17  P 598 8451729 0 8494802
522567351 19  P 659 8471381 0 8514528
523240821 6  P 4370 8475763 0 8522664
523948889 4  P 5861 8475017 0 8523430
524684054 14  P 1685 8495163 0 8539321
526091200 2  P 354 8523399 0 8566285
527805256 7  P 694 8559665 0 8602886
527906173 10  P 497 8554739 0 8597732
528942386 19  P 659 8575829 0 8618976
529279667 3  P 375 8578415 0 8621315
529333642 13  P 1294 8569286 0 8613072
533327945 5  P 399 8644694 0 8687600
535267880 17  P 640 8678758 0 8721870
535478557 9  P 506 8678889 0 8721896
535839887 11  P 749 8688884 0 8732105
538598579 15  P 918 8729421 0 8772806
539614917 1  P 3180 8611908 0 8788183
540065387 16  P 929 8759361 0 8802766
540679792 8  P 4039 8751313 0 8797885
541669290 12  P 2188 8780597 0 8825292
543058976 18  P 594 8799129 0 8842210
543559048 14  P 1803 8804290 0 8848563
544216148 12  P 2217 8822296 0 8867020
545666015 9  P 547 8845759 0 8888807
547898543 8  P 4082 8869541 0 8916152
548156199 5  P 499 8887538 0 8930542
548208633 13  P 1331 8878495 0 8922319
548373427 3  P 394 8891228 0 8934146
550680145 7  P 826 8934314 0 8977665
550693044 1  P 3251 8793339 0 8969683
550890545 10  P 557 8931254 0 8974303
551272215 6  P 4693 8934701 0 8981925
551721054 17  P 659 8948308 0 8991437
554995942 4  P 6343 8983200 0 9032095
555715159 18  P 623 9006457 0 9049568
555809965 2  P 419 9010245 0 9053193
558598628 19  P 717 9061656 0 9104862
559972017 16  P 1026 9085407 0 9128903
561129827 15  P 995 9098495 0 9141955
561793017 11  P 842 9114003 0 9157319
564950552 12  P 2328 9161896 0 9206728
565217207 3  P 412 9167178 0 9210114
565812433 10  P 605 9175684 0 9218781
565902694 18  P 641 9173351 0 9216477
566229650 1  P 3423 9047718 0 9224233
567361649 17  P 677 9204544 0 9247691
567572276 9  P 588 9204630 0 9247718
568074725 14  P 1902 9205854 0 9250221
568101720 8  P 4312 9200312 0 9247149
569973574 19  P 748 9247992 0 9291226
569980278 4  P 6514 9228531 0 9277597
570647204 6  P 4842 9251989 0 9299362
570815736 16  P 1081 9263016 0 9306563
572989668 15  P 1024 9292769 0 9336260
573497465 2  P 551 9299901 0 9342981
575214922 11  P 861 9333889 0 9377220
577687340 5  P 630 9371242 0 9414372
579755586 13  P 1430 9395259 0 9439176
582414532 7  P 966 9454108 0 9497597
582862635 16  P 1139 9460331 0 9503933
583379833 19  P 789 9467598 0 9510871
585028676 12  P 2420 9490761 0 9535684
585033490 17  P 754 9493998 0 9537220
585648556 8  P 4403 9487708 0 9534632
587492634 7  P 985 9537289 0 9580797
587949542 18  P 671 9534535 0 9577691
588154690 3  P 430 9542966 0 9585919
589653779 2  P 666 9564486 0 9607686
590234323 10  P 660 9575755 0 9618906
590621182 11  P 928 9586237 0 9629633
592880287 15  P 1067 9618612 0 9662145
596046751 5  P 660 9672012 0 9715172
596944044 6  P 4996 9682678 0 9730205
599259785 9  P 622 9723764 0 9766883
600177449 13  P 1529 9729750 0 9773765
601411806 1  P 3665 9623890 0 9800654
602011562 4  P 6762 9753077 0 9802391
603424187 17  P 784 9795280 0 9838534
603449760 14  P 2059 9785279 0 9829799
605244150 9  P 653 9821781 0 9864929
605906068 5  P 689 9833518 0 9876705
607378286 16  P 1207 9861928 0 9905594
608430708 7  P 1103 9880213 0 9923835
608770886 15  P 1129 9878899 0 9922496
609105957 11  P 1029 9888983 0 9932479
609887140 18  P 718 9893913 0 9937114
611120937 4  P 6864 9902220 0 9951636
611200610 2  P 883 9917286 0 9960706
611412803 6  P 5149 9919576 0 9967256
613794717 12  P 2535 9961940 0 10006974
614552883 1  P 3795 9839054 0 10015950
614664686 8  P 4625 9962878 0 10010018
617302555 19  P 845 10023319 0 10066640
619688285 10  P 690 10058286 0 10101465
621615866 13  P 1594 10080917 0 10124992
621856836 14  P 2150 10086754 0 10131366
622249277 3  P 448 10101541 0 10144510
623799987 17  P 833 10129054 0 10172354
623897079 13  P 1594 10118292 0 10162368
626040059 8  P 4706 10149163 0 10196383
626762878 18  P 760 10170348 0 10213590
628496758 4  P 6980 10186773 0 10236304
628962635 7  P 1173 10216524 0 10260215
629388082 11  P 1047 10221254 0 10264767
630093003 3  P 467 10230033 0 10273022
630453823 5  P 726 10235658 0 10278881
630646994 1  P 3924 10102603 0 10279625
630911869 19  P 888 10246251 0 10289615
633610119 10  P 708 10286363 0 10329559
633675945 16  P 1324 10292657 0 10336437
636842064 12  P 2615 10339460 0 10384572
638694863 6  P 5335 10366364 0 10414228
639193582 15  P 1206 10377250 0 10420923
639278657 14  P 2182 10372160 0 10416803
640416857 9  P 672 10398018 0 10441182
641733065 2  P 1093 10417296 0 10460925
642958789 19  P 935 10443579 0 10486990
643569820 6  P 5335 10446235 0 10494100
643635594 9  P 690 10450736 0 10493918
644174942 17  P 904 10462805 0 10506172
644834526 13  P 1676 10461246 0 10505401
645438124 5  P 756 10481131 0 10524384
645446159 8  P 4874 10466941 0 10514331
646357617 12  P 2659 10495318 0 10540475
648014401 2  P 1177 10520122 0 10563837
653100127 1  P 4166 10470227 0 10647495
655543555 4  P 7328 10629553 0 10679435
656974786 15  P 1266 10668515 0 10712249
657153640 14  P 2275 10664928 0 10709665
657794086 18  P 832 10678690 0 10721999
658325485 11  P 1119 10695291 0 10738875
658853246 7  P 1321 10706102 0 10749938
660328864 10  P 727 10724104 0 10767318
660389871 3  P 486 10726398 0 10769403
661472876 16  P 1433 10747970 0 10791854
663003065 17  P 934 10771255 0 10814651
664144703 16  P 1452 10791726 0 10835629
664896258 19  P 989 10802948 0 10846410
668465344 4  P 7426 10841162 0 10891141
668503784 1  P 4280 10722484 0 10899865
668591190 14  P 2289 10852306 0 10897056
668781872 5  P 775 10863576 0 10906847
670998681 2  P 1377 10896490 0 10940408
671476256 6  P 5747 10903032 0 10951308
673231677 18  P 861 10931589 0 10974925
673365746 13  P 1788 10928588 0 10972854
673604405 9  P 720 10941714 0 10984927
674912318 15  P 1303 10962366 0 11006132
674977601 8  P 5305 10950343 0 10998166
675654492 12  P 2881 10975092 0 11020472
678181417 7  P 1404 11022689 0 11066607
678858652 3  P 504 11028972 0 11071994
680059893 11  P 1175 11051330 0 11094968
681797717 10  P 745 11075830 0 11119063
683747373 11  P 1175 11111746 0 11155384
684950541 14  P 2369 11120257 0 11165085
686068868 1  P 4411 11010139 0 11187649
686304320 6  P 5907 11145812 0 11194248
688225128 13  P 1806 11172026 0 11216309
688352506 8  P 5405 11169378 0 11217299
688434094 4  P 7445 11168311 0 11218307
688677954 15  P 1322 11187884 0 11231666
691237843 17  P 1012 11233768 0 11277241
691875704 5  P 794 11241926 0 11285215
692881113 19  P 1045 11261389 0 11304904
692985164 10  P 764 11259106 0 11302357
693106643 18  P 920 11257160 0 11300555
694967990 3  P 523 11292888 0 11335930
696685726 12  P 2985 11319559 0 11365042
699373833 2  P 1737 11361025 0 11405296
700712655 7  P 1506 11391735 0 11435755
701535352 16  P 1518 11404266 0 11448233
701791864 9  P 738 11403518 0 11446749
703069824 6  P 6047 11420355 0 11468932
703603271 7  P 1557 11439044 0 11483115
704010615 9  P 756 11439852 0 11483100
706584196 15  P 1359 11481223 0 11525038
706946258 8  P 5531 11473890 0 11521939
708123241 12  P 3097 11506836 0 11552430
708365427 19  P 1094 11515035 0 11558598
709152848 4  P 7463 11507749 0 11557761
709313151 5  P 812 11527602 0 11570907
710903632 11  P 1251 11556598 0 11600309
711172607 10  P 805 11557048 0 11600339
712903670 14  P 2570 11578036 0 11623063
713576802 2  P 2100 11593350 0 11637989
713816024 17  P 1068 11603632 0 11647158
714153532 18  P 970 11601942 0 11645385
714412631 13  P 1903 11600983 0 11645359
715787624 1  P 4699 11496757 0 11674553
721561759 3  P 541 11728581 0 11771641
721691617 16  P 1624 11734397 0 11778472
723731770 14  P 2639 11755372 0 11800471
724338741 9  P 787 11772877 0 11816150
724482608 12  P 3212 11774753 0 11820456
725905509 3  P 560 11799731 0 11842808
726224796 19  P 1125 11807612 0 11851203
727657016 5  P 865 11828095 0 11871451
729115747 13  P 1950 11841831 0 11886254
729428262 1  P 4800 11720144 0 11898037
731102644 8  P 5863 11869325 0 11917710
731868886 7  P 1692 11902010 0 11946214
732606727 11  P 1364 11912069 0 11955889
732621621 4  P 7482 11892243 0 11942270
732875794 10  P 845 11912591 0 11955918
732879167 16  P 1657 11917661 0 11961769
732983078 2  P 2523 11910868 0 11955931
733240467 15  P 1438 11917880 0 11961772
735054164 6  P 6343 11944085 0 11992957
736753536 17  P 1116 11979390 0 12022964
742806369 7  P 1725 12081177 0 12125411
743341435 18  P 1018 12080100 0 12123589
745553280 13  P 1996 12111095 0 12155562
747429137 6  P 6491 12146685 0 12195701
747466029 11  P 1402 12155485 0 12199343
748256379 1  P 5001 12028414 0 12206513
750172535 5  P 935 12196917 0 12240342
750452382 3  P 593 12201873 0 12244982
752276217 9  P 861 12230529 0 12273873
752670179 12  P 3280 12236510 0 12282280
755524447 8  P 6054 12269254 0 12317829
757175935 16  P 1747 12315645 0 12359846
757313251 10  P 874 12312944 0 12356302
758646698 15  P 1534 12334037 0 12378021
759295549 2  P 2888 12341601 0 12387028
759987900 17  P 1185 12359989 0 12403632
760216194 14  P 2745 12353024 0 12398225
760840354 4  P 7501 12354559 0 12404606
761631088 19  P 1232 12387599 0 12431295
761747702 18  P 1066 12381618 0 12425154
763213729 9  P 912 12409676 0 12453072
765157003 10  P 893 12441437 0 12484813
768071252 8  P 6183 12474690 0 12523396
773475136 1  P 5174 12441420 0 12619694
773762901 11  P 1458 12586276 0 12630190
775014316 2  P 3101 12598922 0 12644558
775421141 3  P 612 12610942 0 12654069
775809132 4  P 7519 12599789 0 12649853
776553002 19  P 1263 12632049 0 12675775
776900128 7  P 1744 12639750 0 12684001
777576381 12  P 3398 12644453 0 12690340
778503473 17  P 1254 12663279 0 12706988
780131113 15  P 1633 12685938 0 12730015
780360440 5  P 1094 12691347 0 12734932
780497461 14  P 2873 12685181 0 12730509
780693934 13  P 2251 12686576 0 12731304
780851091 6  P 6695 12694065 0 12743281
782122732 18  P 1115 12715392 0 12758976
782660343 16  P 1834 12733093 0 12777377
784006073 15  P 1648 12749410 0 12793502
784743855 7  P 1763 12768243 0 12812513
785365747 1  P 5290 12636118 0 12814508
786528671 14  P 2891 12783978 0 12829323
786726223 6  P 6791 12790226 0 12839538
786810183 18  P 1115 12792192 0 12835775
786988418 16  P 1834 12804005 0 12848289
788446300 8  P 6474 12808221 0 12857216
788737839 17  P 1283 12830929 0 12874667
788760583 9  P 975 12828172 0 12871631
789139888 3  P 631 12835692 0 12878837
791453889 10  P 912 12872266 0 12915658
792168466 4  P 7538 12867801 0 12917884
793547940 5  P 1179 12907324 0 12950993
793967614 2  P 3406 12909143 0 12955084
796700455 11  P 1495 12962048 0 13005998
798381068 19  P 1322 12989620 0 13033403
799154506 12  P 3567 12997817 0 13043874
802537671 13  P 2333 13044380 0 13089188
803035308 16  P 1883 13066868 0 13111200
803068539 19  P 1322 13066420 0 13110203
803396737 15  P 1686 13067069 0 13111195
804231720 11  P 1513 13085421 0 13129390
805701807 2  P 3597 13101202 0 13147335
806089093 9  P 1026 13112024 0 13155533
808481996 18  P 1175 13147202 0 13190845
809169259 14  P 2995 13154815 0 13200260
809215336 4  P 7622 13147012 0 13197179
810607579 12  P 3582 13185449 0 13231521
811040753 7  P 1781 13199072 0 13243359
811874235 3  P 650 13208152 0 13251316
812938536 5  P 1273 13224923 0 13268688
813147028 13  P 2395 13218141 0 13263010
813922607 10  P 941 13240364 0 13283785
815790036 8  P 6695 13255994 0 13305212
817315993 17  P 1344 13299092 0 13342888
817443860 1  P 5591 13161377 0 13340064
819444864 6  P 7065 13326008 0 13375590
825243104 8  P 6797 13410767 0 13460088
826060740 12  P 3652 13438562 0 13484704
826224746 15  P 1784 13440985 0 13485207
826247409 14  P 3014 13434605 0 13480066
827191700 16  P 2015 13462513 0 13506974
827724830 19  P 1371 13470339 0 13514167
829959489 1  P 5635 13366388 0 13545120
830919536 18  P 1223 13514769 0 13558460
832347252 17  P 1362 13545345 0 13589158
832813541 5  P 1349 13550479 0 13594314
833509488 7  P 1811 13567169 0 13611485
834475990 6  P 7160 13572180 0 13621859
838669237 11  P 1587 13649569 0 13693611
839131404 13  P 2537 13643723 0 13688733
840576807 2  P 3871 13672310 0 13718721
840717959 3  P 694 13680683 0 13723891
843043493 4  P 7739 13701134 0 13751416
843104808 9  P 1077 13718436 0 13761994
843110211 10  P 992 13718520 0 13761993
843131066 19  P 1400 13722725 0 13766581
843157385 5  P 1400 13719900 0 13763785
844738448 16  P 2099 13749913 0 13794457
845063686 10  P 1011 13750500 0 13793992
846309884 11  P 1606 13774734 0 13818792
847451818 2  P 3969 13784849 0 13831359
847769176 17  P 1392 13797987 0 13841826
848303259 1  P 5777 13666786 0 13845660
848351121 6  P 7313 13799356 0 13849187
849311748 3  P 713 13821464 0 13864691
851756114 15  P 1869 13859204 0 13903509
852728290 7  P 1912 13881944 0 13926364
853028945 18  P 1283 13876949 0 13920698
855118159 8  P 7098 13899933 0 13949548
855544306 14  P 3110 13914505 0 13960061
855842057 12  P 3750 13926398 0 13972637
856964165 9  P 1095 13945489 0 13989065
856981032 4  P 7824 13929399 0 13979767
862897053 13  P 2763 14032870 0 14078107
863881386 13  P 2763 14048997 0 14094235
865057906 9  P 1114 14078077 0 14121672
865779515 12  P 3803 14089161 0 14135450
866485543 10  P 1041 14101446 0 14144968
867287421 19  P 1467 14118433 0 14162356
867575771 18  P 1302 14115265 0 14159033
867655003 2  P 4267 14115551 0 14162361
867655472 3  P 731 14121989 0 14165235
868472820 16  P 2155 14138720 0 14183320
869631473 1  P 6021 14015980 0 14195097
870884489 7  P 1963 14179364 0 14223833
871391690 5  P 1515 14182373 0 14226375
873946296 8  P 7289 14208219 0 14258025
876544232 11  P 1717 14269980 0 14314149
877037335 15  P 1925 14273354 0 14317713
877200525 14  P 3249 14269179 0 14314874
879659824 17  P 1441 14320433 0 14364319
880132278 6  P 7526 14319838 0 14369884
880746613 4  P 7940 14318656 0 14369136
883550359 17  P 1452 14384164 0 14428061
883622638 18  P 1331 14378147 0 14421943
885550909 16  P 2202 14418480 0 14463124
885663555 6  P 7578 14410410 0 14460507
885934144 4  P 7959 14403630 0 14454127
886193561 19  P 1533 14428122 0 14472112
886295540 2  P 4466 14420755 0 14467766
886479752 9  P 1133 14429034 0 14472647
888153635 14  P 3324 14448557 0 14494327
888834186 15  P 1943 14466616 0 14510990
890419351 11  P 1736 14497291 0 14541479
892568959 13  P 2858 14518919 0 14564247
894493860 7  P 1981 14566161 0 14610649
894868177 8  P 7467 14550823 0 14600806
895545136 12  P 3900 14576744 0 14623126
899126080 5  P 1566 14636720 0 14680772
899202377 3  P 750 14638834 0 14682098
900204313 10  P 1082 14653852 0 14697415
902397031 1  P 6266 14552559 0 14731921
903059845 11  P 1773 14704356 0 14748578
903997693 18  P 1415 14711885 0 14755764
905186730 3  P 769 14736863 0 14780146
905912295 15  P 1973 14746394 0 14790795
908170563 2  P 4744 14778870 0 14826162
908706617 17  P 1549 14796226 0 14840216
909591967 12  P 3932 14806855 0 14853268
910240762 1  P 6310 14681025 0 14860431
911225159 13  P 3020 14824418 0 14869903
912023043 6  P 7780 14842078 0 14892377
914488475 16  P 2318 14892475 0 14937233
914763031 14  P 3455 14884390 0 14930291
914887221 4  P 8062 14877891 0 14928494
918938664 10  P 1101 14960777 0 15004358
919365529 19  P 1593 14971551 0 15015598
919790750 7  P 2065 14980539 0 15025111
920198527 9  P 1151 14981464 0 15025093
921766750 5  P 1617 15007612 0 15051717
922696314 8  P 7757 15006465 0 15056739
923019719 16  P 2351 15032218 0 15077007
924107630 12  P 4069 15044540 0 15091089
924818874 1  P 6410 14919770 0 15099277
925943557 15  P 2044 15074515 0 15118983
927809904 14  P 3493 15098112 0 15144051
927819910 6  P 7895 15100776 0 15151189
928667272 9  P 1170 15120197 0 15163844
932372656 18  P 1475 15176718 0 15220658
933027859 4  P 8178 15174988 0 15225707
935753559 17  P 1598 15239314 0 15283349
935779953 2  P 5021 15230939 0 15278512
935782425 10  P 1119 15236726 0 15280325
937522089 13  P 3114 15255170 0 15300750
938525131 7  P 2117 15287430 0 15332053
940256082 19  P 1642 15313772 0 15357867
940358639 3  P 787 15313101 0 15356398
940852519 8  P 7954 15303731 0 15354206
941454221 5  P 1668 15330120 0 15374273
942138001 11  P 1865 15344519 0 15388832
943381033 15  P 2093 15360162 0 15404678
943577338 3  P 806 15365818 0 15409134
944376166 10  P 1138 15377507 0 15421124
947075497 11  P 1865 15425415 0 15469728
947457202 16  P 2479 15432472 0 15477389
947920562 2  P 5218 15429650 0 15477421
948553290 13  P 3180 15435838 0 15481482
951325547 14  P 3530 15483356 0 15529330
952694863 6  P 8106 15508110 0 15558734
953446995 7  P 2170 15531857 0 15576529
954987902 17  P 1647 15554399 0 15598483
955412316 19  P 1679 15562054 0 15606184
956404495 12  P 4153 15573607 0 15620239
959857086 18  P 1549 15626948 0 15670960
960141668 5  P 1698 15636265 0 15680447
960493201 8  P 8156 15625318 0 15675991
960537597 1  P 6708 15504684 0 15684483
961886073 9  P 1200 15664424 0 15708100
962715360 4  P 8294 15661268 0 15712105
963122393 11  P 1884 15688309 0 15732640
963662310 15  P 2193 15692348 0 15736961
964370402 9  P 1218 15705108 0 15748802
964675396 17  P 1647 15713119 0 15757200
965513075 14  P 3549 15715785 0 15761774
966138290 18  P 1549 15729859 0 15773871
966428316 13  P 3292 15728588 0 15774344
970368155 8  P 8235 15787027 0 15837783
971435777 12  P 4252 15819781 0 15866508
973546121 3  P 825 15856807 0 15900140
974529962 2  P 5465 15865367 0 15913383
975402894 4  P 8345 15869088 0 15919975
976238503 16  P 2559 15903944 0 15948939
976813723 10  P 1156 15908945 0 15952578
977318622 19  P 1749 15920896 0 15965093
978876074 5  P 1783 15943123 0 15987391
979006393 1  P 6865 15807114 0 15987073
981634517 7  P 2222 15993629 0 16038351
982960480 6  P 8325 16003758 0 16054599
983497361 11  P 1957 16022056 0 16066459
984271973 1  P 6893 15893357 0 16073345
986769727 16  P 2608 16076439 0 16121481
987576808 2  P 5642 16078944 0 16127140
987597237 17  P 1722 16088595 0 16132750
988480930 4  P 8408 16083294 0 16134244
992243859 7  P 2241 16167434 0 16212175
992657434 10  P 1174 16168509 0 16212162
993797918 5  P 1801 16187585 0 16231870
994217002 12  P 4285 16192995 0 16239754
994427943 15  P 2333 16196267 0 16241020
994622405 14  P 3605 16192656 0 16238700
995149402 8  P 8459 16192815 0 16243796
995903894 18  P 1636 16217451 0 16261549
996334175 19  P 1803 16232392 0 16276644
997866731 6  P 8480 16247823 0 16298821
998068866 13  P 3479 16246796 0 16292739
1000264856 3  P 843 16294548 0 16337899
1002042283 9  P 1237 16322305 0 16366016
1004241614 6  P 8565 16352184 0 16403267
1004825523 11  P 1994 16371459 0 16415895
1006263824 12  P 4317 16390336 0 16437129
1007131028 15  P 2398 16404327 0 16449148
1007737842 17  P 1778 16418522 0 16462733
1008251189 10  P 1193 16423979 0 16467649
1008540730 7  P 2325 16434355 0 16479182
1010888009 14  P 3623 16459134 0 16505195
1014261003 9  P 1256 16522478 0 16566207
1016271732 19  P 1851 16559000 0 16603298
1017084512 13  P 3658 16558163 0 16604288
1017091434 18  P 1672 16564550 0 16608684
1017418432 4  P 8524 16557286 0 16608352
1018225089 1  P 7151 16449380 0 16629627
1018657318 5  P 1884 16594796 0 16639165
1020571334 8  P 8768 16609009 0 16660302
1021545550 2  P 6160 16634957 0 16683671
1021660337 16  P 2725 16647966 0 16693123
1021733602 3  P 861 16646273 0 16689641
1023264293 2  P 6179 16663098 0 16711831
1023342958 3  P 879 16672622 0 16716008
1023497391 14  P 3641 16665708 0 16711785
1024257251 6  P 8716 16679968 0 16731200
1024946273 8  P 8783 16680673 0 16731980
1027537326 19  P 1870 16743556 0 16787872
1030688676 10  P 1340 16791444 0 16835261
1030990478 15  P 2574 16795061 0 16840059
1031872377 11  P 2068 16814519 0 16859027
1032594793 5  P 1903 16823129 0 16867515
1033229723 9  P 1285 16833232 0 16876990
1033355998 4  P 8641 16818287 0 16869472
1033497649 18  P 1709 16833312 0 16877482
1033988479 16  P 2832 16849841 0 16895105
1036193860 1  P 7367 16743560 0 16924023
1038228364 7  P 2501 16920577 0 16965582
1039394166 17  P 1883 16937074 0 16981387
1040100109 13  P 3731 16935175 0 16981371
1041607679 12  P 4729 16968988 0 17016192
1043318543 15  P 2684 16996931 0 17042038
1044280500 3  P 997 17015541 0 17059045
1045532324 5  P 1953 17035045 0 17079482
1046410313 16  P 2919 17053270 0 17098623
1048948482 9  P 1304 17090749 0 17134525
1049897029 13  P 3731 17095687 0 17141883
1051347263 17  P 1901 17132894 0 17177223
1052150142 7  P 2572 17148599 0 17193672
1052563835 10  P 1509 17149676 0 17193660
1053217455 2  P 6508 17153511 0 17202578
1053528596 14  P 3774 17157606 0 17203810
1056825785 18  P 1745 17215482 0 17259689
1058498285 12  P 4923 17245520 0 17292920
1060272980 6  P 9048 17269710 0 17321273
1060290094 8  P 9120 17259399 0 17311044
1061709512 1  P 7582 17161388 0 17342069
1062028564 11  P 2171 17308494 0 17353101
1062740425 19  P 1927 17320267 0 17364638
1063266698 5  P 2121 17325435 0 17370039
1063366713 6  P 9048 17320398 0 17371961
1063621618 4  P 8875 17313922 0 17365336
1064912319 19  P 1927 17355851 0 17400222
1072812162 3  P 1048 17482944 0 17526501
1072832203 16  P 3036 17486046 0 17531515
1073759514 7  P 2613 17502605 0 17547720
1074173108 10  P 1628 17503601 0 17547705
1074575475 11  P 2190 17514044 0 17558669
1076487893 17  P 1956 17544741 0 17589127
1078076398 12  P 5105 17566101 0 17613684
1078756133 15  P 2868 17577351 0 17622642
1079665077 8  P 9305 17576647 0 17628477
1079841423 18  P 1800 17592513 0 17636776
1080120386 9  P 1518 17601248 0 17645240
1080215441 4  P 8993 17585674 0 17637209
1081637995 14  P 3811 17618111 0 17664354
1081928257 13  P 3824 17620393 0 17666679
1082608075 2  P 6847 17634696 0 17684107
1082912659 1  P 7826 17508531 0 17689455
1084381389 1  P 7826 17532594 0 17713519
1084484045 3  P 1100 17674124 0 17717731
1084622350 11  P 2190 17678652 0 17723277
1084902931 4  P 8993 17662474 0 17714009
1085247413 14  P 3830 17677228 0 17723489
1086484453 2  P 6946 17698107 0 17747618
1087210412 6  P 9382 17710710 0 17762610
1087979904 9  P 1627 17729908 0 17774007
1088037371 15  P 2901 17729381 0 17774706
1088399500 8  P 9450 17719603 0 17771576
1091794571 18  P 1850 17788304 0 17832614
1098144174 17  P 2013 17899501 0 17943940
1098850142 13  P 3879 17897584 0 17943924
1098869048 7  P 2664 17913947 0 17959112
1099876304 10  P 1921 17924421 0 17968822
1100138984 12  P 5424 17927248 0 17975150
1100941584 16  P 3131 17946494 0 17992058
1102344944 5  P 2372 17965435 0 18010291
1102818485 19  P 2017 17976815 0 18021274
1102896624 19  P 2036 17978076 0 18022555
1103646982 13  P 3897 17976158 0 18022516
1105095063 10  P 2016 18009828 0 18054323
1107134735 7  P 2773 18049259 0 18094535
1107671624 3  P 1230 18053897 0 18097633
1109003540 17  P 2031 18077402 0 18121858
1111694952 6  P 9695 18111548 0 18163755
1112997250 11  P 2303 18143432 0 18188162
1113574729 4  P 9258 18131964 0 18183761
1113849824 15  P 3157 18152033 0 18197611
1113998246 12  P 5528 18154213 0 18202215
1118358228 2  P 7307 18219962 0 18269829
1118376088 5  P 2454 18228003 0 18272943
1119274469 8  P 9808 18225093 0 18277423
1119276754 9  P 1803 18242496 0 18286770
1121278653 14  P 3914 18267478 0 18313821
1122144830 16  P 3304 18293712 0 18339445
1122146999 1  P 8343 18150820 0 18332264
1123231912 18  P 1926 18303297 0 18347681
1125419210 11  P 2351 18346903 0 18391681
1125485559 10  P 2242 18343675 0 18388394
1126381111 15  P 3216 18357286 0 18402923
1126457232 16  P 3319 18364352 0 18410097
1128200534 14  P 3914 18380886 0 18427229
1128562187 3  P 1460 18395933 0 18439901
1128866741 6  P 9820 18392764 0 18445093
1129193530 19  P 2055 18408906 0 18453402
1130600145 1  P 8459 18289197 0 18470756
1131728349 7  P 2993 18451977 0 18497470
1133600138 13  P 4103 18466701 0 18513263
1134670572 2  P 7477 18487049 0 18537089
1136855996 4  P 9458 18513197 0 18565199
1138591334 18  P 1963 18554909 0 18599329
1139576221 12  P 5808 18572999 0 18621277
1139977571 8  P 9978 18564122 0 18616619
1140151688 9  P 1870 18584442 0 18628781
1140251202 5  P 2691 18586162 0 18631342
1141519120 17  P 2136 18610031 0 18654591
1145451836 2  P 7624 18663539 0 18713724
1148006430 13  P 4122 18702715 0 18749293
1148917301 9  P 1901 18728027 0 18772396
1149340365 4  P 9477 18717721 0 18769742
1149450790 18  P 1963 18732830 0 18777248
1150959206 15  P 3408 18759780 0 18805602
1151238555 16  P 3408 18770279 0 18816111
1154047994 5  P 2848 18812050 0 18857387
1154059761 11  P 2418 18816081 0 18860923
1154881089 19  P 2092 18829732 0 18874266
1154925447 17  P 2136 18829680 0 18874239
1155568896 1  P 8704 18698036 0 18879838
1157579337 10  P 2568 18869168 0 18914210
1160140301 3  P 1917 18912842 0 18957270
1160476441 6  P 10178 18910286 0 18962970
1160606871 14  P 3987 18911756 0 18958170
1161353061 8  P 10180 18914124 0 18966822
1161420178 12  P 6063 18930629 0 18979162
1161884585 7  P 3166 18945880 0 18991545
1165584514 1  P 8820 18862013 0 19043932
1165688850 10  P 2641 19001960 0 19047075
1165983095 2  P 7803 18999742 0 19050101
1166727979 8  P 10180 19002187 0 19054883
1167162704 13  P 4210 19016483 0 19063147
1167528517 11  P 2449 19036722 0 19081595
1171294304 14  P 4006 19086840 0 19133272
1171438672 5  P 2997 19096826 0 19142312
1174104790 9  P 1938 19140660 0 19185063
1174431509 7  P 3219 19151396 0 19197112
1174568651 15  P 3636 19146364 0 19192413
1174709258 19  P 2160 19154528 0 19199126
1174753512 17  P 2248 19154430 0 19199096
1178655926 3  P 2111 19216000 0 19260624
1178982015 18  P 2036 19216594 0 19261085
1179304760 6  P 10390 19218553 0 19271449
1180309104 4  P 9496 19225094 0 19277132
1182013887 12  P 6184 19267915 0 19316564
1182113523 16  P 3585 19275953 0 19321959
1183313606 5  P 3046 19291336 0 19336871
1184027859 4  P 9514 19286003 0 19338059
1184224854 19  P 2183 19310408 0 19355027
1184478334 7  P 3219 19316004 0 19361720
1185004111 16  P 3585 19323313 0 19369318
1185365417 15  P 3706 19323189 0 19369303
1185756389 1  P 9048 19192273 0 19374426
1186456606 17  P 2267 19346155 0 19390839
1188153920 18  P 2055 19366847 0 19411357
1188890311 3  P 2195 19383591 0 19428302
1188981794 14  P 4062 19376575 0 19423059
1189068909 13  P 4255 19375349 0 19422057
1190264499 2  P 8047 19397319 0 19447922
1190985646 10  P 2864 19416195 0 19461529
1194075577 11  P 2554 19471564 0 19516541
1194774822 8  P 10327 19461557 0 19514395
1195964122 9  P 1967 19498775 0 19543205
1197373239 12  P 6367 19519371 0 19568205
1199461085 6  P 10586 19548595 0 19601686
1203265298 3  P 2343 19618961 0 19663819
1205007782 6  P 10673 19639383 0 19692558
1205173190 10  P 2933 19648572 0 19693976
1206159740 17  P 2340 19668896 0 19713652
1206496642 4  P 9533 19654113 0 19706187
1207138049 14  P 4109 19674000 0 19720528
1207290499 8  P 10491 19666444 0 19719447
1207303242 13  P 4331 19674025 0 19720808
1207599843 19  P 2268 19693298 0 19737996
1207751095 5  P 3083 19691683 0 19737252
1208057889 9  P 1985 19696900 0 19741349
1210606812 11  P 2603 19742363 0 19787385
1212022044 1  P 9310 19622344 0 19804758
1212217498 2  P 8318 19756721 0 19807594
1212853292 7  P 3340 19780776 0 19826611
1213957279 16  P 3691 19797574 0 19843682
1214318572 15  P 3850 19797410 0 19843667
1218763888 12  P 6472 19869728 0 19918664
1218857085 18  P 2092 19869850 0 19914395
1222837652 7  P 3359 19944340 0 19990195
1222888005 11  P 2639 19943540 0 19988599
1223937176 3  P 2539 19957448 0 20002504
1224172939 5  P 3165 19960655 0 20006305
1225901612 9  P 2004 19989233 0 20033700
1226341140 14  P 4195 19988537 0 20035149
1228014435 2  P 8383 20015472 0 20066412
1230548183 10  P 3050 20064196 0 20109714
1230975136 1  P 9478 19932699 0 20115285
1231882775 6  P 10842 20079530 0 20132873
1232084550 13  P 4349 20080023 0 20126824
1233715386 4  P 9551 20100046 0 20152136
1234566581 16  P 3767 20135158 0 20181343
1234665459 8  P 10642 20114798 0 20167955
1234974883 19  P 2328 20141748 0 20186505
1235099877 15  P 3869 20137872 0 20184144
1238034822 17  P 2399 20191077 0 20235891
1242920154 12  P 6681 20265292 0 20314437
1243294571 18  P 2148 20270177 0 20314775
1244472288 17  P 2399 20296549 0 20341362
1244618572 8  P 10642 20277870 0 20331027
1245275135 7  P 3422 20311892 0 20357810
1245779971 2  P 8535 20306386 0 20357480
1247063700 5  P 3400 20335457 0 20381340
1247825560 11  P 2658 20352098 0 20397173
1249199740 4  P 9569 20353722 0 20405831
1251560875 12  P 6779 20406761 0 20456004
1253188644 10  P 3293 20434891 0 20480655
1253851526 6  P 11026 20439279 0 20492805
1254472883 16  P 3851 20461217 0 20507485
1255198521 9  P 2022 20469214 0 20513698
1257162304 19  P 2394 20505199 0 20550024
1258435204 18  P 2167 20518223 0 20562839
1259812334 3  P 3077 20544678 0 20590275
1260021995 13  P 4424 20537673 0 20584549
1260513007 14  P 4356 20548245 0 20595014
1260865758 1  P 9767 20422131 0 20605008
1263037296 15  P 3961 20595504 0 20641869
1264960820 6  P 11110 20621209 0 20674819
1265110556 5  P 3645 20630890 0 20677014
1268091422 18  P 2185 20676413 0 20721041
1269920597 2  P 8802 20701636 0 20752999
1272841125 11  P 2706 20761904 0 20807025
1272873277 12  P 7143 20755571 0 20805178
1273543479 4  P 9588 20752551 0 20804678
1274160350 16  P 3962 20783662 0 20830039
1275053175 13  P 4479 20783886 0 20830816
1275667258 9  P 2041 20804555 0 20849055
1276968570 3  P 3246 20825595 0 20871360
1278943879 1  P 9941 20718145 0 20901197
1279197061 7  P 3506 20867583 0 20913585
1280303015 15  P 4111 20878232 0 20924746
1281415548 8  P 10986 20880402 0 20933902
1281888171 14  P 4429 20898382 0 20945222
1282209201 19  P 2442 20915516 0 20960390
1282253365 17  P 2552 20915398 0 20960361
1282501415 10  P 3631 20914807 0 20960910
1285128466 17  P 2571 20962485 0 21007465
1285421534 3  P 3382 20963950 0 21009849
1285677924 15  P 4111 20966295 0 21012806
1285834453 13  P 4516 20960489 0 21007454
1287663026 1  P 10055 20860876 0 21044043
1288579377 10  P 3687 21014332 0 21060491
1288950774 18  P 2240 21018116 0 21062797
1291150113 7  P 3634 21063293 0 21109420
1291795570 2  P 8965 21059867 0 21111394
1292425959 16  P 4028 21082858 0 21129302
1292794253 14  P 4458 21077037 0 21123905
1293724856 19  P 2461 21104170 0 21149060
1294700539 11  P 2780 21119973 0 21165166
1295092037 12  P 7267 21119478 0 21169207
1298335913 6  P 11393 21167738 0 21221635
1298776645 9  P 2060 21183160 0 21227678
1299806117 8  P 11183 21181513 0 21235207
1301637223 4  P 9606 21212821 0 21264965
1303016728 5  P 3752 21251837 0 21298066
1303326347 12  P 7332 21254321 0 21304117
1303370376 9  P 2079 21258405 0 21302940
1305615476 19  P 2490 21298956 0 21343875
1306365778 13  P 4596 21296791 0 21343839
1306704183 5  P 3771 21312233 0 21358482
1307059081 4  P 9624 21301633 0 21353796
1309457227 16  P 4083 21361841 0 21408338
1309904947 2  P 9190 21356341 0 21408095
1311382693 6  P 11561 21381325 0 21435390
1313931365 7  P 3889 21436281 0 21482665
1315466410 18  P 2270 21452518 0 21497218
1315681120 8  P 11335 21441455 0 21495297
1316796676 3  P 3900 21477473 0 21523893
1317662335 15  P 4293 21490140 0 21536832
1317862884 17  P 2660 21498713 0 21543779
1317934844 11  P 2853 21500569 0 21545832
1317966217 14  P 4551 21489359 0 21536313
1320266814 10  P 3928 21533253 0 21579656
1323131791 1  P 10473 21441570 0 21625153
1324451833 2  P 9307 21594559 0 21646427
1325259249 8  P 11513 21598203 0 21652220
1325329329 10  P 4028 21616097 0 21662598
1325897423 1  P 10516 21486839 0 21670465
1328309876 11  P 2890 21670515 0 21715814
1328418489 4  P 9642 21651567 0 21703747
1329040750 7  P 4171 21683542 0 21730212
1329714134 9  P 2110 21689990 0 21734553
1329896693 19  P 2591 21696674 0 21741695
1331825777 18  P 2289 21720531 0 21765245
1333085858 6  P 11745 21736721 0 21790972
1337597981 16  P 4340 21822637 0 21869384
1337841125 14  P 4668 21814873 0 21861937
1338982708 12  P 7773 21838067 0 21888296
1339646782 15  P 4370 21850256 0 21897024
1340519122 17  P 2728 21869845 0 21914977
1341577832 3  P 4240 21883143 0 21929908
1341672978 5  P 3789 21885144 0 21931408
1342037685 13  P 4761 21881072 0 21928281
1347512219 4  P 9661 21964379 0 22016577
1347807876 9  P 2129 21986419 0 22030998
1347928001 19  P 2622 21992068 0 22037118
1347972288 17  P 2747 21991939 0 22037089
1348983086 2  P 9549 21996230 0 22048342
1349391710 5  P 3808 22011588 0 22057872
1349802923 15  P 4450 22016572 0 22063416
1350319296 1  P 10808 21886670 0 22070585
1352644760 16  P 4405 22069097 0 22115906
1355412616 13  P 4780 22100188 0 22147414
1356076485 12  P 7968 22117931 0 22168358
1358212616 7  P 4472 22161188 0 22208159
1358387960 11  P 2964 22163240 0 22208611
1358838860 8  P 11754 22148125 0 22202382
1359763312 18  P 2386 22178162 0 22222969
1360173078 10  P 4394 22186604 0 22233474
1362460937 6  P 11927 22217814 0 22272249
1362937180 3  P 4655 22232674 0 22279849
1363093414 3  P 4674 22235215 0 22282409
1363388073 14  P 4776 22233323 0 22280493
1364035415 16  P 4423 22255702 0 22302529
1364349822 15  P 4468 22254889 0 22301750
1365334924 1  P 10940 22132553 0 22316598
1365682900 9  P 2316 22279095 0 22323858
1366138825 12  P 8058 22282700 0 22333216
1367478264 7  P 4558 22312909 0 22359967
1367860443 5  P 3838 22314150 0 22360462
1368007801 6  P 12097 22308520 0 22363122
1368873908 2  P 9693 22321974 0 22374231
1371325398 11  P 3002 22375168 0 22420577
1372355981 4  P 9680 22371400 0 22423615
1374216438 18  P 2417 22414931 0 22459766
1377743592 8  P 11953 22457656 0 22512113
1377802962 19  P 2721 22481437 0 22526583
1377847289 17  P 2866 22481290 0 22526551
1378115792 13  P 4812 22472123 0 22519382
1381548111 10  P 4424 22536782 0 22583681
1381591237 14  P 4820 22531519 0 22578729
1383097895 16  P 4517 22567926 0 22614844
1384398321 6  P 12282 22576871 0 22631663
1385059819 11  P 3040 22600155 0 22645601
1385412304 19  P 2721 22606109 0 22651254
1387120405 9  P 2400 22630240 0 22675086
1387152844 4  P 9699 22613813 0 22666046
1388165880 7  P 4659 22651754 0 22698912
1393124800 3  P 4869 22727048 0 22774438
1393766866 10  P 4525 22736869 0 22783871
1397084183 15  P 4611 22791064 0 22838060
1398563582 5  P 3857 22817171 0 22863501
1398675431 17  P 2904 22822500 0 22867798
1398678669 1  P 11358 22678432 0 22862889
1399295134 12  P 8419 22825563 0 22876441
1399618627 8  P 12182 22815824 0 22870509
1399981736 14  P 4924 22832723 0 22880035
1400403965 18  P 2464 22843939 0 22888822
1400787554 13  P 4907 22843482 0 22890832
1402139757 2  P 10160 22866520 0 22919246
1403318585 19  P 2758 22899448 0 22944628
1406729339 6  P 12565 22942453 0 22997531
1407452807 3  P 5089 22961574 0 23009186
1407952237 2  P 10292 22961618 0 23014477
1408415371 8  P 12270 22959861 0 23014632
1409318638 15  P 4671 22991450 0 23038507
1410137969 14  P 4962 22999085 0 23046435
1410540752 7  P 4866 23018134 0 23065499
1414907323 5  P 3876 23084928 0 23131276
1416137944 11  P 3102 23109275 0 23154781
1416698654 9  P 2680 23114569 0 23159692
1417334422 13  P 4944 23114548 0 23161932
1417626348 10  P 4839 23127464 0 23174773
1418310223 18  P 2513 23137266 0 23182195
1418754161 16  P 4617 23152017 0 23199030
1419857615 12  P 8625 23162247 0 23213331
1420506820 1  P 11543 23035876 0 23220516
1422621606 4  P 9718 23194914 0 23247164
1422831668 17  P 3007 23218171 0 23263565
1423232585 12  P 8625 23217543 0 23268626
1423507808 6  P 12680 23217236 0 23272429
1423725544 1  P 11557 23088596 0 23273252
1424206623 17  P 3007 23240698 0 23286093
1424915804 7  P 4968 23253551 0 23301016
1426129116 16  P 4636 23272830 0 23319859
1426686758 2  P 10405 23268449 0 23321419
1426840354 4  P 9736 23264015 0 23316284
1427907569 10  P 4917 23295832 0 23343219
1428169255 11  P 3199 23306298 0 23351900
1433146748 15  P 4840 23381678 0 23428899
1433997646 18  P 2561 23394240 0 23439215
1437396758 19  P 2829 23457712 0 23502956
1439350045 13  P 4976 23475219 0 23522635
1439778559 14  P 5039 23484636 0 23532059
1439790330 8  P 12458 23473716 0 23528676
1440874685 3  P 5566 23508665 0 23556760
1443001124 5  P 4075 23545013 0 23591557
1443073539 9  P 2801 23546568 0 23591814
1444112908 17  P 3036 23566812 0 23612231
1446616189 1  P 11789 23463401 0 23648288
1447829219 5  P 4093 23624099 0 23670659
1448089158 9  P 2819 23628725 0 23673990
1448209478 13  P 5005 23620341 0 23667786
1449216234 14  P 5136 23639166 0 23686678
1449535329 16  P 4748 23656201 0 23703343
1453242159 6  P 12970 23704111 0 23759593
1453376272 10  P 5131 23712893 0 23760497
1455153980 18  P 2590 23740835 0 23785837
1457809149 4  P 9755 23771389 0 23823676
1457809955 11  P 3329 23791800 0 23837527
1458593463 3  P 5831 23798700 0 23847058
1459290765 7  P 5176 23816538 0 23864212
1459381121 19  P 2900 23817831 0 23863142
1459623216 12  P 8796 23813593 0 23864843
1460764793 2  P 10710 23826472 0 23879746
1461068625 15  P 4899 23839090 0 23886366
1461243456 8  P 12528 23825133 0 23880161
1468085804 6  P 13106 23947169 0 24002789
1468677952 15  P 4966 23963693 0 24011036
1468904466 12  P 8843 23965609 0 24016901
1469888062 11  P 3358 23989659 0 24035411
1471985442 5  P 4241 24019720 0 24066429
1472978243 7  P 5194 24040775 0 24088467
1473182864 9  P 2837 24039841 0 24085124
1473884150 8  P 12627 24032136 0 24087262
1474062176 3  P 5982 24051986 0 24100495
1474725231 13  P 5196 24054581 0 24102212
1475146698 19  P 2919 24076115 0 24121442
1477857117 18  P 2669 24112722 0 24157801
1478168491 4  P 9774 24104937 0 24157242
1478363523 16  P 4982 24128286 0 24175653
1478956610 17  P 3169 24137554 0 24183106
1480905390 2  P 11006 24156152 0 24209722
1481209942 1  P 12263 24029701 0 24215063
1481251199 10  P 5389 24169330 0 24217194
1481497456 14  P 5287 24167907 0 24215570
1484818908 13  P 5361 24219787 0 24267584
1485462629 7  P 5245 24245267 0 24293011
1486226456 6  P 13334 24244151 0 24300001
1486280519 2  P 11071 24244152 0 24297787
1488026623 9  P 2855 24283022 0 24328324
1488259195 8  P 12843 24267435 0 24322781
1489126314 10  P 5520 24298222 0 24346220
1491532415 5  P 4508 24339705 0 24386683
1493481849 14  P 5333 24364213 0 24411920
1494653627 11  P 3490 24395283 0 24441165
1496021682 19  P 3025 24418024 0 24463456
1496066065 17  P 3187 24417855 0 24463427
1497238482 16  P 5059 24437454 0 24484896
1497732126 18  P 2719 24438304 0 24483432
1499640461 3  P 6394 24470641 0 24519564
1500662406 15  P 5092 24487596 0 24535062
1501881810 1  P 12407 24368238 0 24553745
1502170137 12  P 8970 24510505 0 24561919
1503262244 4  P 9793 24516054 0 24568377
1506054698 6  P 13549 24568796 0 24624861
1506634172 8  P 13026 24568303 0 24623832
1506735504 5  P 4605 24588691 0 24635769
1507638032 14  P 5381 24596099 0 24643853
1509052897 19  P 3055 24631496 0 24676956
1512254173 16  P 5105 24683423 0 24730909
1513013289 18  P 2748 24688640 0 24733799
1513353255 7  P 5315 24702155 0 24749969
1515544984 12  P 9019 24729589 0 24781052
1517647423 1  P 12593 24626349 0 24812039
1517794345 11  P 3584 24774324 0 24820300
1518105976 4  P 9823 24759224 0 24811576
1518620375 9  P 2873 24784251 0 24829569
1519173293 10  P 5691 24790337 0 24838504
1519428017 15  P 5154 24794988 0 24842516
1519655636 2  P 11386 24790648 0 24844598
1520506508 13  P 5641 24804208 0 24852277
1520941059 17  P 3267 24825326 0 24870977
1521484147 3  P 6581 24828338 0 24877450
1524100552 1  P 12709 24731961 0 24917765
1525403650 11  P 3617 24898963 0 24944969
1525662356 19  P 3103 24903576 0 24949082
1526296015 2  P 11493 24899334 0 24953390
1526696618 8  P 13257 24896771 0 24952525
1526825640 14  P 5432 24910416 0 24958219
1527334253 15  P 5187 24924491 0 24972050
1527902830 4  P 9842 24919717 0 24972087
1528876342 10  P 5747 24949256 0 24997476
1529365798 13  P 5678 24949319 0 24997425
1530044562 18  P 2786 24967643 0 25012832
1532925381 17  P 3286 25021658 0 25067327
1534681373 7  P 5382 25051527 0 25099408
1536344823 5  P 4668 25073746 0 25120888
1539629174 16  P 5278 25131757 0 25179418
1540732658 12  P 9096 25142186 0 25193723
1541292336 9  P 2951 25155628 0 25201024
1542077810 3  P 6731 25165589 0 25214855
1542429564 6  P 14010 25164296 0 25220818
1543491168 1  P 12898 25049465 0 25235456
1545138879 12  P 9135 25214336 0 25265914
1545709222 15  P 5325 25225403 0 25273101
1546095029 10  P 5813 25231298 0 25279585
1547450542 11  P 3699 25260096 0 25306178
1548624152 2  P 11738 25264909 0 25319204
1549256114 19  P 3174 25290062 0 25335637
1550231841 14  P 5526 25293806 0 25341704
1551697133 7  P 5498 25330193 0 25378191
1551919630 18  P 2836 25325993 0 25371229
1552753570 17  P 3382 25346423 0 25392189
1555519813 16  P 5308 25392079 0 25439766
1558198529 9  P 3211 25432350 0 25478007
1558773505 6  P 14105 25431977 0 25488594
1559641702 5  P 4686 25455423 0 25502584
1560225186 13  P 5767 25454828 0 25503017
1560234066 3  P 6948 25462841 0 25512325
1560852976 8  P 13503 25456137 0 25512135
1561371599 4  P 9861 25468050 0 25520438
1563179621 6  P 14192 25504078 0 25560779
1565399847 8  P 13531 25530604 0 25586629
1566584654 13  P 5785 25559003 0 25607209
1566606812 14  P 5571 25562049 0 25609986
1566677958 19  P 3215 25575460 0 25621074
1567628524 17  P 3423 25590092 0 25635896
1569219805 5  P 4817 25612216 0 25659509
1570997463 11  P 3735 25645851 0 25691968
1571342067 12  P 9522 25643256 0 25695216
1575780526 2  P 11916 25709655 0 25764132
1577829330 10  P 5919 25751126 0 25799513
1578097832 16  P 5419 25761886 0 25809676
1578827939 3  P 7131 25767297 0 25816964
1579525285 7  P 5842 25785779 0 25834120
1579553094 15  P 5468 25779755 0 25827589
1579590333 4  P 9880 25766527 0 25818934
1580261088 9  P 3353 25793677 0 25839475
1581700847 18  P 2915 25813849 0 25859162
1582788050 1  P 13289 25692908 0 25879288
1584153650 11  P 3764 25861371 0 25907517
1584428670 1  P 13289 25719787 0 25906168
1586318624 19  P 3244 25897222 0 25942864
1586740436 15  P 5517 25897463 0 25945347
1587918461 4  P 9997 25902854 0 25955379
1588159804 17  P 3453 25926446 0 25972280
1588675971 16  P 5438 25935179 0 25982985
1589337318 8  P 13610 25922714 0 25978818
1589827247 2  P 12139 25939566 0 25994269
1591554640 6  P 14393 25968769 0 26025673
1593045100 12  P 9723 25998634 0 26050794
1593822028 7  P 5913 26019944 0 26068355
1594251170 5  P 4986 26022156 0 26069617
1594907592 10  P 6083 26030770 0 26079320
1594981836 14  P 5764 26026745 0 26074876
1597417277 9  P 3371 26074745 0 26120561
1597593430 3  P 7251 26074627 0 26124415
1598318950 13  P 5869 26078850 0 26127137
1599669602 18  P 2981 26108181 0 26153557
1603707204 16  P 5507 26181381 0 26229255
1603934474 4  P 10081 26165169 0 26217776
1604009496 7  P 5987 26186781 0 26235265
1604359048 3  P 7349 26185375 0 26235260
1604809900 14  P 5823 26187709 0 26235897
1606975148 13  P 5906 26220635 0 26268959
1608635995 9  P 3389 26258534 0 26304366
1608856787 11  P 3812 26266057 0 26312253
1609037290 15  P 5563 26262727 0 26310653
1610368437 8  P 13782 26267112 0 26323389
1611256794 1  P 13578 26159041 0 26345715
1611782557 10  P 6188 26307144 0 26355795
1615032387 5  P 5102 26362514 0 26410095
1616778951 18  P 3012 26388470 0 26433874
1617334250 19  P 3323 26405302 0 26451019
1617710817 6  P 14608 26397091 0 26454211
1617795989 2  P 12384 26397558 0 26452504
1620440992 17  P 3541 26455249 0 26501169
1621092059 12  P 9958 26457915 0 26510311
1623522416 1  P 13679 26359898 0 26546675
1623685175 18  P 3031 26501603 0 26547023
1624716092 11  P 3861 26525846 0 26572089
1626266896 10  P 6264 26544377 0 26593104
1627149870 8  P 13909 26541929 0 26598332
1627865450 19  P 3334 26577833 0 26623561
1627967391 12  P 10035 26570476 0 26622948
1628712683 7  P 6119 26591383 0 26639998
1629062146 3  P 7490 26589966 0 26639995
1630381389 13  P 5999 26604029 0 26652443
1631577250 2  P 12482 26623247 0 26678296
1634747417 14  P 5908 26678119 0 26726387
1634847833 16  P 5637 26691455 0 26739453
1636731377 4  P 10295 26702293 0 26755114
1637563787 5  P 5263 26731504 0 26779244
1640257677 6  P 14813 26766292 0 26823609
1642302972 15  P 5690 26807622 0 26855672
1642464151 9  P 3623 26812537 0 26858599
1642472233 17  P 3560 26816190 0 26862127
1644475534 1  P 13958 26702913 0 26889959
1646513042 14  P 5942 26870854 0 26919154
1650425988 16  P 5684 26946639 0 26994685
1652394175 17  P 3590 26978720 0 27024687
1652460801 6  P 14949 26966091 0 27023541
1652587639 7  P 6377 26982286 0 27031162
1652715728 4  P 10492 26963981 0 27016998
1653372681 18  P 3108 26987923 0 27033419
1654452254 2  P 12760 26997749 0 27053075
1654641824 10  P 6486 27009041 0 27057995
1655209178 15  P 5773 27018992 0 27067127
1656571581 8  P 14121 27023755 0 27080372
1657303166 13  P 6037 27045077 0 27093525
1657438568 5  P 5509 27056884 0 27104869
1658936152 12  P 10387 27077511 0 27130336
1659169208 11  P 3948 27090238 0 27136565
1659698631 9  P 3778 27094749 0 27140966
1659724877 19  P 3419 27099730 0 27145542
1659952769 3  P 7855 27095708 0 27146105
1664910378 16  P 5746 27183888 0 27231995
1666467879 2  P 12778 27194595 0 27249939
1667381077 15  P 5806 27218384 0 27266550
1667528894 18  P 3126 27219839 0 27265353
1668462596 7  P 6667 27242086 0 27291251
1668497312 11  P 4032 27242984 0 27289394
1668663949 6  P 14967 27231545 0 27289013
1668811155 12  P 10453 27239237 0 27292127
1670481359 4  P 10770 27254765 0 27308061
1672444299 1  P 14335 27160771 0 27348192
1672915400 8  P 14370 27291281 0 27348142
1674191058 17  P 3639 27335791 0 27381804
1674559949 14  P 6017 27330298 0 27378672
1678073588 9  P 3957 27395622 0 27442018
1678797951 5  P 5528 27406817 0 27454819
1679131103 19  P 3468 27417633 0 27463491
1680296551 3  P 7906 27428966 0 27479417
1680563677 10  P 6517 27433713 0 27482697
1681146926 13  P 6056 27435714 0 27484179
1684106808 14  P 6017 27486714 0 27535088
1685271745 15  P 5887 27511423 0 27559667
1685621993 4  P 11047 27502545 0 27556118
1685956678 17  P 3657 27528541 0 27574568
1687101489 6  P 14986 27533607 0 27591093
1688740697 13  P 6088 27560098 0 27608595
1689249676 3  P 7958 27575601 0 27626104
1690649891 8  P 14580 27581625 0 27638697
1692872347 11  P 4215 27642158 0 27688748
1692959940 1  P 14537 27496692 0 27684315
1694123768 12  P 10767 27653639 0 27706841
1694407437 10  P 6536 27660510 0 27709510
1695138253 18  P 3218 27672098 0 27717702
1695421009 2  P 12862 27668878 0 27724306
1697332363 16  P 5945 27714887 0 27763190
1699818645 19  P 3527 27756517 0 27802431
1701619072 7  P 7177 27784800 0 27834471
1702985490 5  P 5613 27803021 0 27851103
1703026769 9  P 4172 27804234 0 27850847
1705163038 1  P 14622 27696539 0 27884250
1705434930 14  P 6074 27836096 0 27884522
1705704327 10  P 6554 27845579 0 27894597
1706072095 7  P 7177 27857759 0 27907429
1707852883 8  P 14669 27863389 0 27920547
1708528242 4  P 11225 27877659 0 27931412
1709247426 11  P 4273 27910387 0 27957032
1709742253 6  P 15117 27904419 0 27962036
1714670481 12  P 10910 27990128 0 28043469
1716537334 15  P 6108 28023452 0 28071916
1717595035 5  P 5836 28042153 0 28090464
1718091430 18  P 3274 28048106 0 28093761
1718193498 19  P 3614 28057484 0 28103483
1719207380 16  P 6206 28073018 0 28121580
1719534820 17  P 3782 28078556 0 28124707
1720292333 9  P 4239 28087046 0 28133720
1720687152 3  P 8205 28090421 0 28141172
1722858641 2  P 13108 28118167 0 28173839
1723178233 13  P 6277 28124128 0 28172809
1723303675 1  P 14821 27993552 0 28181463
1724184502 4  P 11357 28134037 0 28187922
1724337248 8  P 14883 28133252 0 28190622
1724959486 13  P 6277 28153312 0 28201993
1726004140 16  P 6217 28184366 0 28232939
1726525131 7  P 7378 28192654 0 28242526
1726735708 10  P 6875 28189833 0 28239165
1728585824 6  P 15323 28212945 0 28270767
1729063681 5  P 5893 28229998 0 28278365
1729622402 11  P 4423 28244055 0 28290851
1731709173 19  P 3644 28278895 0 28324919
1731925327 17  P 3868 28281476 0 28327709
1733154938 12  P 11041 28292842 0 28346312
1736139757 2  P 13343 28335524 0 28391435
1737495405 9  P 4275 28368864 0 28415573
1738021811 15  P 6302 28375255 0 28423907
1739046520 3  P 8422 28390997 0 28441965
1739966145 14  P 6192 28401736 0 28450272
1740888330 18  P 3326 28421558 0 28467260
1743284671 17  P 3909 28467546 0 28513818
1743573613 9  P 4435 28468284 0 28515155
1745960842 6  P 15460 28497477 0 28555438
1746309864 11  P 4473 28517412 0 28564254
1746602847 8  P 14967 28497965 0 28555417
1746771752 15  P 6436 28518478 0 28567260
1749032591 10  P 7000 28555017 0 28604477
1750641725 5  P 5967 28583457 0 28631899
1750795579 12  P 11303 28581596 0 28635328
1754608648 2  P 13410 28638051 0 28694026
1754896888 13  P 6431 28643652 0 28692484
1755544304 14  P 6229 28656930 0 28705498
1756437138 3  P 8473 28675871 0 28726892
1757397424 1  P 15235 28551719 0 28740045
1757763330 18  P 3375 28697988 0 28743736
1759559520 4  P 11671 28713300 0 28767498
1761634598 7  P 7752 28767505 0 28817753
1762394827 16  P 6392 28780410 0 28829152
1762584136 19  P 3769 28784622 0 28830771
1767716118 14  P 6284 28856297 0 28904920
1768516913 10  P 7131 28874115 0 28923703
1768609026 3  P 8492 28875276 0 28926316
1768684854 11  P 4550 28883926 0 28930842
1768754126 16  P 6432 28884560 0 28933344
1768850553 1  P 15419 28739179 0 28927690
1769459121 19  P 3799 28897231 0 28943409
1770974841 15  P 6654 28914800 0 28963794
1771653240 4  P 11913 28911200 0 28965635
1771983003 12  P 11408 28928625 0 28982461
1773507693 6  P 15648 28948614 0 29006763
1773509281 8  P 15203 28938559 0 28996250
1773722117 17  P 3958 28966184 0 29012500
1774229937 9  P 4636 28970352 0 29017422
1775999137 2  P 13578 28988343 0 29044486
1776365867 13  P 6676 28995147 0 29044219
1779110460 5  P 5986 29049870 0 29098330
1781028923 18  P 3417 29079128 0 29124914
1782275125 7  P 8133 29105295 0 29155923
1784329231 5  P 6005 29135355 0 29183832
1784551006 16  P 6462 29143346 0 29192158
1785118539 8  P 15299 29128668 0 29186454
1785241145 1  P 15588 29007549 0 29196232
1785290746 7  P 8151 29154684 0 29205331
1786526753 9  P 4706 29171752 0 29218891
1787575814 18  P 3455 29186355 0 29232177
1787779890 12  P 11427 29187422 0 29241275
1787974725 19  P 3842 29200546 0 29246767
1787997421 14  P 6385 29188478 0 29237205
1790782507 10  P 7296 29238745 0 29288497
1792341107 11  P 4651 29271408 0 29318420
1794209207 15  P 6727 29295398 0 29344462
1796155383 2  P 13597 29318563 0 29374725
1797445228 6  P 15667 29340787 0 29398955
1797762625 4  P 12308 29338576 0 29393402
1797796539 3  P 8576 29353399 0 29404521
1798943928 13  P 6757 29364983 0 29414130
1800644141 17  P 4009 29407221 0 29453588
1803899824 8  P 15368 29436309 0 29494164
1804831623 17  P 4027 29475810 0 29522195
1806764288 12  P 11514 29498374 0 29552309
1807657570 10  P 7418 29515098 0 29564972
1807819298 1  P 15763 29377290 0 29566147
1807865494 15  P 6786 29519083 0 29568202
1810698637 9  P 4780 29567708 0 29614922
1812631466 13  P 6802 29589195 0 29638385
1813806414 7  P 8674 29621351 0 29672522
1815535373 16  P 6567 29650888 0 29699796
1816107081 18  P 3552 29653711 0 29699626
1816271653 19  P 3903 29664100 0 29710380
1818028722 14  P 6459 29680434 0 29729233
1818655938 3  P 8594 29695141 0 29746280
1819637631 4  P 12632 29696643 0 29751796
1820038971 6  P 15685 29710945 0 29769130
1820297972 5  P 6023 29724649 0 29773143
1820528701 11  P 4743 29733139 0 29780240
1822764793 2  P 13680 29754446 0 29810694
1823610656 10  P 7587 29776302 0 29826344
1825325784 18  P 3582 29804720 0 29850665
1825903640 11  P 4743 29821202 0 29868302
1826818609 15  P 6883 29829514 0 29878726
1827737878 17  P 4068 29851065 0 29897487
1828382716 6  P 15717 29847614 0 29905833
1828431093 8  P 15483 29838111 0 29896080
1828618907 7  P 8874 29863836 0 29915210
1831538027 1  P 15979 29765676 0 29954753
1831809971 14  P 6492 29906192 0 29955021
1835691617 16  P 6629 29981065 0 30030033
1836276806 9  P 4913 29986646 0 30033991
1836465775 4  P 12876 29972106 0 30027506
1837016726 5  P 6042 29998549 0 30047063
1839302964 19  P 3962 30041385 0 30087720
1840593399 3  P 8679 30054479 0 30105702
1841529997 12  P 11798 30067684 0 30121899
1841530404 2  P 13833 30061746 0 30118145
1842787691 13  P 6877 30083198 0 30132462
1843599871 15  P 6920 30104420 0 30153668
1844443626 19  P 3962 30125610 0 30171943
1846178655 1  P 16151 30005373 0 30194620
1848306055 8  P 15568 30163657 0 30221710
1848890285 3  P 8698 30190396 0 30241638
1849263357 18  P 3622 30196871 0 30242856
1850597876 16  P 6722 30225195 0 30274256
1853436637 2  P 13932 30256717 0 30313216
1853617093 6  P 15962 30260804 0 30319268
1854790796 7  P 9207 30292296 0 30343999
1854825218 4  P 13167 30272610 0 30328304
1854909786 17  P 4142 30296173 0 30342670
1855606752 11  P 4836 30307764 0 30354954
1856485497 5  P 6061 30317507 0 30366038
1858016983 10  P 7807 30339792 0 30390053
1859325612 14  P 6681 30356811 0 30405833
1860745534 9  P 5128 30387324 0 30434883
1861975181 13  P 6949 30397492 0 30446826
1862404992 12  P 12001 30409489 0 30463911
1864634572 7  P 9323 30453459 0 30505275
1866131114 15  P 6938 30473553 0 30522818
1866615450 19  P 4010 30488823 0 30535206
1866700130 4  P 13264 30467069 0 30522862
1872200835 18  P 3660 30572641 0 30618661
1872858065 12  P 12123 30580627 0 30635172
1872972874 16  P 6741 30591767 0 30640848
1874006795 1  P 16424 30461030 0 30650553
1875273352 6  P 16148 30615432 0 30674080
1875887960 11  P 4890 30639996 0 30687239
1877587388 8  P 15808 30643158 0 30701449
1878282552 10  P 7991 30671635 0 30722076
1878622387 14  P 6805 30672843 0 30721987
1879672987 5  P 6080 30697392 0 30745939
1881191070 17  P 4227 30726678 0 30773260
1881350213 13  P 7005 30714876 0 30764262
1882026636 9  P 5373 30735747 0 30783548
1882092899 2  P 14226 30725920 0 30782710
1882624662 3  P 8781 30743015 0 30794341
1884660364 16  P 6760 30783237 0 30832335
1885756408 13  P 7005 30787067 0 30836454
1885919152 11  P 4926 30804310 0 30851590
1886032336 5  P 6098 30801564 0 30850130
1886506090 19  P 4065 30814656 0 30861091
1886766940 10  P 8019 30810614 0 30861083
1887092478 12  P 12302 30813659 0 30868384
1888278243 4  P 13622 30820240 0 30876391
1890367128 6  P 16308 30862565 0 30921373
1890462423 8  P 15944 30853965 0 30912391
1892546534 3  P 8832 30905524 0 30956898
1895435170 18  P 3738 30953231 0 30999331
1896118891 7  P 9756 30968854 0 31021105
1896495520 9  P 5425 30972753 0 31020602
1899272401 1  P 16737 30874659 0 31064502
1901559924 14  P 6956 31048495 0 31097793
1901983522 2  P 14245 31051788 0 31108596
1902175411 17  P 4322 31070388 0 31117061
1902568631 15  P 7124 31070357 0 31119807
1903126085 5  P 6117 31081609 0 31130194
1903662338 19  P 4095 31095714 0 31142175
1904405919 3  P 8883 31099774 0 31151201
1904559791 11  P 4963 31109680 0 31156996
1907347839 16  P 6827 31154880 0 31204041
1908177921 15  P 7180 31162203 0 31211709
1908434907 14  P 7008 31161083 0 31210433
1909886022 9  P 5603 31191960 0 31239987
1912327272 2  P 14264 31221241 0 31278067
1913225575 1  P 16853 31103150 0 31293109
1913904927 12  P 12612 31252635 0 31307671
1914340756 4  P 14037 31246826 0 31303386
1915141866 10  P 8200 31275328 0 31325972
1916742106 6  P 16624 31294372 0 31353494
1917603419 7  P 9968 31320640 0 31373102
1918178310 13  P 7100 31318172 0 31367649
1918941100 17  P 4380 31345018 0 31391748
1921091482 18  P 3797 31373523 0 31419682
1921415549 8  P 16031 31361010 0 31419521
1925149884 8  P 16050 31422174 0 31480705
1926421040 2  P 14283 31452135 0 31508979
1928044634 18  P 3827 31487413 0 31533601
1931606420 4  P 14232 31529506 0 31586263
1933553040 15  P 7259 31577870 0 31627453
1934501202 10  P 8307 31592401 0 31643154
1935585899 6  P 16661 31603071 0 31662228
1935615778 13  P 7173 31603793 0 31653341
1936169348 14  P 7079 31615413 0 31664829
1936936120 12  P 12852 31629731 0 31685006
1936972322 17  P 4420 31640401 0 31687171
1937004133 16  P 6912 31640683 0 31689923
1938803048 19  P 4208 31671344 0 31717916
1939048149 5  P 6367 31669900 0 31718733
1939921563 3  P 9068 31681475 0 31733083
1940651853 9  P 5751 31695876 0 31744048
1941025650 7  P 10201 31704142 0 31756840
1942028771 11  P 5082 31723450 0 31770878
1943194309 1  P 17111 31593892 0 31784113
1944097761 16  P 7010 31756806 0 31806140
1944118538 8  P 16213 31732788 0 31791481
1948709903 1  P 17154 31684215 0 31874481
1949454328 5  P 6367 31840395 0 31889226
1950928023 15  P 7322 31862477 0 31912121
1951289054 6  P 16697 31860315 0 31919506
1952059696 4  P 14562 31864280 0 31921359
1952605000 9  P 5781 31891686 0 31939887
1952842876 2  P 14313 31885000 0 31941874
1955631157 19  P 4239 31947025 0 31993626
1956231827 14  P 7316 31943872 0 31993522
1956686197 12  P 13059 31953106 0 32008588
1956763184 18  P 3960 31957803 0 32004121
1957081737 17  P 4469 31969824 0 32016636
1958744477 7  P 10375 31994267 0 32047138
1959327941 3  P 9218 31999275 0 32051034
1961216180 11  P 5151 32037747 0 32085240
1961928359 13  P 7297 32034774 0 32084441
1962657575 10  P 8660 32053356 0 32104455
1964269216 17  P 4481 32087572 0 32134392
1966671528 3  P 9354 32119454 0 32171350
1967153649 14  P 7361 32122770 0 32172465
1967556112 8  P 16364 32116636 0 32175479
1968148381 6  P 16789 32136444 0 32195729
1970472844 16  P 7069 32188873 0 32238264
1970834252 15  P 7466 32188474 0 32238257
1971030352 2  P 14429 32182865 0 32239856
1972826687 12  P 13157 32217449 0 32273030
1973669364 11  P 5180 32241750 0 32289269
1974401692 9  P 5923 32248661 0 32296998
1975532587 10  P 8763 32264194 0 32315395
1975787363 19  P 4288 32277216 0 32323865
1976775647 7  P 10498 32289565 0 32342558
1977053649 1  P 17553 32148186 0 32338855
1977797930 5  P 6693 32304445 0 32353603
1978247631 18  P 3997 32309766 0 32356118
1979434493 4  P 14783 32312565 0 32369862
1981709534 13  P 7360 32358803 0 32408533
1983276731 9  P 5923 32394070 0 32442406
1984997471 11  P 5199 32427330 0 32474867
1987232032 18  P 4015 32456948 0 32503315
1987256421 13  P 7360 32449684 0 32499412
1988670533 12  P 13348 32476838 0 32532609
1989506061 15  P 7534 32494324 0 32544173
1990159865 17  P 4557 32511685 0 32558579
1990936607 2  P 14624 32508810 0 32565998
1991294286 14  P 7478 32518170 0 32567984
1991381774 1  P 17696 32382790 0 32573604
1991523486 6  P 17002 32519203 0 32578701
1992077783 3  P 9633 32535425 0 32587602
1996884907 7  P 10605 32618926 0 32672026
1998974890 19  P 4355 32657051 0 32703763
1999431001 8  P 16526 32638707 0 32697713
2000594818 5  P 6828 32677810 0 32727101
2001985752 10  P 8980 32697382 0 32748795
2002160398 16  P 7156 32707953 0 32757427
2002231407 4  P 14965 32685883 0 32743363
2003999644 3  P 9685 32730701 0 32782928
2004412675 13  P 7428 32730704 0 32780497
2005147405 1  P 17856 32608163 0 32799137
2006259866 7  P 10624 32772507 0 32825624
2007582192 16  P 7156 32796784 0 32846259
2012215729 4  P 15016 32849414 0 32906947
2012617202 6  P 17215 32864586 0 32924293
2014045558 12  P 13478 32892447 0 32948348
2014856796 11  P 5332 32916411 0 32964076
2015271702 19  P 4374 32924039 0 32970769
2017381050 15  P 7669 32950893 0 33000868
2018513263 18  P 4082 32969391 0 33015827
2019019167 17  P 4618 32984455 0 33031406
2019542429 9  P 6040 32988125 0 33036580
2019696670 8  P 16675 32970586 0 33029741
2021311598 2  P 14933 33006153 0 33063654
2021876368 10  P 9062 33023186 0 33074680
2022626128 5  P 6925 33038671 0 33088061
2022950559 14  P 7631 33036671 0 33086629
2023437193 3  P 9769 33049079 0 33101391
2027053021 15  P 7716 33109310 0 33159328
2027623620 12  P 13620 33114765 0 33170805
2028384215 8  P 16694 33112903 0 33172076
2030341128 14  P 7656 33157732 0 33207712
2032547929 5  P 7010 33201144 0 33250618
2033766953 10  P 9119 33217940 0 33269493
2034537363 19  P 4403 33239658 0 33286415
2034991138 1  P 18056 33096919 0 33288089
2035316076 17  P 4678 33251402 0 33298407
2035478642 7  P 10642 33251207 0 33304344
2037019709 16  P 7218 33279026 0 33328560
2037483477 2  P 14999 33271047 0 33328614
2037787741 13  P 7507 33277440 0 33327310
2038448582 9  P 6176 33297743 0 33346336
2038992162 6  P 17403 33296519 0 33356416
2041138010 11  P 5403 33346931 0 33394666
2041700115 4  P 15068 33332433 0 33390017
2042778895 18  P 4129 33366909 0 33413392
2042910305 16  P 7256 33375500 0 33425068
2044584897 1  P 18201 33253958 0 33445271
2044800379 17  P 4697 33406774 0 33453796
2044975172 13  P 7537 33395168 0 33445068
2048188837 10  P 9184 33454161 0 33505777
2048778700 14  P 7766 33459702 0 33509790
2049026899 9  P 6324 33470906 0 33519647
2049740552 19  P 4452 33488698 0 33535501
2049963042 7  P 10661 33488500 0 33541656
2050399807 8  P 16845 33473456 0 33532775
2050664034 6  P 17535 33487616 0 33547647
2053515724 3  P 10081 33541559 0 33594184
2054344814 5  P 7223 33558046 0 33607731
2056701897 12  P 13968 33590828 0 33647219
2057959183 15  P 7783 33615609 0 33665690
2058372095 4  P 15119 33605536 0 33663167
2059388325 18  P 4185 33638981 0 33685519
2061169266 11  P 5422 33675104 0 33722854
2061764812 2  P 15306 33668558 0 33726436
2065128518 17  P 4738 33739787 0 33786847
2066606739 11  P 5440 33764174 0 33811942
2066653631 14  P 7890 33752437 0 33802650
2067332138 16  P 7331 33775551 0 33825192
2067890712 3  P 10166 33776991 0 33829702
2068306787 7  P 10680 33789025 0 33842200
2068415330 8  P 16883 33768584 0 33827939
2069901755 9  P 6408 33812835 0 33861659
2071749129 2  P 15357 33832089 0 33890019
2072110728 10  P 9327 33845951 0 33897709
2074538993 6  P 17691 33878626 0 33938813
2075545609 12  P 14069 33899459 0 33955950
2076381469 13  P 7610 33909654 0 33959628
2077419540 18  P 4244 33934344 0 33980938
2077575132 4  P 15170 33920105 0 33977790
2078376253 5  P 7464 33951529 0 34001456
2079928667 1  P 18499 33832725 0 34024335
2081615501 19  P 4529 34010857 0 34057737
2082537312 15  P 7876 34018201 0 34068370
2085113457 16  P 7410 34066801 0 34116521
2085577242 2  P 15408 34058598 0 34116578
2085673179 10  P 9454 34068028 0 34119911
2088334172 15  P 7927 34113125 0 34163343
2088756792 1  P 18570 33977292 0 34168974
2089134085 8  P 16901 34108021 0 34167395
2089592412 12  P 14199 34129467 0 34186091
2091747021 4  P 15189 34152278 0 34209982
2091853713 7  P 10699 34174799 0 34227989
2092474860 19  P 4529 34188777 0 34235655
2092756400 13  P 7659 34177892 0 34227914
2093933056 9  P 6558 34206412 0 34255382
2094976474 6  P 17775 34213388 0 34273659
2095062594 3  P 10541 34221789 0 34274875
2096095011 5  P 7730 34241561 0 34291756
2097528917 18  P 4281 34263779 0 34310405
2098887940 11  P 5635 34292867 0 34340827
2099434987 14  P 7958 34289457 0 34339731
2101659816 17  P 4844 34338208 0 34385371
2104237904 17  P 4844 34380448 0 34427610
2104766778 5  P 7885 34383481 0 34433829
2105261111 9  P 6612 34391954 0 34440980
2105514308 12  P 14249 34390282 0 34446953
2105977956 8  P 17187 34383702 0 34443359
2106615780 13  P 7777 34404845 0 34454981
2109757684 6  P 17950 34455385 0 34515832
2111169301 14  P 7976 34481693 0 34531983
2111177972 15  P 8053 34487270 0 34537607
2111720017 10  P 9546 34494685 0 34546657
2113838058 7  P 10718 34534971 0 34588181
2114281316 3  P 10717 34536491 0 34589753
2117108501 2  P 15752 34574856 0 34633180
2118347871 16  P 7692 34611028 0 34661019
2118356823 11  P 5816 34611661 0 34659797
2118834166 19  P 4656 34620517 0 34667519
2119022438 1  P 18900 34472828 0 34664839
2120856400 4  P 15285 34629108 0 34686906
2122075869 18  P 4360 34665875 0 34712579
2123181799 7  P 10736 34688040 0 34741268
2125186639 2  P 15885 34707073 0 34765531
2126812700 3  P 10796 34741723 0 34795066
2128810198 18  P 4379 34776192 0 34822913
2129841143 14  P 8036 34787552 0 34837899
2130570183 6  P 18282 34796039 0 34856809
2131894088 17  P 4921 34833488 0 34880720
2133121991 4  P 15336 34830016 0 34887864
2134231821 11  P 5878 34871694 0 34919891
2135141665 5  P 8007 34881018 0 34931483
2135866177 1  P 19147 34748541 0 34940800
2136526688 9  P 6728 34904091 0 34953230
2137709245 19  P 4692 34929729 0 34976765
2138235609 10  P 9624 34929037 0 34981081
2140957227 16  P 7769 34981381 0 35031444
2141318627 15  P 8140 34981002 0 35031426
2142201765 12  P 14405 34991212 0 35048032
2143053282 13  P 7854 35001755 0 35051966
2143353034 8  P 17575 34995661 0 35055703
2146476633 6  P 18629 35056296 0 35117409
2147688906 10  P 9719 35083821 0 35135958
2148756089 15  P 8185 35102811 0 35153281
2149122416 14  P 8055 35103437 0 35153799
2149279795 12  P 14490 35107091 0 35163995
2149340774 4  P 15355 35095725 0 35153591
2149738560 16  P 7833 35125188 0 35175313
2150490788 13  P 7902 35123562 0 35173821
2153876113 5  P 8026 35187944 0 35238426
2153944313 1  P 19279 35044600 0 35236983
2155792256 9  P 6757 35219707 0 35268873
2157249329 2  P 16365 35231900 0 35290839
2157513037 11  P 5996 35253012 0 35301325
2157753542 17  P 4996 35257094 0 35304398
2157837281 8  P 17745 35232794 0 35293005
2159093822 3  P 10936 35270475 0 35323957
2160275635 7  P 10799 35295721 0 35349009
2160943585 19  P 4722 35310370 0 35357435
2162888306 18  P 4494 35334411 0 35381243
2163407567 10  P 9878 35341195 0 35393488
2164628546 17  P 5007 35369722 0 35417038
2164698633 9  P 6787 35365598 0 35414792
2166663062 1  P 19394 35252866 0 35445366
2167678016 19  P 4759 35420670 0 35467772
2168269815 16  P 7893 35428744 0 35478927
2169304663 6  P 18884 35430051 0 35491418
2169834213 15  P 8281 35448058 0 35498617
2170103080 8  P 17820 35433680 0 35493966
2170668899 4  P 15564 35444949 0 35503027
2172059927 14  P 8174 35479121 0 35529598
2172709576 13  P 7981 35487516 0 35537850
2172916188 7  P 10968 35502651 0 35556105
2173624284 2  P 16485 35500060 0 35559124
2178951838 12  P 14711 35593013 0 35650133
2180798013 5  P 8058 35628998 0 35679510
2181390727 3  P 10988 35635735 0 35689266
2182388129 11  P 6081 35660478 0 35708872
2182841497 18  P 4524 35661292 0 35708149
2184943927 13  P 8009 35687935 0 35738292
2184985469 5  P 8077 35697586 0 35748115
2189460925 6  P 18941 35760235 0 35821656
2189553029 19  P 4820 35779009 0 35826169
2189588072 7  P 11165 35775604 0 35829255
2190403271 4  P 15798 35768039 0 35826349
2192144769 16  P 7941 35819862 0 35870081
2192506109 15  P 8377 35819417 0 35870066
2192743643 8  P 17897 35804542 0 35864904
2195078200 3  P 11040 35859937 0 35913519
2195952239 2  P 16669 35865696 0 35924940
2197591234 14  P 8294 35897301 0 35947897
2198276666 9  P 6968 35915554 0 35964927
2198644143 17  P 5086 35926954 0 35974341
2198803688 1  P 19767 35779078 0 35971949
2200419277 11  P 6110 35955871 0 36004293
2200876802 10  P 10148 35954807 0 36007368
2201061259 12  P 14898 35955063 0 36012366
2202794541 18  P 4602 35988122 0 36035057
2203787279 15  P 8453 36004171 0 36054895
2206334192 19  P 4876 36053896 0 36101106
2207935233 18  P 4621 36072328 0 36119282
2208172936 5  P 8096 36077471 0 36128018
2208779933 12  P 14977 36081444 0 36138826
2209246984 4  P 16029 36076541 0 36135078
2209597246 17  P 5086 36106410 0 36153797
2213134987 7  P 11555 36160995 0 36215038
2214528682 11  P 6159 36186990 0 36235460
2215307951 9  P 7130 36194430 0 36243966
2216367075 6  P 18959 36201046 0 36262486
2217158051 10  P 10292 36221414 0 36274119
2217504145 16  P 8057 36235234 0 36285562
2217967876 2  P 16722 36226347 0 36285643
2218459488 13  P 8161 36236899 0 36287404
2218562565 3  P 11092 36244652 0 36298286
2221466171 14  P 8406 36288352 0 36339062
2222131796 1  P 19979 36161069 0 36354155
2223384236 8  P 18033 36306418 0 36366914
2224825140 4  P 16344 36331453 0 36390304
2225691636 16  P 8075 36369359 0 36419703
2226052960 15  P 8525 36368899 0 36419690
2226835831 6  P 18978 36372547 0 36434004
2227891721 5  P 8115 36400524 0 36451088
2229349885 19  P 4925 36430935 0 36478190
2230416172 7  P 11896 36443778 0 36498168
2232206665 17  P 5153 36476774 0 36524227
2234032964 10  P 10354 36497829 0 36550596
2234248667 12  P 15235 36498457 0 36556098
2236897461 1  P 20108 36402859 0 36596073
2237182925 9  P 7279 36552675 0 36602361
2237341198 14  P 8509 36548344 0 36599156
2237591482 18  P 4705 36558130 0 36605166
2238827257 2  P 16773 36568055 0 36627403
2239000103 3  P 11145 36579447 0 36633134
2241693955 13  P 8198 36617535 0 36668073
2241716178 11  P 6262 36632326 0 36680894
2241759285 8  P 18166 36607341 0 36667968
2244256109 15  P 8573 36667091 0 36717930
2245931104 8  P 18166 36675693 0 36736319
2247381433 13  P 8216 36710699 0 36761257
2247525641 7  P 12158 36723833 0 36778483
2248764775 2  P 16791 36730853 0 36790218
2250054589 6  P 18997 36752944 0 36814420
2250964268 9  P 7378 36778368 0 36828154
2252597816 16  P 8199 36810064 0 36860529
2252741192 1  P 20208 36662338 0 36855656
2253517295 10  P 10476 36816936 0 36869824
2253997690 18  P 4735 36826900 0 36873961
2254437560 3  P 11163 36832356 0 36886061
2255756142 19  P 4974 36863526 0 36910830
2255903238 4  P 16786 36840185 0 36899484
2257091125 11  P 6293 36884198 0 36932797
2257626073 5  P 8134 36887673 0 36938256
2259467423 12  P 15490 36911384 0 36969273
2260622423 14  P 8641 36929648 0 36980589
2260909779 17  P 5259 36946941 0 36994499
2262853712 7  P 12342 36974782 0 37029613
2263427938 15  P 8603 36981172 0 37032036
2263756404 13  P 8259 36978944 0 37029545
2266372691 18  P 4754 37029633 0 37076711
2266609433 3  P 11247 37031694 0 37085484
2270912351 19  P 5027 37111791 0 37159146
2271821696 8  P 18329 37099717 0 37160505
2272575125 4  P 16965 37113153 0 37172635
2273061620 2  P 16843 37128880 0 37188296
2273319293 1  P 20412 36999281 0 37192802
2273497434 11  P 6330 37152961 0 37201594
2274198644 9  P 7543 37158871 0 37208819
2275404947 12  P 15586 37172407 0 37230391
2275845501 10  P 10512 37182723 0 37235639
2276075533 14  P 8698 37182772 0 37233771
2276469851 5  P 8153 37196390 0 37246991
2277176026 16  P 8264 37212685 0 37263213
2278487891 17  P 5319 37234880 0 37282493
2282742104 6  P 19030 37288463 0 37349971
2284184903 11  P 6330 37328065 0 37376696
2285056876 7  P 12738 37338156 0 37393383
2286048542 10  P 10579 37349821 0 37402805
2287796960 3  P 11299 37378777 0 37432617
2288113524 16  P 8282 37391867 0 37442409
2288334949 1  P 20540 37245167 0 37438816
2288714237 9  P 7681 37396553 0 37446640
2289858048 12  P 15706 37409084 0 37467188
2290434948 14  P 8841 37417891 0 37469031
2292122101 4  P 17211 37433162 0 37492885
2292144165 17  P 5368 37458575 0 37506235
2292287370 19  P 5075 37461951 0 37509353
2292912679 13  P 8309 37456590 0 37507240
2295063623 5  P 8172 37501012 0 37551631
2296210873 6  P 19049 37509117 0 37570641
2296615507 15  P 8678 37524840 0 37575774
2298796026 2  P 16928 37550425 0 37609927
2300243660 8  P 18480 37565226 0 37626164
2300529016 18  P 4833 37589171 0 37636323
2303589238 9  P 7768 37640178 0 37690351
2304251680 10  P 10677 37647959 0 37701043
2305075824 18  P 4852 37663647 0 37710817
2305678685 1  P 20681 37529180 0 37722975
2306429610 6  P 19067 37676521 0 37738065
2308550420 17  P 5405 37727337 0 37775033
2308656326 3  P 11350 37720485 0 37774376
2308818995 13  P 8357 37717150 0 37767841
2308966280 14  P 8949 37721397 0 37772646
2309233063 12  P 15848 37726379 0 37784622
2310564408 11  P 6486 37760105 0 37808891
2310760020 7  P 13102 37758907 0 37814494
2310762637 4  P 17503 37738270 0 37798284
2311407359 5  P 8191 37768769 0 37819405
2312006133 15  P 8740 37776938 0 37827932
2312571727 8  P 18498 37767190 0 37828144
2313816586 16  P 8379 37812886 0 37863524
2315193582 19  P 5122 37837197 0 37884647
2316717904 2  P 16979 37844005 0 37903557
2324671019 2  P 16998 37974289 0 38033860
2326120509 9  P 7887 38009209 0 38059498
2328353673 7  P 13397 38046859 0 38102747
2329231793 11  P 6558 38065880 0 38114731
2331722902 16  P 8428 38106213 0 38156898
2332203193 3  P 11402 38106224 0 38160165
2333771770 19  P 5160 38141544 0 38189025
2334443574 15  P 8811 38144481 0 38195544
2335506799 1  P 20909 38017651 0 38211672
2336184958 14  P 9153 38167141 0 38218589
2336925431 17  P 5479 38192157 0 38239920
2337639286 12  P 15947 38191685 0 38250023
2337954228 5  P 8209 38203693 0 38254349
2338872033 4  P 17939 38198366 0 38258817
2339091438 18  P 4952 38220856 0 38268122
2339193923 13  P 8511 38214655 0 38265500
2340126683 10  P 10959 38235450 0 38288812
2340946631 8  P 18589 38231990 0 38293037
2341413998 6  P 19085 38249688 0 38311248
2343531341 3  P 11455 38291771 0 38345764
2345011051 9  P 8027 38318568 0 38368998
2346407981 10  P 10988 38338334 0 38391724
2347356513 4  P 18045 38337265 0 38397824
2347394745 16  P 8457 38362950 0 38413662
2348092889 2  P 17050 38357980 0 38417602
2348409788 17  P 5509 38380286 0 38428079
2348709274 19  P 5190 38386249 0 38433759
2350772435 1  P 21110 38267560 0 38461781
2351553082 15  P 8830 38424784 0 38475863
2354697441 7  P 13857 38478004 0 38534352
2355774771 8  P 18637 38474886 0 38535980
2357482096 18  P 5001 38522120 0 38569429
2358591082 11  P 6689 38546771 0 38595747
2358922978 5  P 8228 38547227 0 38597899
2358967465 12  P 16087 38540984 0 38599458
2359059776 14  P 9300 38541770 0 38593365
2359851468 6  P 19235 38551615 0 38613324
2360881430 13  P 8643 38569851 0 38620824
2365168878 4  P 18367 38628775 0 38689657
2366220444 10  P 11296 38662630 0 38716326
2367709550 13  P 8661 38681703 0 38732694
2369099878 15  P 8917 38712182 0 38763342
2369321654 8  P 18675 38696800 0 38757929
2369544237 11  P 6707 38726209 0 38775202
2371632881 6  P 19339 38744534 0 38806347
2371872688 18  P 5062 38757834 0 38805202
2373842435 12  P 16201 38784579 0 38843167
2374282348 5  P 8247 38798855 0 38849545
2374525548 7  P 14108 38802613 0 38859208
2375584204 19  P 5262 38826495 0 38874075
2376675974 16  P 8556 38842592 0 38893399
2377354899 9  P 8215 38848298 0 38898915
2378725546 1  P 21424 38725219 0 38919760
2379028754 14  P 9379 38868862 0 38920532
2379499147 2  P 17345 38872237 0 38932154
2380578210 3  P 11540 38898662 0 38952737
2382269189 17  P 5605 38934943 0 38982824
2383974832 15  P 8984 38955825 0 39007050
2386062572 3  P 11558 38988499 0 39042593
2386362908 17  P 5623 39001994 0 39049896
2387874141 2  P 17444 39009352 0 39069368
2389138095 14  P 9484 39034384 0 39086160
2389240770 13  P 8748 39034384 0 39085458
2392729870 9  P 8355 39100061 0 39150817
2393216499 18  P 5110 39107481 0 39154896
2396142439 10  P 11631 39152526 0 39206558
2397616208 1  P 21595 39034547 0 39229262
2397684863 11  P 6762 39187209 0 39236256
2398459281 19  P 5309 39201231 0 39248855
2398477836 8  P 18713 39174457 0 39235623
2398507792 6  P 19572 39184617 0 39246657
2399707213 16  P 8605 39219886 0 39270736
2399811144 12  P 16498 39209744 0 39268628
