249101583 7  P 81 3994012 0 4036626
249424588 16  P 165 3998281 0 4040950
249427890 6  P 124 3993966 0 4036614
249451155 3  P 84 3994007 0 4036618
249452550 5  P 80 3994011 0 4036615
249622024 2  P 81 3994012 0 4036625
249785943 15  P 165 3998280 0 4040938
250089260 4  P 218 3993874 0 4036626
250121032 14  P 207 3998236 0 4040941
255927071 1  P 227 3966986 0 4140301
258356246 12  P 263 4140769 0 4183549
260230441 11  P 114 4173946 0 4216555
260239089 19  P 116 4173946 0 4216574
260283396 17  P 115 4173947 0 4216564
260730675 18  P 116 4173947 0 4216565
260989586 13  P 203 4173857 0 4216561
263416042 9  P 136 4221798 0 4264437
263421837 10  P 137 4221797 0 4264434
263976277 8  P 407 4221523 0 4264452
276410991 19  P 147 4438875 0 4481532
276455298 17  P 146 4438876 0 4481521
276902577 18  P 147 4438876 0 4481525
279525384 9  P 155 4485714 0 4528369
279531173 10  P 170 4485698 0 4528367
279973840 1  P 354 4360840 0 4534282
282589845 14  P 460 4529947 0 4572905
290085982 7  P 99 4665481 0 4708113
290606423 2  P 99 4665481 0 4708112
292018351 16  P 209 4696093 0 4738803
292139025 3  P 120 4693360 0 4736008
292140021 5  P 99 4693383 0 4736005
292287263 6  P 778 4695509 0 4738813
292379710 15  P 209 4696092 0 4738783
293589808 11  P 290 4720327 0 4763110
295208304 13  P 386 4734309 0 4777190
296554395 8  P 816 4754858 0 4798199
298839520 4  P 1100 4791693 0 4835331
302684414 12  P 472 4866828 0 4909814
306607788 3  P 139 4930397 0 4973063
308796815 10  P 289 4965064 0 5007853
309520336 19  P 191 4981293 0 5023990
309564642 17  P 191 4981294 0 5023977
310011921 18  P 192 4981294 0 5023982
311893387 16  P 239 5021695 0 5064433
312254740 15  P 282 5021651 0 5064413
312928300 6  P 1285 5033164 0 5076980
315430145 7  P 118 5080695 0 5123343
315950586 2  P 118 5080695 0 5123343
316119136 9  P 174 5085247 0 5127921
322874844 5  P 117 5196917 0 5239555
323942587 1  P 811 5080753 0 5254661
323964517 4  P 1546 5202885 0 5246971
325288634 8  P 930 5225523 0 5268976
327996040 11  P 485 5283839 0 5326813
328746066 14  P 634 5285996 0 5329117
332559358 12  P 512 5356258 0 5399281
333176922 13  P 478 5356292 0 5399259
336683260 4  P 1731 5411081 0 5455352
338791006 9  P 204 5456672 0 5499373
339261640 11  P 535 5468363 0 5511384
339477011 7  P 136 5474659 0 5517327
339717161 3  P 158 5472842 0 5515527
339997452 2  P 136 5474659 0 5517327
341817501 13  P 497 5497840 0 5540825
344742221 8  P 1048 5544126 0 5587692
348777322 14  P 663 5614158 0 5657306
352225176 6  P 1666 5676613 0 5720812
352458658 1  P 1042 5547716 0 5721857
353065265 16  P 268 5696225 0 5738990
353390582 10  P 659 5695310 0 5738469
353426623 15  P 311 5696181 0 5738971
353796700 5  P 135 5703522 0 5746178
354457814 19  P 210 5717530 0 5760245
354502125 17  P 210 5717531 0 5760231
354949404 18  P 211 5717531 0 5760235
360481246 12  P 545 5813696 0 5856752
368668739 12  P 564 5947821 0 5990896
369286283 13  P 516 5947869 0 5990870
371975346 6  P 1941 5999921 0 6044392
373382887 8  P 1177 6013241 0 6056935
375714824 11  P 785 6065358 0 6108630
378558535 14  P 790 6101963 0 6145237
383445771 7  P 166 6195013 0 6237710
383966211 2  P 166 6195013 0 6237709
384656094 5  P 154 6209104 0 6251775
384802422 1  P 1258 6077417 0 6251774
387750099 10  P 916 6257989 0 6301408
388004709 19  P 229 6267143 0 6309877
388049016 17  P 229 6267144 0 6309862
388152024 4  P 2455 6253614 0 6298600
388400558 9  P 285 6269392 0 6312171
388496296 18  P 230 6267144 0 6309864
388514066 3  P 177 6272312 0 6315015
390252734 16  P 297 6305475 0 6348262
390614089 15  P 340 6305431 0 6348248
396192552 13  P 556 6388661 0 6431700
398440213 16  P 316 6439600 0 6482402
398801575 15  P 359 6439556 0 6482389
399337993 9  P 307 6448569 0 6491370
401625452 10  P 1042 6485187 0 6528726
401850264 6  P 2276 6489051 0 6533854
405856343 12  P 661 6557005 0 6600168
410973502 19  P 270 6643423 0 6686194
410995738 4  P 2688 6627646 0 6672865
411017809 17  P 270 6643423 0 6686179
411465088 18  P 271 6643423 0 6686183
417480887 11  P 1166 6749259 0 6792906
417982766 3  P 206 6755098 0 6797829
418090297 14  P 1043 6749388 0 6792905
418130511 1  P 1432 6623288 0 6797818
418164493 7  P 185 6763826 0 6806536
418684934 2  P 185 6763826 0 6806541
419398600 8  P 1420 6766917 0 6810844
422749800 5  P 183 6833202 0 6875900
425699648 11  P 1166 6883915 0 6927562
428987069 16  P 368 6940027 0 6982878
429348429 15  P 411 6939982 0 6982862
429414269 8  P 1453 6930980 0 6974940
433168325 14  P 1103 6996366 0 7039939
438213062 9  P 475 7085327 0 7128289
438708320 13  P 708 7085085 0 7128264
439418945 12  P 771 7106783 0 7150046
441171678 5  P 220 7134988 0 7177722
444589515 4  P 3170 7177555 0 7223253
445500587 10  P 1218 7203856 0 7247570
448201530 3  P 225 7250183 0 7292933
448349262 1  P 1659 7118160 0 7292916
448506525 6  P 2796 7252938 0 7298254
452379716 19  P 322 7321771 0 7364587
452398875 7  P 203 7324703 0 7367430
452424028 17  P 336 7321755 0 7364570
452871303 18  P 323 7321770 0 7364573
452919314 2  P 217 7324689 0 7367436
455812977 10  P 1270 7372762 0 7416527
458134887 9  P 556 7411644 0 7454681
458535959 19  P 352 7422603 0 7465448
458580270 17  P 366 7422588 0 7465431
459027550 18  P 353 7422603 0 7465435
461496911 12  P 857 7468422 0 7511769
461583301 13  P 751 7459823 0 7503047
462185894 3  P 244 7479284 0 7522052
467862150 16  P 423 7576899 0 7619799
470242628 7  P 222 7617036 0 7659781
470739895 1  P 1815 7484849 0 7659763
470763069 2  P 236 7617022 0 7659788
472027007 4  P 3526 7626729 0 7672783
473770506 15  P 625 7667575 0 7710656
475840376 14  P 1207 7695400 0 7739064
478507928 8  P 1680 7735095 0 7779281
480512236 11  P 1373 7781750 0 7825601
482615819 6  P 3366 7811201 0 7857086
482624823 5  P 268 7814107 0 7856888
486114153 15  P 692 7869745 0 7912889
486458332 13  P 844 7867282 0 7910595
487900522 9  P 694 7899181 0 7942356
487910993 19  P 412 7903823 0 7946716
489199733 14  P 1240 7914247 0 7957940
491836380 7  P 241 7970809 0 8013569
492351661 8  P 1840 7961750 0 8006091
492356829 2  P 255 7970795 0 8013580
495480129 4  P 3941 8010564 0 8057032
496062314 5  P 305 8034229 0 8077047
498220955 17  P 437 8071989 0 8114897
498668222 18  P 424 8072004 0 8114905
499529665 3  P 276 8091090 0 8133891
499688051 10  P 1594 8091279 0 8135362
501318055 1  P 2059 7985592 0 8160751
501366002 6  P 3666 8118095 0 8164280
505372520 12  P 1188 8186935 0 8230606
507393482 16  P 550 8224451 0 8267471
508996493 11  P 1471 8248337 0 8292281
517036779 1  P 2143 8243042 0 8418284
518734148 5  P 324 8405666 0 8448501
521527785 11  P 1574 8453545 0 8497588
521942331 15  P 905 8456537 0 8499884
524839545 4  P 4295 8491229 0 8538046
529286087 19  P 496 8581628 0 8624597
529330393 17  P 521 8581600 0 8624587
529777675 18  P 508 8581615 0 8624599
530884830 9  P 789 8603342 0 8646603
531380019 13  P 981 8603139 0 8646587
533008312 7  P 260 8645351 0 8688127
533528754 2  P 274 8645337 0 8688139
533773547 8  P 2116 8640122 0 8684734
535127874 16  P 739 8678660 0 8721866
538934116 14  P 1424 8728908 0 8772764
539138072 12  P 1303 8740034 0 8783812
541431677 6  P 4136 8774048 0 8820707
542623484 3  P 295 8797120 0 8839940
542703586 10  P 1727 8795910 0 8840123
546340111 18  P 556 8852925 0 8895955
547902833 14  P 1446 8875828 0 8919705
549018535 16  P 796 8906184 0 8949444
550832830 19  P 526 8934619 0 8977617
550877203 17  P 594 8934547 0 8977605
553902022 4  P 4480 8967200 0 9014201
556060939 3  P 314 9017261 0 9060098
556648603 8  P 2263 9014758 0 9059511
562281769 10  P 1801 9116602 0 9160890
562949728 11  P 1743 9132029 0 9176237
563505574 1  P 2386 9004138 0 9179619
566725301 6  P 4360 9188228 0 9235114
567958473 15  P 1180 9210175 0 9253790
568343583 5  P 342 9218448 0 9261300
569259919 9  P 957 9231909 0 9275332
569755612 13  P 1145 9231709 0 9275317
570195767 7  P 279 9254611 0 9297405
570716209 2  P 293 9254597 0 9297418
570997470 12  P 1450 9261869 0 9305784
574036027 19  P 592 9314710 0 9357774
575640455 5  P 360 9337980 0 9380852
577689680 17  P 672 9373764 0 9416897
578136911 18  P 644 9373793 0 9416910
580498425 3  P 332 9417626 0 9460481
580914523 7  P 298 9430208 0 9473020
581434970 2  P 312 9430194 0 9473034
583278668 12  P 1469 9463065 0 9506994
584349044 15  P 1266 9478631 0 9522331
585824694 11  P 1879 9506673 0 9551012
586094171 10  P 1913 9506630 0 9551029
589179819 8  P 2457 9547550 0 9592496
590177504 13  P 1183 9566263 0 9609908
594730988 14  P 1544 9642962 0 9686925
596525894 9  P 1034 9678551 0 9722046
597444157 6  P 4792 9691080 0 9738403
597596679 16  P 978 9701900 0 9745340
599011411 4  P 5111 9705626 0 9753261
602724298 1  P 2677 9646400 0 9822173
607205997 16  P 989 9859328 0 9902777
608052473 13  P 1256 9859052 0 9902768
608642900 17  P 732 9880842 0 9924031
609605744 18  P 699 9889323 0 9932489
609614942 1  P 2692 9759282 0 9935068
610669357 2  P 363 9909117 0 9952009
611828666 10  P 2038 9928137 0 9972658
612602044 7  P 335 9949339 0 9992187
612747439 12  P 1594 9945753 0 9989803
614085185 6  P 5002 9963504 0 10011039
614637608 11  P 2053 9978562 0 10023069
617027847 4  P 5293 10000608 0 10048426
617318599 15  P 1406 10018647 0 10062484
619493250 8  P 2590 10044057 0 10089129
623091243 14  P 1698 10107446 0 10151560
624011155 9  P 1128 10128762 0 10172345
628343013 3  P 350 10201479 0 10244351
628583832 19  P 718 10208280 0 10251462
629813166 5  P 431 10225461 0 10268400
633591114 11  P 2181 10288958 0 10333589
635290339 7  P 367 10321017 0 10363898
643211910 8  P 2750 10432500 0 10477729
644037372 15  P 1499 10456311 0 10500236
644339292 9  P 1184 10461761 0 10505397
645481587 18  P 788 10477010 0 10520258
646101112 6  P 5359 10487679 0 10535571
650204420 10  P 2164 10556742 0 10601388
652074705 4  P 5691 10574409 0 10622624
652250646 5  P 450 10593057 0 10636016
652772058 13  P 1452 10591525 0 10635426
653795138 12  P 1674 10618185 0 10662310
655936726 3  P 369 10653555 0 10696447
656107637 2  P 462 10653462 0 10696450
658378078 17  P 897 10695522 0 10738872
659005624 19  P 789 10706638 0 10749890
660693887 1  P 3055 10595777 0 10771921
661638068 14  P 1816 10738877 0 10783102
662004133 16  P 1240 10756864 0 10800553
663949784 4  P 5756 10768903 0 10817184
665165012 8  P 2862 10792067 0 10837406
666841907 12  P 1723 10831893 0 10876067
667759110 7  P 399 10852952 0 10895862
668108615 3  P 401 10852946 0 10895870
668279524 2  P 480 10852866 0 10895873
668720002 10  P 2183 10860083 0 10904745
671412615 1  P 3185 10771258 0 10947531
671581182 17  P 939 10911799 0 10955189
671896661 15  P 1600 10912656 0 10956678
672231801 14  P 1847 10912414 0 10956668
675647017 13  P 1568 10966190 0 11010202
681097878 16  P 1381 11069553 0 11113379
682745405 9  P 1314 11090874 0 11134639
683349363 19  P 826 11105448 0 11148737
683840972 18  P 891 11105387 0 11148730
685398052 6  P 5970 11130898 0 11179398
687981826 11  P 2449 11179823 0 11224714
690094392 5  P 479 11213058 0 11256048
693669078 18  P 910 11266392 0 11309752
694147960 6  P 6040 11274184 0 11322754
694341157 11  P 2467 11283997 0 11328902
695388927 2  P 532 11296975 0 11340033
695423135 10  P 2386 11297380 0 11342242
696613452 16  P 1447 11323693 0 11367582
697459545 13  P 1667 11323467 0 11367572
700391326 5  P 498 11381744 0 11424753
701763804 12  P 1802 11403973 0 11448225
702659755 17  P 1017 11420902 0 11464366
702961942 8  P 3062 11411129 0 11456665
702997457 14  P 1952 11416373 0 11460730
703146256 19  P 915 11429709 0 11473083
704271718 15  P 1729 11442957 0 11487102
704553237 1  P 3398 11314014 0 11490504
713104759 9  P 1370 11588226 0 11632044
714903055 4  P 6388 11603074 0 11651991
716946600 7  P 418 11658820 0 11701748
719811771 3  P 420 11700032 0 11742971
723504067 16  P 1544 11764172 0 11808153
724855971 4  P 6494 11766033 0 11815060
725057880 9  P 1388 11784047 0 11827882
725665350 7  P 437 11801650 0 11844595
727710616 6  P 6507 11823596 0 11872632
730647005 1  P 3556 11741373 0 11918022
734125685 5  P 516 11934429 0 11977453
738997594 18  P 1057 12008897 0 12052401
739483703 3  P 450 12022307 0 12065275
739654631 2  P 617 12022137 0 12065281
741091132 11  P 2707 12049701 0 12094840
742534781 17  P 1155 12074073 0 12117668
744818637 19  P 1053 12112323 0 12155826
746685878 12  P 2064 12139707 0 12184212
750126367 10  P 2545 12193478 0 12238493
750131187 15  P 2056 12193984 0 12238451
750334574 13  P 1877 12189555 0 12233868
750466141 14  P 2127 12193922 0 12238447
752633863 8  P 3521 12224490 0 12270478
754001295 10  P 2545 12256965 0 12301979
754969394 5  P 547 12275901 0 12318955
762300980 16  P 1680 12399682 0 12443786
763100107 1  P 3772 12272864 0 12449732
763771671 19  P 1143 12422758 0 12466347
764178000 15  P 2086 12424096 0 12468590
764513090 14  P 2205 12423988 0 12468585
766269100 17  P 1225 12462864 0 12506527
770788709 6  P 6892 12528993 0 12578415
771899746 7  P 503 12559086 0 12602094
772696292 8  P 3650 12553060 0 12599179
773702379 3  P 469 12582926 0 12625914
777404559 12  P 2193 12642868 0 12687499
778667330 9  P 1619 12662146 0 12706211
779324870 4  P 7139 12657792 0 12707470
780263944 2  P 667 12687428 0 12730621
780466274 11  P 3020 12694503 0 12739952
781528919 18  P 1182 12705604 0 12749226
782537617 13  P 1952 12717093 0 12761478
785565972 17  P 1244 12779005 0 12822684
785637978 11  P 3108 12779147 0 12824683
790162348 15  P 2173 12849736 0 12894315
791201529 2  P 732 12866562 0 12909823
792651858 9  P 1723 12891161 0 12935329
792766261 5  P 566 12895146 0 12938218
793391814 10  P 2652 12902229 0 12947349
799169485 18  P 1211 12994598 0 13038249
799943519 19  P 1247 13015290 0 13058982
803101199 6  P 7291 13057996 0 13107817
806040013 8  P 3863 13099147 0 13145480
807686848 3  P 567 13139627 0 13182711
807857600 12  P 2261 13141742 0 13186437
808490735 1  P 4091 13016219 0 13193405
808509176 7  P 828 13158559 0 13201900
809131265 13  P 1989 13152767 0 13197187
809769593 16  P 1789 13177297 0 13221505
810653657 14  P 2548 13179605 0 13224542
813637222 4  P 7343 13219758 0 13269638
813930615 8  P 3911 13228378 0 13274758
814967971 3  P 638 13258849 0 13302002
820157470 10  P 2710 13340698 0 13385875
821732649 2  P 817 13366698 0 13410042
823019142 17  P 1341 13392540 0 13436311
823818870 13  P 2038 13393360 0 13437825
826528651 14  P 2626 13439618 0 13484635
828465475 4  P 7506 13462539 0 13512583
832558021 9  P 1996 13544706 0 13589135
834778650 11  P 3420 13583951 0 13629793
835438147 5  P 651 13594196 0 13637350
835974773 15  P 2419 13600079 0 13644898
836084455 1  P 4364 13468036 0 13645496
837044454 18  P 1338 13615013 0 13658789
837429356 6  P 7590 13620125 0 13670244
837629095 16  P 1944 13633589 0 13677950
838310774 12  P 2466 13640480 0 13685376
838431525 7  P 1061 13648562 0 13692134
841787295 19  P 1355 13700751 0 13744546
843805512 8  P 4033 13717722 0 13764224
844153596 11  P 3431 13737539 0 13783390
844394116 17  P 1371 13742717 0 13786514
845787608 1  P 4449 13626925 0 13804471
846076416 2  P 835 13765528 0 13808888
849244016 7  P 1144 13825631 0 13869281
853386075 9  P 2133 13885813 0 13930377
855184962 14  P 2753 13908994 0 13954132
855863490 16  P 2016 13932268 0 13976699
858193938 13  P 2145 13956451 0 14001019
860428000 19  P 1373 14006141 0 14049951
864110694 10  P 3020 14060512 0 14105997
864896688 15  P 2498 14073856 0 14118747
865421534 3  P 1076 14085022 0 14128616
865610073 5  P 670 14088514 0 14131683
865825740 18  P 1367 14086536 0 14130336
870185818 12  P 2584 14162600 0 14207612
871960418 6  P 7869 14185596 0 14235995
872168473 4  P 7955 14178111 0 14228602
873256006 15  P 2509 14210803 0 14255704
873784687 17  P 1447 14224174 0 14268040
875089176 9  P 2295 14241233 0 14285955
875137199 4  P 8006 14226700 0 14277239
875907524 10  P 3085 14253724 0 14299273
881384701 7  P 1489 14351875 0 14395869
882146659 19  P 1454 14361897 0 14405785
883560135 18  P 1427 14377035 0 14420894
883606780 14  P 2963 14374444 0 14419788
886709580 13  P 2425 14423363 0 14468208
888521985 1  P 4794 14326734 0 14504622
891294236 11  P 3703 14509616 0 14555726
891785407 16  P 2205 14520622 0 14565231
893982666 12  P 2695 14552374 0 14597495
897515261 3  P 1467 14610444 0 14654431
898024509 8  P 4409 14605666 0 14652537
898554159 6  P 8073 14621101 0 14671700
900623291 2  P 854 14659204 0 14702583
900719409 5  P 700 14663715 0 14706911
903376243 10  P 3192 14703662 0 14749316
904836911 8  P 4445 14717242 0 14764150
909615407 19  P 1521 14811876 0 14855827
909620450 9  P 2482 14806802 0 14851710
909659709 17  P 1545 14811851 0 14855813
910115746 13  P 2576 14806697 0 14851688
914716966 12  P 2820 14891956 0 14937201
917935030 18  P 1498 14940161 0 14984084
920606666 11  P 3818 14989753 0 15035977
920746600 4  P 8184 14973783 0 15024498
921568548 15  P 2630 15002232 0 15047248
921869068 7  P 2004 15014648 0 15059153
923475105 1  P 5142 14899050 0 15077287
923577775 3  P 2007 15036905 0 15081431
924847869 16  P 2394 15062126 0 15106918
925592077 2  P 873 15068274 0 15111668
926319765 6  P 8091 15075995 0 15126612
927516520 5  P 953 15102496 0 15145945
929747479 14  P 3115 15130256 0 15175751
934878444 17  P 1611 15224967 0 15268993
935932898 9  P 2682 15237699 0 15282807
941415836 7  P 2255 15334643 0 15379403
943138832 12  P 2928 15357509 0 15402858
945913531 6  P 8143 15396966 0 15447636
945943028 4  P 8299 15386483 0 15437313
950881048 15  P 2756 15482358 0 15527497
951216056 14  P 3312 15481798 0 15527486
951563789 10  P 3832 15492513 0 15538805
951591346 18  P 1552 15491530 0 15535506
952919315 11  P 4160 15518815 0 15565377
953579202 5  P 1178 15529272 0 15572940
955015302 3  P 2649 15551322 0 15596493
957443886 1  P 5528 15455197 0 15633827
957457281 16  P 2647 15596142 0 15641177
958951449 2  P 891 15614816 0 15658226
959272050 13  P 2931 15611714 0 15657056
959305582 8  P 4618 15609479 0 15656552
961490398 19  P 1661 15661651 0 15705736
964999645 3  P 2699 15714854 0 15760076
965696273 8  P 4649 15714153 0 15761256
966162621 1  P 5601 15597971 0 15776672
967441631 16  P 2666 15759707 0 15804757
967501102 5  P 1197 15757350 0 15801035
968099776 15  P 2797 15764428 0 15809606
970388241 18  P 1596 15799452 0 15843471
971478311 7  P 2545 15826893 0 15871934
975788553 6  P 8421 15886154 0 15937103
976403599 11  P 4308 15903427 0 15950141
978443895 13  P 2992 15925761 0 15971163
979220180 10  P 4106 15945354 0 15991922
980998300 2  P 934 15975988 0 16019442
984340335 4  P 8590 16015285 0 16066412
985042296 9  P 2834 16042154 0 16087409
985753424 17  P 1706 16058405 0 16102518
988568508 19  P 1740 16105216 0 16149380
989482700 12  P 3257 16116468 0 16162147
990169317 14  P 3573 16119744 0 16165685
993796515 3  P 3016 16186342 0 16231880
994229766 9  P 2852 16192662 0 16237934
995690917 17  P 1737 16221190 0 16265331
998287657 13  P 3039 16250832 0 16296282
999482650 2  P 953 16278816 0 16322289
1001278717 14  P 3605 16301726 0 16347699
1002922989 5  P 1230 16337669 0 16381384
1003055707 8  P 5056 16325835 0 16373347
1003605994 4  P 8718 16330800 0 16382056
1006544159 11  P 4355 16397202 0 16443960
1008100982 6  P 8604 16415374 0 16466507
1009631413 1  P 5928 16309827 0 16488855
1011240376 19  P 1787 16476624 0 16520831
1014816637 16  P 2902 16535655 0 16580936
1014969962 10  P 4245 16530938 0 16577643
1014974784 15  P 2926 16532293 0 16577598
1015045121 12  P 3414 16535123 0 16580954
1017837728 7  P 2876 16586103 0 16631476
1019153812 18  P 1637 16598386 0 16642443
1023115373 19  P 1817 16671154 0 16715389
1027826383 2  P 972 16743181 0 16786673
1028341079 11  P 4627 16754048 0 16801068
1028637190 4  P 8803 16740826 0 16792167
1030943519 15  P 2967 16793884 0 16839224
1032593440 3  P 3333 16821667 0 16867524
1034282317 5  P 1300 16851388 0 16895173
1034741681 6  P 8655 16851802 0 16902986
1034834514 13  P 3135 16849519 0 16895060
1034907454 10  P 4278 16857560 0 16904293
1036644069 17  P 1857 16892042 0 16936301
1037153741 14  P 3722 16889382 0 16935466
1037566662 16  P 3104 16908188 0 16953670
1039274381 8  P 5267 16919024 0 16966746
1041636126 9  P 3099 16969115 0 17014634
1043029521 12  P 3470 16993562 0 17039449
1043850154 1  P 6158 16870232 0 17049486
1044341419 18  P 1724 17010971 0 17055113
1049712695 7  P 3054 17108159 0 17153710
1053034598 17  P 1897 17160542 0 17204842
1055013845 12  P 3537 17189844 0 17235795
1055427857 19  P 1932 17200446 0 17244785
1056138255 18  P 1756 17204215 0 17248390
1063845071 10  P 4454 17331494 0 17378399
1064429253 6  P 8785 17338069 0 17389380
1065731727 11  P 4839 17366440 0 17413668
1067251257 5  P 1751 17391090 0 17435326
1067762889 14  P 3837 17390764 0 17436960
1067977457 8  P 5477 17389081 0 17437011
1071037677 13  P 3443 17442358 0 17488202
1072499806 3  P 3799 17475017 0 17521339
1074818880 1  P 6344 17377433 0 17556871
1077418511 4  P 9115 17539741 0 17591391
1077572027 7  P 3072 17564587 0 17610156
1079373315 2  P 991 17587707 0 17631214
1080271772 15  P 3177 17601865 0 17647403
1082707306 16  P 3287 17647585 0 17693237
1082995626 9  P 3397 17646448 0 17692256
1085235736 10  P 4722 17681682 0 17728859
1086907523 5  P 1996 17712889 0 17757366
1089812326 3  P 4062 17758395 0 17804983
1093759653 7  P 3122 17829756 0 17875371
1094357663 12  P 3665 17834324 0 17880392
1094975264 13  P 3651 17834340 0 17880391
1095334267 15  P 3250 17848572 0 17894185
1095358120 2  P 1010 17849576 0 17893102
1096341240 14  P 3976 17858852 0 17905178
1097091382 18  P 1920 17875022 0 17919357
1099214228 9  P 3503 17912065 0 17957977
1104112819 17  P 2023 17997279 0 18041700
1107809949 11  P 5010 18055675 0 18103066
1107834554 1  P 6586 17918112 0 18097794
1108293512 4  P 9134 18045578 0 18097246
1108772943 6  P 8955 18064424 0 18115902
1109571225 8  P 5525 18070504 0 18118478
1111428893 16  P 3445 18117997 0 18163806
1111756027 19  P 2186 18123069 0 18167651
1114065952 17  P 2114 18160259 0 18204770
1114563790 10  P 4886 18162025 0 18209364
1118657388 5  P 2328 18232741 0 18277552
1119743943 7  P 3288 18255315 0 18301096
1120559881 14  P 4035 18255589 0 18301972
1121178261 1  P 6784 18136534 0 18316413
1123104847 9  P 3590 18303400 0 18349398
1125881052 15  P 3375 18348922 0 18394656
1127356955 18  P 2081 18370729 0 18415224
1129068944 13  P 3766 18392814 0 18438972
1130529955 2  P 1029 18425812 0 18469357
1130597878 16  P 3532 18431976 0 18477869
1130727528 8  P 5691 18416961 0 18465094
1132077798 3  P 4656 18450264 0 18497453
1132818595 19  P 2248 18468093 0 18512734
1132960423 6  P 9173 18460492 0 18512183
1134809198 4  P 9378 18479763 0 18531673
1141654445 12  P 3780 18609114 0 18655288
1141872418 11  P 5295 18613463 0 18661135
1145107480 12  P 3817 18665651 0 18711862
1145751279 10  P 5218 18672662 0 18720331
1146444798 6  P 9192 18681400 0 18733108
1147105979 4  P 9448 18681162 0 18733143
1147650132 7  P 3547 18712268 0 18758302
1151519125 17  P 2204 18773801 0 18818396
1153372352 14  P 4191 18793027 0 18839565
1153839239 9  P 3950 18806586 0 18852938
1157231814 11  P 5325 18865080 0 18912777
1157912718 13  P 3976 18865177 0 18911536
1162102554 8  P 5778 18930922 0 18979137
1163748677 2  P 1058 18970039 0 19013613
1164827801 3  P 5134 18986351 0 19034022
1164928005 15  P 3510 18988529 0 19034392
1166441556 16  P 3731 19019032 0 19065123
1168490551 19  P 2376 19052411 0 19097178
1168891700 5  P 2573 19055529 0 19100588
1169006384 1  P 7227 18919696 0 19100019
1171216456 18  P 2289 19089110 0 19133806
1173035299 16  P 3731 19127064 0 19173155
1174547954 5  P 2591 19148182 0 19193259
1174560761 12  P 3912 19148116 0 19194413
1176530920 3  P 5250 19177977 0 19225765
1178068494 15  P 3608 19203721 0 19249685
1180590349 4  P 9689 19229525 0 19281747
1181289925 8  P 5797 19245269 0 19293499
1182913628 6  P 9451 19278646 0 19330603
1184272036 1  P 7356 19169676 0 19350129
1186446997 7  P 3875 19347580 0 19393941
1186997568 18  P 2337 19347618 0 19392360
1188365522 19  P 2407 19378011 0 19422806
1190303031 10  P 5621 19402187 0 19450255
1191825498 14  P 4279 19422952 0 19469574
1193717456 2  P 1076 19461028 0 19504620
1196896946 13  P 4119 19503747 0 19550247
1197300464 17  P 2428 19523652 0 19568468
1197450542 11  P 5591 19523753 0 19571711
1200261010 9  P 4201 19566905 0 19613511
1203243860 7  P 3926 19622727 0 19669139
1204435724 12  P 4012 19637482 0 19683882
1205115752 1  P 7486 19511046 0 19691630
1206263008 11  P 5652 19668072 0 19716092
1206460419 6  P 9673 19664211 0 19716393
1207734053 3  P 5483 19688974 0 19736991
1210677932 19  P 2548 19743433 0 19788367
1215850217 13  P 4214 19814182 0 19860774
1216856421 4  P 10064 19823320 0 19875918
1217417269 9  P 4220 19847974 0 19894598
1218362930 17  P 2495 19868670 0 19913552
1222787416 15  P 3737 19936264 0 19982354
1223388101 14  P 4412 19939935 0 19986694
1223410452 16  P 3945 19952190 0 19998486
1223419438 18  P 2427 19944264 0 19989094
1223576830 2  P 1094 19950226 0 19993835
1225649404 8  P 5946 19971903 0 20020283
1228860733 10  P 6004 20033529 0 20081976
1232735537 5  P 2824 20101292 0 20146599
1236181398 7  P 3978 20162323 0 20208785
1236193865 1  P 7701 20020009 0 20200808
1237282390 5  P 2824 20175787 0 20221095
1237670552 2  P 1112 20181120 0 20224746
1238396752 19  P 2648 20197476 0 20242511
1241374673 3  P 5841 20239776 0 20288152
1244427960 15  P 3796 20290761 0 20336909
1244762988 14  P 4524 20290026 0 20336895
1245835524 6  P 9987 20309011 0 20361509
1249526686 9  P 4253 20374022 0 20420677
1249641963 10  P 6150 20373859 0 20422453
1249941590 16  P 4142 20386673 0 20433160
1250045074 12  P 4129 20384624 0 20431139
1250309523 4  P 10228 20371246 0 20424012
1250853239 8  P 6194 20384588 0 20433220
1254256420 13  P 4328 20443314 0 20490015
1258425332 17  P 2614 20524930 0 20569929
1258903710 11  P 6110 20530069 0 20578539
1260060159 18  P 2502 20544509 0 20589409
1264347215 17  P 2614 20621954 0 20666952
1270016895 10  P 6224 20707607 0 20756273
1270607661 12  P 4433 20721212 0 20768026
1272912639 1  P 8074 20621229 0 20802399
1273341068 14  P 4639 20758132 0 20805115
1273514289 2  P 1130 20768365 0 20812010
1274075750 18  P 2539 20774102 0 20819037
1274990465 15  P 3945 20791347 0 20837640
1275318992 13  P 4467 20788263 0 20835101
1275995534 9  P 4695 20807233 0 20854331
1277210825 6  P 10187 20822853 0 20875549
1283124653 3  P 6445 20923189 0 20972173
1283336800 8  P 6326 20916665 0 20965421
1283762651 4  P 10538 20919024 0 20972103
1287056374 7  P 4476 20995354 0 21042313
1288380980 19  P 2786 21016280 0 21061448
1289582280 16  P 4409 21035878 0 21082616
1290673108 5  P 3361 21049994 0 21095834
1290887931 11  P 6258 21053946 0 21102559
1294381362 1  P 8337 20972704 0 21154133
1295084061 19  P 2804 21126085 0 21171269
1298888205 18  P 2617 21180548 0 21225560
1300874682 3  P 6821 21213616 0 21262982
1305559824 14  P 4712 21285928 0 21332980
1307059491 4  P 10804 21300447 0 21353794
1307373239 12  P 4720 21323287 0 21370385
1309247300 11  P 6456 21354540 0 21403353
1310151683 9  P 4910 21366627 0 21413939
1310360665 10  P 6726 21368089 0 21417249
1310454242 5  P 3584 21373859 0 21419922
1310462628 7  P 4494 21378824 0 21425799
1311331640 17  P 2770 21391589 0 21436737
1311332103 16  P 4642 21391987 0 21438958
1313108071 2  P 1149 21417050 0 21460712
1313272130 13  P 4754 21409793 0 21456918
1314790097 8  P 6598 21431715 0 21480744
1321162258 15  P 4206 21547560 0 21594110
1321695299 6  P 10663 21551201 0 21604370
1323130967 19  P 2834 21585574 0 21630786
1324919382 18  P 2658 21607002 0 21652050
1325534666 17  P 2789 21624273 0 21669437
1327507854 6  P 10791 21646303 0 21699599
1335084604 13  P 4908 21767011 0 21814288
1338187180 3  P 7069 21824692 0 21874307
1340004129 16  P 4802 21861588 0 21908714
1342037215 15  P 4269 21889512 0 21936119
1342391568 2  P 1532 21896437 0 21940482
1342900207 7  P 4513 21910262 0 21957254
1343188853 10  P 6876 21905795 0 21955098
1343248264 12  P 4874 21910907 0 21958157
1343528597 14  P 4800 21907917 0 21955049
1344883683 8  P 6727 21924637 0 21973792
1345089413 9  P 5192 21938762 0 21986352
1348719936 5  P 3786 22000601 0 22046858
1348950157 4  P 10823 21986765 0 22040130
1350600144 1  P 8869 21893247 0 22075209
1351778786 11  P 6671 22051155 0 22100181
1354172978 5  P 3824 22089906 0 22136198
1357263012 11  P 6682 22140997 0 22190033
1357990767 1  P 8883 22014320 0 22196297
1361322032 7  P 4532 22212066 0 22259074
1361894013 17  P 2841 22219931 0 22265145
1364356941 18  P 2724 22253080 0 22298188
1364511227 9  P 5370 22256788 0 22304557
1365265324 3  P 7591 22267808 0 22317948
1365897093 13  P 5001 22271747 0 22319110
1366201801 2  P 1569 22286505 0 22330589
1367298071 10  P 6985 22300690 0 22350103
1368169159 14  P 4830 22311597 0 22358755
1369304758 6  P 11314 22330566 0 22384395
1369379135 16  P 4869 22342801 0 22389987
1369513823 12  P 5000 22341113 0 22388484
1369896594 19  P 2911 22351704 0 22396989
1379293897 4  P 10842 22483898 0 22537282
1381068658 15  P 4391 22528878 0 22575602
1381258817 8  P 6943 22520386 0 22569749
1389888757 12  P 5037 22674898 0 22722305
1395774493 8  P 7136 22758014 0 22807572
1396204365 10  P 7017 22774257 0 22823703
1396231963 18  P 2797 22775243 0 22820424
1396840771 4  P 10860 22771367 0 22824770
1397618898 7  P 4851 22806427 0 22853754
1399295577 2  P 1588 22828694 0 22872797
1400081581 17  P 2881 22845554 0 22890807
1400850120 13  P 5163 22844255 0 22891774
1404834152 19  P 2940 22924092 0 22969405
1404835858 6  P 11680 22912338 0 22966524
1405030925 3  P 8389 22918517 0 22969455
1405584500 1  P 9437 22793529 0 22976060
1405903704 11  P 7049 22937550 0 22986950
1407651638 9  P 5657 22963308 0 23011361
1407849832 15  P 4509 22967538 0 23014377
1409547942 5  P 3943 22997048 0 23043459
1410707255 16  P 5048 23019737 0 23067103
1411403558 14  P 4849 23019931 0 23067097
1415609005 3  P 8666 23091548 0 23142764
1416818575 15  P 4520 23114470 0 23161320
1416841038 14  P 4867 23109000 0 23156184
1416938703 10  P 7035 23113950 0 23163411
1422757803 6  P 11893 23205751 0 23260149
1422873271 12  P 5313 23215037 0 23262715
1424072236 7  P 5111 23239574 0 23287157
1424568442 19  P 2981 23247377 0 23292731
1429180703 8  P 7480 23304990 0 23354893
1433217430 2  P 1607 23384451 0 23428573
1434266707 5  P 3961 23402022 0 23448451
1435756368 1  P 9740 23287557 0 23470392
1435888002 11  P 7218 23428640 0 23478206
1436584411 13  P 5263 23429622 0 23477241
1436628400 17  P 2934 23444283 0 23489585
1437504132 16  P 5283 23458539 0 23506130
1437809549 4  P 10878 23442582 0 23495999
1438310101 18  P 2942 23464505 0 23509827
1439120404 9  P 6105 23478432 0 23526932
1443326272 12  P 5543 23549903 0 23597809
1447595115 10  P 7327 23615929 0 23665683
1447802847 19  P 3011 23628019 0 23673400
1448168909 4  P 10897 23612291 0 23665726
1449227522 8  P 7549 23633367 0 23683337
1450966325 18  P 2984 23671823 0 23717183
1451936204 2  P 1625 23691120 0 23735261
1456400182 7  P 5235 23769107 0 23816813
1458148556 6  P 12329 23785147 0 23839980
1458762983 11  P 7301 23803341 0 23852987
1459115846 13  P 5341 23798697 0 23846391
1459730007 9  P 6408 23815790 0 23864593
1460975130 1  P 9913 23700567 0 23883574
1461501106 5  P 3980 23848212 0 23894656
1464265485 3  P 9495 23887886 0 23939930
1468131026 15  P 4680 23955011 0 24002011
1468675327 17  P 2953 23969321 0 24014639
1469066580 16  P 5495 23975440 0 24023235
1472122356 14  P 4966 24014627 0 24061903
1474275209 7  P 5337 24061869 0 24109674
1475412250 19  P 3083 24080299 0 24125748
1476373210 12  P 5713 24091169 0 24139242
1483263237 18  P 3013 24200944 0 24246334
1483362777 17  P 2972 24209941 0 24255274
1486479900 9  P 6665 24253797 0 24302860
1486693937 13  P 5411 24250465 0 24298224
1487929710 6  P 12734 24272668 0 24327907
1490798187 10  P 7496 24323595 0 24373517
1493262660 4  P 10916 24351088 0 24404542
1493669273 11  P 7522 24375016 0 24424883
1497644627 16  P 5620 24443536 0 24491452
1498812564 3  P 10125 24453256 0 24505936
1498930689 8  P 7846 24447400 0 24497664
1499344861 5  P 3999 24468225 0 24514683
1499990395 15  P 4720 24476954 0 24523990
1500866158 1  P 10234 24353808 0 24537138
1501623699 2  P 1644 24505181 0 24549339
1502387982 14  P 5039 24510423 0 24557770
1505226554 6  P 13021 24555766 0 24611295
1507303214 13  P 5497 24588040 0 24635884
1507344917 10  P 7596 24594595 0 24644615
1507544247 11  P 7581 24602283 0 24652204
1507856955 18  P 3043 24603858 0 24649275
1508149356 8  P 7883 24598401 0 24648702
1508197082 7  P 5416 24617563 0 24665449
1508944283 1  P 10276 24486116 0 24669489
1509191706 16  P 5700 24632641 0 24680639
1513184515 4  P 10935 24677468 0 24730941
1514206570 17  P 3079 24715175 0 24760614
1516592428 2  P 1662 24750411 0 24794586
1516641719 5  P 4017 24751596 0 24798074
1518443527 15  P 4819 24779188 0 24826322
1518562564 3  P 10550 24776407 0 24829508
1522787283 19  P 3149 24856423 0 24901939
1527854777 9  P 6850 24931496 0 24980738
1528591994 12  P 5986 24946444 0 24994779
1529762990 14  P 5111 24958859 0 25006275
1535903812 18  P 3147 25063271 0 25108788
1537467063 12  P 6019 25091820 0 25140185
1537803662 1  P 10533 24958685 0 25142314
1539548174 10  P 7921 25121880 0 25172223
1539800331 17  P 3150 25134431 0 25179938
1543572002 7  P 5565 25196994 0 25245027
1544738559 16  P 5815 25214921 0 25263029
1544856708 11  P 7843 25213336 0 25263522
1547903276 4  P 10953 25246282 0 25299773
1550311194 2  P 1680 25302840 0 25347032
1551138106 14  P 5310 25308865 0 25356476
1551352592 8  P 8112 25306005 0 25356536
1551427916 19  P 3352 25325466 0 25371177
1555110446 5  P 4047 25381838 0 25428346
1558459117 15  P 4919 25434702 0 25481924
1558976541 6  P 13802 25435606 0 25491916
1559417278 9  P 6879 25448586 0 25497853
1559912774 13  P 5898 25449587 0 25497825
1561984482 3  P 11239 25487132 0 25540918
1564110611 10  P 8088 25524143 0 25574651
1564931419 7  P 5616 25546894 0 25594975
1565897400 1  P 10787 25418713 0 25602599
1568521751 15  P 4963 25599523 0 25646786
1568632889 6  P 13900 25593715 0 25650125
1569888053 14  P 5427 25615941 0 25663669
1572604789 9  P 6950 25664579 0 25713913
1576329192 5  P 4066 25729467 0 25775993
1579946385 8  P 8328 25774268 0 25825010
1580670150 12  P 6242 25799436 0 25848012
1580734451 3  P 11618 25793947 0 25848113
1581372019 4  P 10982 25794605 0 25848125
1583606998 18  P 3234 25844753 0 25890349
1584847861 16  P 6041 25871846 0 25920169
1588779967 2  P 1698 25933094 0 25977304
1588956524 17  P 3224 25939733 0 25985300
1590443535 19  P 3412 25964639 0 26010402
1590475187 13  P 5996 25950222 0 25998548
1591169346 11  P 8169 25971792 0 26022294
1594091885 12  P 6351 26019226 0 26067910
1595889315 2  P 1717 26049554 0 26093783
1599966103 14  P 5515 26108647 0 26156451
1600037616 13  P 6052 26106835 0 26155216
1601184911 11  P 8213 26135840 0 26186388
1602523348 6  P 14137 26148734 0 26205377
1604653837 18  P 3339 26189479 0 26235178
1604981360 4  P 11000 26181402 0 26234939
1605003420 17  P 3254 26202615 0 26248207
1606672092 3  P 12139 26218381 0 26273065
1606818611 19  P 3498 26232840 0 26278687
1609586817 8  P 8662 26259551 0 26310631
1611134835 7  P 5973 26303525 0 26351964
1614691477 16  P 6168 26360675 0 26409117
1615673100 10  P 8310 26368720 0 26419435
1617995618 9  P 7350 26407851 0 26457583
1618688546 5  P 4370 26423172 0 26469997
1619350503 1  P 11219 26294047 0 26478363
1622896702 15  P 5192 26490171 0 26537640
1623982577 12  P 6586 26508716 0 26557633
1625257703 6  P 14306 26521041 0 26577853
1628856692 14  P 5555 26581950 0 26629792
1629741116 1  P 11291 26464212 0 26648602
1634216161 11  P 8423 26676811 0 26727563
1634483045 2  P 1735 26681855 0 26726102
1635216337 18  P 3512 26690038 0 26735910
1635271680 15  P 5240 26692872 0 26740390
1635584465 13  P 6147 26689136 0 26737609
1637775273 7  P 6144 26739824 0 26788438
1641422111 3  P 12569 26787287 0 26842397
1641771625 19  P 3672 26805332 0 26851348
1643579447 10  P 8497 26825746 0 26876644
1644907465 5  P 4593 26852518 0 26899561
1645878443 17  P 3453 26872109 0 26917889
1646151739 9  P 7519 26868988 0 26918886
1646175889 16  P 6238 26876444 0 26924951
1646227584 8  P 8796 26859736 0 26910946
1648575234 4  P 11066 26895578 0 26949179
1654104826 9  P 7555 26999254 0 27049190
1655778645 11  P 8609 27029902 0 27080835
1657688842 10  P 8639 27056767 0 27107810
1658826801 2  P 1754 27080684 0 27124949
1660319277 1  P 11579 26964909 0 27149591
1660397058 13  P 6276 27095534 0 27144130
1664103274 7  P 6182 27171144 0 27219795
1665992250 6  P 14579 27188156 0 27245240
1667798071 5  P 4821 27227325 0 27274595
1668171911 3  P 12884 27225232 0 27280660
1669207191 16  P 6297 27253728 0 27302291
1669300262 17  P 3505 27255800 0 27301626
1669965886 4  P 11264 27245838 0 27299638
1670591286 18  P 3662 27269468 0 27315491
1671357612 12  P 6732 27284759 0 27333817
1673919174 14  P 5716 27320091 0 27368080
1675602564 8  P 8915 27340897 0 27392220
1678334258 15  P 5408 27398237 0 27445914
1680802851 19  P 3747 27444744 0 27490828
1683546930 3  P 13050 27476968 0 27532560
1683685108 18  P 3724 27483933 0 27530019
1684626066 5  P 4955 27502897 0 27550304
1689007834 6  P 14763 27565057 0 27622323
1689901677 9  P 7631 27585674 0 27635682
1691350223 13  P 6391 27602552 0 27651265
1692341214 11  P 8821 27628726 0 27679867
1694196297 8  P 8945 27645505 0 27696859
1694349882 15  P 5509 27660535 0 27708307
1701072061 7  P 6201 27776822 0 27825488
1705497031 4  P 11722 27827511 0 27881772
1706920596 2  P 1773 27868634 0 27912917
1707001430 10  P 9237 27864094 0 27915734
1707584275 19  P 3836 27883442 0 27929606
1707628479 17  P 3577 27883695 0 27929583
1708294385 14  P 5873 27883134 0 27931278
1708678677 1  P 12039 27756758 0 27941901
1711082150 16  P 6346 27939758 0 27988365
1712763827 12  P 6824 27963065 0 28012208
1715259515 7  P 6219 28009251 0 28057934
1715282335 5  P 5340 28004778 0 28052572
1716519646 16  P 6365 28028827 0 28077453
1723342431 2  P 1792 28137670 0 28181972
1723495401 9  P 7650 28136054 0 28186079
1727529348 12  P 6873 28204934 0 28254124
1727882714 6  P 14902 28201842 0 28259242
1728725005 13  P 6477 28214813 0 28263611
1730506783 1  P 12181 28114245 0 28299529
1732059467 4  P 12000 28262427 0 28316968
1736937588 3  P 13303 28351465 0 28407307
1737555726 8  P 9229 28355616 0 28407251
1737903690 11  P 9141 28374898 0 28426351
1738669290 14  P 5950 28380715 0 28428935
1739341345 18  P 3814 28395713 0 28441881
1740440918 17  P 3760 28421105 0 28467173
1741787212 19  P 3946 28443709 0 28489978
1742751411 10  P 9500 28449553 0 28501451
1742756059 15  P 5649 28453480 0 28501383
1743482599 12  P 7011 28466169 0 28515491
1743513057 14  P 5950 28460076 0 28508290
1747315889 17  P 3823 28533680 0 28579809
1749413932 6  P 14943 28554568 0 28612008
1751774495 8  P 9374 28588427 0 28640208
1753200703 18  P 3832 28622765 0 28668949
1754907534 10  P 9566 28648651 0 28700616
1755615785 13  P 6544 28655323 0 28704185
1756044338 11  P 9190 28672065 0 28723565
1758631060 15  P 5696 28713528 0 28761475
1763704452 5  P 6018 28797429 0 28845900
1763725544 1  P 12350 28658325 0 28843778
1764153258 4  P 12389 28787851 0 28842786
1764785348 16  P 6625 28819344 0 28868222
1766974711 19  P 4009 28856318 0 28902649
1768478253 7  P 6238 28881168 0 28929867
1769061190 2  P 1810 28886707 0 28931025
1771375055 3  P 13355 28915637 0 28971528
1772886034 9  P 7699 28945221 0 28995287
1774184493 4  P 12553 28952033 0 29007134
1775653677 14  P 6029 28986586 0 29034873
1777271637 19  P 4038 29024992 0 29071351
1781160288 16  P 6733 29087522 0 29136504
1781849749 15  P 5773 29093864 0 29141884
1784191072 17  P 3947 29137716 0 29183965
1785585869 6  P 14972 29147178 0 29204648
1786296923 3  P 13374 29160098 0 29216007
1787370597 9  P 7781 29182453 0 29232598
1787438699 5  P 6297 29186005 0 29234752
1787919150 11  P 9327 29194160 0 29245793
1790376424 10  P 9758 29229578 0 29281728
1790795577 2  P 1828 29242784 0 29287120
1793694283 1  P 12565 29149112 0 29334782
1796586802 8  P 9736 29322264 0 29374400
1798447041 7  P 6256 29372158 0 29420874
1798857719 12  P 7365 29373070 0 29422742
1801294444 18  P 3919 29410644 0 29456909
1801897074 13  P 6764 29413369 0 29462442
1804717432 2  P 1847 29470861 0 29515215
1805250166 3  P 13472 29470528 0 29526532
1805803317 13  P 6778 29477354 0 29526442
1808148412 6  P 15191 29516617 0 29574311
1808222778 16  P 6824 29530819 0 29579891
1809231828 11  P 9459 29543211 0 29594972
1809331697 17  P 4007 29549559 0 29595864
1812399438 8  P 9827 29581244 0 29633470
1813165817 7  P 6275 29613292 0 29662025
1813595130 10  P 9872 29609877 0 29662140
1814146617 19  P 4121 29629066 0 29675502
1816638926 12  P 7450 29664309 0 29714065
1817651738 9  P 7951 29678404 0 29728717
1818966219 14  P 6221 29696022 0 29744491
1820122725 18  P 4071 29718973 0 29765384
1822662337 15  P 5924 29762382 0 29810547
1827657461 5  P 6652 29844587 0 29893690
1829559536 4  P 12998 29858848 0 29914391
1831213573 1  P 12851 29763536 0 29949490
1833894076 17  P 4162 29951832 0 29998290
1835382774 6  P 15431 29962579 0 30020516
1836469841 5  P 6737 29988881 0 30038068
1838919317 14  P 6295 30022857 0 30071398
1839133829 8  P 9896 30019189 0 30071479
1839185116 18  P 4171 30031188 0 30077702
1841066688 16  P 7038 30068716 0 30117989
1843436205 2  P 1865 30105210 0 30149579
1847340758 4  P 13164 30150008 0 30205714
1849400194 7  P 6293 30206937 0 30255686
1849600202 13  P 7023 30194673 0 30243997
1853506110 19  P 4332 30273716 0 30320357
1853553663 1  P 13110 30129291 0 30315508
1855904492 12  P 7603 30307479 0 30357383
1855968837 3  P 14034 30300929 0 30357500
1856470560 10  P 10122 30312087 0 30364598
1856778766 11  P 9799 30321875 0 30373964
1858412337 15  P 6125 30347902 0 30396263
1861464394 9  P 8339 30395833 0 30446536
1863802958 19  P 4362 30442388 0 30489057
1869954207 5  P 6950 30537273 0 30586669
1871629119 16  P 7206 30569278 0 30618715
1871881794 1  P 13195 30429492 0 30615796
1871977911 8  P 10019 30557174 0 30609581
1872006503 13  P 7059 30561739 0 30611098
1872273407 6  P 15954 30566462 0 30624920
1872628556 17  P 4277 30586342 0 30632907
1874076395 12  P 7660 30605150 0 30655109
1874140839 3  P 14260 30598428 0 30655224
1874339290 9  P 8441 30606669 0 30657477
1874497017 4  P 13376 30594717 0 30650636
1876318659 15  P 6187 30641216 0 30689636
1880794489 18  P 4266 30712818 0 30759422
1880837652 7  P 6312 30721989 0 30770757
1880981777 14  P 6531 30711767 0 30760543
1887419330 11  P 9919 30823768 0 30875974
1892220597 10  P 10576 30897357 0 30950317
1892904959 2  P 1883 30915688 0 30960072
1895075122 4  P 13668 30931570 0 30987781
1897626759 10  P 10590 30985918 0 31038891
1897647401 1  P 13451 30851376 0 31037935
1902514342 2  P 1901 31073109 0 31117511
1904181416 7  P 6331 31104434 0 31153220
1905050493 17  P 4466 31117352 0 31164099
1908089257 9  P 8648 31159417 0 31210427
1908193586 15  P 6316 31163323 0 31211858
1908704319 5  P 7498 31171599 0 31221541
1909622574 18  P 4347 31185056 0 31231736
1913318517 19  P 4559 31253450 0 31300316
1913410400 16  P 7467 31253553 0 31303245
1916750095 3  P 14462 31296335 0 31353330
1917024748 8  P 10105 31295135 0 31347626
1917101508 6  P 16070 31300807 0 31359383
1918044418 14  P 6769 31318760 0 31367766
1919294751 11  P 10027 31345897 0 31398209
1919428320 13  P 7223 31338532 0 31388050
1920826432 12  P 8131 31370617 0 31421052
1924108076 2  P 1919 31426882 0 31471303
1925023332 6  P 16088 31430580 0 31489171
1926622026 4  P 14028 31448067 0 31504637
1930013492 11  P 10056 31521483 0 31573822
1931511111 9  P 8704 31543104 0 31594167
1932540411 8  P 10123 31549325 0 31601831
1933381108 19  P 4637 31582078 0 31629013
1933491181 1  P 13697 31438388 0 31625195
1934670144 12  P 8196 31597366 0 31647866
1936653761 14  P 6827 31623596 0 31672656
1937235667 5  P 7825 31638726 0 31688993
1937939325 10  P 10998 31645982 0 31699359
1937943586 15  P 6414 31650648 0 31699269
1939228326 7  P 6350 31678624 0 31727427
1939725155 13  P 7348 31670948 0 31720590
1940566714 16  P 7558 31698388 0 31748167
1943997664 18  P 4427 31748178 0 31794933
1950890731 3  P 14579 31855577 0 31912687
1951253552 17  P 4579 31874228 0 31921081
1952956665 17  P 4579 31902132 0 31948985
1955899724 8  P 10153 31932014 0 31984547
1957451804 2  P 1937 31973168 0 32017605
1961658118 10  P 11067 32034520 0 32087968
1963069306 1  P 13883 31922804 0 32109798
1965185405 11  P 10261 32097527 0 32150063
1966419472 18  P 4493 32115468 0 32162289
1967756092 19  P 4695 32145218 0 32192207
1968882697 6  P 16106 32149153 0 32207761
1970578186 3  P 14629 32178085 0 32235245
1971215741 4  P 14469 32178240 0 32235252
1971372503 14  P 6916 32192336 0 32241481
1971724852 15  P 6558 32203974 0 32252732
1978045208 12  P 8404 32307815 0 32358514
1978712659 7  P 6368 32325516 0 32374336
1978933019 9  P 8973 32319791 0 32371118
1981719830 5  P 8374 32366998 0 32417806
1982160385 16  P 7885 32379523 0 32429619
1983053337 13  P 7551 32380632 0 32430468
1986042360 9  P 8984 32436260 0 32487597
1987850167 13  P 7551 32459223 0 32509060
1988188764 5  P 8468 32472888 0 32523791
1988747589 18  P 4561 32481223 0 32528111
1989841206 14  P 6964 32494878 0 32544071
1992428012 15  P 6632 32543098 0 32591928
1992532854 10  P 11170 32540264 0 32593816
1993498681 2  P 1955 32563741 0 32608196
2001363532 16  P 7973 32694057 0 32744238
2002331707 17  P 4733 32710937 0 32757939
2002607677 12  P 8534 32710115 0 32760944
2003265693 3  P 14713 32713551 0 32770795
2004103058 8  P 10729 32721187 0 32774297
2006794713 11  P 10520 32778988 0 32831781
2006976549 6  P 16183 32773206 0 32831889
2008981370 4  P 14864 32796591 0 32853998
2009384518 7  P 6387 32828026 0 32876863
2011178005 19  P 4789 32856547 0 32903628
2012788023 1  P 14228 32737041 0 32924380
2019937549 3  P 14912 32986500 0 33043944
2020852877 8  P 10870 32995473 0 33048724
2021997380 14  P 7064 33021623 0 33070908
2022066628 16  P 8002 33033227 0 33083436
2022986185 10  P 11402 33038976 0 33092752
2024428646 1  P 14343 32927642 0 33115096
2024993911 7  P 6406 33083751 0 33132606
2027606992 18  P 4653 33117799 0 33164775
2027841993 12  P 8685 33123403 0 33174377
2028450984 11  P 10694 33133627 0 33186588
2028585878 6  P 16478 33126950 0 33185927
2028894114 17  P 4812 33146055 0 33193137
2031467424 2  P 1973 33185802 0 33230276
2032287388 19  P 4852 33202338 0 33249480
2034256391 13  P 7677 33219412 0 33269374
2035526707 9  P 9138 33246854 0 33298336
2036021764 15  P 6814 33257152 0 33306155
2039922971 5  P 8855 33320104 0 33371391
2042793875 4  P 15033 33350405 0 33407977
2044134115 8  P 11066 33376715 0 33430160
2049443595 15  P 6883 33476984 0 33526054
2052548698 10  P 11596 33523132 0 33577099
2053872683 18  P 4731 33548057 0 33595107
2053987815 17  P 4877 33557120 0 33604269
2054164053 6  P 16786 33545709 0 33604990
2054325196 4  P 15052 33539315 0 33596906
2055011055 9  P 9157 33566067 0 33617565
2056250141 3  P 15335 33581008 0 33638883
2056326884 2  P 2006 33593065 0 33637572
2058376087 5  P 8874 33622421 0 33673726
2061076468 12  P 8854 33667744 0 33718882
2061256852 1  P 14604 33530769 0 33718480
2061318973 13  P 7725 33662757 0 33712763
2065771724 19  P 4931 33750865 0 33798084
2068419739 11  P 10947 33788216 0 33841424
2068669388 14  P 7384 33785970 0 33835570
2069207168 16  P 8143 33805434 0 33855777
2070290756 7  P 6436 33825864 0 33874750
2073138861 12  P 8894 33865333 0 33916509
2074240414 19  P 4998 33889549 0 33936834
2078711003 6  P 17139 33947524 0 34007155
2078756082 15  P 7029 33957091 0 34006302
2080731810 14  P 7458 33983523 0 34033195
2080816563 16  P 8161 33995624 0 34045982
2081923478 10  P 11722 34004282 0 34058369
2082977960 8  P 11181 34013014 0 34066575
2083297946 5  P 8904 34030710 0 34082044
2088762658 4  P 15170 34103419 0 34161126
2090159782 17  P 4961 34149676 0 34196903
2092046988 3  P 15925 34166904 0 34225359
2092366170 1  P 14875 34040189 0 34228172
2093873847 2  P 2024 34208217 0 34252740
2095334651 13  P 7887 34219904 0 34270067
2097716582 11  P 11184 34267974 0 34321415
2098432883 9  P 9520 34277120 0 34328979
2098759499 7  P 6455 34292277 0 34341181
2101638242 18  P 4866 34330509 0 34377691
2103521716 15  P 7147 34362733 0 34412052
2103978245 7  P 6473 34377762 0 34426682
2109482607 12  P 9071 34460606 0 34511957
2110872022 4  P 15268 34465557 0 34523364
2111206505 17  P 5020 34494444 0 34541728
2115097899 16  P 8388 34557058 0 34607640
2115794315 14  P 7578 34557865 0 34607647
2118352832 8  P 11278 34592497 0 34646153
2120044753 11  P 11243 34633738 0 34687237
2120115448 19  P 5118 34641043 0 34688442
2123542330 9  P 9538 34688494 0 34740370
2126094842 5  P 9071 34731723 0 34783222
2126984466 3  P 16356 34738881 0 34797765
2127064361 10  P 12245 34743335 0 34797945
2128648327 6  P 17759 34765066 0 34825319
2130303408 13  P 8122 34792595 0 34842980
2131669459 18  P 4921 34822484 0 34869720
2131858082 2  P 2043 34830531 0 34875072
2132444292 1  P 15160 34696538 0 34884806
2135201827 2  P 2061 34885297 0 34929855
2136941628 16  P 8446 34914886 0 34965522
2137556018 8  P 11329 34907070 0 34960775
2137637933 14  P 7663 34915664 0 34965527
2139538981 6  P 17908 34943342 0 35003748
2140075267 4  P 15454 34943835 0 35001824
2141162350 19  P 5173 34985818 0 35033271
2141310130 18  P 4940 34980418 0 35027670
2142468854 3  P 16554 34992377 0 35051458
2142959948 1  P 15263 34868722 0 35057092
2145032509 5  P 9282 35041784 0 35093494
2146579885 10  P 12433 35062883 0 35117681
2147865510 15  P 7419 35088985 0 35138569
2149919827 11  P 11530 35122918 0 35176706
2152729803 9  P 9556 35166682 0 35218574
2155315940 17  P 5049 35217104 0 35264410
2158462642 7  P 6502 35270403 0 35319353
2158576387 12  P 9304 35264720 0 35316295
2158819008 13  P 8215 35259700 0 35310174
2164448545 9  P 9575 35358663 0 35410574
2165586020 6  P 18184 35369813 0 35430494
2169733106 2  P 2231 35450886 0 35495608
2171185839 12  P 9485 35471130 0 35522880
2171868574 8  P 11735 35468830 0 35522943
2172019670 16  P 8715 35489332 0 35540232
2172850155 13  P 8339 35489457 0 35540057
2172922003 3  P 16814 35491056 0 35550396
2173438613 5  P 9522 35506946 0 35558890
2176513534 11  P 11764 35558389 0 35612402
2177537424 15  P 7565 35574983 0 35624704
2178325732 18  P 4996 35586824 0 35634125
2182293918 4  P 15539 35635461 0 35693532
2183068493 19  P 5301 35672279 0 35719854
2183303706 1  P 15636 35529334 0 35718076
2186253513 17  P 5129 35723905 0 35771289
2188689337 10  P 12765 35752462 0 35807593
2188900160 7  P 6539 35769053 0 35818037
2192231788 14  P 7815 35809976 0 35859982
2194631816 1  P 15720 35714843 0 35903674
2194982591 12  P 9580 35860920 0 35912762
2201250109 3  P 17195 35954793 0 36014514
2203419541 11  P 12004 35998969 0 36053224
2204952018 2  P 2665 36027472 0 36072627
2205163961 6  P 18565 36017865 0 36078928
2205943942 13  P 8438 36031566 0 36082259
2206412396 15  P 7792 36047839 0 36097786
2207595045 5  P 9953 36066123 0 36118500
2208606752 14  P 7874 36078203 0 36128266
2210384218 8  P 12249 36099345 0 36153971
2212001707 10  P 12849 36134325 0 36189540
2212104777 9  P 9802 36139234 0 36191362
2213238336 16  P 8785 36164588 0 36215551
2217956497 17  P 5197 36243258 0 36290708
2218177845 19  P 5386 36247423 0 36295078
2220387655 4  P 15558 36259569 0 36317658
2220743964 7  P 6591 36290730 0 36339766
2221200745 18  P 5123 36289158 0 36336579
2223747793 11  P 12163 36331864 0 36386277
2223929572 6  P 18826 36325052 0 36386378
2226602949 8  P 12371 36364948 0 36419694
2229137979 14  P 7915 36414545 0 36464647
2231548581 10  P 12944 36454486 0 36509790
2232076374 12  P 9757 36468483 0 36520504
2232162351 15  P 7981 36469532 0 36519670
2232231423 4  P 15577 36453598 0 36511705
2233373704 2  P 2907 36492890 0 36538284
2237397438 1  P 16190 36415032 0 36604335
2239768332 3  P 17796 36585262 0 36645589
2241198931 9  P 10003 36615702 0 36668032
2242474795 19  P 5416 36645473 0 36693157
2243331617 17  P 5215 36658986 0 36706448
2246903863 18  P 5164 36710237 0 36757696
2246938991 5  P 10104 36710573 0 36763098
2248113554 16  P 8991 36735775 0 36786939
2250337632 7  P 6847 36775332 0 36824621
2252990836 13  P 8695 36802121 0 36853066
2253974846 15  P 8062 36826825 0 36877044
2254529952 2  P 2959 36839462 0 36884906
2254778620 14  P 7982 36834573 0 36884740
2255940927 17  P 5263 36865528 0 36913038
2258091294 18  P 5182 36893513 0 36940990
2260454720 10  P 12994 36928033 0 36983388
2262865776 13  P 8732 36963875 0 37014858
2264493895 7  P 7046 37007065 0 37056550
2268139400 12  P 10207 37058871 0 37111343
2268203311 3  P 18484 37050436 0 37111458
2268850581 1  P 16476 36930073 0 37119657
2270662258 19  P 5445 37107266 0 37154980
2272329661 5  P 10123 37126555 0 37179098
2277168918 4  P 15610 37189820 0 37247958
2278810253 11  P 12299 37233871 0 37288412
2278992148 6  P 19396 37226619 0 37288513
2279035377 16  P 9126 37242262 0 37293557
2279808569 9  P 10398 37247880 0 37300609
2280681093 8  P 12974 37250347 0 37305695
2284727860 8  P 13010 37316610 0 37371997
2286814021 5  P 10141 37363848 0 37416407
2288950694 18  P 5213 37399083 0 37446588
2289835921 6  P 19517 37404161 0 37466171
2290482073 11  P 12329 37425072 0 37479642
2291725085 13  P 8808 37436630 0 37487686
2296279962 12  P 10473 37519657 0 37572391
2296639373 2  P 3041 37529298 0 37574825
2296923513 10  P 13013 37525519 0 37580891
2299957270 16  P 9275 37584895 0 37636334
2300771621 19  P 5464 37600559 0 37648289
2301209229 15  P 8269 37600504 0 37650924
2301894100 17  P 5359 37618326 0 37665930
2301937713 3  P 19142 37602470 0 37664144
2302834980 1  P 16788 37486555 0 37676450
2306165776 7  P 7445 37689406 0 37739294
2308262696 4  P 15629 37699242 0 37757398
2308324099 9  P 10689 37714782 0 37767802
2309075453 14  P 8160 37723993 0 37774330
2315251522 5  P 10160 37829748 0 37882323
2316585818 6  P 19867 37842077 0 37904434
2319284641 17  P 5407 37903203 0 37950855
2319966122 14  P 8202 37902382 0 37952760
2320037238 19  P 5525 37916144 0 37963932
2320184523 4  P 15647 37894550 0 37952725
2321951750 12  P 10735 37939993 0 37992988
2322355208 9  P 10810 37944543 0 37997686
2328306062 8  P 13508 38030088 0 38085974
2330125118 3  P 19740 38063677 0 38125958
2331129014 16  P 9573 38095307 0 38147037
2332275314 7  P 7725 38116900 0 38167066
2333912602 13  P 8857 38127781 0 38178881
2334006822 1  P 17102 37996952 0 38187164
2334436246 2  P 3093 38148509 0 38194087
2334794760 11  P 12828 38150579 0 38205649
2337033066 10  P 13302 38182382 0 38238041
2338240351 15  P 8368 38207118 0 38257635
2341185121 18  P 5280 38254822 0 38302392
2345609574 3  P 19904 38317207 0 38379649
2345646658 15  P 8406 38328425 0 38378980
2345960847 6  P 20049 38323173 0 38385707
2346043925 4  P 15666 38318211 0 38376404
2346931501 7  P 7932 38356819 0 38407191
2349095235 5  P 10189 38384215 0 38436817
2350462359 8  P 13559 38393043 0 38448977
2350919500 18  P 5316 38414274 0 38461880
2352542718 9  P 10828 38439117 0 38492274
2355412238 19  P 5573 38495679 0 38543510
2358644009 17  P 5483 38547990 0 38595708
2359272428 1  P 17277 38410727 0 38601110
2360061145 12  P 10921 38564188 0 38617361
2361204953 10  P 13408 38578307 0 38634066
2361825431 14  P 8272 38588135 0 38638575
2368959610 13  P 8969 38701876 0 38753088
2369363403 16  P 9770 38721539 0 38773463
2369997885 11  P 12948 38727223 0 38782409
2372123739 2  P 3256 38765813 0 38811553
2374163957 6  P 20119 38785182 0 38847784
2375285305 16  P 9814 38818518 0 38870486
2377184796 14  P 8291 38839764 0 38890222
2381545590 2  P 3356 38920078 0 38965919
2381747113 4  P 15992 38902836 0 38961357
2382372803 11  P 13016 38929905 0 38985158
2385449002 9  P 10869 38978212 0 39031405
2387267376 10  P 13689 39005024 0 39061066
2388521589 19  P 5614 39038100 0 39085968
2392490853 13  P 9045 39087334 0 39138621
2393194316 1  P 17624 38966150 0 39156879
2393560048 18  P 5364 39112847 0 39160500
2397126567 5  P 10607 39170736 0 39223754
2398040785 7  P 8422 39193688 0 39244555
2399412245 15  P 8490 39209237 0 39259866
2399597200 17  P 5520 39218930 0 39266677
2399656381 3  P 20117 39202491 0 39265144
2399936106 12  P 11116 39217303 0 39270663
