249424589 16  P 165 3998281 0 4040950
249785944 15  P 165 3998280 0 4040938
250121033 14  P 207 3998236 0 4040941
265927055 1  P 140 4130915 0 4304144
269101641 7  P 81 4321693 0 4364306
269427952 6  P 224 4321545 0 4364293
269451166 3  P 84 4321688 0 4364298
269452573 5  P 80 4321691 0 4364295
269622082 2  P 81 4321693 0 4364305
270089136 4  P 321 4321445 0 4364304
278356272 12  P 264 4468450 0 4511227
283416052 9  P 136 4549478 0 4592119
283421847 10  P 137 4549477 0 4592114
283976203 8  P 310 4549299 0 4592139
290230475 11  P 114 4665467 0 4708075
290239161 19  P 127 4665456 0 4708092
290283467 17  P 126 4665457 0 4708084
290730746 18  P 127 4665457 0 4708085
290989493 13  P 157 4665423 0 4708081
299525390 9  P 155 4813394 0 4856052
299531184 10  P 156 4813393 0 4856048
303152288 14  P 323 4866980 0 4909801
307959163 6  P 630 4952420 0 4995584
312140034 5  P 98 5021064 0 5063686
314362104 16  P 184 5062198 0 5104886
314723463 15  P 184 5062197 0 5104873
322246838 12  P 480 5187333 0 5230329
322667911 11  P 132 5196903 0 5239529
322676579 19  P 164 5196872 0 5239546
322720889 17  P 144 5196892 0 5239538
323168168 18  P 145 5196892 0 5239540
323426928 13  P 175 5196859 0 5239532
328960499 8  P 768 5285854 0 5329148
329973848 1  P 564 5179825 0 5353480
331808275 4  P 1096 5331855 0 5375486
340086000 7  P 99 5484681 0 5527312
340435939 3  P 102 5484677 0 5527304
340606441 2  P 99 5484681 0 5527312
348317174 19  P 214 5616918 0 5659642
352455852 16  P 202 5686307 0 5729011
352817206 15  P 202 5686306 0 5729001
353589766 11  P 162 5703496 0 5746153
353642742 17  P 174 5703485 0 5746159
353942597 1  P 690 5572399 0 5746180
354090018 18  P 175 5703485 0 5746162
354348784 13  P 205 5703452 0 5746155
358745747 4  P 1378 5772911 0 5816826
361322285 9  P 184 5825843 0 5868528
364468725 10  P 185 5877300 0 5919983
372867242 8  P 1051 6004925 0 6048505
372874844 5  P 117 6016118 0 6058756
376258305 7  P 118 6077302 0 6119951
376607828 3  P 121 6077298 0 6119941
376778746 2  P 118 6077302 0 6119951
386825075 12  P 766 6245093 0 6288368
388709567 6  P 1318 6274727 0 6318581
389933560 14  P 550 6288572 0 6331620
396464766 14  P 568 6395560 0 6438625
398131414 6  P 1403 6429008 0 6472945
398661349 1  P 906 6304850 0 6478845
399367638 7  P 137 6455906 0 6498574
399717164 3  P 139 6455902 0 6498563
399718570 5  P 135 6455907 0 6498564
399888079 2  P 137 6455906 0 6498574
407777241 11  P 191 6591273 0 6633957
408536256 13  P 234 6591229 0 6633963
414502127 17  P 204 6700575 0 6743275
414949406 18  P 204 6700575 0 6743277
424761377 4  P 1934 6853942 0 6898418
430877764 16  P 245 6971128 0 7013872
431239118 15  P 245 6971125 0 7013862
433015563 10  P 203 7000352 0 7043053
438004770 19  P 261 7086310 0 7129079
438669180 12  P 1015 7094248 0 7137774
440556681 9  P 202 7124001 0 7166700
442179706 8  P 1439 7140144 0 7184108
448164476 7  P 167 7255364 0 7298062
448684917 2  P 167 7255364 0 7298060
455978511 9  P 220 7376653 0 7419372
455984326 10  P 222 7376654 0 7419373
456324156 14  P 687 7376174 0 7419358
462492192 8  P 1491 7472891 0 7516907
464654655 3  P 169 7519808 0 7562497
464656063 5  P 165 7519813 0 7562497
464802412 1  P 1250 7388147 0 7562488
468309771 12  P 1078 7579815 0 7623406
480386631 11  P 210 7780886 0 7823589
481145651 13  P 253 7780842 0 7823592
482740816 6  P 2018 7814626 0 7859170
483160937 19  P 291 7826119 0 7868918
488049030 17  P 223 7905549 0 7948266
488496309 18  P 223 7905549 0 7948269
489237142 16  P 264 7927269 0 7970030
489598497 15  P 264 7927266 0 7970020
491355136 4  P 2680 7944253 0 7989470
499174588 16  P 283 8090065 0 8132844
499535945 15  P 283 8090062 0 8132833
502379696 19  P 310 8140980 0 8183797
502748432 3  P 188 8143917 0 8186625
502896148 1  P 1451 8012070 0 8186613
505697278 9  P 239 8191226 0 8233964
507633245 7  P 186 8229681 0 8272398
508153686 2  P 186 8229681 0 8272396
508507793 8  P 1872 8226422 0 8270819
508772052 6  P 2366 8240767 0 8285660
509343705 10  P 240 8250874 0 8293611
511698865 4  P 2961 8277277 0 8322778
513730426 14  P 837 8316568 0 8359895
530028537 12  P 1394 8590693 0 8634598
530593605 5  P 183 8600116 0 8642814
541980390 11  P 228 8790020 0 8832736
542033383 17  P 241 8790009 0 8832744
542480662 18  P 241 8790009 0 8832747
542739410 13  P 272 8789975 0 8832741
545768348 16  P 301 8853437 0 8896235
545864048 19  P 329 8853409 0 8896244
546129702 15  P 301 8853435 0 8896224
557886393 4  P 3304 9033658 0 9079505
561037709 6  P 2709 9096733 0 9141975
563390548 10  P 269 9136347 0 9179113
568431616 9  P 268 9219036 0 9261803
572652290 14  P 956 9281823 0 9325268
578117214 8  P 2219 9366548 0 9411295
580820785 7  P 205 9428766 0 9471502
581318078 1  P 1793 9296583 0 9471471
581341224 2  P 205 9428766 0 9471499
583152248 11  P 246 9464562 0 9507296
583205250 17  P 260 9464550 0 9507304
583652529 18  P 260 9464550 0 9507307
583911272 13  P 291 9464516 0 9507301
585981655 12  P 1674 9507144 0 9551327
586890485 5  P 202 9522465 0 9565180
592185936 3  P 206 9609243 0 9651968
597353529 9  P 286 9692873 0 9735656
598218708 10  P 288 9706952 0 9749735
601433942 14  P 1051 9753277 0 9796819
602089538 4  P 3814 9757364 0 9803719
602193970 6  P 3127 9770613 0 9816273
602371009 11  P 264 9779423 0 9822176
602424007 17  P 279 9779411 0 9822182
602577963 5  P 221 9779469 0 9822203
602871286 18  P 279 9779411 0 9822186
603130029 13  P 309 9779377 0 9822179
614208258 19  P 347 9973135 0 10015985
625357502 12  P 1823 10152111 0 10196442
633358626 3  P 224 10283785 0 10326525
635633675 8  P 2631 10308465 0 10353622
636540356 7  P 234 10341633 0 10384398
637037636 1  P 2135 10209126 0 10384354
637060797 2  P 234 10341633 0 10384395
638441037 16  P 330 10371743 0 10414570
638802396 15  P 330 10371741 0 10414558
646063137 5  P 239 10491899 0 10534650
648213711 9  P 304 10526134 0 10568935
649118425 7  P 253 10547693 0 10590477
649638866 2  P 253 10547693 0 10590473
652577352 3  P 243 10598645 0 10641404
653766389 10  P 306 10617014 0 10659814
653809161 4  P 4358 10604169 0 10651068
659743040 8  P 2715 10703385 0 10748630
661059347 11  P 282 10740941 0 10783712
661818361 13  P 328 10740894 0 10783715
667451221 12  P 1906 10841689 0 10886103
670393647 17  P 298 10892993 0 10935783
670840926 18  P 298 10892993 0 10935787
673054182 6  P 3704 10930980 0 10977225
682659866 16  P 348 11096206 0 11139050
682755584 19  P 366 11096189 0 11139055
683021225 15  P 349 11096203 0 11139038
683506356 1  P 2422 10970176 0 11145689
686450474 14  P 1269 11145952 0 11189714
695055540 8  P 3029 11281622 0 11327186
695712195 7  P 272 11311066 0 11353869
696061749 3  P 261 11311075 0 11353851
696232636 2  P 272 11311066 0 11353865
702725089 1  P 2494 11284984 0 11460568
703760610 9  P 322 11436196 0 11479015
705347317 16  P 367 11467898 0 11510761
705708673 15  P 368 11467895 0 11510749
705739912 19  P 384 11472746 0 11515628
707750770 10  P 324 11501475 0 11544293
707826243 12  P 2226 11502868 0 11547603
708247286 14  P 1320 11503018 0 11546832
718851045 6  P 4117 11680896 0 11727554
728277883 4  P 5068 11823541 0 11871152
738581137 17  P 316 12010158 0 12052966
738735047 5  P 258 12010217 0 12052984
739028418 18  P 316 12010158 0 12052971
740293756 11  P 301 12039099 0 12081887
741052771 13  P 347 12039052 0 12081890
749615720 1  P 2693 12053035 0 12228818
751094525 10  P 342 12211600 0 12254436
752602427 8  P 3341 12224149 0 12270029
753341861 12  P 2344 12248478 0 12293328
755668486 4  P 5351 12272018 0 12319913
756012935 14  P 1404 12285525 0 12329423
757744944 9  P 352 12320646 0 12363494
760601040 6  P 4431 12364604 0 12411579
764405530 3  P 280 12430801 0 12473594
768081678 16  P 385 12495719 0 12538600
768177410 19  P 403 12495703 0 12538602
768443034 15  P 386 12495716 0 12538588
778137496 11  P 320 12659111 0 12701918
778190486 17  P 334 12659099 0 12701924
778637765 18  P 334 12659099 0 12701928
778896507 13  P 365 12659064 0 12701922
782953829 5  P 277 12734678 0 12777463
788384054 7  P 290 12829383 0 12872203
788904497 2  P 290 12829383 0 12872199
796209448 1  P 2954 12816161 0 12992201
796512230 4  P 5768 12940779 0 12989091
797003554 16  P 404 12969556 0 13012455
797099310 19  P 421 12969541 0 13012458
797364909 15  P 405 12969553 0 13012443
801088704 9  P 371 13030771 0 13073638
805434355 11  P 338 13106324 0 13149150
805784222 17  P 353 13111177 0 13154020
805938134 5  P 295 13111235 0 13154037
806193375 13  P 384 13106277 0 13149153
806231501 18  P 353 13111177 0 13154024
817257274 6  P 4943 13292337 0 13339826
817919163 14  P 1621 13299574 0 13343694
821045001 12  P 2761 13357302 0 13402574
832602844 7  P 309 13553844 0 13596682
832952352 3  P 309 13553841 0 13596665
833123286 2  P 309 13553844 0 13596678
835164910 8  P 3959 13576228 0 13622719
838141399 10  P 361 13637757 0 13680611
845591058 14  P 1639 13752931 0 13797069
847862944 16  P 423 13802818 0 13845734
848224300 15  P 424 13802815 0 13845719
849286874 19  P 440 13824563 0 13867498
851663573 6  P 5223 13855763 0 13903535
855587201 7  P 328 13930401 0 13973256
855921107 3  P 327 13930142 0 13972984
856107642 2  P 328 13930401 0 13973254
857185643 12  P 2909 13949276 0 13994698
859281923 5  P 324 13985191 0 14028020
861412639 1  P 3353 13884042 0 14060483
867899331 8  P 4140 14112362 0 14159037
868168713 11  P 367 14134134 0 14176988
868221738 17  P 371 14134134 0 14176996
868669017 18  P 371 14134134 0 14176999
868927728 13  P 413 14134088 0 14176990
886110174 10  P 380 14423659 0 14466529
887105998 4  P 6734 14424075 0 14473359
888135617 9  P 389 14456928 0 14499812
897143579 17  P 401 14607959 0 14650850
897590858 18  P 401 14607959 0 14650854
903409815 16  P 441 14712878 0 14755812
903505571 19  P 458 14712863 0 14755815
903771171 15  P 442 14712875 0 14755797
903981681 14  P 1854 14709381 0 14753733
907759085 7  P 346 14785166 0 14828039
908279526 2  P 346 14785166 0 14828036
909060631 12  P 3191 14798908 0 14844605
909280498 3  P 345 14804364 0 14847221
910711797 8  P 4520 14813410 0 14860468
913328771 5  P 343 14870675 0 14913522
914297646 10  P 399 14885463 0 14928351
915012474 11  P 386 14901603 0 14944475
915771498 13  P 432 14901557 0 14944477
925397945 6  P 5862 15063168 0 15111583
938881386 1  P 3696 15152940 0 15329726
941449755 4  P 7247 15313918 0 15363715
941619956 9  P 408 15333196 0 15376099
947949957 11  P 405 15441232 0 15484121
948002953 17  P 419 15441221 0 15484128
948450233 18  P 419 15441221 0 15484131
948708978 13  P 450 15441185 0 15484125
950516410 10  P 417 15478852 0 15521759
951388751 12  P 3275 15492326 0 15538104
955543489 4  P 7499 15544574 0 15594618
956016257 5  P 361 15570049 0 15612912
956524320 8  P 4770 15563746 0 15611054
957394170 16  P 470 15597328 0 15640292
957489933 19  P 476 15597323 0 15640295
957755526 15  P 471 15597325 0 15640277
963327365 3  P 363 15689849 0 15732724
964868474 7  P 364 15720828 0 15763717
965388915 2  P 364 15720828 0 15763716
965963714 9  P 426 15732025 0 15774944
982137945 14  P 1972 15989773 0 16034241
983100116 1  P 3968 15877139 0 16054200
983163560 6  P 6310 16009144 0 16058004
995500750 10  P 447 16215846 0 16258782
998661806 19  P 495 16271864 0 16314854
1000737909 16  P 488 16307453 0 16350436
1001099264 15  P 489 16307450 0 16350421
1003496827 11  P 424 16351293 0 16394199
1003549822 17  P 437 16351283 0 16394205
1003703760 5  P 379 16351342 0 16394221
1003997102 18  P 437 16351282 0 16394210
1004255843 13  P 469 16351246 0 16394203
1005665287 7  P 383 16389225 0 16432131
1006014815 3  P 381 16389223 0 16432115
1006185728 2  P 383 16389225 0 16432131
1022057450 9  P 444 16651047 0 16693983
1022621568 4  P 8190 16642877 0 16693614
1025446151 8  P 5150 16692573 0 16740262
1028490798 1  P 4196 16620587 0 16797876
1030897895 6  P 6668 16790858 0 16840077
1033044147 14  P 2090 16823699 0 16868286
1041763749 12  P 3620 16972677 0 17018801
1044559085 4  P 8342 17002149 0 17053036
1052622288 14  P 2108 17144449 0 17189053
1053352856 7  P 402 17170519 0 17213442
1053873297 2  P 402 17170519 0 17213441
1054138768 12  P 3672 17175377 0 17221551
1054465593 11  P 443 17186346 0 17229271
1055224608 13  P 488 17186299 0 17229275
1055672624 10  P 465 17201683 0 17244636
1055787620 1  P 4352 17067657 0 17245104
1057534207 17  P 455 17235744 0 17278685
1057688186 5  P 397 17235804 0 17278699
1057981486 18  P 455 17235743 0 17278689
1058508680 8  P 5430 17233984 0 17281952
1075479339 9  P 462 17526291 0 17569247
1080093011 3  P 400 17602901 0 17645808
1087784825 16  P 507 17733611 0 17776611
1087880588 19  P 514 17733606 0 17776615
1088146180 15  P 507 17733609 0 17776596
1088663553 6  P 7145 17736802 0 17786499
1096324734 4  P 8854 17849757 0 17901154
1097404366 12  P 3856 17884054 0 17930409
1098653094 11  P 462 17910295 0 17953236
1098860046 5  P 415 17910344 0 17953258
1099412107 13  P 507 17910248 0 17953241
1100877944 17  P 473 17945870 0 17988827
1100891429 10  P 483 17942528 0 17985501
1101325223 18  P 473 17945869 0 17988831
1105666893 9  P 480 18020866 0 18063838
1107337241 7  P 421 18054980 0 18097919
1107653532 14  P 2291 18045894 0 18090681
1107857682 2  P 421 18054980 0 18097918
1112571220 8  P 5753 18119414 0 18167707
1114819801 6  P 7459 18165024 0 18215036
1118522007 1  P 4697 18095144 0 18272934
1120389882 3  P 419 18263105 0 18306030
1141269154 16  P 526 18609879 0 18652897
1141364893 19  P 544 18609863 0 18652900
1141630509 15  P 526 18609877 0 18652882
1144762476 11  P 481 18665732 0 18708690
1144969408 5  P 434 18665781 0 18708714
1145521492 13  P 526 18665685 0 18708695
1148509105 7  P 440 18729520 0 18772479
1148858636 3  P 438 18729518 0 18772462
1149029546 2  P 440 18729520 0 18772478
1151794173 14  P 2342 18769043 0 18813880
1153873127 12  P 4115 18808970 0 18855587
1165365769 1  P 4870 18862457 0 19040417
1165612906 16  P 544 19008709 0 19051744
1165708640 19  P 562 19008692 0 19051746
1165974262 15  P 544 19008705 0 19051730
1167418505 4  P 9659 19013741 0 19065940
1167719557 10  P 501 19037421 0 19080411
1175147916 6  P 7839 19153051 0 19203442
1179774300 8  P 6102 19220114 0 19268754
1187924921 17  P 491 19372028 0 19415004
1188372200 18  P 491 19372027 0 19415007
1190776243 9  P 498 19415280 0 19458267
1194618481 7  P 459 19484957 0 19527934
1194968011 3  P 457 19484955 0 19527917
1195138922 2  P 459 19484957 0 19527934
1196319809 6  P 7989 19499777 0 19550317
1199266418 10  P 519 19554264 0 19597275
1200159840 16  P 563 19574707 0 19617760
1200255575 19  P 580 19574689 0 19617761
1200521199 15  P 563 19574703 0 19617745
1206162640 1  P 5129 19530606 0 19708828
1217573133 9  P 517 19854301 0 19897307
1225696213 8  P 6285 19972313 0 20021138
1227309813 14  P 2503 20006128 0 20051120
1232612385 17  P 510 20104169 0 20147163
1233059664 18  P 510 20104168 0 20147166
1239748169 12  P 4497 20215556 0 20262560
1241356277 11  P 500 20248306 0 20291280
1241563204 5  P 453 20248355 0 20291305
1242115294 13  P 545 20248259 0 20291287
1242262668 4  P 10371 20239253 0 20292175
1244841048 14  P 2589 20293272 0 20338349
1245144223 16  P 581 20311712 0 20354783
1245505576 15  P 581 20311708 0 20354768
1249631463 1  P 5318 20242609 0 20421018
1254965784 4  P 10488 20447262 0 20500300
1264028102 11  P 518 20619741 0 20662735
1264235033 5  P 471 20619792 0 20662758
1264787116 13  P 563 20619695 0 20662742
1268758683 8  P 6669 20677461 0 20726663
1270235167 10  P 538 20716998 0 20760026
1271846722 17  P 528 20746965 0 20789978
1272294001 18  P 528 20746964 0 20789981
1274226036 6  P 8695 20775467 0 20826722
1276326240 12  P 4684 20814662 0 20861849
1278943074 19  P 598 20863886 0 20906976
1282764911 3  P 476 20923401 0 20966379
1283041862 9  P 535 20926921 0 20969946
1291212237 7  P 478 21067531 0 21110524
1291732678 2  P 478 21067531 0 21110524
1300246870 11  P 536 21213131 0 21256143
1300453769 5  P 501 21213170 0 21256165
1300534797 16  P 600 21219212 0 21262303
1300896150 15  P 599 21219208 0 21262288
1301005889 13  P 582 21213085 0 21256150
1303850113 1  P 5606 21130632 0 21309326
1307690471 17  P 547 21334210 0 21377242
1308137749 18  P 547 21334209 0 21377244
1309684505 4  P 11133 21343120 0 21396801
1311677410 19  P 616 21400186 0 21443296
1313884101 7  P 497 21438967 0 21481980
1314404542 2  P 497 21438967 0 21481979
1318701238 12  P 4898 21508716 0 21556117
1320821186 8  P 7081 21530033 0 21579648
1321882298 6  P 9108 21555847 0 21607514
1321999267 3  P 494 21566198 0 21609193
1330422699 10  P 557 21703091 0 21746138
1334200447 14  P 2805 21757116 0 21802406
1339651283 9  P 554 21854391 0 21897432
1345231265 11  P 554 21950136 0 21993166
1345883684 8  P 7166 21940569 0 21990270
1345990280 13  P 601 21950090 0 21993173
1350102875 7  P 516 22032357 0 22075386
1350623316 2  P 516 22032357 0 22075385
1354606670 14  P 2823 22091432 0 22136740
1354818868 1  P 5879 21965426 0 22144390
1355456120 17  P 565 22116783 0 22159832
1355903399 18  P 565 22116782 0 22159834
1357948115 9  P 572 22154147 0 22197206
1364716903 12  P 5047 22262484 0 22310033
1367632298 6  P 9488 22305026 0 22357072
1375421128 3  P 513 22441442 0 22484456
1376532056 10  P 576 22458528 0 22501591
1378950150 4  P 11775 22477312 0 22531637
1379141285 5  P 520 22502367 0 22545378
1389019184 16  P 618 22668921 0 22712030
1389380540 15  P 617 22668917 0 22712016
1390521190 19  P 634 22691944 0 22735071
1395762889 14  P 2953 22765604 0 22811040
1397685645 12  P 5197 22802490 0 22850189
1400621861 11  P 573 22857636 0 22900683
1400674857 17  P 584 22857628 0 22900695
1401122136 18  P 584 22857627 0 22900697
1401380892 13  P 620 22857590 0 22900692
1403469526 10  P 594 22899852 0 22942935
1405043903 4  P 12157 22904441 0 22959151
1405608636 3  P 532 22936015 0 22979046
1407834540 1  P 6180 22833728 0 23012992
1409038556 6  P 9870 22983039 0 23035467
1411875640 5  P 538 23038668 0 23081697
1417318045 19  P 653 23130964 0 23174111
1417362935 16  P 637 23133286 0 23176412
1417724294 15  P 636 23133282 0 23176399
1423946330 8  P 7723 23218977 0 23269240
1428790354 7  P 546 23321542 0 23364602
1429310795 2  P 546 23321542 0 23364600
1429682488 9  P 591 23329424 0 23372502
1443604362 9  P 610 23557501 0 23600597
1446731424 4  P 12489 23587108 0 23642151
1448788933 6  P 10096 23634070 0 23686727
1448909830 16  P 656 23650132 0 23693274
1449271183 15  P 655 23650128 0 23693261
1451178305 1  P 6394 23543651 0 23723131
1461524729 7  P 565 23857843 0 23900922
1462045170 2  P 565 23857843 0 23900920
1470466049 14  P 3069 23989420 0 24034973
1477563307 10  P 613 24113786 0 24156886
1482786846 19  P 672 24203586 0 24246751
1485649324 8  P 7925 24229716 0 24280178
1486404409 12  P 5525 24255727 0 24303752
1489106264 11  P 591 24307347 0 24350408
1489159260 17  P 603 24307338 0 24350421
1489606539 18  P 603 24307337 0 24350423
1489865283 13  P 638 24307300 0 24350418
1490717991 3  P 562 24330416 0 24373476
1490719419 5  P 556 24330427 0 24373472
1494894191 16  P 675 24403520 0 24446680
1495255553 15  P 673 24403515 0 24446668
1501945207 6  P 10540 24504526 0 24557625
1502059534 4  P 13067 24493010 0 24548634
1510323080 9  P 640 24650591 0 24693716
1517449994 11  P 610 24771711 0 24814792
1517502984 17  P 621 24771702 0 24814804
1517514880 3  P 580 24769437 0 24812514
1517656893 5  P 574 24771752 0 24814814
1517950263 18  P 621 24771701 0 24814807
1518209002 13  P 657 24771664 0 24814802
1523407054 10  P 631 24864871 0 24907990
1524272002 1  P 6715 24740894 0 24920693
1530857502 12  P 5742 24983823 0 25032068
1533356666 14  P 3253 25019634 0 25065370
1538461776 8  P 8374 25094540 0 25145446
1539396208 19  P 690 25131055 0 25174237
1540368473 7  P 584 25149600 0 25192698
1540888914 2  P 584 25149600 0 25192694
1548996843 11  P 640 25288544 0 25331655
1549049865 17  P 640 25288547 0 25331667
1549497145 18  P 640 25288546 0 25331670
1549755859 13  P 686 25288497 0 25331665
1554512905 14  P 3369 25366138 0 25411994
1557693065 19  P 708 25430812 0 25474013
1565750649 5  P 592 25559702 0 25602781
1567165359 7  P 602 25588621 0 25631738
1567685800 2  P 602 25588621 0 25631734
1569168924 4  P 13756 25591827 0 25648143
1571172655 10  P 668 25647425 0 25690581
1577557491 9  P 658 25752141 0 25795284
1578288927 6  P 11202 25754667 0 25808431
1580066084 16  P 693 25798958 0 25842134
1580427438 15  P 691 25798953 0 25842124
1584133670 8  P 8688 25842504 0 25893729
1588225157 1  P 7100 25788310 0 25968495
1589593029 3  P 617 25950329 0 25993442
1590748146 12  P 6021 25964786 0 26013306
1594391418 10  P 687 26027821 0 26070997
1594981211 11  P 659 26041933 0 26085061
1595481513 18  P 659 26041935 0 26085078
1595740234 13  P 705 26041886 0 26085072
1603284802 16  P 725 26179341 0 26222550
1603646160 15  P 710 26179349 0 26222538
1607737329 17  P 673 26250050 0 26293203
1607889833 3  P 636 26250085 0 26293217
1612012625 4  P 14238 26293288 0 26350092
1612979326 9  P 677 26332473 0 26375634
1617445158 6  P 11619 26395780 0 26449961
1619326202 12  P 6171 26432856 0 26481528
1620172519 5  P 611 26451331 0 26494427
1629427403 19  P 727 26606089 0 26649308
1632419124 14  P 3520 26642400 0 26688408
1632634086 7  P 635 26661227 0 26704378
1633154526 2  P 621 26661242 0 26704374
1636193863 1  P 7376 26573946 0 26754409
1642243044 8  P 9036 26794212 0 26845782
1648825265 18  P 678 26915901 0 26959060
1651258644 8  P 9088 26941872 0 26993492
1654338698 9  P 695 27010086 0 27053266
1660769203 16  P 744 27121147 0 27164373
1661130558 15  P 729 27121155 0 27164361
1671075387 14  P 3573 27275691 0 27321752
1676271200 19  P 745 27373560 0 27416795
1679624231 3  P 655 27425362 0 27468512
1679684517 4  P 14750 27401499 0 27458818
1680153095 11  P 678 27437370 0 27480517
1680206134 17  P 691 27437361 0 27480530
1680360041 5  P 644 27437410 0 27480537
1680912110 13  P 724 27437323 0 27480527
1685078937 10  P 734 27513599 0 27556819
1688351462 6  P 12131 27556987 0 27611681
1689243497 7  P 654 27588697 0 27631866
1689701271 12  P 6452 27585597 0 27634544
1689763939 2  P 640 27588712 0 27631861
1691709535 1  P 7649 27483234 0 27663971
1693393597 17  P 709 27653405 0 27696593
1693546091 3  P 673 27653440 0 27696606
1693547499 5  P 663 27653455 0 27696599
1703208663 19  P 763 27814884 0 27858136
1703371826 11  P 697 27817767 0 27860933
1703432446 9  P 713 27814419 0 27857616
1703872126 18  P 697 27817769 0 27860946
1704130847 13  P 743 27817720 0 27860942
1706544962 12  P 6570 27861445 0 27910510
1707540327 7  P 673 27888453 0 27931640
1708060768 2  P 659 27888468 0 27931635
1721711798 8  P 9569 28095686 0 28147786
1727735148 10  P 763 28212448 0 28255698
1731441081 16  P 762 28279017 0 28322259
1731802435 15  P 747 28279025 0 28322248
1732912675 1  P 7865 28158087 0 28339037
1736101457 6  P 12540 28338902 0 28394008
1737372280 14  P 3756 28361713 0 28407956
1739293919 4  P 15521 28377348 0 28435451
1753406886 5  P 682 28634172 0 28677335
1756094500 10  P 782 28677069 0 28720338
1756309820 14  P 3774 28671967 0 28718226
1760112370 17  P 727 28746506 0 28789711
1760264870 3  P 692 28746541 0 28789725
1760856229 11  P 716 28759572 0 28802757
1761356528 18  P 716 28759575 0 28802768
1761615241 13  P 762 28759525 0 28802763
1762354342 9  P 732 28779776 0 28822991
1764381378 1  P 8037 28673494 0 28854615
1771919978 12  P 6788 28932328 0 28981607
1773050426 16  P 792 28960714 0 29003983
1773411777 15  P 776 28960723 0 29003975
1775585812 6  P 12922 28985427 0 29040914
1777043895 4  P 15951 28995409 0 29053935
1777302412 19  P 792 29028806 0 29072087
1779274709 7  P 691 29063731 0 29106934
1779795150 2  P 677 29063746 0 29106930
1789180540 8  P 9983 29200670 0 29253184
1800600125 1  P 8167 29266769 0 29448018
1804560608 12  P 6906 29466993 0 29516389
1811841037 14  P 3891 29581671 0 29628047
1812724310 19  P 810 29609140 0 29652439
1818507700 6  P 13105 29688473 0 29744142
1823213733 9  P 750 29776878 0 29820111
1823953811 5  P 700 29789995 0 29833174
1826118496 7  P 710 29831201 0 29874421
1826638936 2  P 696 29831216 0 29874416
1826887638 4  P 16298 29811696 0 29870568
1827346770 17  P 746 29848056 0 29891280
1827499273 3  P 710 29848091 0 29891293
1831528126 11  P 734 29917441 0 29960644
1832028428 18  P 735 29917444 0 29960657
1832287154 13  P 781 29917395 0 29960651
1832347317 16  P 811 29932215 0 29975502
1832708678 15  P 795 29932224 0 29975495
1840446598 8  P 10301 30040284 0 30093116
1843110170 10  P 800 30102713 0 30146001
1853055958 7  P 729 30272525 0 30315762
1853090865 4  P 16616 30240687 0 30299877
1853576406 2  P 715 30272540 0 30315759
1854083664 19  P 829 30286752 0 30330070
1857307486 9  P 769 30335451 0 30378703
1862768644 17  P 765 30428389 0 30471629
1862921122 3  P 729 30428423 0 30471643
1868805958 8  P 10385 30504840 0 30557752
1868898319 6  P 13559 30513613 0 30569735
1870816068 16  P 830 30562468 0 30605774
1871177423 15  P 814 30562477 0 30605767
1873137505 11  P 752 30599149 0 30642371
1873637807 18  P 754 30599153 0 30642382
1873896517 13  P 800 30599103 0 30642378
1874435642 12  P 7286 30611438 0 30661216
1875568929 1  P 8639 30494572 0 30676292
1879122297 14  P 4108 30683785 0 30730378
1882641280 5  P 719 30751511 0 30794709
1891828899 10  P 819 30900902 0 30944209
1898153530 14  P 4127 30995574 0 31042186
1901352856 8  P 10665 31037803 0 31090995
1903177412 19  P 847 31091085 0 31134422
1904127999 17  P 784 31106001 0 31149260
1904280501 3  P 748 31106036 0 31149275
1905063276 10  P 837 31117715 0 31161041
1905756359 1  P 8779 30989019 0 31170883
1908809530 4  P 17262 31152923 0 31212759
1912003543 16  P 849 31237265 0 31280590
1912364901 15  P 833 31237274 0 31280583
1921110022 5  P 738 31381764 0 31424981
1923263733 12  P 7500 31411219 0 31461207
1927149753 7  P 747 31486460 0 31529713
1927670194 2  P 734 31486474 0 31529708
1932434371 11  P 770 31570650 0 31613891
1932934646 18  P 783 31570642 0 31613902
1933193383 13  P 818 31570605 0 31613898
1935151269 9  P 788 31610825 0 31654095
1937648337 6  P 14235 31639323 0 31696121
1943915330 8  P 10942 31734865 0 31788337
1952219417 5  P 756 31891441 0 31934676
1953221725 17  P 814 31910322 0 31953612
1953374256 3  P 767 31910369 0 31953627
1956088730 9  P 806 31953845 0 31997133
1958294171 14  P 4278 31980765 0 32027529
1960918858 4  P 17776 32006158 0 32066509
1962021990 1  P 9051 31910596 0 32092735
1962099265 19  P 865 32056442 0 32099797
1962571601 7  P 766 32066792 0 32110064
1963092039 2  P 753 32066806 0 32110059
1970903099 11  P 788 32200904 0 32244162
1971403368 18  P 802 32200895 0 32244174
1971429559 6  P 14452 32192575 0 32249589
1971662113 13  P 837 32200858 0 32244169
1973638746 12  P 7686 32236375 0 32286549
1974907023 10  P 856 32262016 0 32305361
1984722310 16  P 868 32428670 0 32472014
1985083664 15  P 851 32428679 0 32472007
1998409792 16  P 887 32652907 0 32696270
1998771151 15  P 870 32652916 0 32696263
2002904392 12  P 7838 32715708 0 32766034
2003930949 7  P 785 32744405 0 32787696
2004451391 2  P 771 32744419 0 32787691
2006726403 6  P 14770 32770558 0 32827890
2007715712 4  P 18290 32772353 0 32833225
2009182439 9  P 825 32823714 0 32867021
2012090566 11  P 807 32875701 0 32918977
2012143567 17  P 833 32875679 0 32918988
2012296096 3  P 786 32875726 0 32919003
2012590843 18  P 820 32875693 0 32918990
2012849587 13  P 856 32875655 0 32918984
2015477810 8  P 11486 32906788 0 32960811
2019950379 14  P 4429 32990788 0 33037699
2022958637 19  P 883 33053543 0 33096917
2032813161 5  P 775 33211870 0 33255123
2040203901 10  P 875 33331821 0 33375185
2040865719 1  P 9469 33201945 0 33384501
2051357510 12  P 7989 33509411 0 33559888
2052040331 8  P 11605 33505707 0 33559850
2053024718 7  P 803 33548738 0 33592047
2053545167 2  P 789 33548752 0 33592043
2057052414 19  P 902 33612116 0 33655509
2058943930 1  P 9539 33498066 0 33680691
2062356653 14  P 4515 33685485 0 33732482
2068938255 10  P 893 33802586 0 33845969
2073002979 17  P 852 33872780 0 33916105
2073155559 3  P 804 33872828 0 33916124
2076382787 6  P 15286 33911282 0 33969132
2078434579 4  P 18901 33930388 0 33991866
2082394198 16  P 905 34028889 0 34072270
2082755551 15  P 888 34028898 0 34072263
2084485088 5  P 793 34058444 0 34101716
2084809373 11  P 826 34067107 0 34110400
2085309649 18  P 839 34067099 0 34110413
2085568391 13  P 874 34067061 0 34110408
2093104379 9  P 844 34198672 0 34241996
2093248100 12  P 8204 34195527 0 34246217
2098496839 11  P 844 34291343 0 34334655
2098702383 3  P 822 34291368 0 34334682
2098997116 18  P 858 34291335 0 34334668
2099255856 13  P 892 34291297 0 34334663
2105512903 14  P 4633 34392438 0 34439549
2107096714 17  P 871 34431353 0 34474697
2108831667 16  P 924 34462021 0 34505421
2109193024 15  P 907 34462030 0 34505414
2109372031 4  P 19407 34436752 0 34498730
2117803281 1  P 9872 34462077 0 34645029
2126963783 9  P 863 34753405 0 34796748
2132462226 7  P 821 34850223 0 34893550
2132982665 2  P 808 34850237 0 34893546
2133860209 10  P 911 34866249 0 34909647
2134896170 19  P 920 34887489 0 34930901
2135094431 5  P 811 34887609 0 34930899
2135992096 6  P 15861 34887332 0 34945760
2138368529 8  P 12185 34919517 0 34974232
2145680985 8  P 12203 35039306 0 35094038
2150742099 6  P 15947 35128908 0 35187424
2151391334 5  P 830 35154598 0 35197907
2151510634 9  P 881 35155561 0 35198923
2152047666 10  P 929 35164213 0 35207630
2155833652 19  P 938 35230510 0 35273940
2156899732 7  P 840 35250588 0 35293932
2157420171 2  P 827 35250602 0 35293928
2165897434 1  P 10099 35249810 0 35432992
2171123198 12  P 8451 35471178 0 35522122
2177671181 3  P 841 35585174 0 35628506
2182481328 11  P 863 35667326 0 35710656
2182981545 18  P 876 35667318 0 35710668
2183240346 13  P 911 35667280 0 35710663
2184940515 17  P 890 35706727 0 35750087
2190887710 4  P 20050 35771645 0 35834268
2191216061 14  P 4815 35796413 0 35843706
2192753599 16  P 943 35836979 0 35880397
2193114954 15  P 925 35836988 0 35880390
2194201259 12  P 8634 35849101 0 35900231
2194494999 9  P 900 35859798 0 35903179
2199350565 1  P 10270 35797730 0 35981083
2205878010 17  P 908 36049748 0 36093126
2206030499 3  P 860 36049794 0 36093145
2208918736 11  P 882 36100457 0 36143807
2208927469 19  P 956 36100381 0 36143829
2209125681 5  P 849 36100499 0 36143826
2209419051 18  P 894 36100452 0 36143820
2209677759 13  P 930 36100411 0 36143813
2218695235 6  P 16566 36241628 0 36300758
2220481401 4  P 20463 36256089 0 36319122
2222946626 8  P 12716 36304701 0 36359948
2226612989 16  P 962 36391712 0 36435148
2226974348 15  P 944 36391721 0 36435143
2232075466 14  P 4932 36465734 0 36513143
2234743515 7  P 859 36525962 0 36569322
2235263957 2  P 846 36525976 0 36569319
2242657019 10  P 960 36648726 0 36692174
2244216898 12  P 8849 36668339 0 36719679
2249523328 6  P 16783 36746494 0 36805840
2251040372 7  P 877 36792951 0 36836330
2251159826 16  P 996 36793853 0 36837321
2251521182 15  P 963 36793877 0 36837317
2251560802 2  P 865 36792964 0 36836326
2268250793 10  P 978 37068035 0 37111502
2270319309 1  P 10602 36960144 0 37143824
2273077416 3  P 878 37148272 0 37191639
2275481693 14  P 4951 37176883 0 37224308
2276709099 19  P 1007 37210855 0 37254356
2278563184 5  P 868 37238144 0 37281490
2278856510 18  P 912 37238097 0 37281482
2279838768 9  P 919 37258052 0 37301450
2282009122 8  P 13028 37272061 0 37327624
2285825189 4  P 21075 37326057 0 37389704
2292840672 11  P 900 37475416 0 37518782
2292893668 17  P 926 37475393 0 37518789
2293599689 13  P 949 37475369 0 37518789
2294144615 16  P 1014 37498090 0 37541577
2294505561 15  P 981 37498114 0 37541573
2295422647 10  P 997 37513200 0 37556685
2295462226 8  P 13211 37492291 0 37548039
2298678678 1  P 10815 37424564 0 37608460
2301637929 14  P 5069 37605306 0 37652849
2304802851 19  P 1026 37671124 0 37714644
2308774745 7  P 896 37738852 0 37782248
2309295185 2  P 884 37738865 0 37782246
2326700010 11  P 919 38030148 0 38073532
2326753004 17  P 945 38030125 0 38073540
2327200285 18  P 931 38030142 0 38073545
2327459022 13  P 967 38030102 0 38073539
2328561757 3  P 907 38057298 0 38100694
2330918934 4  P 21551 38064388 0 38128508
2332273361 6  P 17493 38101546 0 38161606
2336420026 12  P 9266 38178571 0 38230326
2341235082 5  P 887 38264941 0 38308305
2341885661 9  P 937 38274609 0 38318026
2348641812 10  P 1016 38385117 0 38428620
2354793739 11  P 937 38490417 0 38533820
2354846756 17  P 964 38490395 0 38533828
2354999253 3  P 926 38490431 0 38533844
2355294017 18  P 950 38490411 0 38533832
2355552759 13  P 985 38490371 0 38533827
2366224704 19  P 1045 38677441 0 38720978
2368544179 14  P 5283 38701276 0 38749037
2374370004 9  P 955 38806813 0 38850248
2374844410 5  P 917 38815566 0 38858960
2375023359 6  P 17844 38801605 0 38862017
2379488383 16  P 1033 38896344 0 38939848
2379772435 1  P 11191 38752818 0 38937091
2379849326 15  P 999 38896369 0 38939844
2381762677 4  P 22097 38896855 0 38961522
2383060642 12  P 9481 38942510 0 38994483
2389274737 8  P 13757 39028758 0 39085053
2392696659 7  P 915 39113810 0 39157224
2393217099 2  P 903 39113823 0 39157220
2394284256 17  P 983 39136519 0 39179972
2394436762 3  P 944 39136556 0 39179987
2394438166 5  P 935 39136571 0 39179984
