246119837 9  P 6866 192037 0 3981039
261934142 11  P 5352 205833 0 4244463
261987062 17  P 4380 207275 0 4244456
262116012 6  P 3795 210009 0 4244458
265583468 19  P 4013 211396 0 4304102
265716178 12  P 4762 213677 0 4304099
269102623 7  P 3436 213110 0 4364257
269452232 3  P 3526 216251 0 4364282
269453553 5  P 4045 219475 0 4364259
269623067 2  P 3003 214952 0 4364273
272581451 16  P 5460 213362 0 4420323
276903176 18  P 5546 221837 0 4481519
278597220 1  P 5045 234814 0 4511695
281344146 8  P 9985 237238 0 4548950
281871041 4  P 6681 234436 0 4557284
284911507 15  P 4076 227302 0 4616418
285246944 14  P 3802 225212 0 4616415
289594300 10  P 7222 226718 0 4693207
291223024 13  P 9413 237915 0 4711860
298309039 11  P 6488 246955 0 4840423
299531723 10  P 7844 235069 0 4856019
300121578 14  P 4295 237833 0 4860109
303303000 13  P 12112 257228 0 4909764
303772189 6  P 4586 244594 0 4926952
303797244 5  P 6280 257931 0 4926924
312310523 2  P 3272 250554 0 5063658
312802557 1  P 8960 274338 0 5072114
314362642 16  P 6418 246672 0 5104861
315024110 8  P 14630 276613 0 5100740
315036423 12  P 7105 255262 0 5112154
315425186 4  P 10292 280275 0 5107010
315780219 3  P 4475 253998 0 5123309
322114966 19  P 4886 258015 0 5230303
322524596 7  P 5320 261137 0 5239500
322606226 18  P 5775 259095 0 5230316
322942737 15  P 4613 258777 0 5239518
328401085 9  P 9480 261132 0 5329120
329674903 17  P 5015 261687 0 5353445
347354461 9  P 10918 278462 0 5639643
348362047 17  P 6066 275871 0 5659620
349717734 3  P 4744 282150 0 5679341
352552189 19  P 5978 285428 0 5728987
352766098 5  P 7879 329693 0 5729198
353043719 18  P 7688 285604 0 5729002
353152982 14  P 6304 285555 0 5728963
355066977 15  P 7076 294920 0 5765831
361818593 13  P 19525 337335 0 5868456
364631585 6  P 5154 294973 0 5924070
372867867 8  P 18494 338269 0 6048431
373044915 2  P 3361 299109 0 6058726
378589563 1  P 15172 342774 0 6149960
380300202 16  P 6520 298083 0 6185167
386540077 7  P 7632 318264 0 6288302
386684136 11  P 8854 316485 0 6288347
390027602 4  P 18272 375118 0 6329254
390563467 10  P 10807 328409 0 6347455
392122998 12  P 11154 321337 0 6375115
399118172 7  P 7658 328357 0 6494379
401088837 9  P 12939 323074 0 6520018
402372144 11  P 10142 331849 0 6545367
402553461 6  P 8247 333361 0 6545368
402980970 14  P 7200 330852 0 6545205
418563298 5  P 11394 408536 0 6807177
418927852 13  P 23128 386400 0 6804118
420144802 10  P 12383 354107 0 6832109
422482387 2  P 3526 342983 0 6868704
423527725 4  P 21998 417061 0 6878109
431115458 1  P 23947 403852 0 7010540
433065828 16  P 8691 344138 0 7049668
433161502 19  P 7534 352677 0 7049684
433383424 8  P 20394 399203 0 7039896
438825984 12  P 14049 360272 0 7140291
439530628 3  P 11918 373403 0 7150820
442033933 17  P 7416 351617 0 7194334
442255326 15  P 9052 365733 0 7194310
442918749 18  P 9089 359871 0 7201512
449536615 15  P 9321 372843 0 7313607
451006078 1  P 25014 422227 0 7336428
452919873 2  P 4151 372713 0 7367383
456185499 12  P 14592 384033 0 7424710
457829026 10  P 13912 388064 0 7449517
461059538 11  P 11118 388187 0 7506895
461067763 19  P 8537 374883 0 7506894
464055792 7  P 8584 382096 0 7558306
464905717 3  P 14785 407590 0 7566561
466046499 9  P 16233 375964 0 7584275
470841074 18  P 10096 381183 0 7658983
478538249 6  P 13096 412087 0 7790285
480282030 5  P 14226 468418 0 7818359
480646697 13  P 24935 452491 0 7815249
484043177 4  P 26758 481187 0 7869575
488441269 16  P 12794 396317 0 7956921
489377779 17  P 7772 391740 0 7970007
489399039 8  P 23671 456844 0 7957640
490902971 14  P 8356 406357 0 7985685
497491494 6  P 15425 434808 0 8100810
500885745 9  P 17097 412568 0 8155078
501584281 13  P 25879 476457 0 8158240
505434571 11  P 13119 431455 0 8233926
505586914 7  P 9855 418199 0 8238747
506324790 14  P 8918 419759 0 8238351
507816193 16  P 15928 414805 0 8274348
508177564 15  P 13903 424622 0 8274351
513152605 4  P 28287 509287 0 8346498
515718195 3  P 20104 463443 0 8399070
518273990 8  P 23863 480159 0 8430720
520393316 17  P 8083 417354 0 8478164
523599900 1  P 35125 513898 0 8525798
530763689 2  P 4352 436432 0 8642770
532755267 19  P 9117 436904 0 8681414
532907385 10  P 21038 486788 0 8679507
532954095 5  P 15742 523404 0 8681321
538247896 12  P 20651 458746 0 8769204
540794205 18  P 10695 437176 0 8805091
545990458 13  P 27531 516220 0 8885778
549278404 11  P 16984 478266 0 8952254
549358800 3  P 22337 497639 0 8950235
549797962 10  P 24881 508699 0 8956232
550997836 12  P 20817 469053 0 8978097
551225760 6  P 17101 481588 0 8981185
555934809 18  P 11334 449545 0 9053155
557759244 7  P 10063 459718 0 9093525
557911971 19  P 10162 456688 0 9093570
558090810 14  P 11323 460503 0 9086468
559168213 4  P 30242 562215 0 9165815
559271751 1  P 38000 561434 0 9110238
561112097 17  P 8158 448700 0 9145289
570458841 15  P 17182 482909 0 9294750
571024202 8  P 27605 542370 0 9294950
580448257 16  P 18811 479826 0 9464320
580499741 5  P 20500 577530 0 9460273
583042196 9  P 20420 482282 0 9501125
589701328 2  P 7061 505584 0 9608391
593604548 9  P 21172 497688 0 9674174
597591019 18  P 12410 481285 0 9735643
600856414 14  P 14441 499716 0 9787130
600952522 3  P 24724 544515 0 9795544
604037352 1  P 42470 620768 0 9843631
604856029 4  P 32043 603598 0 9914361
605133373 8  P 30114 580861 0 9853772
605487075 17  P 9516 482443 0 9872318
605818196 19  P 12291 495053 0 9878455
606091798 2  P 7844 521960 0 9876928
607337859 7  P 15603 512835 0 9905794
607912156 15  P 20489 521305 0 9908367
608060521 12  P 27086 520883 0 9912993
608079014 5  P 21546 600383 0 9912121
623938871 10  P 29226 588252 0 10170915
632473019 16  P 21995 522044 0 10316666
638273038 6  P 17697 550708 0 10407339
639865814 13  P 28785 590358 0 10423794
641356969 11  P 24336 569016 0 10460842
645687284 3  P 30116 612735 0 10528426
648003512 17  P 10959 515025 0 10568890
649409155 10  P 31247 613244 0 10588210
649555778 8  P 33569 630749 0 10581574
649779001 18  P 13032 522213 0 10590679
653646837 15  P 24885 562552 0 10657663
653766806 5  P 22200 636179 0 10660660
654474828 19  P 12892 533198 0 10675631
655519123 11  P 24640 579821 0 10692871
662340471 4  P 32329 647566 0 10856160
665457341 16  P 23767 551442 0 10857072
666101191 6  P 22375 588852 0 10863265
668209685 13  P 29362 614651 0 10888171
669982908 2  P 9097 577967 0 10923706
673514074 12  P 33512 584320 0 10985354
681881554 1  P 47086 714962 0 11119003
683136227 9  P 26816 584833 0 11141033
683388123 14  P 18191 563986 0 11135216
688431505 7  P 23359 596517 0 11234406
694771693 19  P 14507 569942 0 11335849
699084663 13  P 31027 641594 0 11394017
700878550 17  P 12701 556679 0 11435186
701325796 18  P 14628 562500 0 11435218
702287862 15  P 28052 605971 0 11454585
703594960 5  P 22618 676783 0 11477040
704842260 2  P 9673 607513 0 11494835
705804329 6  P 23857 622117 0 11513757
706355259 9  P 27315 603452 0 11521445
709295219 12  P 35396 615295 0 11571583
717166424 7  P 24246 636277 0 11770540
719966252 11  P 27769 633746 0 11748764
725439048 10  P 42048 714848 0 11833852
726176038 16  P 26080 600004 0 11851866
730028740 14  P 19632 600551 0 11899372
733437402 3  P 35757 714419 0 11966082
734215516 4  P 39925 726638 0 12033747
738178417 1  P 50130 769161 0 12041365
743008209 8  P 40916 726954 0 12112670
747345215 10  P 43941 741038 0 12192753
758647010 6  P 31804 710354 0 12379523
759916295 7  P 25190 676447 0 12470932
771802983 19  P 17438 631262 0 12597917
774141934 5  P 24161 741678 0 12632876
774574903 4  P 43094 767915 0 12694989
775888921 12  P 40203 681637 0 12662643
776263394 11  P 29263 679594 0 12671126
777229933 9  P 29940 663194 0 12682644
782138074 14  P 22799 640394 0 12753116
782644787 16  P 28693 643407 0 12777032
782756174 15  P 31593 677655 0 12772958
783187324 3  P 37176 765710 0 12781174
783700011 13  P 35456 719234 0 12780321
786646810 2  P 12859 688051 0 12835094
788372783 18  P 16035 635866 0 12861391
789508804 8  P 43750 769914 0 12874584
791177461 1  P 52850 822178 0 12909691
791409769 17  P 16185 628305 0 12918425
796211925 8  P 44048 776039 0 12984405
799272042 13  P 38714 740853 0 13035443
802154564 12  P 41590 708939 0 13092977
802622396 14  P 22874 656351 0 13088721
804131493 1  P 53148 833500 0 13121925
805278001 4  P 44653 796755 0 13198025
805412367 19  P 18042 658533 0 13148567
811001565 10  P 49043 803136 0 13235684
813220146 5  P 28923 789253 0 13273116
814528981 18  P 17151 658296 0 13289932
823603468 7  P 26251 727969 0 13514383
825592567 2  P 18035 739632 0 13473163
827851180 6  P 35121 770655 0 13513356
828631186 15  P 33255 717276 0 13524565
828933077 9  P 33750 716570 0 13529726
828987950 17  P 16637 666893 0 13534099
831528692 11  P 32186 727414 0 13576583
834722986 16  P 32742 693005 0 13630266
842265567 3  P 39642 827252 0 13749106
844122390 11  P 33011 748220 0 13782934
844937513 3  P 39861 833634 0 13792879
851022493 1  P 55851 884225 0 13890175
853726185 6  P 38421 804700 0 13937285
854526810 9  P 34378 738929 0 13949045
857794306 14  P 24274 706752 0 13992635
858599853 19  P 18861 701034 0 14019985
858644219 17  P 18767 700412 0 14019983
858832304 16  P 34441 718350 0 14025264
861529716 12  P 45122 765937 0 14065767
866991173 13  P 43957 810612 0 14144924
868133957 8  P 52254 862176 0 14162750
879435269 18  P 17697 709906 0 14353351
882610789 10  P 53580 868426 0 14408912
884822219 7  P 27711 781658 0 14517379
889483614 2  P 19184 792997 0 14519940
890209266 15  P 34352 766268 0 14533443
892157479 5  P 33323 873283 0 14566404
893276942 4  P 54464 897516 0 14639771
894513048 14  P 26055 741166 0 14594212
895034761 17  P 20681 731106 0 14616201
897615904 1  P 58723 939699 0 14653549
897792421 9  P 35672 776013 0 14657905
901122777 18  P 17772 727262 0 14708676
904210766 6  P 46538 866822 0 14764411
904772164 13  P 45806 852809 0 14763901
908249193 2  P 19608 814595 0 14827375
908293596 4  P 55934 912132 0 14885802
913248283 12  P 45793 808029 0 14913117
925235658 5  P 33391 900295 0 15108353
927478754 7  P 28529 821920 0 15216238
929454704 10  P 55272 913971 0 15176393
932787350 19  P 19366 760063 0 15235468
933865507 15  P 34570 801148 0 15248704
935044294 11  P 38019 827032 0 15272584
936977583 8  P 58754 931829 0 15290639
941535433 16  P 38864 796371 0 15380251
942327932 3  P 40744 912842 0 15388517
943775256 7  P 29063 838949 0 15483239
944232639 12  P 47400 833760 0 15420760
944981943 14  P 28144 784467 0 15421085
946818607 15  P 34933 811623 0 15460921
952941728 16  P 40203 811866 0 15567122
953297334 17  P 23070 778547 0 15570763
959091447 18  P 18170 782304 0 15658434
959542534 9  P 39384 831096 0 15669605
962032670 10  P 59449 954454 0 15710138
962762435 4  P 61744 968137 0 15778210
963319458 1  P 65231 1021816 0 15730000
969226385 6  P 53824 952625 0 15829596
974166197 2  P 27755 909421 0 15907313
974812318 3  P 40819 938757 0 15920740
975680755 8  P 59439 962784 0 15924742
983069308 13  P 49023 916895 0 16046693
989396836 19  P 20405 804953 0 16162948
991716456 11  P 41087 877714 0 16201084
994070205 5  P 39096 970351 0 16236111
994175387 17  P 24753 810883 0 16240506
995482055 18  P 20449 812372 0 16254652
997250156 3  P 41965 958695 0 16288353
999061448 2  P 29078 959390 0 16372452
1002528831 14  P 31837 849376 0 16363912
1004806528 7  P 29316 897334 0 16483166
1011407593 5  P 40958 995010 0 16520160
1014026763 9  P 40927 874362 0 16562271
1014189375 10  P 65070 1020355 0 16564656
1015962349 8  P 63405 1012104 0 16584686
1017051024 16  P 43560 866330 0 16617468
1018256159 15  P 36717 873814 0 16631339
1024263075 11  P 42157 904396 0 16734327
1026085970 6  P 60559 1012219 0 16761160
1028209731 13  P 54268 973404 0 16786264
1029427980 19  P 21517 836285 0 16818811
1029787114 12  P 56777 952568 0 16822434
1029919263 4  P 73546 1057206 0 16878476
1041038254 1  P 75718 1116730 0 17003335
1046513876 12  P 59502 970685 0 17096475
1052401925 9  P 42867 907795 0 17191001
1053122453 11  P 42701 927100 0 17207153
1056322292 7  P 33681 952484 0 17327155
1060560200 18  P 22838 862024 0 17320889
1062914130 6  P 62521 1042675 0 17364547
1065243620 8  P 65944 1070670 0 17392085
1068687829 3  P 43398 1021361 0 17458780
1069334962 13  P 58034 1011829 0 17460043
1070606798 14  P 35282 912831 0 17479285
1072299007 5  P 48934 1063784 0 17517765
1077303013 19  P 23288 871721 0 17603183
1077519228 17  P 29898 878787 0 17605993
1080647578 1  P 78772 1223981 0 17652292
1081886868 4  P 84227 1139047 0 17729868
1087990494 15  P 41315 933719 0 17773846
1088002021 10  P 70298 1096582 0 17773978
1089582330 16  P 45823 920543 0 17805791
1091593044 2  P 33506 1042681 0 17888464
1094622681 18  P 24261 887914 0 17878969
1096198722 9  P 47675 953925 0 17908539
1097419359 11  P 44688 965630 0 17932905
1099078346 3  P 43631 1046202 0 17956697
1102021703 19  P 24204 890568 0 18008169
1108272560 1  P 80386 1265948 0 18104899
1109763110 14  P 38338 954346 0 18120808
1110017085 16  P 47631 943451 0 18140589
1110494571 7  P 37680 1007543 0 18214681
1110720381 5  P 52105 1100584 0 18147253
1116224874 15  P 42063 955551 0 18236432
1117618749 8  P 68287 1118942 0 18250185
1121867258 6  P 63956 1088174 0 18330429
1130140009 2  P 34741 1089179 0 18520011
1130225686 13  P 60734 1066580 0 18457649
1130997304 4  P 94893 1203748 0 18534476
1131970646 10  P 73701 1146165 0 18494337
1137373855 12  P 66244 1070935 0 18585075
1141612961 17  P 32101 929240 0 18656104
1156874294 2  P 35409 1111407 0 18958017
1157991316 1  P 84983 1384797 0 18919488
1158496127 9  P 52712 1014756 0 18929185
1160820339 6  P 65517 1122490 0 18964665
1162004119 16  P 50033 984133 0 18992327
1166500588 5  P 62921 1183254 0 19061138
1169986152 10  P 76349 1198431 0 19117177
1171216647 14  P 41270 1000661 0 19127639
1171825868 4  P 102679 1258639 0 19203393
1173450812 18  P 25522 950219 0 19170483
1176459692 15  P 43689 1007496 0 19223289
1177525680 7  P 43115 1086879 0 19312878
1177591831 11  P 47683 1031167 0 19246428
1178862915 17  P 35276 959469 0 19266400
1180134377 8  P 71948 1194169 0 19274393
1182279971 12  P 69313 1108008 0 19320807
1184896740 19  P 27119 955788 0 19365977
1185047124 3  P 43747 1115562 0 19365205
1187038247 13  P 64847 1134736 0 19388431
1195209612 15  P 47007 1034334 0 19530477
1202212392 8  P 74036 1217291 0 19636113
1203926508 16  P 54810 1023270 0 19679162
1204153936 18  P 29376 984001 0 19673518
1204456697 17  P 36857 983111 0 19685724
1205714824 9  P 56383 1070784 0 19702751
1209241800 5  P 69619 1230617 0 19761396
1210107266 14  P 42804 1031958 0 19764810
1210460097 1  P 91286 1445244 0 19779128
1210906490 3  P 43913 1136774 0 19788884
1215439414 10  P 78807 1243637 0 19861874
1218546226 2  P 40899 1195073 0 19968423
1221181979 7  P 43518 1122230 0 20028134
1221247974 11  P 51614 1073617 0 19961686
1222881130 19  P 28822 991718 0 19988306
1232576953 12  P 72738 1155205 0 20144861
1236497795 4  P 107016 1336114 0 20262936
1236897512 13  P 66657 1176122 0 20205302
1238075725 6  P 71512 1201165 0 20226421
1245613362 17  P 38035 1015917 0 20360022
1246445434 6  P 72814 1211407 0 20363548
1253663280 13  P 67372 1190773 0 20479984
1253900978 12  P 75460 1177242 0 20494226
1257959748 15  P 52094 1091289 0 20558563
1260811992 2  P 44933 1244602 0 20660887
1262192025 16  P 57488 1077143 0 20633766
1263588306 7  P 45489 1158187 0 20722908
1265896799 1  P 96460 1497135 0 20687390
1269996149 9  P 63156 1151086 0 20755913
1273415468 8  P 75156 1271584 0 20802689
1275966636 14  P 44220 1082633 0 20843836
1278857483 18  P 30462 1043477 0 20897450
1282475455 5  P 76050 1312804 0 20961247
1283453342 3  P 44815 1198691 0 20977487
1283950820 4  P 109135 1379707 0 21040393
1286076171 11  P 57551 1135939 0 21023817
1289111126 10  P 79980 1306030 0 21068904
1291037815 19  P 29909 1046249 0 21104974
1302931170 8  P 78086 1300029 0 21286266
1304437708 3  P 44986 1216103 0 21321294
1305027317 9  P 65567 1197623 0 21329850
1305723448 16  P 61120 1119577 0 21346972
1307185073 4  P 110805 1403649 0 21421058
1314022463 13  P 70853 1244969 0 21468900
1316561903 2  P 48820 1305392 0 21574269
1316717252 18  P 32540 1078667 0 21517733
1317345624 10  P 81180 1331119 0 21531489
1320316512 17  P 39971 1074379 0 21583953
1323054258 1  P 102327 1560207 0 21623843
1323795728 12  P 80968 1243577 0 21639356
1324779087 11  P 59955 1167169 0 21657916
1325372839 14  P 44699 1121385 0 21653294
1328412770 19  P 32116 1076691 0 21717320
1333757897 6  P 74284 1298538 0 21794038
1334408005 5  P 81711 1384704 0 21812083
1336853875 7  P 46290 1216047 0 21923276
1343006599 15  P 54452 1160446 0 21951944
1346478112 8  P 81628 1355385 0 21999709
1347076884 12  P 82727 1269484 0 22020782
1351397983 1  P 103950 1585542 0 22088221
1351787746 19  P 33035 1094547 0 22100292
1352093019 2  P 50033 1337010 0 22156408
1353747868 14  P 46306 1146228 0 22118184
1354929713 6  P 74406 1315876 0 22140912
1355002612 17  P 41395 1103638 0 22152243
1358845503 5  P 83651 1422031 0 22212461
1362119432 7  P 47143 1237461 0 22337225
1369028821 4  P 114275 1475663 0 22434269
1369533141 10  P 83016 1384619 0 22386518
1371797089 3  P 47016 1274921 0 22424901
1378803856 13  P 73406 1308353 0 22530268
1379199137 9  P 68361 1256292 0 22545065
1382285870 16  P 64834 1192793 0 22601345
1385217234 18  P 35888 1139730 0 22640030
1386419909 11  P 61858 1215247 0 22667834
1386459618 15  P 55075 1194068 0 22663874
1396189753 7  P 50259 1277674 0 22895415
1396587678 8  P 87349 1415344 0 22820685
1397108154 12  P 86755 1322103 0 22840480
1398622591 4  P 116602 1507634 0 22919118
1398694008 19  P 35587 1134906 0 22868799
1400310588 18  P 38081 1225625 0 22887324
1400595857 10  P 84961 1421380 0 22895428
1407178299 1  P 110258 1651442 0 23002121
1409472713 17  P 42734 1149815 0 23044668
1409967984 2  P 54001 1400100 0 23104614
1411957553 13  P 76164 1339096 0 23073447
1414835983 6  P 74793 1364834 0 23122405
1415457876 16  P 66989 1225486 0 23144822
1416656481 3  P 47182 1311760 0 23159876
1418501722 5  P 88820 1497910 0 23189815
1419183577 9  P 71774 1294921 0 23200117
1419294745 11  P 63420 1249212 0 23206452
1436169735 14  P 49854 1210676 0 23468569
1440944120 15  P 58460 1238647 0 23556535
1444897534 13  P 78621 1372539 0 23613128
1447197998 7  P 57988 1342523 0 23731121
1448279122 14  P 50423 1220097 0 23666968
1459111093 5  P 89210 1530665 0 23855153
1461111485 10  P 87945 1482714 0 23886894
1469914120 6  P 75307 1410154 0 24024800
1470817047 16  P 69293 1274710 0 24051811
1474232465 11  P 66191 1299669 0 24106541
1475209805 15  P 60508 1269549 0 24117940
1475233767 2  P 57428 1468798 0 24173914
1475606977 4  P 118758 1584263 0 24180405
1477187838 3  P 56984 1384930 0 24151606
1479824115 9  P 78839 1370039 0 24193631
1483335501 1  P 117061 1734274 0 24249860
1485966934 18  P 39845 1292992 0 24290713
1486670655 12  P 93815 1422922 0 24307837
1487738419 17  P 43195 1211912 0 24326963
1491384273 8  P 89219 1492918 0 24373808
1492537855 19  P 38502 1214726 0 24406326
1497017253 5  P 89701 1561658 0 24476204
1501941475 17  P 43683 1224671 0 24559665
1503001864 10  P 93984 1532470 0 24573216
1510294479 4  P 120376 1623134 0 24748712
1510619641 7  P 61682 1403954 0 24770200
1510929236 1  P 119949 1760802 0 24701953
1512234666 3  P 61644 1424398 0 24725801
1517185357 14  P 50878 1273479 0 24795918
1517210980 6  P 75543 1448981 0 24799705
1519692164 16  P 75490 1344740 0 24852557
1528363165 15  P 66533 1332419 0 24988778
1529405093 12  P 97478 1474415 0 25007984
1530061814 2  P 58585 1515581 0 25072212
1530194385 13  P 80482 1442031 0 25010619
1533325973 11  P 70742 1351706 0 25074721
1533681298 8  P 89759 1528412 0 25066784
1534373157 18  P 43323 1339943 0 25083797
1537866018 19  P 40962 1255205 0 25148978
1542683599 9  P 83185 1449756 0 25223498
1546410808 16  P 77298 1365252 0 25290306
1546663081 13  P 81784 1455009 0 25280433
1549000631 5  P 92917 1612525 0 25327882
1551310386 11  P 71860 1368437 0 25369376
1554577400 2  P 59091 1536272 0 25473873
1555679734 6  P 76030 1481604 0 25429971
1556327316 12  P 100183 1503251 0 25449068
1558687824 3  P 67591 1482496 0 25486876
1563182084 7  P 63659 1454202 0 25631362
1569600263 15  P 69689 1373129 0 25664392
1570707110 17  P 51075 1296651 0 25686298
1573196997 8  P 94003 1590888 0 25714190
1573632442 1  P 126079 1830848 0 25729278
1583435686 18  P 45700 1377583 0 25887632
1587138227 4  P 125051 1703947 0 26007704
1588449139 9  P 88387 1498486 0 25973295
1589756558 19  P 44254 1296700 0 25999137
1591357277 14  P 56703 1340829 0 26011132
1593673657 10  P 97872 1615906 0 26058746
1597048501 5  P 95899 1663231 0 26115075
1597468031 2  P 62826 1586894 0 26176579
1598404117 14  P 56897 1347040 0 26126584
1599239059 16  P 80673 1420994 0 26155827
1601631525 19  P 44301 1306297 0 26193695
1601916297 7  P 65752 1489962 0 26265969
1602101075 1  P 128282 1864556 0 26195704
1604905481 12  P 102432 1552706 0 26244969
1606685305 11  P 74701 1412629 0 26276629
1609084668 15  P 70493 1404815 0 26311287
1614777310 9  P 92563 1532640 0 26404620
1615238482 17  P 52254 1331634 0 26415893
1620278829 4  P 126405 1739826 0 26550676
1623050488 13  P 89358 1538306 0 26531875
1623586123 6  P 82995 1559641 0 26542521
1627810723 18  P 49611 1414588 0 26614668
1631041057 8  P 100683 1646273 0 26661883
1634720531 10  P 98152 1646891 0 26731250
1638203733 3  P 70194 1560145 0 26789654
1647295012 18  P 51291 1430661 0 26933897
1647759727 8  P 101992 1663699 0 26935795
1665993335 9  P 95610 1578946 0 27243726
1668004720 16  P 85539 1475459 0 27282450
1668709672 19  P 46731 1357166 0 27292688
1670279276 11  P 77554 1461826 0 27318537
1672655388 12  P 106274 1611231 0 27354972
1675369497 7  P 67530 1555443 0 27469420
1677366730 1  P 136613 1955313 0 27428832
1680955242 10  P 99338 1682286 0 27488745
1680975833 13  P 93889 1592453 0 27480900
1682497591 4  P 129580 1800219 0 27570054
1685162789 15  P 78341 1477556 0 27557721
1686722731 17  P 56479 1393609 0 27587077
1690336005 6  P 90253 1635027 0 27636105
1690747953 14  P 61146 1430137 0 27639512
1691218239 2  P 71187 1695196 0 27712523
1691845400 5  P 98673 1752084 0 27668189
1693734679 3  P 71119 1602527 0 27699468
1694279231 11  P 78950 1482203 0 27711750
1695754754 16  P 87052 1499500 0 27737102
1697673630 10  P 99364 1697420 0 27762654
1698210468 1  P 139000 1977520 0 27770333
1699417835 9  P 99109 1622171 0 27791347
1705363359 17  P 56518 1408755 0 27892483
1707591665 14  P 61618 1444846 0 27915478
1710365978 15  P 81342 1502401 0 27970643
1711587806 8  P 105891 1732026 0 27981534
1716404332 18  P 52815 1483902 0 28066181
1716569911 13  P 100797 1651916 0 28064047
1719666369 7  P 69022 1604933 0 28195163
1719796136 2  P 72117 1732944 0 28180732
1723658542 5  P 100535 1786852 0 28189369
1723810208 4  P 135717 1854277 0 28246911
1735092904 12  P 106837 1658527 0 28377937
1735787804 19  P 48320 1410252 0 28391685
1737125341 3  P 74008 1644642 0 28410374
1741522837 6  P 92447 1681314 0 28474729
1746544858 11  P 79929 1522661 0 28568060
1746957088 17  P 59122 1444697 0 28573946
1760598342 16  P 91643 1560240 0 28799468
1762513616 14  P 65964 1506493 0 28815306
1763996421 9  P 100983 1676181 0 28849387
1765249474 2  P 74031 1806595 0 28925396
1767787761 15  P 86842 1569702 0 28911422
1768820450 6  P 93668 1705971 0 28921961
1769408309 5  P 103840 1827794 0 28938917
1771913711 13  P 108068 1717778 0 28970776
1772611525 10  P 100268 1757414 0 28990416
1774772174 19  P 50303 1441802 0 29030399
1776135203 7  P 70318 1652676 0 29120322
1782468992 3  P 77952 1693904 0 29153276
1784874157 12  P 108519 1700332 0 29193537
1787045019 18  P 56405 1544362 0 29223548
1788525537 8  P 116094 1822048 0 29242058
1792356951 4  P 139253 1924573 0 29369970
1795646791 1  P 154677 2098210 0 29366693
1796017950 5  P 105138 1861157 0 29374883
1796903804 4  P 139327 1928290 0 29444465
1796976613 6  P 94626 1729755 0 29383264
1801091735 14  P 68011 1543960 0 29447357
1801845979 10  P 101869 1789138 0 29469382
1807834926 19  P 53202 1470915 0 29572092
1809366668 13  P 110250 1758585 0 29584388
1810353953 7  P 73862 1690594 0 29680942
1810357242 11  P 82236 1574241 0 29613558
1813300975 17  P 62823 1502891 0 29660910
1818060681 18  P 59726 1584365 0 29731705
1819147983 1  P 156691 2121800 0 29751733
1821863302 15  P 89943 1629460 0 29797376
1822551514 16  P 96882 1617168 0 29814483
1827043423 9  P 106629 1739599 0 29882300
1828405606 12  P 114079 1747927 0 29906745
1829603626 8  P 119707 1863414 0 29915074
1829670101 2  P 78370 1890922 0 29980828
1840976207 3  P 83477 1757214 0 30111833
1845671166 2  P 79237 1906817 0 30242983
1849264835 12  P 117599 1770927 0 30248496
1850273500 6  P 94762 1769145 0 30256463
1850564556 5  P 110818 1919120 0 30268561
1862919439 4  P 139584 1978813 0 30526048
1865266811 7  P 79515 1753864 0 30580619
1867757345 1  P 163785 2193942 0 30548141
1868394564 17  P 63371 1545622 0 30563562
1874342988 8  P 123221 1909616 0 30648075
1874685373 14  P 72084 1604892 0 30653105
1879897960 13  P 111903 1812945 0 30739956
1880576288 18  P 61199 1633450 0 30755955
1881444088 19  P 54765 1530916 0 30778090
1886615985 15  P 93286 1682297 0 30858276
1888220889 10  P 103030 1865939 0 30884538
1888594050 3  P 88928 1819080 0 30891995
1889098767 16  P 100915 1678058 0 30904759
1890294932 11  P 86063 1645837 0 30923239
1892590278 9  P 108083 1795168 0 30956214
1901212933 8  P 126851 1944137 0 31088306
1903976452 1  P 166230 2240770 0 31141548
1906863395 17  P 63475 1576310 0 31193832
1908648474 6  P 94966 1813804 0 31212864
1910455429 10  P 103152 1884098 0 31248824
1911002086 5  P 111294 1974563 0 31258767
1916584644 19  P 55617 1559230 0 31353830
1918338302 7  P 87567 1822482 0 31450129
1918793263 9  P 108588 1818967 0 31385521
1919773239 13  P 113439 1844801 0 31393313
1926343039 2  P 82379 2000431 0 31564678
1928794869 14  P 75583 1660093 0 31539628
1930177021 16  P 101860 1710909 0 31577768
1934476228 3  P 92114 1867967 0 31643722
1937366101 15  P 95123 1725275 0 31689755
1937778843 4  P 139953 2039349 0 31752543
1940107497 18  P 61859 1680506 0 31731308
1942279145 11  P 92248 1710437 0 31774935
1942593011 12  P 123054 1855114 0 31777568
1950030506 12  P 124044 1863394 0 31899422
1951750316 3  P 92984 1882885 0 31926741
1951890068 2  P 83871 2023751 0 31983235
1961872546 4  P 140084 2057562 0 32147290
1966163536 13  P 114151 1882317 0 32153364
1967611402 5  P 113242 2030255 0 32186243
1968074526 9  P 110110 1861750 0 32192936
1970029261 14  P 79163 1702057 0 32215195
1970051857 16  P 103212 1741952 0 32231075
1971892811 10  P 103573 1934926 0 32255398
1974882872 6  P 95069 1865988 0 32298020
1979476217 1  P 178738 2332829 0 32378507
1980076004 11  P 94149 1741686 0 32394193
1984162755 19  P 58444 1612948 0 32461020
1984545000 18  P 65618 1726333 0 32459366
1985009747 8  P 133913 2036716 0 32461217
1988910324 17  P 65977 1641261 0 32538076
1990576775 7  P 95022 1906785 0 32633674
1990725327 15  P 98310 1769920 0 32563976
1998757966 6  P 96641 1886216 0 32689175
2002320030 13  P 117615 1920968 0 32745705
2005309036 9  P 115413 1908299 0 32802973
2010895399 2  P 94102 2114109 0 32949954
2011797106 3  P 93205 1931647 0 32910542
2016442458 16  P 104702 1776330 0 32991128
2017064646 10  P 105786 1976409 0 32995482
2018194598 15  P 101084 1795004 0 33014012
2018566539 17  P 68199 1666127 0 33023955
2019334674 19  P 60154 1640476 0 33037268
2022779293 14  P 83818 1754490 0 33079428
2023310065 4  P 140272 2104681 0 33145667
2029248106 18  P 67655 1760958 0 33191777
2029951036 11  P 95102 1783864 0 33276875
2033194856 1  P 185100 2401527 0 33258605
2033540964 8  P 135671 2086282 0 33256346
2034658481 5  P 120203 2102831 0 33284725
2037698158 7  P 101452 1963481 0 33405688
2040342847 12  P 129745 1948119 0 33379086
2044732227 11  P 95746 1798043 0 33519049
2047113526 17  P 68670 1688579 0 33491661
2054850264 19  P 61210 1667951 0 33619149
2055700766 4  P 140717 2132368 0 33676352
2055944476 15  P 103955 1828821 0 33632498
2056529513 10  P 108227 2017446 0 33642065
2058296606 2  P 100496 2174114 0 33726543
2060607353 14  P 88291 1797151 0 33699172
2060817453 16  P 106593 1811184 0 33718153
2060867246 6  P 97815 1936877 0 33706763
2066186092 1  P 188420 2445094 0 33799102
2066496522 9  P 123192 1980084 0 33805424
2071623194 18  P 69037 1793546 0 33886047
2075344353 3  P 93266 1983609 0 33951691
2077384786 8  P 136657 2135024 0 33974672
2080064558 5  P 121266 2140051 0 34028651
2090483467 12  P 130584 1988052 0 34200575
2090613111 7  P 109213 2032319 0 34272630
2091069946 13  P 124622 2018347 0 34199698
2094466572 11  P 97485 1837535 0 34333929
2094902720 9  P 124349 2004845 0 34270825
2097328366 3  P 93348 2001727 0 34311879
2100019567 17  P 71544 1735083 0 34358469
2102924095 10  P 111128 2067420 0 34402184
2104310619 14  P 91649 1839523 0 34415172
2104882338 1  P 192070 2484095 0 34433095
2105585552 13  P 124968 2030671 0 34437522
2108779338 18  P 69986 1825416 0 34494809
2122381718 19  P 62569 1722630 0 34725576
2125874679 2  P 106339 2262792 0 34833717
2130507919 6  P 99917 1994659 0 34847736
2134171016 12  P 132855 2029606 0 34916341
2137877050 7  P 119252 2095201 0 35046990
2138522601 15  P 105841 1894255 0 34985448
2139525506 8  P 140720 2195235 0 34992775
2140239758 16  P 107709 1873293 0 35019389
2140388214 4  P 140930 2201143 0 35063862
2140408328 5  P 121574 2188472 0 35017310
2147372872 14  P 94052 1876332 0 35120701
2153514845 12  P 133943 2046471 0 35233267
2158244218 8  P 141935 2212777 0 35299464
2158897942 13  P 127235 2073657 0 35310975
2162851124 1  P 196467 2543478 0 35382845
2166420294 11  P 101667 1907787 0 35512795
2169100770 15  P 106414 1917741 0 35486436
2169656213 2  P 109928 2316871 0 35551004
2171064594 10  P 116605 2154227 0 35518541
2183826308 18  P 72680 1882866 0 35724366
2184149245 6  P 100886 2045491 0 35726571
2186191497 17  P 73631 1807881 0 35770294
2186672164 3  P 93430 2074903 0 35775685
2187740990 19  P 64427 1775898 0 35796412
2187955213 5  P 121607 2225526 0 35796310
2189215197 9  P 128890 2097701 0 35816009
2189856993 4  P 141137 2241684 0 35874355
2190114390 16  P 109887 1911522 0 35836528
2191182425 7  P 124989 2151843 0 35920330
2196527682 9  P 129029 2104087 0 35935816
2199142872 10  P 117976 2178996 0 35978564
2200642901 5  P 122211 2237484 0 36004185
2207466318 4  P 141581 2256641 0 36162863
2208585100 15  P 107998 1949624 0 36133334
2209248277 11  P 103419 1940800 0 36214484
2210698134 7  P 126608 2175469 0 36240066
2211308879 12  P 139382 2106644 0 36180148
2213150763 8  P 146907 2271547 0 36199039
2216895645 16  P 110707 1932672 0 36275304
2217374772 2  P 116679 2380377 0 36332788
2221820916 6  P 103801 2086609 0 36343777
2225115930 19  P 65309 1803532 0 36408760
2225132249 13  P 129640 2129199 0 36396136
2226701270 18  P 74264 1917273 0 36426823
2241144601 17  P 76610 1866058 0 36670626
2242069425 14  P 99920 1958715 0 36672180
2243645343 1  P 202971 2634244 0 36706537
2243718977 3  P 93966 2120746 0 36710334
2244929650 6  P 108223 2121293 0 36722381
2245209649 19  P 67239 1820015 0 36737970
2248484048 2  P 119130 2420620 0 36842458
2253687761 3  P 94907 2131767 0 36873660
2256853543 8  P 150556 2311089 0 36915052
2257827320 12  P 143252 2150879 0 36942286
2257983025 11  P 108793 1988210 0 37012935
2259435634 18  P 75509 1942395 0 36963139
2260185798 14  P 100364 1973975 0 36968987
2260403843 4  P 141997 2300194 0 37030184
2262929157 13  P 133344 2160736 0 37015386
2264298982 5  P 124540 2301187 0 37047109
2273793309 9  P 133408 2172048 0 37197947
2277004957 16  P 114707 1985337 0 37260082
2278613480 17  P 77151 1895160 0 37284510
2280850843 15  P 111725 2026309 0 37317321
2282760569 7  P 130957 2245079 0 37420726
2287038641 1  P 209214 2695361 0 37417464
2289596093 10  P 126170 2275408 0 37460512
2294953350 3  P 99520 2183805 0 37549740
2298890302 2  P 123515 2494446 0 37668285
2299572234 8  P 157337 2361770 0 37614933
2299584654 19  P 68975 1864352 0 37628843
2302627266 10  P 127449 2289186 0 37674010
2303257379 1  P 210014 2710675 0 37683186
2306158420 5  P 125183 2332162 0 37732918
2307045190 14  P 101700 2010441 0 37736721
2312661248 16  P 116001 2021222 0 37844251
2315503951 17  P 78460 1930700 0 37888915
2318288754 13  P 141416 2229947 0 37922375
2318663221 15  P 114520 2069864 0 37936811
2321320918 6  P 115715 2194931 0 37973949
2323510554 7  P 134376 2293007 0 38088351
2338857683 11  P 112279 2048861 0 38337969
2341513852 18  P 79170 2009765 0 38307904
2342450701 4  P 142652 2366707 0 38374439
2342621382 9  P 134481 2226012 0 38325619
2343249221 12  P 147684 2223426 0 38341822
2346429233 13  P 144723 2257751 0 38383404
2349241732 1  P 213969 2766974 0 38436572
2349878966 17  P 79563 1956533 0 38452105
2356185598 18  P 80070 2022306 0 38548284
2356509796 8  P 164803 2429941 0 38547778
2358333164 16  P 118557 2062637 0 38592582
2358697979 7  P 138485 2330996 0 38664852
2360703889 3  P 107042 2265443 0 38626965
2360705166 5  P 125321 2373402 0 38626605
2365030048 11  P 117715 2080528 0 38766762
2366263960 14  P 106294 2071412 0 38706940
2369053878 15  P 117486 2110212 0 38762397
2370419448 4  P 143348 2390742 0 38832675
2374194039 19  P 71841 1924213 0 38851226
2380861754 10  P 134821 2371155 0 38955778
2387858662 12  P 150925 2273758 0 39072687
2388523963 6  P 121207 2272436 0 39074947
2389137002 9  P 136135 2263220 0 39087720
2390437168 2  P 129704 2611179 0 39168143
2396428819 15  P 118957 2133002 0 39210899
2399889831 12  P 152072 2287331 0 39269801
