246903128 18  P 4714 196604 0 3990001
248831605 1  P 2736 199032 0 4024020
250990120 13  P 5079 200627 0 4052702
252581408 16  P 5023 198042 0 4092651
259594293 10  P 6791 203098 0 4201688
261871044 4  P 6140 217198 0 4229611
261934141 11  P 5352 205856 0 4244464
261987062 17  P 4380 207276 0 4244456
262116016 6  P 3795 210116 0 4244457
264911594 15  P 3450 210737 0 4288748
265246594 14  P 3648 213036 0 4288735
265583474 19  P 3817 210604 0 4304102
265716167 12  P 5160 217795 0 4304100
266119705 9  P 8367 211931 0 4308708
271211275 8  P 9663 237597 0 4382939
279102616 7  P 4637 233603 0 4528092
279452141 3  P 4821 225828 0 4528120
279453644 5  P 7727 231025 0 4528104
279623064 2  P 3003 222111 0 4528110
289368194 7  P 5163 242600 0 4696281
289694089 6  P 4011 232901 0 4696294
289719226 5  P 8696 245639 0 4696288
290607455 2  P 3325 232363 0 4708077
292641167 10  P 7409 229514 0 4743120
292942738 15  P 4829 235039 0 4748001
293277958 14  P 3794 236533 0 4747991
302105951 11  P 7161 240298 0 4902634
302114974 19  P 4287 240342 0 4902624
302287354 1  P 10215 260378 0 4899829
302949578 4  P 12136 269892 0 4902602
303473489 13  P 10578 268291 0 4912558
304362690 16  P 5979 238986 0 4941022
304591214 12  P 6038 250858 0 4941023
305780224 3  P 5453 248732 0 4959478
308809464 18  P 6033 247493 0 5004275
313010740 9  P 10006 252263 0 5076948
319674917 17  P 5026 253411 0 5189605
320086546 8  P 12887 289740 0 5183670
326540064 7  P 7033 281743 0 5305285
326756096 1  P 12572 284146 0 5300724
330996623 11  P 8164 267436 0 5375976
331106783 12  P 7808 277358 0 5375446
331147219 6  P 7241 270339 0 5375448
331465582 18  P 7043 265411 0 5375471
334301712 13  P 14805 313253 0 5417632
338797370 10  P 9371 265906 0 5499328
339237799 16  P 7972 267891 0 5512410
339532204 5  P 10455 314997 0 5512390
342552121 19  P 4859 274783 0 5565145
343643291 17  P 5269 272195 0 5582305
343795863 3  P 6019 281855 0 5582326
346699574 4  P 19123 333751 0 5619353
348583467 15  P 7516 287427 0 5659600
348992889 8  P 14385 318695 0 5657253
350996679 14  P 6165 287928 0 5693637
353385909 9  P 11698 288268 0 5738443
359998098 2  P 4108 290634 0 5844963
366474856 13  P 18698 350826 0 5944740
370151391 9  P 12202 300995 0 6013127
370196355 7  P 8721 319264 0 6020532
371018350 17  P 6247 293632 0 6030809
372542604 11  P 9549 304260 0 6056657
372918761 18  P 7977 302223 0 6054636
373021771 1  P 16304 332738 0 6058740
373365022 19  P 6782 302415 0 6069974
375704067 10  P 10026 298689 0 6103993
379333767 5  P 12739 350657 0 6164483
379466790 12  P 10521 328867 0 6167759
380972055 16  P 9426 305651 0 6196165
381241436 6  P 13176 324782 0 6196175
381668568 14  P 7329 314998 0 6196158
382255414 15  P 8435 316763 0 6211269
388154529 2  P 8713 326999 0 6306261
388202129 3  P 8069 319791 0 6309874
397933986 4  P 25715 400941 0 6458744
398305440 8  P 17874 372582 0 6465174
405282286 10  P 11099 321943 0 6588597
405746976 11  P 10856 348296 0 6600667
405963876 9  P 15069 336058 0 6599868
406215564 18  P 9596 329693 0 6600170
406568578 13  P 21431 408414 0 6601605
410285284 1  P 18924 373920 0 6669260
413358523 3  P 9324 347752 0 6722034
415347438 16  P 11102 335287 0 6759356
417119497 8  P 19228 392232 0 6773419
419377751 17  P 7388 331499 0 6823126
421278761 19  P 7244 344224 0 6854991
421333908 15  P 10435 350307 0 6851517
425308954 4  P 28239 434841 0 6907242
428280606 12  P 16025 386167 0 6967478
428375960 5  P 15922 401599 0 6967971
429944589 6  P 18793 376013 0 6994108
432603134 7  P 13782 377636 0 7042975
433731034 14  P 9681 358129 0 7049133
439639056 2  P 12033 372414 0 7149756
445990134 15  P 11647 373310 0 7255475
446092159 2  P 12462 378802 0 7255480
447573385 9  P 18523 376283 0 7281579
449887796 14  P 10260 371622 0 7313834
450094628 5  P 16469 419179 0 7323808
452492935 8  P 20743 433761 0 7352956
453613175 16  P 14025 377860 0 7386278
455645931 19  P 8576 371761 0 7418060
459412311 13  P 24906 455048 0 7467372
462459216 1  P 22528 432445 0 7524062
464735514 10  P 15103 380955 0 7562646
468024939 7  P 16459 415351 0 7623323
468343184 3  P 11464 394505 0 7622895
468669147 18  P 11671 379423 0 7623392
470346513 17  P 8936 371159 0 7658189
473339834 11  P 14451 415155 0 7708100
475763205 4  P 33095 500836 0 7733840
478076160 12  P 21876 441743 0 7783296
478210133 6  P 22610 422529 0 7784861
485805262 8  P 23844 473662 0 7898727
487907310 10  P 17843 405217 0 7942282
488396706 13  P 25839 485528 0 7942242
489778754 18  P 14359 400830 0 7969243
489932931 11  P 16726 434597 0 7979958
499262770 14  P 14311 415308 0 8122781
501899886 7  P 17341 444445 0 8178320
501910082 16  P 17249 423899 0 8177551
504235161 5  P 20161 476395 0 8210825
504622839 12  P 24297 469591 0 8218223
505130227 1  P 28481 481565 0 8223177
505569581 6  P 25120 449371 0 8233102
508221931 17  P 10630 401097 0 8278726
508669240 2  P 17372 454652 0 8280711
509280662 3  P 11518 426165 0 8293611
517302617 19  P 10250 417907 0 8428224
517365165 15  P 13862 429471 0 8424861
520417169 9  P 22127 447101 0 8475031
521355773 4  P 39961 555278 0 8480809
523774859 7  P 17940 463404 0 8536710
524295284 2  P 19842 473521 0 8536721
525436938 3  P 13101 443946 0 8558312
525882089 6  P 27107 470310 0 8565892
526450390 18  P 17064 436683 0 8570058
528068627 13  P 28713 519651 0 8592211
530099546 19  P 10922 428777 0 8637885
531875826 5  P 21593 500672 0 8663679
532263624 12  P 29245 506211 0 8671077
542896745 1  P 33818 524374 0 8841925
543047912 10  P 21698 453024 0 8845694
544196025 8  P 27877 537782 0 8855392
544215235 4  P 42955 586991 0 8855319
549222519 16  P 20406 486935 0 8952695
550968800 17  P 12647 437419 0 8979081
553057603 9  P 26272 484459 0 9009796
555825331 14  P 17617 463541 0 9049485
557756221 15  P 17076 473793 0 9086607
561387708 11  P 23973 507627 0 9150659
563961575 8  P 29511 558418 0 9179223
565974494 15  P 18022 481059 0 9221256
566138535 12  P 34108 550387 0 9226078
567918969 14  P 18258 472703 0 9247621
568869775 9  P 27101 499496 0 9268859
568951554 2  P 28094 540342 0 9268349
569325403 18  P 18578 473390 0 9272515
578441298 16  P 21719 510634 0 9431407
582771338 19  P 13606 480010 0 9500850
583641562 10  P 23905 486946 0 9510776
584081286 17  P 13769 463453 0 9521589
585262737 11  P 24380 527966 0 9537731
588374749 3  P 14880 498129 0 9589477
590740472 1  P 37131 570501 0 9625781
590996789 13  P 33671 595384 0 9623174
593538272 6  P 34849 557111 0 9674326
593574468 4  P 46047 643673 0 9664012
594618619 7  P 18190 526371 0 9697399
599204002 5  P 24724 576722 0 9766749
604345034 10  P 25372 507677 0 9849972
605920421 2  P 31949 580360 0 9874028
607052130 13  P 34563 613985 0 9886214
608628142 17  P 15126 486990 0 9923758
609146555 19  P 15069 501606 0 9932975
610896431 15  P 19938 535095 0 9957241
611318657 1  P 39340 599644 0 9962924
613935863 12  P 36750 593445 0 10009160
622641008 7  P 21449 560439 0 10156473
622809962 11  P 25496 563747 0 10152883
623876277 5  P 26311 599403 0 10170964
623981985 14  P 22484 523525 0 10166141
625715519 4  P 50277 692405 0 10190591
630138311 18  P 21036 523502 0 10268863
632915311 8  P 37917 655133 0 10308937
633316644 16  P 23124 554610 0 10330463
637906420 3  P 17496 539698 0 10400990
641886420 9  P 35897 595433 0 10465126
643475557 6  P 39512 609055 0 10492469
644251198 5  P 26898 616245 0 10504785
644433523 9  P 35897 597618 0 10506851
647037756 1  P 41617 633746 0 10548132
647662332 19  P 17684 535551 0 10564009
652985679 10  P 28483 548596 0 10646867
654477623 8  P 39817 676209 0 10662208
658356878 11  P 26038 593341 0 10735275
658650422 7  P 26991 601587 0 10746376
658702102 2  P 33919 644608 0 10738772
659075850 18  P 21209 547181 0 10742975
660026938 4  P 52327 724216 0 10752739
663609309 3  P 19465 569815 0 10822098
665413924 6  P 40775 632064 0 10851896
665569127 13  P 44219 711591 0 10844912
669159817 17  P 16529 533558 0 10915496
669662337 15  P 22387 583733 0 10920046
673326456 12  P 38566 656071 0 10982189
673482000 14  P 24381 570211 0 10977126
677410504 16  P 25679 596374 0 11052886
683688709 5  P 28851 649644 0 11150924
686204464 10  P 32335 591404 0 11191103
691842460 6  P 42900 665936 0 11284946
692718561 3  P 22036 595440 0 11299017
693201485 12  P 41493 678451 0 11307820
693247507 14  P 24870 586951 0 11300954
694146116 1  P 49694 690671 0 11319942
698537350 19  P 19620 581337 0 11397545
701559909 11  P 27632 630063 0 11443111
704122683 18  P 21927 583660 0 11481019
705292570 4  P 58406 777337 0 11494343
705344150 8  P 43260 743153 0 11495587
705651891 9  P 40736 657032 0 11509844
711019748 16  P 27878 627876 0 11603531
713631545 13  P 49124 770792 0 11632342
717670749 2  P 38675 749332 0 11704872
719050421 17  P 17948 572263 0 11732894
720119084 7  P 31780 670127 0 11753425
720428010 15  P 24643 624851 0 11751779
723228586 7  P 31840 673130 0 11804369
726329362 5  P 34465 724036 0 11849504
726593557 3  P 24147 622841 0 11854019
728613496 16  P 28247 642657 0 11891780
728735789 10  P 33757 639989 0 11887930
732725299 1  P 54037 734230 0 11952015
733293654 4  P 61371 809156 0 11953101
738378548 17  P 19211 587791 0 12049561
742278951 18  P 24093 616504 0 12106170
743584312 19  P 20359 617230 0 12135590
749834795 13  P 52064 807866 0 12225473
752655222 2  P 40531 787210 0 12278046
753944950 12  P 48078 743560 0 12303028
761131159 15  P 27137 657951 0 12418652
762163696 6  P 44842 724746 0 12437076
762466273 11  P 29568 678209 0 12440994
762602635 8  P 45906 792398 0 12433690
763296484 9  P 44071 710080 0 12454281
763418688 14  P 29823 653179 0 12450622
764825844 18  P 25656 636396 0 12475575
767312283 3  P 26033 654595 0 12521146
769795826 2  P 43185 805962 0 12558870
771632431 6  P 45125 736155 0 12592209
772235161 7  P 36351 727300 0 12607270
775141824 5  P 38400 766541 0 12649236
776015343 10  P 40625 701050 0 12662529
778604998 9  P 46086 724159 0 12705091
785529671 12  P 52301 780981 0 12820494
789412712 13  P 53666 842565 0 12873903
789508858 8  P 46388 813813 0 12874517
789919367 14  P 32342 677052 0 12884804
792122460 11  P 31297 703047 0 12926874
792928294 19  P 21942 656359 0 12944033
792988652 16  P 30944 709577 0 12946470
799615900 1  P 60207 806951 0 13047938
800112972 17  P 20880 636763 0 13061007
801106269 4  P 68177 877622 0 13064128
802709249 15  P 28152 690073 0 13099863
803191358 17  P 21398 640443 0 13111444
803883918 8  P 47984 831622 0 13110030
804490843 13  P 54539 855541 0 13120939
804610657 5  P 41655 794379 0 13132045
804910466 16  P 31503 725568 0 13141795
805028947 18  P 27725 669825 0 13134261
805124803 3  P 27956 685571 0 13140656
806931631 7  P 39510 760262 0 13175726
807725240 6  P 46304 775128 0 13183537
812308177 9  P 49073 763501 0 13257275
818751448 10  P 43626 743866 0 13362714
824981202 4  P 72559 912642 0 13455280
826209621 1  P 63897 837980 0 13483647
827497475 11  P 32645 735854 0 13506451
831115480 19  P 23192 686701 0 13569694
832941983 15  P 30664 722558 0 13595189
834264056 12  P 56531 834726 0 13618953
835513063 14  P 32790 713723 0 13631807
837998831 2  P 49522 900977 0 13676261
843003520 17  P 23303 676570 0 13763724
844826002 11  P 34580 757576 0 13790359
848709309 19  P 24133 701450 0 13857949
853294774 18  P 29589 715331 0 13925045
853656058 3  P 29150 724133 0 13935785
853707344 16  P 36142 769132 0 13941267
855839472 9  P 53070 814731 0 13970459
856116800 6  P 48313 816044 0 13976375
862006525 1  P 67554 874789 0 14070135
863919663 2  P 52110 942873 0 14100938
863946320 8  P 53642 897489 0 14094071
865162504 15  P 33183 750367 0 14123077
867025441 7  P 46297 830750 0 14160259
867199899 4  P 79906 970016 0 14146964
869188894 5  P 45958 874093 0 14190078
870200748 14  P 33881 746665 0 14200102
873826603 12  P 61190 872756 0 14267129
875403601 13  P 57525 916335 0 14282747
877813999 10  P 47415 801264 0 14330373
884321293 8  P 55104 916782 0 14427883
887657681 10  P 48861 817486 0 14491626
888307120 9  P 56510 852535 0 14502407
892594270 17  P 25452 716619 0 14576208
893686412 2  P 56364 986571 0 14588623
895606867 11  P 39767 806042 0 14622344
898386900 4  P 86423 1006871 0 14657913
900153998 1  P 75269 932689 0 14695127
900650885 12  P 65605 910503 0 14706605
901521870 15  P 35244 790912 0 14718754
901926746 13  P 58956 944952 0 14717253
904354082 14  P 35072 774621 0 14759662
905937558 3  P 30709 766896 0 14792358
913084220 19  P 27139 751087 0 14912663
915269806 16  P 39704 828061 0 14949858
917513378 18  P 33198 778736 0 14977198
917978414 7  P 50076 883428 0 14995037
920673152 5  P 52451 936150 0 15033580
922382408 6  P 52429 882414 0 15062054
928095026 5  P 52909 941856 0 15155178
929032662 10  P 55036 868806 0 15169497
930756554 13  P 62264 974641 0 15189583
935787382 15  P 37312 822120 0 15280145
936184666 4  P 88190 1048731 0 15277175
939968640 3  P 33567 804043 0 15349925
941185017 14  P 37867 809091 0 15363088
945044554 18  P 33406 800679 0 15428269
945639894 2  P 59759 1044995 0 15439800
947264100 12  P 67960 952357 0 15470303
947964302 9  P 58294 907909 0 15479823
948585606 6  P 52764 903708 0 15491361
951241296 1  P 78607 1005352 0 15532063
952644759 16  P 41545 856752 0 15562199
953816077 17  P 26929 763012 0 15579259
954619226 7  P 53136 939564 0 15595325
956638042 11  P 41362 857359 0 15622274
956912427 19  P 27492 793340 0 15630733
960181348 8  P 62484 1012790 0 15670745
965658042 7  P 54108 949647 0 15776177
966277366 4  P 90974 1084337 0 15770187
977060598 9  P 60445 938416 0 15956534
977781501 13  P 69158 1034697 0 15960007
978341248 14  P 40687 839235 0 15971845
982296762 3  P 35353 842759 0 16043427
982435232 18  P 36049 833312 0 16040874
984443724 19  P 28426 814772 0 16081800
985805867 10  P 60037 932836 0 16099647
986736197 5  P 58267 1005014 0 16115932
988778712 11  P 42385 881806 0 16148863
989085053 1  P 81835 1045038 0 16152093
993279540 12  P 72171 998826 0 16224211
994019797 16  P 42654 894427 0 16240071
996818821 15  P 43904 895091 0 16280057
996848884 17  P 28681 800238 0 16284301
997866834 6  P 52979 949505 0 16298762
999337599 8  P 66357 1062658 0 16312267
1003436854 2  P 62154 1094848 0 16386731
1004877865 8  P 67266 1069477 0 16403037
1005029892 12  P 73095 1008115 0 16416719
1005506887 13  P 72875 1067287 0 16414252
1006904591 1  P 82755 1083824 0 16444038
1008247136 4  P 97162 1139070 0 16457805
1019301902 19  P 29532 843073 0 16652915
1020984514 3  P 35949 874258 0 16677281
1023323661 9  P 63171 976763 0 16714500
1024615472 15  P 46121 919826 0 16735464
1025994432 7  P 58681 1017970 0 16764672
1028794555 18  P 38448 869784 0 16800423
1029829640 10  P 62200 970851 0 16820923
1030582449 16  P 46252 934653 0 16839067
1038733715 2  P 64646 1129409 0 16965024
1039628530 17  P 33231 843526 0 16985191
1040294294 11  P 43988 921485 0 16992888
1040460661 6  P 56622 994923 0 16996608
1041064174 5  P 61945 1069679 0 17006034
1041825567 14  P 46105 903870 0 17011950
1044966201 14  P 46173 909038 0 17063402
1053397163 2  P 65958 1143210 0 17205260
1056382264 1  P 87227 1138916 0 17254666
1061741359 13  P 75805 1119806 0 17335584
1062144912 16  P 47259 966766 0 17356175
1062841170 11  P 45634 941271 0 17362295
1064336355 6  P 57077 1027974 0 17387702
1064780097 12  P 78030 1068771 0 17395638
1065798684 10  P 64079 1007437 0 17410214
1066486019 5  P 63801 1093347 0 17422529
1068261572 9  P 64117 1014819 0 17450738
1068900738 7  P 63411 1067725 0 17467629
1069452921 3  P 36115 913478 0 17471390
1071540595 8  P 75063 1150305 0 17495217
1073019184 17  P 33950 870337 0 17532260
1074209251 19  P 33116 890667 0 17552510
1075404084 4  P 107016 1226005 0 17558060
1077709241 15  P 47743 961463 0 17605341
1080669700 18  P 42245 921219 0 17650342
1085156055 3  P 36980 927631 0 17728667
1089517397 10  P 65046 1027441 0 17798810
1090472614 17  P 34046 885650 0 17818211
1090631128 19  P 33415 903588 0 17821563
1091365507 15  P 47951 973096 0 17829079
1092414158 6  P 58463 1052672 0 17847732
1093814304 5  P 66733 1145316 0 17870213
1098061798 2  P 69409 1195439 0 17937025
1099077564 13  P 79584 1165057 0 17947284
1100963404 14  P 52406 963798 0 17980847
1103681359 8  P 78794 1204111 0 18021792
1104858234 12  P 81634 1111940 0 18052265
1105785963 16  P 49433 1002851 0 18071168
1107169289 11  P 45909 977160 0 18088566
1108307131 7  P 69652 1114562 0 18113252
1108529189 18  P 43905 946457 0 18106788
1108850731 1  P 94134 1204265 0 18114303
1114310105 4  P 111434 1268726 0 18195483
1118792989 9  P 66679 1059604 0 18278634
1124101595 6  P 59107 1077760 0 18366893
1125607088 4  P 112127 1279115 0 18380569
1127553445 15  P 49125 1002633 0 18421959
1128091443 18  P 45315 962803 0 18427296
1130056209 8  P 80696 1228265 0 18453914
1134011649 9  P 67658 1073246 0 18527976
1134876617 5  P 71376 1200239 0 18542961
1136441996 16  P 51826 1029626 0 18573427
1136702413 2  P 70959 1230223 0 18570092
1139107224 11  P 46282 1009323 0 18611824
1145210069 13  P 82115 1208076 0 18703092
1148044778 14  P 56397 1012924 0 18752196
1152581686 17  P 39594 946771 0 18835791
1154069444 1  P 96912 1247689 0 18855161
1154791447 7  P 72277 1163026 0 18874846
1154889514 12  P 85544 1164276 0 18871937
1155046694 3  P 37742 986251 0 18873753
1160412399 19  P 39045 962898 0 18964845
1161875853 10  P 71536 1098527 0 18984313
1165595368 8  P 85492 1272151 0 19036171
1166789080 6  P 60203 1112077 0 19066279
1167372804 11  P 47035 1032402 0 19074926
1171303046 19  P 39519 970826 0 19143270
1174116252 15  P 51592 1043702 0 19184813
1177272474 13  P 82510 1232297 0 19228399
1179659850 17  P 40805 968317 0 19279438
1180404275 14  P 58563 1043512 0 19282356
1187645161 16  P 55530 1076546 0 19412311
1187935201 4  P 118191 1344014 0 19401732
1188451997 12  P 89390 1196019 0 19421815
1189198500 9  P 72157 1132343 0 19432139
1189373291 18  P 51602 1022399 0 19431314
1190749287 2  P 74711 1293724 0 19455581
1194015872 3  P 37935 1019453 0 19512216
1194829930 5  P 76980 1260258 0 19525207
1198646765 1  P 103543 1312751 0 19585485
1201939349 10  P 73267 1139151 0 19640708
1202244542 7  P 76381 1214344 0 19652304
1206397208 19  P 41303 1001681 0 19718239
1206757354 1  P 104343 1321044 0 19718368
1208747824 11  P 48795 1076435 0 19752805
1208808460 9  P 72871 1148386 0 19753417
1209181205 8  P 89113 1315052 0 19750264
1210723300 16  P 55609 1094645 0 19790415
1214445498 6  P 61510 1163378 0 19847074
1215247679 4  P 122000 1378825 0 19849211
1219857425 14  P 61682 1083500 0 19928721
1220097358 17  P 42189 999450 0 19941960
1222671148 2  P 76724 1329887 0 19978572
1228069163 15  P 53280 1089251 0 20068769
1228470491 5  P 78266 1290681 0 20076366
1229647473 13  P 86607 1305646 0 20086482
1229734644 3  P 38150 1048618 0 20097432
1233314679 10  P 75483 1169392 0 20154748
1235562978 7  P 79722 1255982 0 20198184
1239326239 18  P 53924 1060653 0 20249739
1242155153 12  P 93294 1244568 0 20301674
1244779329 18  P 54457 1065046 0 20339079
1248707134 17  P 43371 1021715 0 20410694
1249243729 8  P 91951 1370785 0 20406636
1249301539 16  P 58071 1129540 0 20422463
1250226108 1  P 109817 1369955 0 20430556
1251469018 3  P 38378 1067613 0 20453525
1255678772 15  P 54819 1118927 0 20521088
1260310401 14  P 63783 1116087 0 20591492
1265855591 9  P 79298 1216317 0 20688054
1266576932 12  P 94356 1267198 0 20701797
1266876802 10  P 77827 1198230 0 20704629
1267182092 7  P 83632 1294406 0 20716225
1267888641 11  P 51644 1150035 0 20721750
1268006509 19  P 44021 1048738 0 20727639
1271835988 6  P 64387 1217158 0 20787350
1274178844 13  P 88572 1356070 0 20816075
1281794651 4  P 131420 1464225 0 20939491
1282102012 5  P 81694 1341622 0 20955052
1283046325 2  P 81272 1397618 0 20967746
1285053357 15  P 56590 1143267 0 21002358
1288013701 18  P 56441 1099328 0 21047427
1294076005 4  P 133878 1484583 0 21140701
1294444967 1  P 115232 1424089 0 21155005
1298295700 12  P 97074 1297103 0 21221466
1304716688 11  P 53899 1190000 0 21325133
1305390828 3  P 39050 1111600 0 21336990
1305881507 19  P 46940 1079486 0 21348175
1305946772 8  P 97024 1427403 0 21335648
1306341719 14  P 66236 1157636 0 21345650
1306819369 13  P 89874 1382480 0 21350850
1307322718 7  P 86317 1342927 0 21373879
1308439218 5  P 83624 1364798 0 21386557
1310054723 6  P 66411 1252433 0 21413521
1312719179 10  P 81570 1240693 0 21455684
1314277439 9  P 83950 1292427 0 21481364
1320300871 17  P 46891 1079142 0 21583674
1322467981 2  P 82912 1441721 0 21613623
1322910932 16  P 61710 1199463 0 21628440
1324342990 2  P 82985 1453095 0 21644339
1324435303 6  P 68202 1270279 0 21649128
1331148000 1  P 120092 1464534 0 21756342
1333209666 19  P 48674 1101023 0 21795913
1334475326 15  P 60089 1190269 0 21812059
1334635215 7  P 88206 1366327 0 21821357
1336719610 17  P 49057 1096107 0 21852672
1338060473 14  P 67222 1182495 0 21865321
1338681144 8  P 97933 1452573 0 21871954
1338798622 5  P 86087 1401556 0 21883964
1343779492 18  P 60083 1147733 0 21961088
1345792483 11  P 58904 1233148 0 21998104
1347249176 12  P 101021 1346669 0 22023488
1351895235 16  P 62796 1227125 0 22103298
1353578710 3  P 42303 1162905 0 22126489
1356694529 13  P 95680 1456667 0 22167930
1358814352 10  P 84576 1305087 0 22210885
1362480806 9  P 89957 1350659 0 22271112
1363981026 4  P 144047 1589248 0 22286007
1364997902 11  P 60090 1258476 0 22312757
1367545035 18  P 62639 1174935 0 22350459
1373091510 4  P 145280 1598698 0 22435271
1376379007 17  P 49987 1130738 0 22502447
1376954990 5  P 93515 1457562 0 22509108
1379910429 10  P 85051 1328543 0 22556521
1380062857 3  P 44788 1194788 0 22560406
1380213260 7  P 90649 1423843 0 22568078
1383225437 15  P 64505 1250357 0 22610761
1384186767 2  P 83032 1501966 0 22624814
1386353632 8  P 101631 1510273 0 22652998
1387013493 14  P 69766 1222730 0 22667349
1387741033 19  P 55030 1155171 0 22689342
1388226107 6  P 73148 1344955 0 22694264
1391442232 16  P 63941 1259126 0 22751224
1396006957 13  P 99958 1505239 0 22811987
1396983538 12  P 104254 1391814 0 22838323
1398757718 1  P 127953 1544904 0 22864050
1400449268 9  P 92635 1398074 0 22893179
1403138517 11  P 64925 1308347 0 22937644
1407253925 17  P 51809 1153887 0 23008297
1410483645 2  P 83163 1523757 0 23055661
1412657642 3  P 48898 1232104 0 23094436
1413900714 7  P 91016 1454251 0 23120002
1418167974 9  P 94275 1414712 0 23183480
1422186578 12  P 105682 1416155 0 23251242
1422317237 16  P 66140 1289197 0 23257067
1422388869 14  P 70487 1251648 0 23246931
1426334692 19  P 56946 1187176 0 23321647
1433569030 15  P 68519 1294153 0 23435567
1438539293 8  P 104887 1564420 0 23507982
1439866800 13  P 104744 1549401 0 23530553
1440423802 10  P 90349 1395038 0 23547948
1440920400 5  P 105306 1551651 0 23557063
1441460486 1  P 132652 1592760 0 23563693
1441773479 6  P 75290 1396816 0 23571578
1442076274 18  P 66123 1233298 0 23571567
1444136728 4  P 153087 1675394 0 23599261
1445885067 8  P 105449 1576626 0 23628332
1446810180 4  P 153087 1677638 0 23643062
1449841711 14  P 71597 1275833 0 23696717
1454670963 12  P 109220 1452983 0 23783458
1456171167 2  P 83308 1559679 0 23804200
1462297432 7  P 92786 1496042 0 23912926
1463078402 3  P 53970 1299344 0 23920524
1463100271 19  P 60416 1219668 0 23924002
1463414131 6  P 75351 1418045 0 23926135
1465724434 16  P 71383 1334230 0 23968238
1467053452 15  P 68657 1319954 0 23984168
1467919933 11  P 68467 1369797 0 23999002
1472646477 1  P 136617 1638455 0 24074636
1477908196 10  P 93268 1435954 0 24162078
1480527760 9  P 104844 1490095 0 24205151
1481132389 13  P 106479 1585507 0 24206629
1481222723 17  P 55426 1212194 0 24220188
1481716882 18  P 67613 1264435 0 24221035
1482517811 5  P 110763 1604737 0 24238584
1483648472 6  P 75644 1434360 0 24257651
1484802493 11  P 69718 1383004 0 24275598
1485194847 1  P 137745 1652546 0 24280227
1485486572 10  P 93647 1443026 0 24286235
1488697695 7  P 95635 1522581 0 24345465
1489003943 17  P 55755 1220279 0 24347673
1489357537 18  P 67912 1271213 0 24346219
1490494102 8  P 108357 1624353 0 24359183
1491591397 4  P 158734 1732252 0 24376747
1493507421 13  P 107292 1595714 0 24409378
1495730948 9  P 107745 1512398 0 24454240
1499545977 12  P 113123 1493347 0 24518684
1506756539 15  P 70101 1351495 0 24634650
1517473284 16  P 77235 1390155 0 24816063
1518359700 3  P 59120 1367940 0 24826245
1518569077 19  P 61339 1275514 0 24832795
1519408292 5  P 117814 1660706 0 24842980
1519589699 14  P 74196 1339344 0 24839439
1519655583 2  P 83460 1609210 0 24844311
1534925818 17  P 58211 1259007 0 25100050
1538201275 18  P 70326 1313347 0 25146468
1540783860 5  P 120916 1685585 0 25193193
1542422197 3  P 61778 1394901 0 25220483
1543184002 9  P 111357 1556292 0 25231706
1544997780 4  P 165857 1798977 0 25251728
1546244225 8  P 115817 1697503 0 25272573
1547194066 15  P 71004 1386670 0 25297169
1547968030 12  P 120500 1553917 0 25311993
1551919782 11  P 72678 1439691 0 25375235
1553138927 14  P 78331 1375846 0 25389094
1553523595 6  P 80701 1503646 0 25402478
1555999356 2  P 84041 1639779 0 25439767
1558010542 7  P 100895 1597493 0 25481052
1559142954 10  P 102342 1531598 0 25492996
1559785876 16  P 78394 1425823 0 25509301
1560255598 1  P 146599 1763288 0 25509998
1561240916 19  P 61857 1310189 0 25531928
1562780088 13  P 114580 1664116 0 25544316
1564088681 7  P 101067 1602569 0 25580634
1564850313 19  P 62375 1314122 0 25591063
1571168354 9  P 112804 1579400 0 25690193
1577460542 13  P 116533 1678218 0 25784833
1577624222 12  P 124439 1585788 0 25797870
1578257367 1  P 148785 1782954 0 25804938
1580314599 5  P 123685 1734608 0 25840854
1584560353 11  P 73228 1465094 0 25910016
1586107536 18  P 71351 1351265 0 25931358
1587567419 16  P 79887 1453830 0 25964432
1588546177 2  P 84769 1667066 0 25973010
1589372884 14  P 82405 1423786 0 25982746
1590811086 4  P 170669 1848560 0 26002312
1591766032 3  P 65208 1446361 0 26028929
1591971052 10  P 105132 1567968 0 26030843
1591975426 15  P 74845 1437995 0 26030839
1594754010 17  P 60178 1305878 0 26080270
1598306700 8  P 122550 1762399 0 26125553
1601632943 6  P 83173 1554422 0 26190692
1605267832 10  P 105378 1577996 0 26248693
1607520514 15  P 75619 1451063 0 26285524
1609232041 4  P 172328 1868567 0 26304125
1614874256 2  P 85115 1688877 0 26404366
1616279108 11  P 74329 1491441 0 26429689
1617185634 18  P 72259 1375360 0 26440540
1621294784 14  P 83951 1451953 0 26505742
1621566456 17  P 61921 1327794 0 26519560
1621725359 19  P 65851 1360840 0 26522895
1622299384 5  P 129532 1793166 0 26528707
1624272980 13  P 120694 1724724 0 26551785
1624439184 12  P 126517 1628530 0 26564863
1628226612 6  P 83360 1580372 0 26626397
1637801447 16  P 82762 1493205 0 26787464
1638463796 7  P 109493 1687955 0 26799178
1639703376 3  P 71992 1507791 0 26814326
1640509893 8  P 127905 1810778 0 26817000
1642605258 9  P 119475 1669548 0 26860562
1643772989 1  P 156340 1876072 0 26878335
1645746473 9  P 119678 1672432 0 26912027
1649216829 18  P 73627 1400926 0 26965332
1650897205 19  P 68473 1385838 0 27000843
1654685950 12  P 129195 1656045 0 27060416
1656362543 4  P 177728 1926152 0 27076297
1658035224 17  P 63401 1360596 0 27117059
1659259752 8  P 129106 1829130 0 27124186
1660826021 14  P 87437 1497327 0 27153409
1660960590 13  P 123737 1786415 0 27152836
1665123927 1  P 159546 1900894 0 27228141
1665740866 15  P 80048 1510416 0 27239381
1665841655 11  P 80978 1540441 0 27241711
1666073044 7  P 113332 1716833 0 27251519
1668921126 2  P 87657 1741281 0 27289853
1668973511 16  P 84153 1536534 0 27298177
1669049009 10  P 108572 1644724 0 27293672
1669054699 6  P 84467 1614752 0 27295317
1669437733 3  P 72797 1542744 0 27301483
1674205385 5  P 141313 1881852 0 27379113
1687652744 9  P 122147 1723610 0 27598607
1691127181 5  P 143992 1900992 0 27656358
1691358515 12  P 133255 1699270 0 27661231
1695303620 15  P 82287 1537334 0 27723718
1696350343 19  P 70631 1422351 0 27745542
1696791770 7  P 114273 1743104 0 27754809
1696872886 14  P 88528 1524025 0 27743987
1699912325 13  P 125625 1816490 0 27791003
1702253994 17  P 67648 1397503 0 27841527
1704087958 8  P 132573 1878462 0 27858640
1706444863 1  P 164468 1946220 0 27905135
1708917542 3  P 76614 1583753 0 27948313
1709749307 2  P 89680 1783177 0 27958774
1710551562 16  P 88441 1572400 0 27979372
1710935627 18  P 78479 1455120 0 27976522
1711106974 4  P 178834 1972064 0 27973225
1715060551 11  P 86032 1596335 0 28048096
1719392861 10  P 110038 1689011 0 28118500
1720601614 6  P 85033 1662250 0 28139851
1725785178 17  P 69001 1421450 0 28227055
1726402625 9  P 126720 1767176 0 28233452
1727572244 8  P 134122 1903096 0 28243393
1729225380 19  P 72141 1450221 0 28284159
1729585513 13  P 127440 1845770 0 28277158
1729799006 10  P 110966 1697799 0 28288992
1732663599 1  P 168335 1977717 0 28334696
1737757809 6  P 85226 1680191 0 28420934
1738029129 11  P 88129 1617913 0 28424412
1740561919 2  P 92404 1828957 0 28463587
1743698152 7  P 119247 1807766 0 28523314
1749234619 3  P 78121 1619196 0 28608867
1757225511 15  P 88162 1595044 0 28738226
1758470837 5  P 145805 1959520 0 28759713
1760700114 16  P 92783 1618357 0 28800984
1761388490 14  P 89281 1572472 0 28800983
1761544473 4  P 184038 2025917 0 28799584
1762920026 18  P 80928 1499758 0 28828230
1762968035 12  P 142317 1789048 0 28834458
1768222711 17  P 69937 1455854 0 28922345
1768658529 10  P 112590 1729174 0 28925659
1770116726 1  P 173324 2022547 0 28948323
1770475429 7  P 121629 1839391 0 28962023
1776051520 16  P 93868 1629148 0 29052496
1779867205 6  P 86213 1716680 0 29110846
1780772187 19  P 73748 1492579 0 29128694
1785921092 12  P 144049 1811224 0 29210509
1786872681 4  P 185905 2047565 0 29214667
1787335412 13  P 130441 1891077 0 29223308
1787685455 11  P 92592 1659939 0 29237970
1787779187 14  P 92074 1593176 0 29233361
1788134840 8  P 137222 1964843 0 29235640
1788685702 18  P 84122 1522387 0 29250374
1789996850 9  P 133235 1834728 0 29275352
1793390861 3  P 79293 1668452 0 29332319
1795014996 2  P 97927 1907413 0 29355676
1798830325 5  P 148100 2002867 0 29420956
1801631510 15  P 92287 1639049 0 29465761
1804294814 11  P 94653 1678442 0 29510096
1806473316 16  P 94779 1653767 0 29550913
1807132917 6  P 87319 1739366 0 29557562
1807998619 12  P 145411 1831327 0 29572221
1808814551 5  P 149260 2012340 0 29584535
1808855891 9  P 134748 1851901 0 29584341
1809236571 10  P 114059 1767038 0 29590475
1811679255 1  P 177116 2070747 0 29629266
1812297227 3  P 82093 1697416 0 29642078
1818588624 7  P 125322 1892406 0 29750298
1822577517 2  P 99960 1935803 0 29807249
1825944173 15  P 93533 1660869 0 29864089
1828169882 14  P 93355 1622396 0 29895101
1829941663 17  P 72572 1501990 0 29933531
1830988769 13  P 133117 1929812 0 29938489
1835247989 4  P 188163 2092534 0 30007237
1835509855 8  P 143546 2013096 0 30011819
1837662891 19  P 76716 1533782 0 30060780
1843826279 18  P 87600 1566659 0 30153789
1848841746 11  P 99873 1730073 0 30239943
1849616743 13  P 135090 1945673 0 30243679
1852467966 12  P 149626 1873701 0 30300782
1854291049 8  P 146165 2038120 0 30319521
1855892683 5  P 149313 2053506 0 30355854
1855952832 2  P 103345 1976711 0 30354045
1856663065 15  P 94679 1685579 0 30367379
1860669982 18  P 87772 1580393 0 30429757
1862970960 10  P 115230 1811397 0 30470850
1863732386 14  P 96471 1721268 0 30477740
1865679966 6  P 93002 1806980 0 30516777
1868147987 1  P 183200 2155213 0 30554407
1875121436 9  P 141207 1931515 0 30669989
1876001146 3  P 86554 1773470 0 30685787
1876881587 19  P 78084 1564361 0 30703337
1877410271 17  P 74788 1545641 0 30711252
1877963781 7  P 132033 1973177 0 30723085
1879270355 16  P 96291 1713559 0 30743596
1885403874 4  P 188784 2133115 0 30828991
1887611529 10  P 115878 1831605 0 30874557
1887658315 5  P 149526 2079804 0 30876294
1892280455 12  P 151704 1907383 0 30953064
1893013224 4  P 189017 2139082 0 30953594
1894929222 1  P 188098 2188633 0 30993178
1896326033 14  P 97459 1747999 0 31011744
1898772870 13  P 138806 1989168 0 31049031
1899745042 7  P 135353 2010516 0 31079938
1901998339 11  P 105139 1792869 0 31176312
1903834816 15  P 97801 1729538 0 31140231
1907973335 16  P 97732 1742719 0 31213855
1908480919 9  P 142672 1962263 0 31216530
1910154332 18  P 88375 1619614 0 31240506
1912515329 2  P 109690 2046984 0 31280716
1914289182 6  P 96418 1854376 0 31313184
1917629023 17  P 76783 1577745 0 31370194
1918897329 19  P 79550 1597079 0 31391708
1919087833 8  P 154075 2130131 0 31381139
1922562893 3  P 89804 1840437 0 31448653
1926020196 16  P 98418 1757103 0 31509526
1926103541 8  P 155042 2137589 0 31496080
1926154132 14  P 98224 1772324 0 31500440
1928355874 9  P 143458 1980623 0 31542154
1929798942 5  P 151311 2119126 0 31566719
1930531573 3  P 90448 1853698 0 31579209
1932632949 6  P 97764 1872357 0 31613725
1935997617 4  P 189349 2173825 0 31657834
1937694207 19  P 80166 1623675 0 31699677
1938687209 2  P 114164 2085827 0 31709492
1939092959 12  P 154861 1945575 0 31720034
1940375449 7  P 140806 2067228 0 31742639
1941080290 10  P 115905 1872327 0 31750577
1943679346 13  P 142385 2042446 0 31784726
1946592291 18  P 88787 1649602 0 31837497
1946866443 15  P 100678 1780770 0 31845235
1953504043 17  P 77796 1605621 0 31957965
1956466996 11  P 106463 1835066 0 32068712
1963772954 1  P 198450 2288070 0 32121039
1966444998 5  P 154860 2159218 0 32167116
1966916868 7  P 143062 2093479 0 32177483
1967627225 10  P 117475 1894096 0 32185518
1970529628 11  P 108046 1849685 0 32299110
1970919442 4  P 190665 2204006 0 32229988
1972163316 15  P 103670 1807821 0 32259687
1975039109 6  P 98905 1904551 0 32308491
1976859680 3  P 95602 1908087 0 32338238
1980559060 8  P 157289 2191656 0 32388264
1980671675 2  P 117484 2145255 0 32397287
1981388823 18  P 90624 1677480 0 32407607
1981888705 1  P 199462 2313524 0 32417836
1983804221 13  P 148109 2086854 0 32442101
1983999217 12  P 156560 1979434 0 32455765
1985402738 9  P 148998 2060208 0 32476773
1985600268 19  P 82940 1663326 0 32484558
1999830684 16  P 103268 1825354 0 32718795
2000123298 14  P 100753 1830243 0 32712327
2001379010 17  P 79531 1644020 0 32742341
2004986387 5  P 160012 2204903 0 32798570
2010635804 7  P 146945 2135999 0 32893763
2012656966 3  P 100256 1950463 0 32924729
2013037835 19  P 83995 1689596 0 32934088
2016158435 10  P 118359 1934435 0 32980647
2025311728 12  P 161416 2018018 0 33132617
2026660250 17  P 80612 1663473 0 33156544
2026951232 18  P 92773 1715672 0 33154095
2027350251 13  P 152386 2142014 0 33155540
2028420242 14  P 101492 1852270 0 33175936
2028861678 16  P 105861 1854051 0 33194421
2030418465 9  P 153151 2109049 0 33214277
2031060060 4  P 192154 2255019 0 33215329
2032866957 1  P 202921 2370786 0 33253053
2037228469 8  P 164422 2254176 0 33316724
2038023505 6  P 99572 1953896 0 33340414
2039803859 15  P 108298 1864145 0 33367888
2040060822 11  P 114011 1913798 0 33438290
2041046631 2  P 119903 2203482 0 33386372
2047725859 15  P 108773 1870025 0 33497676
2048326319 18  P 94672 1737931 0 33504302
2048595957 10  P 118947 1959983 0 33577630
2049350689 19  P 86410 1719474 0 33529023
2049630084 16  P 107388 1872198 0 33534682
2050448425 7  P 150828 2180935 0 33546042
2051210548 1  P 203977 2389292 0 33549495
2054377120 5  P 162782 2254437 0 33607761
2060715264 9  P 159257 2152586 0 33710655
2065007362 13  P 157547 2188657 0 33772502
2070717181 14  P 103662 1899181 0 33868882
2071969547 3  P 110665 2024137 0 33896487
2072218544 2  P 122034 2232931 0 33897086
2072462998 8  P 169215 2298159 0 33893994
2080144650 17  P 82712 1704177 0 34032823
2080461578 6  P 100155 2002180 0 34035709
2080794530 4  P 194668 2310662 0 34030158
2081201444 11  P 116190 1950456 0 34112328
2082159108 12  P 166975 2074969 0 34063987
2087607529 18  P 97975 1775265 0 34147881
2088694418 15  P 110652 1903094 0 34168891
2096513928 11  P 116899 1962752 0 34363204
2098062163 2  P 122629 2255579 0 34320505
2098333241 16  P 109753 1915924 0 34332627
2100488462 17  P 83708 1719150 0 34366127
2102728590 8  P 172915 2331442 0 34389861
2103170299 14  P 105826 1938195 0 34400582
2103225278 19  P 88743 1761005 0 34411701
2104338604 7  P 156173 2253478 0 34428975
2106533349 5  P 163618 2298957 0 34462285
2107017794 10  P 119810 2008616 0 34534805
2107311988 3  P 116567 2067860 0 34475531
2108476134 13  P 160585 2250291 0 34484688
2110106993 4  P 195844 2333519 0 34510405
2112936805 12  P 169068 2120102 0 34568238
2113898872 6  P 101809 2029871 0 34583545
2116277682 9  P 161401 2214512 0 34620959
2122757372 1  P 211347 2477454 0 34721685
2125303810 15  P 111696 1932022 0 34768688
2127556635 8  P 176016 2362719 0 34796643
2128741724 1  P 211544 2482762 0 34819732
2129441440 17  P 83789 1741609 0 34840489
2131404505 14  P 107997 1964910 0 34863165
2131480769 9  P 163760 2231784 0 34870033
2134185070 4  P 196711 2353171 0 34904896
2135073153 7  P 158817 2281744 0 34932521
2135670464 18  P 101748 1817446 0 34935332
2139092170 11  P 120845 2005177 0 35060794
2142671549 2  P 123202 2293645 0 35051383
2143249278 12  P 170118 2152417 0 35064866
2145377189 10  P 119948 2042419 0 35163282
2146367998 3  P 119580 2110983 0 35115415
2147207340 16  P 113243 1975621 0 35133363
2150080303 5  P 165901 2339912 0 35175755
2150788731 13  P 164081 2289624 0 35177921
2157866326 19  P 89301 1803457 0 35306925
2163570767 6  P 102236 2071113 0 35397364
2171952391 12  P 173118 2184572 0 35535130
2173699592 9  P 166524 2272951 0 35561732
2179814773 5  P 168794 2377591 0 35662919
2180045416 18  P 102818 1853329 0 35662366
2180107642 14  P 109706 2007715 0 35661104
2182123415 11  P 124660 2045922 0 35765810
2182194871 1  P 215860 2599764 0 35695494
2184968453 2  P 123648 2328850 0 35744372
2186676905 16  P 115918 2009823 0 35780023
2186804464 13  P 166354 2321966 0 35767996
2189872603 4  P 197849 2398788 0 35817275
2192350708 15  P 113599 1987798 0 35867168
2194392941 10  P 124491 2108791 0 35966329
2194944071 19  P 89488 1833076 0 35914407
2194992889 6  P 105312 2106279 0 35912182
2195759814 8  P 180301 2424755 0 35914060
2198463792 7  P 164178 2354429 0 35971088
2199863356 17  P 84772 1796753 0 35994273
2203907403 3  P 128571 2186823 0 36058119
2205166922 6  P 106054 2117684 0 36078870
2211200711 4  P 198416 2415398 0 36166705
2213244098 8  P 181937 2447642 0 36200515
2219105791 9  P 168690 2309985 0 36305655
2221142960 10  P 126577 2141704 0 36404595
2221563155 3  P 130540 2211974 0 36347390
2223546548 2  P 123952 2361234 0 36376431
2225295130 14  P 110276 2044292 0 36401446
2225685832 11  P 128433 2092047 0 36479528
2226050810 17  P 85358 1817678 0 36423327
2226732963 18  P 103382 1895031 0 36427291
2227881541 19  P 90146 1858753 0 36454049
2230810685 12  P 180149 2243346 0 36499429
2235739460 16  P 119909 2054027 0 36583842
2239792128 7  P 165402 2390701 0 36648199
2240407274 5  P 179135 2463417 0 36655631
2242648033 13  P 169655 2378629 0 36682923
2243350729 15  P 115809 2027288 0 36702741
2244663616 1  P 222336 2667232 0 36718949
2249928419 19  P 90814 1878374 0 36815263
2251132353 13  P 170089 2385062 0 36821928
2252965143 9  P 170376 2337526 0 36860399
2253697267 8  P 186220 2504160 0 36863246
2254046062 12  P 181289 2267553 0 36880114
2255248568 18  P 104618 1918186 0 36894486
2257039546 6  P 108666 2165180 0 36928736
2257482731 14  P 111793 2073994 0 36928799
2261860000 3  P 135635 2266292 0 37007606
2262160207 17  P 87210 1848279 0 37014934
2264279611 11  P 130767 2125048 0 37111843
2264679237 1  P 225046 2694211 0 37046876
2264817623 16  P 121768 2080943 0 37060252
2268236539 10  P 128365 2182107 0 37176171
2272216318 4  P 201849 2471503 0 37166381
2274085223 15  P 116435 2050468 0 37206289
2274484041 2  P 124272 2401249 0 37210986
2276752157 5  P 182688 2504585 0 37251090
2282573166 7  P 166871 2427793 0 37349118
2285373341 11  P 132416 2145246 0 37457436
2288723692 16  P 123864 2102169 0 37451917
2291522989 1  P 227198 2721360 0 37486673
2297063130 3  P 139852 2309232 0 37584372
2299482981 18  P 106926 1957178 0 37619220
2305772554 15  P 117065 2074768 0 37725443
2307972766 17  P 89898 1886905 0 37765513
2309418696 9  P 173658 2412003 0 37785303
2309523907 6  P 110244 2206921 0 37788629
2311104443 7  P 170096 2458703 0 37816566
2313171257 12  P 187226 2332485 0 37848779
2313924073 10  P 129129 2218805 0 37924710
2313931742 8  P 192721 2580460 0 37850105
2316220970 5  P 186746 2547422 0 37897724
2319967177 14  P 113951 2131131 0 37952528
2320403863 4  P 201910 2510233 0 37955883
2320585858 13  P 172356 2445144 0 37959838
2320694063 19  P 94070 1940252 0 37974675
2322577832 2  P 124476 2452917 0 37998942
2326707098 17  P 90694 1902109 0 38072452
2334979361 7  P 171801 2482206 0 38207728
2335982712 11  P 133938 2187686 0 38286613
2337718416 2  P 124951 2465700 0 38247001
2344018040 10  P 130025 2243689 0 38417764
2344517566 5  P 190300 2581826 0 38361327
2344882400 13  P 173818 2465122 0 38357912
2346380018 16  P 125857 2147308 0 38396540
2346680166 6  P 110727 2244076 0 38397383
2347672596 3  P 146390 2378063 0 38413543
2348013256 4  P 201970 2533084 0 38408233
2348074643 9  P 175469 2448601 0 38418620
2349900391 8  P 197118 2629360 0 38439398
2350061030 18  P 109324 1998997 0 38447885
2352843044 12  P 191180 2376970 0 38498750
2357631588 19  P 95136 1969356 0 38579855
2359420247 14  P 116629 2169159 0 38598918
2359756936 15  P 118371 2117434 0 38609921
2366616762 1  P 237382 2806626 0 38716970
2369082138 17  P 92778 1935388 0 38766719
2370936010 18  P 110428 2015237 0 38789899
2371405928 2  P 126479 2505778 0 38798928
2372647173 19  P 95337 1981364 0 38825864
2375189683 5  P 196367 2623497 0 38863842
2379267889 10  P 132013 2282870 0 38995245
2381895770 16  P 128248 2180726 0 38978411
2382789577 6  P 112460 2274593 0 38988987
2383227146 13  P 177562 2499056 0 38986135
2383558901 12  P 195173 2407373 0 39001984
2389779656 11  P 138788 2250899 0 39168010
2390795268 14  P 116832 2194087 0 39112952
2394147580 15  P 120770 2146014 0 39173364
2395681665 8  P 202487 2688786 0 39189460
2396766522 3  P 151512 2440323 0 39217893
2397496521 9  P 177946 2497542 0 39228340
2399372167 1  P 240577 2840383 0 39253629
