246903128 18  P 4714 196604 0 3990001
249102558 7  P 3102 196493 0 4036584
249452083 3  P 2684 197793 0 4036602
249623001 2  P 3003 198748 0 4036592
249999458 5  P 4494 201500 0 4045533
254911509 15  P 2927 201042 0 4124907
255246951 14  P 3098 199952 0 4124908
255583379 19  P 3754 202637 0 4140262
255716216 12  P 4216 205907 0 4140262
256119688 9  P 7302 199845 0 4144878
258568214 1  P 3396 208086 0 4183542
259594290 10  P 6791 202824 0 4201685
260990107 13  P 5372 220231 0 4216538
261211095 8  P 8460 223352 0 4219098
261870948 4  P 5349 213094 0 4229612
261934142 11  P 5352 205573 0 4244464
261987062 17  P 4380 207274 0 4244456
262116014 6  P 3795 210265 0 4244455
262581395 16  P 5456 205515 0 4256488
275697870 9  P 8667 218059 0 4465633
276608343 3  P 4251 223168 0 4481528
276677150 15  P 3851 220658 0 4481511
279520893 19  P 5055 223934 0 4532450
279565238 17  P 5515 223240 0 4532456
279719246 5  P 8274 234101 0 4532450
290607390 2  P 3131 232120 0 4708078
292105946 11  P 6625 229096 0 4738789
292496382 1  P 6772 242498 0 4739416
292524458 7  P 5353 235872 0 4747998
292606258 18  P 5760 234499 0 4738802
292850358 6  P 4369 240703 0 4748000
293278187 14  P 4962 255769 0 4747986
293303772 13  P 8459 255942 0 4745943
293512010 4  P 10461 255609 0 4748001
302641226 10  P 7410 234848 0 4906958
302643951 16  P 6936 237530 0 4912861
302684930 12  P 7294 244139 0 4909789
303913718 8  P 13211 282281 0 4918689
308284745 12  P 8464 250972 0 5001536
309368207 7  P 5484 249505 0 5023963
309717738 3  P 5223 251986 0 5023991
309786496 15  P 4151 252536 0 5023967
312081469 16  P 8176 245826 0 5067483
313789764 8  P 14795 293596 0 5080492
315951115 2  P 3219 252190 0 5123307
316068170 1  P 9487 276698 0 5125617
316531812 10  P 8446 251738 0 5134538
320594121 5  P 9913 268339 0 5202130
320887574 18  P 6946 258853 0 5202161
320965321 11  P 8580 252210 0 5211614
321801875 13  P 10892 294405 0 5212797
324502686 17  P 5981 259561 0 5268703
324631595 6  P 5987 268644 0 5268703
328005247 19  P 7383 263503 0 5326812
328606120 14  P 7346 293721 0 5326790
328840061 4  P 15939 311461 0 5326789
329870257 9  P 13392 266776 0 5353172
336692781 19  P 7442 270635 0 5469146
341857214 12  P 11375 284087 0 5551562
342162975 6  P 8860 295204 0 5555936
344300720 16  P 11756 298021 0 5595345
346063515 5  P 11034 292737 0 5619393
346391745 10  P 12862 290895 0 5623748
346699532 4  P 17968 335191 0 5619392
353044922 2  P 3307 281518 0 5731044
353504528 1  P 12728 317426 0 5738962
354655410 3  P 8777 310611 0 5760246
357993195 7  P 6450 293366 0 5820614
358049587 17  P 8217 286184 0 5818325
358052192 15  P 5602 291727 0 5814737
358133532 8  P 17236 340621 0 5807000
359027610 9  P 16245 294512 0 5830881
360340367 11  P 9363 282813 0 5856728
360949831 14  P 9871 321216 0 5856701
362871891 18  P 8185 295038 0 5890023
363959170 13  P 14473 339603 0 5903489
364292094 9  P 16245 298349 0 5917132
365347448 16  P 14451 326479 0 5940160
366083400 5  P 11943 310431 0 5947396
366844402 10  P 14789 312352 0 5958840
368710265 6  P 11428 319068 0 5990869
369684567 14  P 10481 328355 0 5999801
370115452 13  P 14473 344480 0 6004352
370209542 1  P 14970 345747 0 6012650
374200224 11  P 10327 295867 0 6083796
375864669 19  P 8765 300572 0 6110927
376356308 18  P 8890 305594 0 6110950
376558817 4  P 22190 372009 0 6108594
380962098 7  P 6580 312134 0 6196930
383086660 8  P 18616 369139 0 6215826
383216725 12  P 16122 336977 0 6229172
383358614 3  P 9992 338948 0 6230513
383427219 15  P 8260 313840 0 6230475
383966769 2  P 3818 305406 0 6237664
392424780 17  P 9468 313715 0 6381518
396016494 5  P 14285 349257 0 6437797
396418975 14  P 10925 349865 0 6437811
397160826 13  P 16079 373291 0 6447454
398802129 15  P 9409 327927 0 6482372
398914739 8  P 19584 384473 0 6475145
399370216 9  P 18323 332382 0 6491839
400131070 1  P 18928 380445 0 6502883
400346432 17  P 9929 323565 0 6511304
400738122 16  P 17039 365977 0 6519970
401313492 10  P 15989 347591 0 6523575
404434420 12  P 18282 357973 0 6576789
405724043 19  P 9953 324289 0 6600134
408340887 11  P 14135 339286 0 6643151
408793256 4  P 27154 412012 0 6636711
413149931 7  P 10461 346965 0 6724265
417442312 6  P 15841 371166 0 6789276
418637891 18  P 10262 339877 0 6803682
422577500 3  P 10277 371214 0 6873073
422919865 2  P 7326 349840 0 6875840
424582161 16  P 19603 395467 0 6910609
425070961 8  P 20923 416699 0 6903678
425818208 19  P 12370 346851 0 6929337
427956228 17  P 10969 347175 0 6963647
428403541 18  P 11506 348223 0 6963681
429095296 4  P 30167 439310 0 6969320
430793934 14  P 13452 378669 0 7001007
430992189 5  P 17459 395233 0 7010822
431056180 7  P 11290 363081 0 7017639
432032238 10  P 16380 379232 0 7026859
436061882 3  P 10296 382432 0 7094001
438443194 15  P 11704 361131 0 7131830
443474817 1  P 23415 431095 0 7212999
443653414 11  P 16876 378352 0 7221696
443823431 9  P 23283 386696 0 7220143
447224319 12  P 20996 395742 0 7277853
447663318 6  P 17357 397856 0 7284407
451193734 13  P 21582 432582 0 7332703
452841761 2  P 8915 383807 0 7366059
454771334 19  P 15577 373568 0 7403689
455907092 5  P 17787 416191 0 7419027
456097584 16  P 21170 427105 0 7426939
458028335 11  P 18158 391263 0 7457202
458313460 10  P 17237 401578 0 7457446
458998116 2  P 9760 391974 0 7466916
460237536 17  P 12669 371369 0 7492532
460499372 3  P 10350 402402 0 7494385
461771770 13  P 22103 441683 0 7506009
462403698 14  P 15598 413859 0 7518874
462637122 4  P 34293 479419 0 7518852
462741506 6  P 18849 413088 0 7531438
463167181 9  P 25324 408515 0 7537064
474560474 12  P 23319 420607 0 7725718
474740184 15  P 13062 393576 0 7726505
478134214 7  P 12579 401176 0 7788957
479677983 1  P 27388 470300 0 7806125
480164697 8  P 21840 461938 0 7806318
480387952 18  P 14988 400116 0 7815376
486341138 18  P 15872 407207 0 7912913
487794008 11  P 19611 417871 0 7944880
487899919 7  P 12731 408931 0 7948953
488655537 10  P 18541 435465 0 7954563
488919387 2  P 11732 423921 0 7957122
489200207 14  P 16722 436345 0 7957893
489766925 4  P 37933 510447 0 7963330
491846958 17  P 13825 400480 0 8010414
491875898 5  P 19157 453119 0 8008331
493272866 9  P 28275 441689 0 8030297
494146747 13  P 24837 473689 0 8036425
494193338 15  P 14692 410392 0 8045218
499972620 16  P 23839 465479 0 8145773
501201081 12  P 24350 443338 0 8162189
505786923 19  P 19065 420126 0 8239519
508343126 3  P 10411 441370 0 8278256
509116820 6  P 21737 467730 0 8291217
509146718 1  P 29822 505888 0 8288931
511743034 8  P 21999 487582 0 8323683
515640002 3  P 10696 448946 0 8397808
515725808 6  P 21819 475545 0 8399502
516567401 15  P 15694 434379 0 8411787
517847504 16  P 24931 485072 0 8438630
519997108 14  P 19016 465226 0 8462455
520808920 4  P 44096 550763 0 8471916
523052642 19  P 22166 438672 0 8522398
532167184 9  P 32602 506170 0 8667519
533967186 2  P 17335 477789 0 8695146
534008468 8  P 22193 509871 0 8688476
534286959 10  P 20600 470779 0 8702167
535529207 12  P 28360 477010 0 8724610
535731729 18  P 18765 449305 0 8722120
536839007 13  P 28674 522387 0 8735870
537516572 5  P 22494 506090 0 8756094
538628233 17  P 14719 438238 0 8776864
539365475 1  P 34640 541392 0 8784024
540648810 7  P 18661 464389 0 8813165
541418953 11  P 23138 471989 0 8823459
546115031 19  P 23744 461496 0 8900248
546434581 11  P 23138 475868 0 8905632
547969750 10  P 21026 490741 0 8926344
549159479 17  P 14758 446339 0 8949407
550262975 18  P 19202 461988 0 8960198
550693633 13  P 28903 533151 0 8962857
552542104 9  P 34216 534337 0 9001337
554389070 2  P 18939 510038 0 9029724
561383506 8  P 22960 540929 0 9136958
562020325 1  P 39016 569056 0 9155190
562566333 16  P 27788 529104 0 9171275
563327544 3  P 12619 487911 0 9179115
564043345 4  P 51160 604089 0 9180251
564214709 14  P 21376 502224 0 9186908
565505706 15  P 19697 478246 0 9213579
567891529 5  P 25339 547595 0 9253727
568507094 6  P 24982 540869 0 9264236
568649877 7  P 21506 498799 0 9271927
573873068 12  P 35497 526013 0 9352816
578145596 1  P 40944 591598 0 9419386
581353002 7  P 22275 515855 0 9480047
581710261 6  P 26554 559603 0 9480554
582264414 2  P 20279 545227 0 9486420
584750966 10  P 22253 525711 0 9528934
589472198 17  P 17689 480747 0 9609880
590266431 5  P 26616 586822 0 9620274
590701095 12  P 36281 542654 0 9628522
590724470 19  P 25727 497338 0 9631111
593035067 16  P 29377 558769 0 9670461
594231407 11  P 27411 521927 0 9688726
594430335 8  P 24185 585402 0 9678380
594449365 14  P 22966 530318 0 9682268
594671255 3  P 13111 514600 0 9692650
599271346 15  P 21252 508649 0 9766784
599385813 9  P 40030 615157 0 9768805
599481713 18  P 22021 501915 0 9766593
600926418 13  P 31245 577380 0 9785857
602933905 4  P 56607 646988 0 9817410
608308851 4  P 56946 652019 0 9905471
612099562 19  P 26489 515841 0 9981317
612418888 11  P 27521 536805 0 9986706
612684900 18  P 23479 512879 0 9982910
613282211 10  P 22914 548799 0 9996381
613341745 12  P 40414 568996 0 9999456
614125156 3  P 13805 531023 0 10011366
614685202 14  P 23725 547588 0 10013798
614980045 9  P 41128 633440 0 10024285
620112995 17  P 18383 505071 0 10111889
620428124 15  P 22154 526772 0 10113404
621209631 1  P 45442 657546 0 10124916
621740948 13  P 32727 599091 0 10126871
623394845 16  P 31261 591795 0 10167851
623954363 5  P 27073 617738 0 10172203
623961976 8  P 25749 611651 0 10162214
625228446 7  P 24898 557414 0 10198878
631539981 2  P 26760 606733 0 10293684
632404692 6  P 33413 617021 0 10311094
633740508 19  P 27357 533987 0 10335873
634234180 3  P 14907 548273 0 10340837
634325834 18  P 24633 531409 0 10337466
635323740 9  P 43419 652805 0 10357587
637307558 12  P 44323 596193 0 10392091
643216145 14  P 26301 576393 0 10481246
643427392 13  P 34576 619256 0 10482170
643837046 8  P 27216 649858 0 10487842
644128580 17  P 19118 525159 0 10505356
644966367 11  P 31525 572056 0 10519944
645191822 16  P 34082 615694 0 10524958
645623842 2  P 28042 621712 0 10524425
649199976 4  P 61341 699592 0 10575412
651601318 6  P 35452 639791 0 10625610
653475228 15  P 24120 560399 0 10654840
654329613 10  P 27327 589093 0 10668886
655400803 7  P 27238 598260 0 10693192
664000160 5  P 29580 653400 0 10828307
664303391 1  P 47277 702482 0 10830956
664426984 5  P 29784 653999 0 10835300
664714361 9  P 48475 696826 0 10839103
668075518 14  P 26444 595950 0 10888532
668356898 11  P 35313 598076 0 10903161
669004220 16  P 36993 638742 0 10915084
671147121 1  P 47327 708098 0 10943084
674349931 15  P 26106 579646 0 10996849
678773205 6  P 37642 664821 0 11070793
679068648 19  P 30013 572559 0 11078524
682341473 18  P 29784 576574 0 11124143
682415113 8  P 29145 685526 0 11119892
683003911 17  P 21979 558882 0 11142280
684014478 2  P 28061 651806 0 11153402
685709770 13  P 37798 664037 0 11174907
689140534 3  P 16529 588328 0 11240412
689173154 7  P 29870 637230 0 11246490
689792415 4  P 69300 749462 0 11240462
690467195 12  P 48972 656276 0 11263024
691923230 10  P 29168 624741 0 11284806
701874811 3  P 16691 597630 0 11449049
704372627 14  P 28566 637566 0 11483203
704653706 11  P 38690 635685 0 11497838
704782563 10  P 29808 635121 0 11495489
708771760 15  P 28748 610614 0 11560801
709241800 6  P 41247 695260 0 11569984
710084691 13  P 40055 689160 0 11574258
710972972 16  P 39321 672707 0 11602685
712162255 9  P 52816 758376 0 11616461
712534837 17  P 23582 582322 0 11626107
713611497 7  P 32513 662407 0 11646881
713983225 2  P 28715 683680 0 11644396
714071419 8  P 32562 718309 0 11638541
714224922 19  P 31580 602542 0 11654511
714313754 5  P 34577 704917 0 11652638
719045249 12  P 52073 691909 0 11731228
719137455 4  P 74091 838030 0 11721225
722185297 18  P 32387 611544 0 11776937
722225246 1  P 51254 759938 0 11779942
725365487 19  P 32471 610994 0 11837033
727369135 7  P 35151 685989 0 11872283
728796702 3  P 17235 619135 0 11890137
728858137 12  P 53317 712628 0 11891990
732170775 2  P 29124 699519 0 11942378
732779077 18  P 32688 619392 0 11950503
733063981 10  P 31723 668487 0 11958840
733816154 17  P 24615 599990 0 11974772
735462104 8  P 33999 737276 0 11988995
737106839 11  P 41061 680333 0 12029544
737167534 9  P 55682 785568 0 12026144
737740909 1  P 52350 782975 0 12034149
738631285 15  P 31876 639114 0 12050008
740506592 13  P 42528 720712 0 12072681
743063843 16  P 42733 703946 0 12128450
743845130 5  P 35715 729604 0 12136476
744590478 4  P 77112 864005 0 12138245
751857071 14  P 33424 700273 0 12261152
752382677 6  P 46663 746252 0 12276785
756116934 6  P 47245 750561 0 12337967
759680773 8  P 34443 764727 0 12385762
760412740 1  P 54524 806672 0 12405602
762543382 11  P 42737 702960 0 12446291
763011210 9  P 57214 828727 0 12449554
763147182 13  P 43405 740907 0 12443612
763676061 16  P 43891 720675 0 12466154
764044631 18  P 36154 646711 0 12462751
764506154 15  P 33084 659213 0 12473936
765127920 14  P 35314 716675 0 12478566
765533799 4  P 82295 896904 0 12481373
766269138 17  P 25858 631670 0 12506472
770506080 19  P 33904 649902 0 12576595
772984220 3  P 17344 656676 0 12614102
773259847 7  P 39436 743102 0 12624061
774204389 5  P 38473 764214 0 12633873
780813948 10  P 35288 719657 0 12741167
781826625 12  P 59670 778687 0 12759813
783076998 2  P 36842 776089 0 12776400
786084221 19  P 34718 666934 0 12831818
786636299 15  P 35371 683708 0 12836510
787283765 4  P 84138 931575 0 12837710
788576519 12  P 60133 789491 0 12870403
793022115 1  P 59298 866003 0 12939851
794196426 8  P 36623 799905 0 12951259
794888112 11  P 45218 734580 0 12976213
795187807 3  P 19007 679706 0 12977877
797933199 9  P 62382 885769 0 13021693
798392125 10  P 37839 742163 0 13029156
799264487 2  P 37834 790787 0 13041613
800365942 13  P 45421 781581 0 13053375
801028796 14  P 37440 747607 0 13066755
801720066 5  P 42102 797128 0 13084681
803710611 6  P 50851 802237 0 13117733
803962929 7  P 42733 784307 0 13192616
808419588 18  P 37926 683226 0 13189787
808456690 17  P 26758 667919 0 13197670
810597880 16  P 46027 760068 0 13234900
815152146 9  P 65174 912870 0 13303796
817462866 7  P 44121 802971 0 13413792
817482814 12  P 63746 830388 0 13343980
818095009 5  P 43632 812600 0 13352969
820147182 13  P 46376 806053 0 13377438
822039793 4  P 89006 981111 0 13407145
823240557 15  P 37175 716797 0 13436228
825475275 1  P 63862 910158 0 13471538
826907566 10  P 39468 768762 0 13496349
832426120 16  P 46883 785789 0 13592528
833450817 18  P 39544 705731 0 13599897
833546686 3  P 20889 715469 0 13606354
833872514 14  P 40718 782245 0 13604854
834420743 2  P 42533 855442 0 13617570
839263156 11  P 48641 779200 0 13703246
839290557 6  P 54553 848018 0 13700635
841087096 8  P 38665 836602 0 13719501
841831679 17  P 27501 696814 0 13744477
842349853 19  P 35588 710637 0 13753665
844615579 15  P 37460 733975 0 13786433
845206733 17  P 27681 702655 0 13799773
845341306 8  P 39442 841539 0 13789200
848460317 16  P 48025 801311 0 13855229
850851349 6  P 56324 865227 0 13890042
853537465 19  P 35911 720217 0 13936962
854998996 2  P 44378 886400 0 13954713
855060241 18  P 40954 724819 0 13953945
858904020 1  P 66412 940330 0 14019221
862216356 14  P 43427 815670 0 14069231
863184994 11  P 50217 800245 0 14095179
863953301 3  P 21293 743072 0 14104528
865823903 9  P 68744 962917 0 14133990
867122150 4  P 89907 1020018 0 14145761
869166049 7  P 47846 848677 0 14260872
870063753 5  P 47826 879208 0 14204377
870092261 12  P 69473 888375 0 14205904
870220292 10  P 43866 818300 0 14205975
870381450 13  P 48892 852293 0 14200456
879217674 2  P 46940 909474 0 14351492
882412442 15  P 40734 778339 0 14405696
883595216 10  P 45005 831577 0 14425105
884794474 11  P 51127 818488 0 14449223
885957344 16  P 49268 833575 0 14469566
887310138 14  P 45881 853011 0 14480347
892649429 8  P 40090 881013 0 14564284
892937356 3  P 21914 766413 0 14579407
894804416 6  P 62189 938446 0 14610118
896840882 4  P 91400 1051363 0 14632668
897316048 17  P 30337 763878 0 14653516
897834284 19  P 38213 758012 0 14662714
898490889 1  P 72004 978886 0 14667804
899838090 12  P 73808 919322 0 14693244
900454328 5  P 48598 912820 0 14702291
901200866 18  P 43718 760218 0 14709909
901553611 13  P 50282 882587 0 14711157
902540956 7  P 48887 877465 0 14807680
903374815 3  P 22388 782951 0 14750412
903784814 17  P 30598 770445 0 14759499
904496117 9  P 71476 1005883 0 14767573
905012893 4  P 91986 1061075 0 14766550
910074704 15  P 42838 803148 0 14858908
912395431 1  P 74097 1001881 0 14895596
913153809 14  P 48279 877466 0 14903765
916841165 11  P 52225 846175 0 14974274
917508794 8  P 40604 900885 0 14971575
919036093 12  P 74562 943917 0 15007774
920004189 16  P 50049 861121 0 15027380
921181583 7  P 49485 892499 0 15113087
921647096 2  P 51237 972894 0 15046616
921809715 9  P 73812 1029602 0 15051232
923029423 18  P 44270 782153 0 15067540
925162791 13  P 52052 903245 0 15097962
925898227 6  P 63689 971010 0 15119542
926188877 10  P 48356 870962 0 15122950
928287598 19  P 39453 783217 0 15161655
931938817 5  P 50503 950026 0 15218128
934548244 10  P 48871 877495 0 15259906
936794636 18  P 44894 792947 0 15293073
936879204 16  P 50700 876816 0 15303845
938273173 6  P 63872 981365 0 15322292
938397918 2  P 52926 1001504 0 15321045
939157463 5  P 51550 959044 0 15336398
939784900 17  P 31770 805656 0 15349320
940011743 9  P 75770 1047486 0 15349451
940178098 19  P 40328 791630 0 15356469
940778652 11  P 52866 866514 0 15366463
941446314 8  P 41204 921350 0 15363763
946193734 15  P 45443 834251 0 15450673
946528812 14  P 51007 909000 0 15450573
951197248 7  P 52284 925697 0 15604854
951498436 12  P 78697 975653 0 15539629
951896211 1  P 81574 1051767 0 15542755
953506593 13  P 52970 941906 0 15562328
959450290 4  P 93832 1125678 0 15658409
962296706 3  P 23093 831910 0 15715786
966985773 10  P 49584 903098 0 15791360
967653752 11  P 53172 893385 0 15806772
968068746 15  P 47591 852637 0 15809068
968466524 18  P 46860 818766 0 15811983
969360740 5  P 53400 995375 0 15831245
970373820 12  P 81902 1002663 0 15848867
977410408 16  P 51658 913154 0 15967893
977743573 8  P 41286 950955 0 15958446
978648512 6  P 64324 1017800 0 15983749
978762884 4  P 95361 1149462 0 15974818
984412429 19  P 43188 827083 0 16081196
985015592 3  P 23847 853472 0 16088009
985881912 1  P 85849 1088295 0 16099564
985912806 13  P 54682 972365 0 16093263
986831329 14  P 56590 963785 0 16110871
990087979 7  P 59025 974226 0 16242021
990644234 17  P 32395 870468 0 16182595
993015094 2  P 58687 1109813 0 16215837
993381236 15  P 49655 878323 0 16223784
995535296 9  P 84324 1115843 0 16259119
995653796 14  P 57790 973475 0 16255419
996575915 18  P 48320 842217 0 16272525
1000915042 8  P 42607 970054 0 16338092
1005093536 3  P 24054 871861 0 16416966
1010261720 9  P 85367 1139061 0 16500367
1011803033 19  P 44755 848273 0 16529956
1012050561 17  P 32877 887175 0 16533313
1013954841 5  P 56252 1041470 0 16561854
1016809692 4  P 97708 1184266 0 16598161
1019450572 11  P 54970 937140 0 16655406
1020144858 1  P 92208 1128900 0 16660902
1020170512 2  P 59883 1150269 0 16726274
1020304781 6  P 66231 1055155 0 16666239
1020907573 10  P 50098 945621 0 16674804
1021069539 13  P 56247 1004405 0 16669252
1021269975 16  P 55020 970259 0 16686464
1021963330 7  P 60171 1012522 0 16764246
1023678009 19  P 45284 860246 0 16724515
1024566897 16  P 55360 974295 0 16740476
1025342609 12  P 88259 1059759 0 16749453
1025693725 15  P 52527 906413 0 16753162
1027089740 9  P 86265 1152616 0 16776069
1028728831 7  P 60843 1019362 0 16875087
1030347819 13  P 56807 1012081 0 16821263
1038420819 2  P 61349 1175455 0 17025276
1038951906 12  P 89312 1073015 0 16972427
1040710069 1  P 94729 1154553 0 16997832
1041138096 11  P 55672 954631 0 17010731
1041390437 3  P 24799 903380 0 17011653
1041409901 17  P 34370 909776 0 17014328
1043439120 5  P 59624 1076415 0 17044905
1044950366 4  P 99360 1212557 0 17059202
1046930760 8  P 48810 1040374 0 17091963
1048164255 6  P 67136 1080490 0 17122682
1048701114 14  P 60753 1024691 0 17124520
1048766964 10  P 50676 967418 0 17131246
1051872750 18  P 51907 887083 0 17178497
1055263357 18  P 52038 889948 0 17234049
1055522560 13  P 58749 1039927 0 17233712
1057858789 2  P 61970 1192552 0 17343728
1062132855 6  P 67675 1093019 0 17351538
1064747160 4  P 99550 1229122 0 17383550
1066294341 11  P 56898 976075 0 17422887
1067622941 14  P 62262 1041997 0 17434530
1068256249 19  P 47043 895730 0 17454872
1068798526 5  P 60576 1101046 0 17460381
1069124834 3  P 25376 930166 0 17466053
1073598538 16  P 56808 1019844 0 17543790
1074803838 1  P 98738 1194486 0 17556402
1077666290 7  P 62421 1081905 0 17676854
1078691109 17  P 35724 940261 0 17625135
1079103080 8  P 50862 1076785 0 17619059
1079199124 9  P 87306 1193185 0 17629821
1080704519 10  P 52191 998770 0 17654503
1082021883 15  P 56999 970149 0 17676018
1083566096 17  P 36039 947194 0 17705007
1084287494 15  P 56999 971985 0 17713137
1084326989 12  P 94632 1127990 0 17715838
1087603837 7  P 63187 1090500 0 17839666
1088379670 16  P 57070 1031705 0 17785963
1091765466 3  P 26131 950038 0 17836997
1093095545 10  P 52683 1009311 0 17857510
1099892467 5  P 64788 1145389 0 17969808
1100100667 13  P 61476 1080005 0 17964065
1100341645 11  P 58006 1001135 0 17980701
1101570484 6  P 69417 1136837 0 17997675
1101779264 14  P 64791 1079910 0 17994140
1101933987 12  P 96323 1149734 0 18004300
1108808615 9  P 89328 1227324 0 18114930
1109153834 4  P 101278 1270983 0 18111087
1109709373 19  P 49785 931195 0 18134029
1110435216 18  P 54399 933479 0 18137974
1110671361 2  P 66316 1262809 0 18208974
1110900094 8  P 53906 1123302 0 18140004
1112647994 1  P 102855 1240970 0 18176405
1116122728 18  P 54787 938649 0 18231156
1117706724 17  P 37273 975052 0 18264363
1119443825 14  P 65295 1095482 0 18283555
1119736103 5  P 65913 1163980 0 18294921
1121582776 16  P 58852 1066570 0 18329947
1121740545 19  P 50799 942678 0 18331148
1122575780 4  P 102799 1284573 0 18330991
1124096225 11  P 59917 1022586 0 18369892
1124843582 3  P 27453 979446 0 18378943
1126637553 12  P 100233 1181252 0 18409018
1127461509 6  P 70691 1163307 0 18421864
1127761605 9  P 90531 1241984 0 18425450
1127807038 7  P 66649 1132625 0 18498341
1128196893 8  P 55926 1147344 0 18423388
1132205085 10  P 56226 1051692 0 18498267
1133319240 15  P 60948 1022412 0 18516456
1133910031 13  P 62856 1106211 0 18517991
1140395345 1  P 105746 1269527 0 18631003
1140405084 2  P 69416 1300218 0 18696119
1152944850 1  P 106623 1284997 0 18836612
1154129685 16  P 59645 1097415 0 18863167
1155888378 18  P 56978 971289 0 18882672
1157333498 11  P 62507 1061167 0 18914437
1158155517 12  P 103474 1215086 0 18925404
1158617323 6  P 73493 1191070 0 18932316
1158639304 13  P 64094 1131833 0 18923132
1158875299 3  P 29533 1014890 0 18936504
1159521716 19  P 51504 972410 0 18950147
1159689457 10  P 57313 1078786 0 18948566
1161853984 7  P 69404 1169768 0 19056155
1164790692 8  P 60571 1189455 0 19022925
1164975430 15  P 62924 1054013 0 19035090
1166167936 9  P 93770 1281782 0 19054689
1166201044 14  P 67836 1137598 0 19049615
1167513968 5  P 70996 1220489 0 19077708
1171475403 2  P 71330 1331572 0 19205166
1172910336 17  P 38927 1021946 0 19168798
1173955355 4  P 107459 1344089 0 19172754
1174982264 11  P 63105 1074466 0 19203592
1178656581 3  P 31414 1033591 0 19260597
1179806245 8  P 61206 1202694 0 19268937
1180944138 15  P 63479 1066627 0 19296716
1184158111 10  P 59546 1103717 0 19349454
1184396508 1  P 110996 1320751 0 19351909
1185179731 6  P 74469 1214489 0 19367507
1187904246 14  P 68977 1156639 0 19405196
1188863985 16  P 61079 1129760 0 19432244
1188960124 13  P 66259 1158857 0 19419900
1189388286 4  P 108620 1364468 0 19425602
1189596555 17  P 40720 1036978 0 19442180
1190761717 9  P 96115 1314598 0 19457624
1192954814 5  P 72677 1243807 0 19494529
1193615460 19  P 51691 999659 0 19508732
1197202385 12  P 108124 1256955 0 19565135
1197672362 2  P 71828 1367098 0 19634350
1201744577 7  P 74315 1226777 0 19709690
1203029571 18  P 59619 1009384 0 19655019
1205520234 16  P 61698 1143400 0 19705136
1206528878 4  P 111628 1381933 0 19706421
1211632875 6  P 75724 1244407 0 19800905
1212435464 11  P 65523 1109610 0 19817222
1213009333 8  P 64864 1236462 0 19812929
1213814156 5  P 73517 1262329 0 19836283
1215303919 13  P 68306 1197654 0 19851503
1216237570 2  P 73603 1392243 0 19938517
1216796159 12  P 109086 1278471 0 19886156
1216960654 1  P 113582 1360572 0 19885430
1219517448 10  P 62330 1146588 0 19928768
1219951420 14  P 72082 1190524 0 19930246
1220105138 9  P 97474 1340359 0 19938381
1221935761 18  P 59881 1024800 0 19964780
1225531722 3  P 35054 1095382 0 20028588
1228660251 17  P 42560 1070667 0 20082198
1229756525 19  P 52025 1032269 0 20100856
1230272729 15  P 67768 1113231 0 20104899
1233119454 7  P 75887 1257878 0 20223724
1235356982 4  P 114743 1421735 0 20178720
1236416329 7  P 75987 1268630 0 20277737
1240913614 1  P 117102 1397564 0 20277873
1243194510 13  P 71400 1230072 0 20308427
1245094658 8  P 67542 1279866 0 20338602
1245107636 18  P 60864 1044196 0 20344424
1247508064 6  P 78385 1292777 0 20388677
1247708236 16  P 63710 1185268 0 20396320
1249482314 14  P 72405 1214016 0 20414079
1249537929 15  P 69006 1132967 0 20420519
1250001663 5  P 74620 1294514 0 20429172
1250686763 2  P 74457 1422584 0 20502919
1252953549 3  P 38581 1123723 0 20477862
1255272199 19  P 52424 1053642 0 20518899
1256145488 11  P 69191 1147802 0 20533359
1256405442 12  P 113012 1316421 0 20535101
1259738378 17  P 43631 1098259 0 20591376
1260292887 9  P 98988 1372180 0 20596801
1260298759 10  P 67693 1205177 0 20596897
1264848385 16  P 64279 1199450 0 20677143
1267804224 1  P 120694 1442933 0 20718446
1270913557 13  P 73270 1255220 0 20762563
1272410259 17  P 44385 1108706 0 20798988
1272700730 4  P 119547 1473013 0 20790547
1272803476 19  P 52894 1070592 0 20806129
1273406468 3  P 39883 1142802 0 20812961
1273869540 7  P 78536 1325939 0 20891340
1274544808 11  P 70010 1163581 0 20834814
1274820475 6  P 79937 1323259 0 20836156
1276986009 5  P 76465 1318778 0 20871279
1280821877 8  P 71125 1319196 0 20923951
1284261879 9  P 99708 1391124 0 20989503
1284280797 12  P 114117 1343752 0 20991799
1288064404 10  P 68528 1228799 0 21051803
1289872942 14  P 72952 1245530 0 21075830
1289910273 15  P 72286 1173872 0 21081970
1290685714 18  P 63334 1082757 0 21091172
1294155642 2  P 76354 1463863 0 21215098
1295629634 16  P 66461 1231741 0 21181454
1296285238 17  P 45599 1129516 0 21190149
1296864963 19  P 54006 1101169 0 21200347
1297076123 11  P 71504 1182407 0 21203960
1299201349 1  P 124906 1484982 0 21232846
1301046074 13  P 74981 1280683 0 21256247
1302590265 9  P 103222 1417222 0 21289774
1304997566 4  P 121085 1506039 0 21319689
1305216803 14  P 73742 1258631 0 21327219
1305366274 15  P 73923 1189764 0 21335193
1306695344 6  P 81222 1353394 0 21358385
1306857624 18  P 63818 1097123 0 21356130
1308827118 5  P 77815 1344326 0 21392954
1309858647 2  P 77744 1479187 0 21472375
1313196853 8  P 72905 1350873 0 21454375
1317104133 7  P 84789 1386842 0 21599665
1320939486 10  P 71166 1269848 0 21590388
1321765915 3  P 42236 1186008 0 21605276
1325240439 12  P 118638 1393852 0 21662875
1326732601 18  P 64576 1113157 0 21681760
1326999314 2  P 79186 1499983 0 21753198
1327408177 10  P 71319 1275293 0 21696368
1327600716 13  P 76824 1304329 0 21691307
1328959775 19  P 55370 1130070 0 21726183
1329591350 4  P 121222 1525881 0 21722632
1330853087 8  P 73405 1364453 0 21743647
1335601107 1  P 127451 1521271 0 21829206
1335645328 16  P 68776 1267199 0 21837054
1336054722 6  P 81555 1383510 0 21839404
1338122984 11  P 74632 1215840 0 21876462
1340338384 7  P 87260 1429922 0 21980331
1342934019 9  P 107837 1457394 0 21950753
1344170050 3  P 44031 1208659 0 21972344
1345225445 15  P 76493 1230335 0 21988229
1350175890 17  P 47481 1178606 0 22073065
1350816403 14  P 77328 1304982 0 22074308
1354126639 5  P 79266 1383174 0 22135137
1354280473 12  P 121026 1421102 0 22138660
1354597708 17  P 47662 1182411 0 22145509
1355827416 2  P 81521 1532139 0 22225506
1357224902 1  P 130996 1548507 0 22183481
1357314312 5  P 79340 1385698 0 22187361
1360327314 12  P 121682 1427501 0 22237731
1360966090 7  P 90822 1455704 0 22318285
1361020286 16  P 69290 1293239 0 22252789
1361966753 14  P 78146 1317565 0 22256992
1362312752 3  P 44071 1223464 0 22269593
1364689417 10  P 72625 1309259 0 22307168
1366228150 8  P 75860 1404426 0 22323221
1366637438 4  P 123350 1567544 0 22329573
1369834722 19  P 57158 1166546 0 22395871
1370428511 15  P 77913 1252699 0 22401149
1371279488 18  P 67464 1149132 0 22411613
1372242187 6  P 81971 1414321 0 22432297
1372308990 9  P 110182 1487452 0 22432010
1376022538 13  P 81055 1364271 0 22484617
1379716756 11  P 76965 1251222 0 22557927
1384865927 19  P 58630 1180699 0 22642142
1389720607 10  P 74592 1335320 0 22717280
1392462350 8  P 78681 1431452 0 22753029
1393317110 16  P 71588 1321768 0 22781927
1394263552 14  P 82429 1352008 0 22786135
1394835468 1  P 135186 1601352 0 22799685
1396204927 5  P 82569 1430718 0 22824507
1396936799 12  P 125548 1477490 0 22837534
1397463189 7  P 93800 1507851 0 22916227
1400402638 9  P 113276 1522222 0 22892287
1404461021 6  P 82121 1439822 0 22960165
1404747583 4  P 127352 1623356 0 22953957
1405500596 3  P 44648 1272318 0 22977172
1406185680 18  P 69095 1178776 0 22983511
1406202505 2  P 85413 1598116 0 23050838
1406707206 17  P 50072 1233283 0 22999263
1406975352 15  P 81690 1288066 0 22999927
1409982257 11  P 78536 1278175 0 23053794
1414397481 13  P 81346 1402103 0 23113326
1415013483 11  P 79241 1283639 0 23136224
1417329928 10  P 76523 1362786 0 23169627
1420116253 13  P 81619 1407364 0 23207020
1420757328 1  P 139775 1632376 0 23224379
1421124741 7  P 96592 1533533 0 23303879
1423894676 17  P 50272 1246892 0 23280859
1424801519 16  P 72870 1348156 0 23297764
1425468016 2  P 86062 1621014 0 23366476
1425708765 3  P 46819 1291304 0 23308269
1425755061 14  P 85800 1382665 0 23302082
1426064267 5  P 85140 1460452 0 23313711
1429058927 9  P 115033 1555017 0 23361779
1429944231 15  P 83509 1308022 0 23376241
1430475328 19  P 61103 1221318 0 23389398
1430795126 18  P 69788 1199266 0 23386709
1431077374 12  P 128678 1516845 0 23396880
1434169607 4  P 131170 1653998 0 23436001
1435789105 6  P 82408 1463637 0 23473435
1437165681 8  P 82690 1484151 0 23485435
1443301017 17  P 51823 1265186 0 23598804
1444615920 19  P 62019 1232062 0 23621075
1445957766 16  P 73545 1367749 0 23644385
1446881673 15  P 85439 1326950 0 23653739
1447513740 18  P 70742 1212011 0 23660624
1450306169 8  P 84002 1495925 0 23700726
1450343043 2  P 87014 1644713 0 23774021
1451092916 12  P 130419 1537880 0 23724811
1452298550 5  P 86359 1487805 0 23743524
1452869848 7  P 102784 1577875 0 23823957
1455236127 10  P 78087 1400296 0 23790641
1457453442 3  P 47667 1319675 0 23828367
1457888319 4  P 134764 1683619 0 23824599
1458888526 11  P 80290 1319734 0 23855069
1459757024 13  P 85026 1460909 0 23856421
1464607455 14  P 91291 1433011 0 23938629
1468335443 1  P 143856 1683089 0 24003890
1470949566 9  P 120053 1627819 0 24048087
1472835981 6  P 82483 1490749 0 24080402
1475912837 15  P 87211 1350598 0 24129378
1480998085 18  P 72096 1239732 0 24209227
1482804728 6  P 82622 1506346 0 24243728
1484594060 3  P 49018 1344328 0 24273036
1486099714 13  P 88166 1492777 0 24287992
1488490960 19  P 63473 1267908 0 24339917
1490997868 11  P 82073 1346960 0 24381143
1492236020 5  P 87085 1526790 0 24397856
1492432501 7  P 107774 1623209 0 24472126
1493675963 17  P 54916 1310560 0 24424143
1493924520 16  P 75416 1414533 0 24430250
1495431200 8  P 88110 1551756 0 24440044
1495466793 14  P 93799 1465358 0 24444219
1499314304 10  P 79143 1435466 0 24512814
1499808964 9  P 123036 1661036 0 24520897
1501357023 4  P 140418 1729733 0 24536777
1502054237 1  P 147573 1720168 0 24556331
1502374377 2  P 89365 1691921 0 24626497
1506468062 12  P 137270 1602268 0 24632045
1507535303 17  P 56625 1322295 0 24651210
1507922106 3  P 49210 1364389 0 24655239
1512664109 6  P 82739 1531757 0 24732933
1516251808 10  P 80060 1450170 0 24790311
1516710038 13  P 91077 1524147 0 24789505
1516802953 2  P 91004 1717745 0 24862873
1517634386 8  P 91105 1581511 0 24803815
1519937817 9  P 123824 1681721 0 24850677
1520600265 19  P 65293 1297389 0 24865985
1520709842 15  P 92701 1407920 0 24863316
1521341853 18  P 73423 1272363 0 24870212
1521973310 16  P 75678 1438096 0 24889786
1522185400 11  P 82532 1371089 0 24892114
1525669539 4  P 144901 1769453 0 24935106
1526148966 7  P 112729 1673916 0 25024492
1527944530 5  P 92099 1575045 0 24982880
1528522959 1  P 152199 1756429 0 24989988
1529061792 12  P 139812 1634319 0 25002189
1532701140 14  P 97885 1508805 0 25054258
1537850676 13  P 91984 1549924 0 25135867
1538758142 6  P 82877 1552592 0 25160438
1538774940 8  P 92412 1605343 0 25150174
1541000944 5  P 93283 1594627 0 25196790
1541014998 2  P 92648 1751231 0 25259552
1544788763 1  P 154228 1774361 0 25256476
1547803382 19  P 66542 1320521 0 25311680
1548277742 9  P 125543 1723477 0 25314986
1548936856 12  P 141905 1656818 0 25327810
1549748118 18  P 73928 1296136 0 25335615
1550669856 14  P 98465 1522574 0 25348655
1551394556 17  P 58208 1355246 0 25369788
1556370050 7  P 114727 1702530 0 25519620
1559410813 16  P 75711 1466847 0 25503159
1559591588 11  P 84771 1403111 0 25504969
1560937764 3  P 51114 1411229 0 25523843
1561455087 10  P 81642 1495079 0 25530899
1561506731 15  P 95287 1449440 0 25531726
1563551215 4  P 148411 1813556 0 25555747
1569919528 4  P 149245 1822319 0 25660086
1574658211 10  P 83014 1507597 0 25747215
1575348482 11  P 86499 1417980 0 25763125
1577647251 15  P 96758 1465648 0 25796165
1577811695 12  P 144513 1687650 0 25800888
1581725754 13  P 96513 1596812 0 25854693
1582179769 6  P 83725 1589724 0 25871858
1582890889 3  P 51313 1431872 0 25883519
1583084657 19  P 67252 1351481 0 25889727
1584396787 1  P 162138 1828694 0 25905394
1585189316 5  P 96423 1645764 0 25920759
1586340239 9  P 127295 1757561 0 25938581
1589847825 17  P 59425 1385278 0 25999797
1590082823 16  P 76344 1491485 0 26005679
1592384233 8  P 97414 1673960 0 26028489
1592389050 14  P 100774 1573524 0 26032122
1592543942 18  P 75422 1332190 0 26036780
1592858686 2  P 99001 1819973 0 26108936
1593604243 7  P 116930 1743598 0 26129651
1597452450 2  P 99041 1826096 0 26184201
1602146789 1  P 166334 1859664 0 26196192
1604373391 14  P 101234 1583976 0 26228460
1604715215 9  P 128438 1776588 0 26239622
1605135539 7  P 117075 1752844 0 26318572
1605692134 16  P 77065 1506023 0 26261421
1610290511 8  P 99923 1704499 0 26321860
1613350311 19  P 68654 1386778 0 26385596
1613476574 6  P 89032 1629421 0 26384620
1614170040 18  P 77426 1360826 0 26391102
1616642357 5  P 98530 1682264 0 26436079
1618769628 17  P 60281 1410945 0 26473651
1620970633 10  P 86232 1564986 0 26505955
1621700712 4  P 152642 1877030 0 26508460
1622131716 15  P 99505 1507390 0 26524982
1622169866 11  P 90762 1465471 0 26530238
1623444946 13  P 101540 1649818 0 26538178
1623935689 12  P 152312 1746240 0 26556575
1624328437 3  P 55087 1478778 0 26562427
1628600451 15  P 99626 1512898 0 26630967
1629358530 12  P 152744 1750635 0 26645423
1631090166 9  P 129624 1799242 0 26671745
1632319829 1  P 171621 1910597 0 26690537
1636567181 16  P 78298 1533075 0 26767266
1636982370 11  P 91569 1483552 0 26772926
1638279459 18  P 79288 1383413 0 26786106
1640116783 13  P 102073 1666074 0 26811321
1640376802 10  P 86915 1580941 0 26823900
1640508074 6  P 91378 1658137 0 26827500
1640748410 14  P 101454 1612863 0 26824413
1641553448 19  P 69959 1418949 0 26847672
1641828015 2  P 102965 1885373 0 26911222
1642744841 7  P 119823 1796100 0 26934733
1649306677 8  P 104288 1753187 0 26961079
1649687705 3  P 56007 1504392 0 26977911
1651175846 17  P 62811 1436531 0 27004588
1654017764 5  P 102331 1723068 0 27048417
1654310223 4  P 155990 1912751 0 27042727
1658788654 13  P 103144 1684108 0 27117240
1661185191 4  P 156415 1919000 0 27155363
1663062738 3  P 57137 1520149 0 27197044
1665408460 5  P 105785 1737561 0 27235033
1666658256 10  P 88072 1602946 0 27254487
1668030492 12  P 154460 1784199 0 27279019
1670913314 15  P 104831 1558031 0 27324198
1671041063 8  P 106171 1776617 0 27317163
1671123395 14  P 101646 1636509 0 27322069
1676249868 2  P 106930 1925927 0 27475179
1678246366 9  P 130510 1841045 0 27444346
1678479281 7  P 122408 1832294 0 27520192
1679598324 16  P 80024 1572697 0 27472276
1680614329 1  P 178150 1976971 0 27481759
1681519571 17  P 64336 1460488 0 27501736
1681857322 11  P 95852 1527364 0 27508029
1681921519 19  P 72938 1454462 0 27509053
1682304726 6  P 94411 1705213 0 27512284
1682763886 18  P 81738 1419787 0 27514936
1685472810 17  P 64626 1464187 0 27566506
1687795116 18  P 81738 1423869 0 27597368
1690663584 1  P 178763 1986634 0 27646403
1691294875 4  P 157912 1946599 0 27648662
1691885035 8  P 106876 1794672 0 27658660
1693947327 15  P 107855 1587293 0 27701581
1694249353 12  P 155360 1805597 0 27708585
1695679716 6  P 94948 1720736 0 27731419
1695709804 19  P 72964 1465032 0 27734960
1697627222 5  P 108611 1771758 0 27762868
1697954909 10  P 88189 1631416 0 27767248
1700020195 16  P 81227 1591069 0 27806859
1700699693 7  P 124754 1855686 0 27884243
1703355977 9  P 133064 1883995 0 27855726
1703888636 11  P 99299 1550712 0 27868986
1710663780 13  P 107298 1733242 0 27967137
1711156600 3  P 60946 1574150 0 27985007
1713280042 14  P 103150 1677490 0 28012746
1714468552 2  P 111807 1982886 0 28101330
1714694113 19  P 73987 1482552 0 28045996
1719551230 1  P 183175 2026835 0 28119670
1720185870 14  P 103263 1683831 0 28125896
1720413401 15  P 111048 1612169 0 28135189
1721057501 7  P 127483 1880263 0 28217779
1721824536 9  P 135790 1913332 0 28158309
1725172262 3  P 61950 1587628 0 28214635
1732179878 6  P 97883 1763579 0 28329414
1733670056 18  P 83991 1464399 0 28348979
1734439589 5  P 111632 1804913 0 28365993
1739082097 17  P 66765 1509808 0 28444834
1739395336 16  P 82787 1625066 0 28451969
1739825719 4  P 159829 1987767 0 28443782
1740126746 10  P 89700 1662445 0 28458182
1741710894 13  P 110264 1771233 0 28475757
1741781030 2  P 114037 2028621 0 28548804
1742217061 11  P 102829 1592803 0 28496947
1742483649 12  P 158818 1853642 0 28498845
1744275362 8  P 110129 1840485 0 28517014
1745445412 6  P 99573 1784857 0 28546753
1748092121 11  P 102829 1599443 0 28593202
1751212923 8  P 110332 1849043 0 28630677
1751304260 13  P 110932 1779796 0 28632934
1752263208 4  P 160024 1997425 0 28647554
1752553481 2  P 114633 2039833 0 28725298
1753254518 16  P 83877 1640687 0 28679037
1755522296 19  P 75107 1516244 0 28714919
1756988319 17  P 67140 1525074 0 28738207
1757699638 9  P 139863 1957418 0 28746065
1758310716 18  P 85257 1485196 0 28752680
1758592024 14  P 106024 1747138 0 28755036
1759655485 12  P 160112 1869750 0 28780182
1759705159 5  P 112238 1825018 0 28779941
1760047175 3  P 64942 1633526 0 28786021
1771242455 7  P 131925 1934946 0 29039987
1772210436 1  P 185801 2076529 0 28982423
1772632015 15  P 117241 1665553 0 28990730
1773756638 19  P 75705 1531713 0 29013666
1773798858 10  P 94436 1715087 0 29009829
1777159860 16  P 84955 1662241 0 29070694
1777702287 12  P 162306 1895624 0 29075849
1778908403 5  P 114132 1854420 0 29094546
1782601075 1  P 186049 2085794 0 29152659
1784263815 18  P 87152 1506056 0 29177895
1787277792 9  P 142837 1984708 0 29230666
1788675879 17  P 68106 1551636 0 29257371
1790617610 6  P 102172 1824764 0 29286831
1790685083 4  P 160218 2029847 0 29277055
1790717171 14  P 107540 1775583 0 29281362
1792281539 3  P 67362 1669930 0 29314139
1794181566 8  P 112756 1895327 0 29334641
1794767515 10  P 96387 1739453 0 29353368
1796616393 15  P 118684 1687041 0 29383688
1797874709 2  P 118541 2088166 0 29467832
1798163696 13  P 113128 1827837 0 29400638
1798509764 11  P 106569 1645809 0 29419223
1801994863 7  P 134234 1968365 0 29543828
1807223273 16  P 85967 1696760 0 29563249
1808121425 9  P 144688 2003383 0 29572157
1809842941 12  P 164221 1926798 0 29602432
1810873378 14  P 108260 1793804 0 29611598
1811588688 7  P 135228 1977627 0 29701012
1811765816 8  P 116766 1921130 0 29622730
1813226115 1  P 188336 2129450 0 29654389
1814961406 6  P 102367 1842645 0 29685670
1815453353 3  P 68294 1691386 0 29693784
1817716951 18  P 89837 1537503 0 29725989
1818928476 19  P 77086 1573743 0 29753751
1819044449 4  P 160785 2055327 0 29741693
1821843438 2  P 121129 2119085 0 29860518
1821951668 11  P 109344 1669464 0 29803288
1822876902 10  P 98161 1765738 0 29813905
1825991454 15  P 120247 1716831 0 29864963
1826004008 17  P 68139 1581741 0 29868952
1830851160 13  P 117676 1866194 0 29936178
1831172275 5  P 118173 1912582 0 29950801
1835045071 18  P 90721 1556045 0 30009888
1837257360 13  P 117843 1871468 0 30041134
1838632062 15  P 121032 1730410 0 30072064
1843579055 14  P 111223 1835530 0 30147437
1846730813 9  P 146668 2036415 0 30204725
1846787876 19  P 78135 1593865 0 30210194
1846857718 11  P 110342 1694802 0 30211347
1846898859 6  P 103065 1867170 0 30208923
1851010647 7  P 138450 2018184 0 30412427
1851941436 17  P 69225 1603400 0 30293907
1852981956 4  P 161208 2083485 0 30297724
1855875584 5  P 121551 1952327 0 30355535
1857384794 8  P 124222 1999391 0 30370123
1858313803 10  P 100482 1805160 0 30394483
1859004648 16  P 87245 1741747 0 30411623
1859326452 2  P 128532 2177289 0 30474621
1860343967 3  P 69092 1729392 0 30429266
1861710450 1  P 192529 2208165 0 30448698
1862046194 12  P 167701 1988178 0 30457715
1869238992 16  P 87245 1749860 0 30579301
1871842003 18  P 92445 1586389 0 30612768
1873575718 4  P 161430 2100835 0 30635130
1873577990 2  P 131172 2196245 0 30708109
1874170252 14  P 114542 1866856 0 30648641
1875312840 3  P 70520 1745525 0 30674513
1876374249 12  P 168595 2005815 0 30692455
1877207168 17  P 70184 1625364 0 30707856
1877377167 5  P 123749 1980081 0 30707803
1878195855 6  P 104529 1892112 0 30721678
1878814781 10  P 102240 1823007 0 30730367
1878960155 15  P 124499 1772917 0 30732787
1879806626 8  P 127414 2030154 0 30737470
1881232759 11  P 113363 1726565 0 30774539
1883396776 1  P 195525 2232915 0 30804000
1883913626 13  P 120172 1914643 0 30805542
1888162984 19  P 79668 1631641 0 30888073
1888729353 7  P 139583 2060862 0 31030401
1892405546 9  P 149121 2079340 0 30953055
1896189691 10  P 103952 1838543 0 31015031
1896847727 17  P 71119 1640461 0 31029642
1899256620 19  P 81054 1640929 0 31069829
1903640296 2  P 134531 2235008 0 31200636
1907119021 8  P 130101 2055573 0 31184946
1907293361 9  P 151599 2095424 0 31196973
1907666884 7  P 140304 2079900 0 31340670
1908638902 18  P 94365 1620851 0 31215640
1913049069 5  P 129487 2028089 0 31292238
1916007450 13  P 123680 1946467 0 31331337
1916546499 11  P 117556 1771274 0 31353110
1916757358 1  P 200300 2278194 0 31350555
1917030437 14  P 117605 1904367 0 31350856
1918410798 16  P 89056 1796834 0 31384909
1920609619 3  P 71110 1783460 0 31416650
1920749267 12  P 171831 2044254 0 31419480
1922382063 15  P 128970 1823850 0 31444200
1924039559 6  P 107488 1941864 0 31472769
1926247647 4  P 163971 2146756 0 31498101
1929014081 14  P 118121 1919506 0 31547174
1930477851 6  P 109500 1955221 0 31578248
1930595998 10  P 106062 1870391 0 31578735
1931061122 11  P 119435 1787795 0 31590914
1931547181 3  P 71227 1794118 0 31595851
1931765427 2  P 139323 2278203 0 31661430
1934478521 8  P 131697 2085927 0 31633195
1934692115 16  P 89207 1809445 0 31651659
1937450816 4  P 165382 2158064 0 31681653
1941023390 13  P 125800 1984473 0 31741125
1941116355 19  P 84522 1676954 0 31755648
1943184340 9  P 156135 2137203 0 31785005
1944092993 12  P 172396 2071749 0 31801936
1946488335 17  P 72513 1678735 0 31842948
1947513817 18  P 96412 1652875 0 31852564
1948345900 5  P 131940 2074874 0 31870534
1948678938 15  P 130711 1846204 0 31875043
1949757361 1  P 203257 2317501 0 31891212
1954541791 7  P 142100 2121423 0 32108664
1962062743 3  P 71503 1825037 0 32095817
1962479251 7  P 142258 2128172 0 32238706
1962869173 8  P 135101 2119186 0 32098342
1966176194 17  P 72773 1695432 0 32165507
1966402590 9  P 157612 2156803 0 32165406
1969897247 19  P 85992 1699446 0 32227197
1971935937 11  P 124707 1830054 0 32260604
1971991770 13  P 127861 2014811 0 32248504
1972107086 4  P 168552 2196608 0 32249460
1976457742 16  P 90576 1842633 0 32335938
1977752165 10  P 106643 1909432 0 32351330
1977982528 18  P 98668 1683534 0 32351760
1980389941 12  P 175771 2108317 0 32396621
1981913352 15  P 132764 1877584 0 32419549
1981977109 6  P 114154 2012302 0 32422003
1983092211 14  P 122557 1975575 0 32433176
1984351097 1  P 207414 2355606 0 32457984
1985392686 5  P 134325 2113435 0 32477495
1985484224 2  P 145508 2345619 0 32541538
1985601123 13  P 129455 2026563 0 32471474
1987503958 17  P 72862 1712076 0 32514946
1988598353 16  P 90735 1851952 0 32534846
1992060726 18  P 99634 1695658 0 32582417
1993359109 10  P 107703 1924694 0 32607029
1993981950 4  P 170350 2221913 0 32607855
1995914620 6  P 114684 2024926 0 32650352
1996467193 14  P 123925 1990879 0 32652312
1998744002 8  P 137087 2158190 0 32686105
1998810866 11  P 126950 1859075 0 32700914
2003939494 7  P 145923 2168390 0 32917974
2006137148 9  P 163501 2209311 0 32816390
2006250216 3  P 72908 1867328 0 32819783
2006468420 2  P 149015 2376407 0 32885333
2006647113 19  P 87410 1729829 0 32829301
2007007335 1  P 209270 2391876 0 32829273
2007361562 5  P 136400 2140205 0 32837424
2009882043 15  P 134655 1901195 0 32877778
2012902514 12  P 178492 2134518 0 32929292
2017441852 17  P 74237 1745374 0 33005445
2018623506 14  P 125180 2013372 0 33015316
2018953334 3  P 73025 1877972 0 33027911
2019663567 15  P 135435 1910272 0 33038034
2021823069 7  P 147924 2188098 0 33210974
2022389779 12  P 178626 2146102 0 33084710
2023142776 5  P 136608 2154092 0 33095984
2025379596 16  P 91963 1884707 0 33137467
2025914560 1  P 211816 2414417 0 33139047
2026279553 11  P 128963 1883112 0 33150954
2033181536 8  P 137260 2186211 0 33250326
2034976109 13  P 132833 2076058 0 33280386
2035412843 19  P 87719 1753425 0 33300594
2036090204 9  P 167234 2254441 0 33307126
2037330470 10  P 108875 1961646 0 33327453
2038170531 18  P 101167 1733178 0 33337868
2038711439 6  P 115704 2064455 0 33351524
2039218430 2  P 152869 2415004 0 33421891
2043060182 4  P 178344 2290861 0 33411940
2044395215 16  P 92797 1900943 0 33449017
2048925913 17  P 74755 1774175 0 33521272
2048965374 9  P 168883 2280211 0 33518056
2049483580 12  P 180988 2173042 0 33528604
2050116319 19  P 88361 1765054 0 33541486
2050904640 14  P 126217 2056923 0 33544152
2053297108 3  P 73156 1905384 0 33590595
2054695748 6  P 116049 2082349 0 33613410
2055498383 11  P 132880 1922521 0 33629670
2055765350 2  P 155924 2438974 0 33692990
2057991736 1  P 215668 2454548 0 33664586
2060523408 13  P 136048 2112244 0 33698914
2060877327 10  P 110072 1982469 0 33713239
2061585249 15  P 140522 1954797 0 33724752
2068369953 7  P 153653 2254507 0 33973585
2070045470 18  P 104220 1761581 0 33860105
2072002108 5  P 140704 2207106 0 33896484
2074832693 16  P 95018 1933484 0 33947694
2075025298 8  P 137440 2219622 0 33935882
2076169636 4  P 182505 2332825 0 33954398
2076664482 6  P 116546 2099527 0 33973341
2082655467 12  P 183241 2210482 0 34072080
2083990927 19  P 90561 1794059 0 34096490
2085843958 3  P 73308 1931645 0 34123840
2085864372 4  P 184660 2345846 0 34113234
2085960266 15  P 142535 1977085 0 34124104
2087335544 13  P 137558 2136766 0 34138181
2088322317 8  P 138078 2231139 0 34153734
2093893242 11  P 138486 1967150 0 34258716
2095527670 9  P 172028 2328581 0 34280921
2096889249 14  P 130179 2097669 0 34297545
2097654815 18  P 105879 1784774 0 34312456
2097804230 1  P 220461 2504524 0 34316872
2097910280 17  P 76435 1815250 0 34323820
2099736611 5  P 143285 2245364 0 34350882
2102499912 2  P 158985 2492069 0 34458675
2104065251 10  P 117490 2035372 0 34420816
2104392504 7  P 155374 2291142 0 34563768
2108303485 19  P 93006 1817969 0 34494819
2108372477 15  P 144046 2013127 0 34491296
2110560091 4  P 188613 2384294 0 34517839
2113263863 14  P 130677 2110626 0 34565828
2113347814 17  P 78456 1829075 0 34576747
2113651209 7  P 155563 2301716 0 34715464
2113830384 10  P 119629 2049802 0 34580804
2118828365 3  P 73514 1959410 0 34664253
2124555300 6  P 121035 2152567 0 34757970
2124902726 9  P 176253 2367768 0 34762191
2126514866 12  P 186632 2252206 0 34790661
2126912245 5  P 145411 2281655 0 34796122
2128320205 13  P 141537 2172722 0 34809649
2128576498 11  P 142326 2004505 0 34826958
2131531448 2  P 162271 2524397 0 34934319
2131900248 8  P 139729 2265988 0 34867702
2133248558 18  P 107563 1812938 0 34895623
2133660854 16  P 96492 1979960 0 34911521
2136248253 14  P 131557 2128431 0 34942398
2137495050 15  P 148336 2047250 0 34968429
2137851108 1  P 227839 2571702 0 34972996
2142405514 12  P 187755 2267732 0 35051004
2143930119 6  P 121885 2173875 0 35075401
2144131952 19  P 95235 1848727 0 35081820
2146022901 13  P 142751 2187086 0 35099694
2146107779 11  P 145367 2029436 0 35114184
2146140476 2  P 163604 2540491 0 35173676
2146565951 10  P 122596 2086933 0 35117134
2150050345 1  P 229711 2589358 0 35172852
2150705356 5  P 149050 2323112 0 35185937
2154613960 16  P 97046 1996329 0 35254814
2154910265 17  P 81230 1862651 0 35257698
2156165992 8  P 140590 2306086 0 35265246
2156514148 18  P 108780 1832950 0 35276806
2161265845 3  P 73666 1994571 0 35359549
2162513276 4  P 195302 2457606 0 35369016
2163230846 9  P 178880 2400737 0 35390152
2164816506 17  P 81780 1870930 0 35420000
2165323072 7  P 156731 2348825 0 35562053
2172336760 6  P 122593 2200030 0 35540807
2174127286 10  P 123117 2120341 0 35568696
2176410985 16  P 99316 2019651 0 35611924
2178554143 13  P 144073 2216191 0 35632681
2180053551 19  P 98533 1887242 0 35670362
2181998456 11  P 148660 2068059 0 35702214
2182231692 8  P 142659 2331006 0 35692304
2183966354 4  P 196810 2479574 0 35720499
2184109621 3  P 74087 2014306 0 35733820
2186913601 1  P 235715 2640743 0 35776817
2187085241 15  P 151261 2101327 0 35780909
2187638995 14  P 134740 2186403 0 35784370
2187899566 7  P 158886 2372286 0 35931944
2190012099 9  P 180065 2421846 0 35828931
2190595127 5  P 153159 2369774 0 35839472
2191187363 2  P 168534 2598171 0 35911707
2192280575 12  P 192816 2319811 0 35868143
2193545413 18  P 109779 1863413 0 35883523
2198119122 8  P 145735 2363611 0 35952602
2198850785 15  P 151809 2111357 0 35973671
2202357731 11  P 152008 2088293 0 36035774
2202832069 17  P 83501 1904911 0 36042841
2204639844 12  P 193722 2332167 0 36070635
2205202340 2  P 169842 2613445 0 36141323
2205455272 5  P 153868 2387840 0 36082940
2206402596 9  P 181231 2437466 0 36097471
2206850741 19  P 100380 1914117 0 36109391
2207226016 13  P 144204 2238139 0 36102436
2207573155 7  P 160492 2391120 0 36254274
2214375279 3  P 74698 2044005 0 36229692
2218022966 1  P 241961 2682700 0 36286501
2218060276 4  P 198935 2522238 0 36279069
2219092277 18  P 110487 1885105 0 36302079
2219283478 10  P 125116 2160609 0 36308530
2220083241 16  P 101974 2063202 0 36327431
2221492673 6  P 122724 2239967 0 36346167
2224014063 14  P 136006 2219266 0 36380334
2228748668 18  P 110828 1894345 0 36460288
2230526227 7  P 164452 2426037 0 36630334
2232309697 11  P 154042 2126513 0 36526500
2232429202 13  P 144487 2259109 0 36515364
2232517776 5  P 156526 2417591 0 36526330
2233699504 9  P 181422 2461481 0 36544702
2236711407 6  P 123064 2252083 0 36595509
2237466473 4  P 201157 2544097 0 36597018
2238436712 12  P 195002 2372652 0 36624358
2238882036 15  P 154264 2158970 0 36629536
2240769614 17  P 84083 1935360 0 36664407
2241343416 2  P 174368 2660549 0 36733486
2242389091 14  P 136877 2235316 0 36681384
2244424942 8  P 152052 2440437 0 36711269
2245632004 19  P 103038 1946103 0 36744777
2246485134 3  P 75428 2072208 0 36755779
2249424055 10  P 125308 2189504 0 36802346
2253130045 16  P 102513 2089954 0 36868860
2254210124 15  P 154910 2178513 0 36880669
2258554209 1  P 248951 2729985 0 36950558
2259663981 2  P 176049 2679248 0 37033588
2259707156 17  P 84415 1951202 0 36974679
2259788575 13  P 146082 2283322 0 36963615
2263793266 9  P 183261 2487148 0 37037748
2265119186 8  P 155003 2465435 0 37050314
2265421260 12  P 196987 2396841 0 37066461
2265602702 19  P 103499 1964671 0 37071974
2268717166 11  P 157461 2167191 0 37122994
2269069834 1  P 250245 2743950 0 37122830
2273016056 3  P 78726 2106119 0 37190457
2273174527 5  P 160610 2463465 0 37192408
2275154809 18  P 111147 1932061 0 37220600
2275323127 7  P 168485 2482645 0 37364279
2276861613 10  P 126586 2215840 0 37251873
2278661241 16  P 103914 2112281 0 37287159
2278763216 4  P 201926 2578904 0 37273681
2280154621 14  P 138680 2272903 0 37300127
2282242646 6  P 128119 2306613 0 37341478
2285842345 18  P 111502 1941326 0 37395705
2286890930 3  P 80527 2122593 0 37417782
2289279876 11  P 159350 2189963 0 37459888
2289451638 2  P 179684 2717532 0 37521606
2291186033 12  P 200206 2424600 0 37488563
2292335058 19  P 104520 1986829 0 37509954
2292585270 15  P 156654 2218179 0 37509403
2295276224 7  P 169320 2501053 0 37691188
2298582139 17  P 86241 1984237 0 37611603
2299617816 6  P 128909 2326521 0 37626147
2302324671 9  P 186633 2535333 0 37669019
2306194803 13  P 147480 2319129 0 37723920
2308142961 10  P 127816 2243973 0 37764383
2309741702 1  P 256680 2802315 0 37789175
2310217218 14  P 140781 2300815 0 37792665
2312345792 5  P 163935 2500999 0 37834189
2313098870 16  P 106010 2142467 0 37851369
2316259712 8  P 158908 2522557 0 37888191
2316945058 13  P 149164 2335498 0 37900039
2317700716 4  P 202043 2611310 0 37911626
2320748707 11  P 161526 2221706 0 37975459
2321223838 16  P 106500 2149906 0 37984481
2321800313 1  P 259571 2818085 0 37986737
2324651141 7  P 171724 2538487 0 38172462
2326184046 9  P 189544 2563816 0 38059927
2329358022 18  P 112571 1977311 0 38108660
2330866304 19  P 105936 2020311 0 38141245
2331794468 4  P 202297 2622655 0 38142535
2334609199 2  P 184473 2765452 0 38261456
2334921167 12  P 204763 2474904 0 38205100
2339647808 15  P 160975 2264168 0 38280461
2340992737 6  P 132255 2371667 0 38304025
2341000261 3  P 86209 2192075 0 38304304
2341018035 10  P 132772 2283658 0 38302993
2341457110 17  P 88170 2017977 0 38314057
2343998375 14  P 142216 2328504 0 38346131
2345572366 8  P 161111 2549373 0 38368437
2345814643 5  P 167935 2536340 0 38382535
2347895753 16  P 108177 2172541 0 38421465
2348163420 15  P 161845 2275712 0 38419980
2349093416 2  P 185760 2780386 0 38498761
2350169512 4  P 204437 2639461 0 38443586
2352788655 13  P 151388 2377313 0 38487229
2354085119 19  P 107542 2038608 0 38521656
2354691610 17  P 88842 2030184 0 38530889
2355529661 14  P 142573 2338537 0 38535056
2357447150 8  P 161886 2558637 0 38562992
2360596352 3  P 86473 2217773 0 38625364
2360668437 9  P 192648 2596740 0 38624909
2361060917 11  P 167282 2265559 0 38635927
2361883463 6  P 134774 2395302 0 38646299
2364873891 1  P 267002 2876528 0 38692442
2365892846 10  P 135803 2312993 0 38710528
2365948010 7  P 172661 2579024 0 38849065
2366233290 18  P 115417 2010242 0 38712811
2366705343 5  P 170516 2561592 0 38724802
2376983622 12  P 207770 2513019 0 38894229
2378241439 15  P 164556 2321626 0 38912759
2378257073 6  P 136503 2428917 0 38914560
2383911319 16  P 111695 2203797 0 39011531
2384968997 3  P 87143 2252449 0 39024679
2385506946 19  P 110250 2068468 0 39036464
2386361770 10  P 136902 2330930 0 39045880
2386753951 17  P 91775 2057713 0 39056183
2389094459 7  P 175256 2600977 0 39228289
2390448895 13  P 154601 2420136 0 39104238
2392607876 14  P 145508 2372283 0 39142530
2394685840 12  P 209646 2529152 0 39184260
2394798911 5  P 171660 2586148 0 39185084
2395806622 8  P 163247 2603669 0 39191443
2396444861 1  P 270732 2917613 0 39209697
2396747706 4  P 207975 2681831 0 39206712
2397824630 9  P 197173 2644560 0 39233654
2398436057 18  P 117532 2034361 0 39240418
