244911501 15  P 2927 193639 0 3961067
245246595 14  P 3043 191686 0 3961063
245583399 19  P 3319 194777 0 3976424
245716163 12  P 4217 197825 0 3976422
246119903 9  P 6866 191893 0 3981038
246903127 18  P 4714 196604 0 3990001
248568164 1  P 3254 199905 0 4019705
251211083 8  P 7165 208450 0 4055257
251801269 13  P 5674 199816 0 4065989
252581407 16  P 5022 198246 0 4092645
259148937 7  P 4124 209861 0 4201184
259452130 3  P 2684 205593 0 4200440
259453479 5  P 5854 210676 0 4200422
259594288 10  P 6791 201797 0 4201685
259623052 2  P 3003 206715 0 4200433
261885475 4  P 7821 222629 0 4229847
261934140 11  P 5381 205404 0 4244459
261987062 17  P 4380 207277 0 4244458
262116016 6  P 3795 210137 0 4244457
263614970 19  P 4658 210830 0 4271845
264246902 18  P 5271 211113 0 4274161
265430779 7  P 4843 216387 0 4304105
265760793 13  P 8349 228875 0 4294693
266609862 5  P 6211 221272 0 4317666
268222000 16  P 5544 213430 0 4348892
268400935 9  P 8518 215922 0 4346090
268450586 12  P 6021 220695 0 4348892
270607389 2  P 3139 215866 0 4380398
272641218 10  P 7889 213413 0 4415443
272721417 17  P 4754 216446 0 4420328
272850336 6  P 3940 219078 0 4420327
273242889 8  P 10930 241771 0 4416211
280231083 14  P 4362 239255 0 4534204
282105934 11  P 6272 221658 0 4574954
282139695 3  P 4712 220938 0 4572147
282208440 15  P 5134 228585 0 4572121
283330271 4  P 11741 253648 0 4581176
283331435 1  P 7668 242064 0 4589265
283446453 7  P 6219 232992 0 4599263
283864681 15  P 5652 230894 0 4599257
284656702 5  P 6949 242740 0 4613329
284793335 4  P 12217 255885 0 4605147
286583806 1  P 7809 244933 0 4642551
286779259 2  P 3366 230101 0 4645355
287802118 19  P 5760 229956 0 4668129
287909503 16  P 6246 229184 0 4671448
287949744 11  P 6720 229603 0 4670699
288432366 9  P 9864 238061 0 4674262
288434345 18  P 6013 230753 0 4670446
290563084 10  P 8762 242961 0 4709070
292874078 3  P 5003 229710 0 4748018
299352241 8  P 13955 280140 0 4843968
302159127 17  P 5836 239116 0 4902631
302287814 6  P 4523 242627 0 4902623
302401509 12  P 9613 253908 0 4905134
303176970 14  P 5025 266010 0 4910107
303396775 13  P 11368 271387 0 4911295
305997982 12  P 10116 258545 0 4964048
306856012 11  P 9053 246840 0 4980457
306891162 5  P 8330 268657 0 4977600
307412346 1  P 10413 271816 0 4983798
307830862 17  P 6912 243181 0 4995556
307887035 4  P 15652 289359 0 4983498
308961735 8  P 14299 288561 0 5001404
309344654 10  P 10046 257486 0 5016776
309888649 2  P 3455 247956 0 5023974
310411556 19  P 6534 247920 0 5038553
310661880 15  P 7318 253755 0 5038297
313143984 16  P 8134 251006 0 5084877
313231295 18  P 7259 250461 0 5076717
313760884 9  P 11560 259714 0 5089232
319934258 14  P 6352 282397 0 5184632
320777404 13  P 12400 292042 0 5196052
322311549 3  P 7469 259028 0 5230319
322399457 7  P 6883 266369 0 5237446
322725349 6  P 5923 261627 0 5237465
326027866 11  P 9777 264296 0 5294568
326540113 7  P 6908 269391 0 5305286
327058915 4  P 19269 312751 0 5297604
328279200 12  P 12081 278586 0 5329099
328371609 3  P 8104 265298 0 5329605
329899116 8  P 15506 317015 0 5344433
332677547 19  P 7958 268926 0 5403350
335615544 13  P 13265 307326 0 5439153
337360302 10  P 10278 280414 0 5475780
338135895 9  P 14200 284442 0 5488584
339377735 17  P 9310 267390 0 5512413
339506567 6  P 6420 275214 0 5512405
339536624 15  P 8591 279734 0 5511375
340631102 1  P 13307 318509 0 5528051
341051047 16  P 10764 274089 0 5542089
341668596 14  P 7574 301087 0 5540716
341672829 5  P 10681 310707 0 5547427
341871845 18  P 8503 271860 0 5545960
342482392 2  P 3543 274538 0 5557987
345722574 16  P 10764 277510 0 5618625
345846480 17  P 9814 272547 0 5618395
346543748 18  P 9052 276547 0 5622504
347131149 13  P 13314 316401 0 5627819
348044903 12  P 12381 294417 0 5652934
348154259 2  P 3905 280023 0 5650913
350511021 9  P 14783 294021 0 5691333
350521713 1  P 14179 327834 0 5690096
350522249 6  P 6978 286839 0 5692882
350567873 15  P 8614 288122 0 5692109
353356102 14  P 7649 310561 0 5732197
353358349 3  P 8172 283950 0 5738986
353766648 10  P 11006 293834 0 5744579
353949597 4  P 22256 340000 0 5738159
353990845 5  P 11619 322588 0 5749244
357914764 8  P 16118 353080 0 5803433
358552253 19  P 8978 291128 0 5827274
358700308 11  P 11224 292287 0 5829858
359398807 7  P 8723 297621 0 5843635
364188518 10  P 11548 303071 0 5915330
364599843 1  P 14989 342035 0 5920749
365128242 17  P 10575 289124 0 5934296
365755447 19  P 8978 296822 0 5945290
365800681 16  P 13297 305524 0 5947564
365825051 18  P 9625 292435 0 5938405
365903661 11  P 12013 300236 0 5947870
366091159 15  P 8743 300745 0 5946439
366404243 12  P 13362 310369 0 5953725
368373035 2  P 4015 296777 0 5982173
368782118 5  P 11780 334629 0 5991578
369584279 13  P 14014 338492 0 5995683
369684238 14  P 8093 323235 0 5999711
370537910 6  P 7558 302793 0 6020815
371110454 4  P 25617 366513 0 6019311
371932779 9  P 16140 311624 0 6042306
372577129 3  P 8211 297510 0 6053864
374321043 8  P 17572 369408 0 6072229
380915563 7  P 11128 322882 0 6196141
384297869 10  P 12681 323255 0 6244798
385060442 12  P 14117 325845 0 6259386
386061474 3  P 8669 308742 0 6274786
386422750 5  P 12133 349256 0 6280596
386653414 14  P 8507 340122 0 6277725
387805103 9  P 17163 324615 0 6302354
389302788 19  P 11028 319569 0 6331077
391239097 13  P 17134 364255 0 6350465
391341774 2  P 4154 315372 0 6358490
392027552 4  P 30863 393100 0 6362008
393294009 11  P 12736 324256 0 6396636
393488167 16  P 15429 330105 0 6401188
395290662 7  P 12034 336871 0 6431661
395678577 6  P 8871 330795 0 6432715
397949978 15  P 12035 330138 0 6468398
398305381 8  P 19843 400185 0 6465174
402159504 17  P 11935 321517 0 6541012
402856828 18  P 11065 322395 0 6545120
403254466 1  P 19953 396359 0 6554063
404513563 12  P 14847 347140 0 6578105
404885598 18  P 11496 323823 0 6578356
405245255 9  P 18200 339180 0 6588094
405256684 6  P 9517 340775 0 6589643
407060487 2  P 4285 328416 0 6616022
408844708 10  P 14056 344108 0 6646966
409318573 1  P 20544 406096 0 6653416
409450267 11  P 14090 340190 0 6661338
410496703 14  P 8970 358610 0 6668371
410500869 5  P 13013 370693 0 6675087
410568292 15  P 12201 342084 0 6675134
412977968 7  P 12572 352943 0 6721444
414405209 3  P 8728 332845 0 6739169
417505771 19  P 12002 341482 0 6793152
417863223 16  P 17178 350582 0 6800541
418696016 8  P 20478 418888 0 6799249
420578448 17  P 12412 335959 0 6842786
423385892 4  P 37128 437949 0 6875766
423459267 13  P 18460 397707 0 6878351
425834185 1  P 22666 424889 0 6924004
429134411 7  P 14174 372357 0 6986148
429376039 10  P 14592 362112 0 6983345
430137046 4  P 37618 444264 0 6986375
430499302 3  P 9219 346023 0 7002848
431438384 5  P 14082 400437 0 7018085
431637409 14  P 9347 374965 0 7014731
432240500 13  P 18831 405687 0 7022222
433529519 2  P 4832 349668 0 7049685
433741396 6  P 10169 363958 0 7056326
437896785 19  P 12487 357242 0 7127234
437987622 17  P 13086 351508 0 7128018
439333967 15  P 13250 365590 0 7146418
440323420 9  P 19998 373982 0 7162797
440356510 11  P 15406 365941 0 7167701
441785046 16  P 18139 369892 0 7192464
441951070 12  P 17809 380546 0 7191472
442169279 18  P 12536 353059 0 7189212
443383543 8  P 21738 446945 0 7203723
444090859 11  P 15406 368939 0 7228884
444321806 7  P 16104 388902 0 7234972
445222634 16  P 18375 373018 0 7248785
445920838 3  P 9374 358000 0 7255518
446073599 17  P 13201 358146 0 7260497
447662069 19  P 13323 365657 0 7287227
448606736 18  P 12625 358182 0 7294683
449735366 10  P 15433 377657 0 7316909
450574559 4  P 39741 473042 0 7321207
450716739 2  P 5361 365053 0 7331277
451069628 6  P 12281 382342 0 7340226
452979610 9  P 20912 386934 0 7370156
455810509 12  P 18158 392415 0 7418545
456039768 8  P 22694 462282 0 7411079
456453996 5  P 16149 424906 0 7427932
456645277 15  P 14112 383910 0 7430041
459287328 13  P 21369 436281 0 7465344
462169009 14  P 11410 408214 0 7514946
463213879 9  P 22374 398400 0 7537832
463774916 7  P 18144 408840 0 7553685
463927963 1  P 27678 468450 0 7548113
464708944 15  P 14630 391438 0 7562155
466106493 11  P 16146 388167 0 7589584
466372381 18  P 13543 375014 0 7585753
466980690 4  P 43431 506054 0 7589990
468282029 5  P 17186 440189 0 7621717
469280254 3  P 9520 375895 0 7638231
469381082 1  P 28930 476970 0 7637455
470670001 2  P 6623 391025 0 7658179
471059555 14  P 12055 420094 0 7660605
471446007 8  P 23782 482943 0 7663479
471841499 19  P 14542 385299 0 7683377
472263585 12  P 19526 409656 0 7688109
475331476 17  P 14332 385984 0 7739853
478672848 10  P 17015 409981 0 7791012
480503765 16  P 23093 420576 0 7826823
482038413 6  P 15212 425636 0 7847596
483209322 13  P 23521 462335 0 7857262
485535042 16  P 23126 424280 0 7909254
487615191 19  P 15431 396621 0 7941811
488044833 12  P 21752 424857 0 7946660
489179200 6  P 15434 434311 0 7964585
489388066 14  P 12342 434743 0 7960888
492037482 13  P 23820 479154 0 8001895
492745298 9  P 26381 429796 0 8021659
492793021 1  P 32837 503739 0 8021028
495340078 4  P 47108 537418 0 8054623
495622167 11  P 17955 413874 0 8073168
495810505 2  P 7016 424200 0 8070065
495896537 15  P 16247 420209 0 8073128
497296527 3  P 10804 402309 0 8097236
499559935 18  P 13836 406519 0 8129495
500407183 10  P 17651 429449 0 8147105
500628310 17  P 15243 406349 0 8154314
501157269 5  P 21458 481341 0 8160322
501212382 7  P 19574 441566 0 8167052
503485305 10  P 17651 431830 0 8197536
503602650 8  P 26652 519828 0 8190318
504972563 16  P 24344 442896 0 8227715
505576062 12  P 22457 442786 0 8233889
505746343 4  P 48650 549372 0 8225117
505779158 5  P 22204 485285 0 8236046
507565716 17  P 15676 410855 0 8267975
508544931 2  P 7210 436357 0 8278704
510271491 19  P 16639 417217 0 8313008
510521909 13  P 24697 496189 0 8304741
511302712 15  P 17212 432994 0 8325538
512075210 11  P 18883 428413 0 8342734
514026473 9  P 29278 455531 0 8370320
518508531 8  P 27608 532204 0 8434539
519038392 6  P 17191 461801 0 8453792
519461165 14  P 13807 461949 0 8453604
519966112 18  P 14895 429029 0 8463827
521218313 3  P 14559 434191 0 8489170
521649909 7  P 19962 459119 0 8501891
523363206 16  P 25254 467139 0 8529025
523365512 1  P 39114 554657 0 8521922
525087381 7  P 20170 462284 0 8558206
526262862 2  P 8421 457905 0 8568975
527715859 11  P 20093 443351 0 8598988
528817248 15  P 19287 453509 0 8612494
530413343 6  P 18440 471899 0 8640150
531250915 10  P 18642 455809 0 8652443
531381132 13  P 26080 524803 0 8646461
532902712 4  P 51231 575533 0 8670023
534164795 8  P 28766 553456 0 8691045
534423126 5  P 26293 545787 0 8705309
536874385 3  P 16351 450400 0 8745676
537800110 17  P 16243 437214 0 8763331
539294270 18  P 15617 446235 0 8780495
539724530 19  P 18968 450959 0 8795562
540801635 12  P 27211 491009 0 8811019
541584233 1  P 43939 583023 0 8820406
541729654 9  P 32611 483916 0 8824198
543590734 14  P 14304 482552 0 8848941
544787364 13  P 27285 546742 0 8866071
546378218 17  P 16449 444489 0 8903874
546710128 6  P 20392 487550 0 8907149
548431121 7  P 20378 481659 0 8940670
548885883 9  P 33434 503114 0 8941412
550068290 15  P 19605 470615 0 8960666
550997067 11  P 21813 465370 0 8980425
551473024 14  P 14789 491178 0 8978082
551607897 2  P 10393 488762 0 8984214
552954096 10  P 18988 473988 0 9008024
554109108 5  P 28992 578114 0 9027845
554309875 18  P 15706 458972 0 9026506
554605722 4  P 52512 596150 0 9025585
555412367 1  P 45970 600717 0 9046963
556265018 3  P 17977 472158 0 9063370
560365205 19  P 20010 478923 0 9133729
560391782 16  P 30057 511241 0 9135694
561451156 12  P 28546 515270 0 9149335
562695999 8  P 31258 583538 0 9158491
564336600 8  P 31258 584474 0 9185369
564625975 10  P 19429 488338 0 9199254
565044852 12  P 29064 518676 0 9208214
570105863 4  P 54598 613351 0 9279526
573019482 16  P 30788 525167 0 9342583
573030740 3  P 18561 491553 0 9338059
573235443 5  P 31064 600154 0 9341195
573315735 17  P 17090 466112 0 9345215
574678010 1  P 49935 634771 0 9362602
578632097 6  P 24821 524125 0 9430146
578864189 13  P 31259 583706 0 9424368
579058917 9  P 38084 541656 0 9435753
579613624 11  P 24766 492971 0 9449276
580368663 7  P 21442 507069 0 9463928
580715769 14  P 15075 514979 0 9457193
581083966 15  P 22463 505051 0 9468817
582639053 2  P 13273 529928 0 9492616
582669223 18  P 17408 486430 0 9491144
582740171 19  P 21985 502391 0 9500319
584888012 18  P 17497 488373 0 9527497
585537340 13  P 32072 596813 0 9533694
585802554 6  P 25282 543788 0 9547624
585977233 8  P 33460 608712 0 9539924
587165542 7  P 21720 513223 0 9575287
587813438 10  P 20747 509679 0 9579147
588920431 2  P 14274 538193 0 9595527
589167146 9  P 39505 558263 0 9601357
590468256 3  P 19404 510048 0 9623755
590996425 4  P 58151 643370 0 9621778
592543638 19  P 22768 511906 0 9660938
592846997 17  P 17861 483473 0 9665215
592910027 16  P 34634 557879 0 9668443
593719647 5  P 34225 620829 0 9676808
594497070 14  P 15231 525590 0 9682983
601622756 1  P 55479 670838 0 9804058
601771457 15  P 23703 524509 0 9807756
602113645 11  P 26644 521622 0 9817910
603732332 12  P 32812 570335 0 9842063
604168944 11  P 26644 523018 0 9851585
604237621 17  P 18919 496301 0 9851838
605043972 14  P 15376 534225 0 9855716
605208901 19  P 24426 526032 0 9868446
605214002 9  P 40743 576022 0 9864261
605262970 18  P 17675 504819 0 9861315
606147738 6  P 27243 567863 0 9880934
606905732 3  P 20044 524988 0 9893067
607769480 16  P 35850 575217 0 9911896
609664765 8  P 37166 636912 0 9928013
609821907 7  P 23258 541143 0 9946478
611904724 2  P 16495 569427 0 9972087
613338423 1  P 57836 685341 0 9996007
614295253 12  P 33666 579944 0 10015114
614428160 15  P 24716 536670 0 10015115
615001455 5  P 36083 646733 0 10090938
617519118 4  P 62727 681722 0 10056296
618459646 13  P 35220 643696 0 10073043
619266989 10  P 22146 537598 0 10094472
624881211 15  P 25401 547391 0 10186375
625003597 17  P 20985 514849 0 10192058
625106875 11  P 29030 543272 0 10194622
625419670 18  P 17853 521200 0 10191552
626032459 5  P 37622 658208 0 10271667
626756214 19  P 24692 543325 0 10221469
627240946 13  P 35449 650873 0 10216914
628115913 1  P 60222 706407 0 10238109
628704536 10  P 22610 547072 0 10249096
630185799 12  P 34768 595283 0 10275463
632352662 8  P 38294 663395 0 10299720
633197254 7  P 25566 574445 0 10329434
633650111 16  P 38915 601104 0 10335912
633819897 6  P 28832 592836 0 10334299
638269245 4  P 65903 717841 0 10396255
639046789 3  P 21507 554177 0 10419659
643011352 9  P 45221 614857 0 10483506
643731895 14  P 16797 573301 0 10489545
644170716 2  P 18957 614993 0 10500710
644399829 7  P 26582 589858 0 10512972
645142070 10  P 23314 562587 0 10518398
645191744 16  P 41003 624081 0 10525004
647454460 5  P 40205 682558 0 10622633
648607152 18  P 18574 545482 0 10571452
650243269 8  P 41107 693584 0 10592826
653044326 11  P 31672 567823 0 10652344
653388158 14  P 17189 583109 0 10647754
653769302 17  P 21791 538483 0 10663354
654318758 15  P 26236 581358 0 10668669
654693696 19  P 26806 570500 0 10679192
654702923 3  P 22142 568224 0 10676168
655342087 12  P 37187 621642 0 10687620
655606096 4  P 68772 741402 0 10680293
659961701 9  P 47549 633505 0 10761216
660257427 6  P 29052 613335 0 10767447
660623857 2  P 19122 631331 0 10770276
663319010 1  P 65660 748403 0 10814871
663981761 11  P 31838 576859 0 10831544
664256530 13  P 37653 686879 0 10823354
664540971 7  P 28818 615219 0 10842958
665670728 2  P 19266 635838 0 10852963
666209631 13  P 37653 688511 0 10855353
668751393 10  P 23912 583118 0 10905207
670045227 12  P 37851 634667 0 10928511
670209510 15  P 27310 602096 0 10929016
674794626 18  P 19215 568550 0 11000504
675101191 6  P 29496 625795 0 11010640
676524432 8  P 42471 721667 0 11023410
676751516 5  P 43667 714226 0 11102558
677631215 19  P 27768 591113 0 11054995
678341265 14  P 18903 607415 0 11056584
680332580 16  P 43715 659030 0 11100738
680761333 9  P 50034 660303 0 11101993
680787790 1  P 67078 767578 0 11101077
682167603 4  P 73993 781065 0 11115457
682890443 3  P 22216 590602 0 11137990
682956829 17  P 22309 562767 0 11141559
684744095 7  P 29760 632694 0 11173951
685109200 3  P 22276 593035 0 11174340
685919268 11  P 32976 598575 0 11190966
686657670 10  P 25126 597337 0 11198580
688339831 12  P 39789 656469 0 11228249
689497764 18  P 19825 581001 0 11241399
692366792 6  P 30166 640135 0 11293515
692481906 14  P 19151 618690 0 11288262
692553382 1  P 68642 780802 0 11293843
692896829 15  P 28791 625251 0 11300719
694714458 9  P 51034 674256 0 11330592
695498830 2  P 20802 666770 0 11341658
695559342 4  P 75780 795439 0 11334859
695568725 19  P 29095 610204 0 11348880
699688865 5  P 46030 737138 0 11478361
700555844 8  P 44901 742637 0 11417134
701115950 13  P 41901 728695 0 11427226
701432593 17  P 22652 578985 0 11444262
702019933 16  P 45386 685203 0 11456057
705523054 13  P 42091 742543 0 11499426
706263716 2  P 21715 678109 0 11518025
707615176 6  P 31584 662500 0 11543335
707931519 7  P 30565 655607 0 11553847
708667560 9  P 53571 690319 0 11559194
710235675 5  P 47060 747334 0 11651156
713313961 10  P 26271 618392 0 11635311
713513082 11  P 33149 620594 0 11643061
714078073 3  P 22301 616232 0 11648964
715006803 1  P 70824 818791 0 11661706
716941739 16  P 45992 698424 0 11700534
719599964 19  P 30165 631698 0 11742608
719691146 17  P 23210 593904 0 11743412
720216274 14  P 19549 640833 0 11742655
722388425 18  P 20706 609501 0 11780274
722496873 4  P 79875 827168 0 11776189
723310827 12  P 42240 692450 0 11801208
723665303 8  P 46171 764007 0 11795751
724553085 15  P 30439 657873 0 11819367
725437335 3  P 22361 624889 0 11835072
725495588 9  P 55110 706591 0 11834900
725891970 5  P 48449 762288 0 11907595
726443500 2  P 23403 702072 0 11848625
727629338 19  P 31141 647719 0 11874160
729661584 14  P 19603 648779 0 11897401
729868315 8  P 46514 770053 0 11897383
730590274 1  P 73144 840400 0 11917024
733475573 7  P 31249 676450 0 11972348
734035545 16  P 46837 724125 0 11980593
735054327 6  P 33562 687478 0 11992886
737959772 13  P 46342 777892 0 12030850
738412480 15  P 30577 669242 0 12046438
738720233 10  P 27934 642615 0 12051564
740139094 12  P 43609 711149 0 12076919
741091523 18  P 22705 628201 0 12086702
741829077 17  P 24185 613028 0 12106116
743371850 4  P 82339 847462 0 12118195
743872505 11  P 33777 645673 0 12140466
746228030 8  P 47508 784362 0 12165405
747928102 15  P 30876 677409 0 12202339
747990899 1  P 74294 860435 0 12202112
750889610 2  P 26648 738405 0 12249122
752043665 4  P 82908 856184 0 12260269
752052550 13  P 47438 808274 0 12261737
752060352 11  P 34281 653374 0 12274610
753318777 19  P 31866 668297 0 12295052
753453019 3  P 23134 648610 0 12294076
754654679 12  P 44904 731655 0 12314739
756669689 18  P 23669 642578 0 12341933
758242573 9  P 60443 745004 0 12371408
758273169 6  P 36218 716270 0 12373296
759441796 16  P 48362 745828 0 12396847
760548327 10  P 28756 661764 0 12409193
761894316 17  P 25153 629908 0 12434864
762025269 7  P 31614 699931 0 12440106
762591301 14  P 22005 683516 0 12436915
763688782 5  P 51811 802050 0 12526779
764129241 16  P 48692 750574 0 12473645
765263118 11  P 34725 664773 0 12490928
765441162 17  P 25153 632764 0 12492976
768063905 10  P 29301 667674 0 12532327
769859203 3  P 23997 669746 0 12562873
770115597 15  P 31656 698522 0 12565855
770413805 6  P 36539 726291 0 12572206
774715627 4  P 85081 877341 0 12631716
775274573 8  P 49334 821077 0 12641306
775310309 18  P 24914 659120 0 12647340
776155120 2  P 29349 777183 0 12663039
777198785 9  P 62694 768149 0 12681980
777694008 1  P 80627 905516 0 12688749
778193884 19  P 32845 689584 0 12702603
780060875 12  P 46402 761503 0 12730991
780751285 5  P 52906 817543 0 12806323
781106949 14  P 22518 705003 0 12740271
781272203 13  P 49399 841720 0 12740459
781712907 7  P 31710 715637 0 12762663
783470169 10  P 29355 679858 0 12784738
786590529 4  P 86447 897512 0 12826270
786681559 7  P 31826 721477 0 12844067
787730049 9  P 63337 780528 0 12854522
788021848 15  P 33504 715779 0 12859225
789016965 5  P 52990 828680 0 12941745
790462032 8  P 50617 835582 0 12890135
791340792 1  P 81612 924089 0 12912330
792546806 3  P 25968 693608 0 12934583
793420876 2  P 31339 797394 0 12945908
797028807 14  P 23908 728803 0 13001133
797378721 17  P 26178 659078 0 13016236
798575927 18  P 26833 685631 0 13028523
802475136 6  P 39790 758633 0 13097487
802778763 11  P 36992 703137 0 13105581
803207330 16  P 50184 786560 0 13113886
803818773 19  P 36220 713614 0 13122432
804162848 13  P 50512 868474 0 13115491
804435850 12  P 50289 786988 0 13130348
804803118 19  P 36220 714266 0 13138560
805695000 6  P 40249 762278 0 13150240
805768810 11  P 37277 706206 0 13154569
806704445 5  P 55664 855257 0 13231529
808144846 16  P 50707 792250 0 13194781
808490933 13  P 51002 873723 0 13186398
808608473 2  P 33003 832345 0 13194715
808764176 12  P 51180 791949 0 13201260
809718654 3  P 26451 714595 0 13215925
810928362 1  P 84907 949216 0 13233247
812409892 17  P 26998 675203 0 13262504
813837077 8  P 52337 867396 0 13273103
814678164 15  P 34298 736974 0 13295953
817512042 4  P 90660 932006 0 13332882
819966344 14  P 26254 756806 0 13376936
820392208 10  P 29632 710094 0 13389659
822087787 7  P 32947 761163 0 13424141
822620688 9  P 67110 818286 0 13426158
823450924 18  P 28920 706836 0 13436074
824175481 17  P 27595 684938 0 13455269
826775290 7  P 33064 765210 0 13500937
827631275 19  P 38246 734794 0 13512573
830411022 14  P 27659 772504 0 13548058
831829610 10  P 29693 719113 0 13577050
832160440 16  P 52467 816914 0 13588246
833735707 5  P 57749 880714 0 13674399
835153665 11  P 38231 736815 0 13636010
835216616 18  P 29553 722320 0 13628841
835881490 1  P 87820 979222 0 13642058
835983354 2  P 36433 863478 0 13643208
835999809 3  P 27508 749092 0 13646511
836865572 15  P 36221 758022 0 13659466
838512360 4  P 91905 951710 0 13676948
840428446 13  P 54901 912073 0 13709643
841592136 12  P 54168 829132 0 13739110
842137059 6  P 45454 821459 0 13747263
842790142 8  P 55552 898371 0 13747457
842806136 9  P 69563 841796 0 13756849
844771833 15  P 36638 766026 0 13788997
846506232 19  P 39683 752249 0 13821820
848272141 1  P 90528 995519 0 13845061
848347969 16  P 52626 829793 0 13853459
848591586 18  P 31070 741789 0 13847974
849138107 11  P 38459 748398 0 13865130
849657537 5  P 59324 900119 0 13935257
850105121 9  P 69834 853405 0 13876434
852248506 10  P 31254 739846 0 13911589
854227786 8  P 56111 908471 0 13934844
858613067 17  P 28567 714822 0 14019491
858936439 2  P 38388 896832 0 14019257
859980611 14  P 30745 823595 0 14032521
861459690 13  P 57023 945844 0 14054194
862244166 7  P 33907 798141 0 14082030
862398135 6  P 49136 852067 0 14079197
863015552 3  P 31176 789861 0 14089135
863342276 12  P 57290 854537 0 14095462
863699928 4  P 93689 978646 0 14089613
865985745 10  P 32369 759924 0 14136650
867497772 18  P 32758 759699 0 14157732
867722760 17  P 28719 722397 0 14168736
868447278 7  P 34249 803327 0 14183658
868665147 8  P 56364 921158 0 14171381
871007558 6  P 49535 859801 0 14220254
871575610 11  P 40025 769438 0 14232743
872089958 12  P 58508 864081 0 14238784
872551087 16  P 53614 850709 0 14250000
872897215 13  P 57812 956701 0 14241581
873646362 1  P 95645 1029930 0 14260776
875521909 19  P 40318 780064 0 14297211
877266958 5  P 60811 926187 0 14387603
877832967 2  P 39338 929722 0 14328839
881372532 14  P 32636 850137 0 14383003
882620721 9  P 71963 889722 0 14409131
883171759 3  P 32458 809154 0 14419373
884216208 11  P 40543 781661 0 14439847
884459375 15  P 39585 804117 0 14439227
884834348 15  P 39585 804525 0 14445370
886886710 4  P 96078 1003730 0 14469487
889476416 3  P 33088 815919 0 14522664
890481519 4  P 96298 1008807 0 14528383
890909890 17  P 29752 741830 0 14548636
891085592 6  P 51403 882870 0 14549205
891960032 1  P 99041 1053567 0 14560817
893995680 9  P 72908 898409 0 14595498
894310053 14  P 34371 866874 0 14594968
894920751 2  P 41545 952954 0 14608789
895751301 10  P 33815 785627 0 14624327
896639016 12  P 62290 894045 0 14640989
897728409 7  P 34902 832778 0 14663391
897832707 16  P 54869 874804 0 14664198
898075940 18  P 34829 794993 0 14658719
898446447 8  P 56981 949766 0 14659307
898488383 13  P 58990 983297 0 14660856
899173248 5  P 62929 966700 0 14746502
903943667 19  P 42902 806808 0 14762871
905926435 14  P 35418 878197 0 14785289
906157574 5  P 63605 973898 0 14860931
906363002 17  P 30021 755025 0 14801819
907239235 19  P 43117 810117 0 14816861
907762541 15  P 42596 826980 0 14821022
909467612 2  P 41906 965839 0 14847120
909975278 13  P 60425 999795 0 14849055
910592107 12  P 63443 907997 0 14869596
913288584 1  P 102380 1082506 0 14910247
913309663 4  P 98522 1030836 0 14902388
913322163 7  P 35359 854652 0 14918869
916985710 10  P 34305 803880 0 14972226
917680793 8  P 57299 965680 0 14974434
918656040 3  P 36975 846660 0 15000739
922773032 6  P 52092 909387 0 15068362
923098015 16  P 56358 900206 0 15078144
923341519 18  P 36125 817283 0 15072669
923903644 11  P 41718 816241 0 15090079
923948860 9  P 74797 930336 0 15086243
926529004 18  P 36125 819769 0 15124893
926631964 13  P 61218 1015330 0 15121943
927896804 15  P 43254 842908 0 15150893
928509668 7  P 37869 873212 0 15167683
928576415 8  P 57627 979401 0 15152940
929106807 11  P 41784 820649 0 15175327
929845069 10  P 35227 815441 0 15182911
932013249 4  P 102623 1053529 0 15208813
932351414 16  P 56730 908349 0 15229752
933687388 3  P 38023 860725 0 15247009
933757490 6  P 52673 918206 0 15248328
934284905 17  P 30451 779443 0 15259288
937601082 1  P 105623 1116895 0 15308576
937732752 12  P 66763 935532 0 15314262
938506196 19  P 44742 840004 0 15329135
938539935 5  P 67832 1029919 0 15391437
941028790 14  P 37884 916147 0 15360404
941405455 2  P 42836 992959 0 15370380
942056143 9  P 75616 954664 0 15382891
945904629 12  P 67255 941957 0 15448149
947524552 8  P 57751 998273 0 15463383
947761366 9  P 76279 966534 0 15476360
947938834 10  P 35253 829572 0 15479357
948238028 17  P 31373 792532 0 15487894
949459329 19  P 45191 849781 0 15508591
951884863 7  P 40831 908752 0 15550653
953486199 5  P 68991 1045485 0 15636313
953584360 15  P 44179 865806 0 15571751
954846746 1  P 109448 1138825 0 15591126
955294359 11  P 44096 846432 0 15604379
957660497 16  P 59339 942472 0 15644397
959825934 18  P 37563 852696 0 15670426
959928846 13  P 63645 1052225 0 15667456
960406181 3  P 39139 890098 0 15684764
961038689 6  P 54410 941438 0 15695300
961999271 2  P 43423 1009685 0 15707783
962060059 14  P 38413 936236 0 15704967
963919434 4  P 106733 1092062 0 15731554
964457392 16  P 59934 949333 0 15755754
964968651 3  P 39524 898435 0 15759515
965813894 10  P 36023 844028 0 15772220
966194478 13  P 63872 1057874 0 15770108
967576661 12  P 68449 961463 0 15803216
968569831 1  P 111414 1162334 0 15815963
969600005 19  P 45355 866054 0 15838570
970167197 9  P 79529 1006054 0 15843409
970431222 8  P 58198 1019990 0 15838667
970763524 18  P 37652 862037 0 15849625
971976325 6  P 56397 955893 0 15874501
972481960 14  P 39365 947048 0 15875719
976096235 17  P 32433 818704 0 15944323
978247678 4  P 108265 1108352 0 15966304
980681551 7  P 43086 937419 0 16022440
981793507 11  P 44999 869810 0 16038538
982436823 2  P 45509 1031662 0 16042627
983361252 5  P 72182 1084765 0 16125769
983925244 15  P 46131 898450 0 16068849
984294702 18  P 37678 874987 0 16071319
986100711 13  P 66074 1081602 0 16096228
986488598 16  P 61600 973703 0 16116708
987251312 10  P 37008 860705 0 16123444
987935025 14  P 40901 967683 0 16128895
988811736 2  P 45771 1037026 0 16147073
989447164 7  P 43486 949808 0 16166041
993343694 3  P 42130 931649 0 16224409
996646885 15  P 46333 909763 0 16277282
997034911 17  P 33433 840037 0 16287382
997467162 12  P 70531 997948 0 16292926
997527279 9  P 83496 1053829 0 16291637
998178122 19  P 45986 889476 0 16306787
998851387 6  P 59437 984427 0 16314811
1000283082 5  P 73327 1103011 0 16403010
1001278849 11  P 45187 885975 0 16357780
1001585483 1  P 116146 1217478 0 16356875
1002087446 8  P 59989 1055158 0 16357308
1006185034 4  P 110721 1135477 0 16424027
1007553953 13  P 67481 1103434 0 16447711
1007595055 10  P 37048 877361 0 16456754
1007988005 17  P 33536 849555 0 16466836
1008269880 16  P 63261 995616 0 16473567
1009353406 7  P 43794 972529 0 16492178
1009382528 6  P 60199 994558 0 16487350
1009443693 19  P 46418 897776 0 16491358
1010044388 11  P 45295 894026 0 16501392
1010170655 12  P 71516 1013856 0 16501042
1011884359 8  P 60282 1064097 0 16517820
1014929206 1  P 118366 1235341 0 16575493
1018062525 3  P 42989 958022 0 16629398
1018303049 15  P 47341 930744 0 16632093
1019467972 2  P 48200 1069090 0 16649328
1020654108 18  P 39026 906847 0 16667024
1021292944 9  P 85001 1076185 0 16681010
1021544840 14  P 42321 1012769 0 16679535
1023658039 5  P 74713 1125670 0 16785982
1024669566 4  P 112336 1153700 0 16726875
1027649979 8  P 60446 1078055 0 16776121
1028022975 1  P 120788 1254427 0 16790016
1028128644 17  P 34044 867346 0 16796820
1028587764 7  P 44715 991829 0 16807306
1029010749 18  P 39461 913579 0 16803939
1029208207 13  P 68851 1123785 0 16802485
1029845538 5  P 74970 1130970 0 16887358
1029982364 14  P 42578 1021059 0 16817775
1031110701 10  P 37296 896996 0 16842031
1032483141 12  P 73684 1036064 0 16866604
1032535948 16  P 65536 1020212 0 16871130
1032631204 19  P 46664 916418 0 16871256
1033242213 6  P 61462 1014867 0 16878245
1034154343 3  P 45457 975898 0 16893048
1034709318 15  P 47804 943580 0 16900889
1040747527 11  P 46062 922402 0 17004430
1041825803 4  P 114859 1172777 0 17007955
1041871146 9  P 86957 1098020 0 17018158
1042952380 2  P 48676 1089457 0 17034088
1046723385 16  P 66066 1031999 0 17103574
1047028776 11  P 46062 927012 0 17107341
1047131206 15  P 48437 955115 0 17104408
1047749041 3  P 46365 992065 0 17115776
1048248771 12  P 73928 1049782 0 17124906
1050450942 18  P 39639 931646 0 17155212
1051200785 4  P 115025 1184051 0 17161553
1053419839 14  P 43618 1043314 0 17201767
1054470065 10  P 37791 918906 0 17224747
1055928105 19  P 46828 935446 0 17252946
1056014745 7  P 47539 1023086 0 17256654
1056601566 6  P 62327 1033739 0 17260957
1056892379 5  P 77168 1157612 0 17330486
1057639985 2  P 49003 1102579 0 17274723
1060837498 8  P 61946 1108547 0 17319854
1061816160 17  P 35006 896659 0 17348755
1062085471 1  P 126983 1296236 0 17348091
1062386689 9  P 88223 1128216 0 17354270
1064085092 13  P 70963 1157929 0 17373888
1065634368 8  P 62068 1113016 0 17398443
1066501712 5  P 78266 1171254 0 17487923
1066810464 14  P 43868 1054846 0 17421158
1067241321 13  P 70963 1160377 0 17425600
1067327471 2  P 49043 1111383 0 17433443
1068568699 15  P 48910 972989 0 17455637
1070781305 4  P 116735 1203686 0 17482356
1071249327 3  P 48397 1015471 0 17500795
1072426549 16  P 67724 1056653 0 17524689
1074407689 10  P 37932 935831 0 17551402
1074503669 17  P 35562 908377 0 17556627
1076794437 11  P 47295 953315 0 17595016
1077385208 7  P 48883 1053004 0 17606774
1078976084 1  P 129173 1318033 0 17624822
1079595063 9  P 90348 1154020 0 17636203
1082638474 18  P 39995 958584 0 17682572
1083695337 6  P 62542 1056620 0 17704856
1084725064 19  P 46910 957777 0 17724747
1084959386 19  P 46910 957981 0 17728587
1085294848 14  P 44427 1070664 0 17724005
1085516883 7  P 49854 1061639 0 17740000
1086155085 12  P 75480 1087815 0 17745955
1086389783 12  P 75480 1088009 0 17749794
1089345197 10  P 38383 949543 0 17796134
1089558547 9  P 92576 1168706 0 17799443
1090572105 8  P 62688 1137956 0 17807004
1091159911 17  P 35714 921728 0 17829521
1092098459 16  P 68707 1086220 0 17846988
1092155964 2  P 51427 1133645 0 17840215
1092428137 15  P 49981 992268 0 17846545
1099156855 3  P 49943 1045455 0 17958022
1099903790 11  P 47510 973062 0 17973634
1100428851 13  P 73278 1190918 0 17969328
1100617389 6  P 64350 1071632 0 17982096
1102482143 4  P 119944 1243704 0 18001727
1103282620 10  P 38756 962679 0 18024482
1103798689 5  P 80008 1224525 0 18098960
1104279080 18  P 40084 976633 0 18037130
1104513436 18  P 40084 976837 0 18040970
1105381955 13  P 73713 1200311 0 18050466
1105569817 1  P 132097 1346494 0 18060529
1105576070 14  P 45393 1090912 0 18056288
1108935041 11  P 47994 981410 0 18121599
1109023581 6  P 64984 1081220 0 18119819
1110094066 3  P 51548 1056852 0 18137224
1110389866 2  P 52329 1149418 0 18138960
1110736129 5  P 80756 1232707 0 18212622
1112530042 12  P 77237 1116009 0 18178073
1114519308 17  P 36455 948859 0 18212239
1116919551 4  P 120838 1261311 0 18238263
1117900847 7  P 53037 1095438 0 18270559
1120301568 16  P 69477 1110782 0 18309059
1120511970 9  P 95339 1202838 0 18306573
1121051937 19  P 47726 989538 0 18319925
1122306382 8  P 64333 1171400 0 18326935
1122881711 15  P 50662 1022093 0 18345480
1126944834 1  P 135016 1374599 0 18410736
1128279857 10  P 39577 985027 0 18434021
1129899784 7  P 54310 1108485 0 18467142
1130619982 1  P 135867 1379084 0 18470948
1130654108 18  P 40875 999075 0 18469251
1131522596 13  P 75913 1227699 0 18478743
1131558597 9  P 96127 1217121 0 18487561
1133609588 3  P 52524 1082119 0 18522501
1134739064 16  P 70005 1124801 0 18545597
1135445392 6  P 68029 1116063 0 18552709
1135544834 11  P 48151 1002985 0 18557567
1136341692 14  P 46154 1119042 0 18560348
1136787911 19  P 48067 1003184 0 18577735
1136858639 2  P 52474 1168638 0 18572620
1138217543 12  P 78869 1146496 0 18598932
1138925546 17  P 36866 969394 0 18612111
1139450828 4  P 123544 1288780 0 18607395
1140267419 5  P 83439 1277992 0 18696406
1144522268 15  P 51575 1039862 0 18700037
1145540538 8  P 65303 1200052 0 18707600
1148209748 15  P 51685 1042975 0 18760452
1149149925 8  P 65537 1203888 0 18766736
1149784957 17  P 37688 980196 0 18790030
1153500200 3  P 54317 1106523 0 18848387
1156339860 9  P 98801 1240102 0 18893561
1156341977 18  P 41053 1020587 0 18890113
1156369795 4  P 124869 1307296 0 18884585
1156961379 16  P 71362 1144485 0 18909680
1157210045 13  P 77325 1250456 0 18899590
1158072718 7  P 56951 1144811 0 18928708
1158751740 10  P 40824 1010949 0 18933263
1158967993 2  P 52619 1185295 0 18934857
1160732293 11  P 49636 1026663 0 18970236
1161548612 5  P 84544 1297767 0 19045071
1162944141 19  P 48630 1026526 0 19006276
1163554783 6  P 69367 1139670 0 19013238
1163560468 14  P 49288 1152086 0 19006288
1163608214 12  P 80745 1171660 0 19014922
1166031285 3  P 54981 1118138 0 19053694
1166457771 16  P 71974 1153686 0 19065265
1166590199 9  P 100235 1250020 0 19061489
1166675929 19  P 49143 1029634 0 19067415
1167160789 1  P 140000 1424920 0 19069628
1167501717 5  P 85091 1306822 0 19142602
1169537871 15  P 52311 1060846 0 19109889
1169561768 2  P 53023 1193481 0 19108424
1171056302 8  P 66848 1224231 0 19125641
1173077852 11  P 50045 1037272 0 19172504
1173482363 14  P 49510 1161857 0 19168837
1175147936 1  P 141264 1434702 0 19200491
1177403890 4  P 126603 1328036 0 19229201
1179316528 17  P 38754 1010939 0 19273864
1181423682 10  P 41164 1043685 0 19304711
1182498199 18  P 41320 1042760 0 19318653
1183366315 13  P 79827 1278546 0 19328120
1184757825 6  P 70018 1156315 0 19360618
1184791469 7  P 59413 1173333 0 19366453
1185025841 7  P 59413 1173537 0 19370293
1185685679 18  P 41409 1045776 0 19370875
1186842597 12  P 84201 1199923 0 19395588
1189290621 8  P 68879 1245245 0 19424389
1190719047 3  P 56659 1141976 0 19458176
1192107306 11  P 50536 1053646 0 19484281
1192538942 1  P 142839 1453164 0 19485419
1193754344 17  P 39058 1023623 0 19510413
1193999243 2  P 53313 1212528 0 19508804
1194553873 15  P 53142 1081745 0 19519743
1195340298 9  P 104504 1285266 0 19532510
1196414213 6  P 70959 1167244 0 19551592
1197623836 12  P 85344 1222080 0 19572220
1198423715 10  P 42485 1057920 0 19583236
1200850764 13  P 82242 1300261 0 19614567
1202243107 5  P 86752 1360379 0 19711767
1202489074 16  P 73735 1194081 0 19655588
1202631628 19  P 50033 1060114 0 19656505
1204919856 14  P 52168 1198228 0 19683886
1207165613 8  P 70902 1267058 0 19717249
1207576051 11  P 50879 1067039 0 19737720
1207669555 4  P 128061 1365496 0 19725054
1207926560 16  P 74017 1198865 0 19744674
1208310505 14  P 52301 1201332 0 19739438
1210132325 1  P 145579 1475400 0 19773663
1210155060 12  P 86358 1235206 0 19777526
1210412892 19  P 50033 1066438 0 19783993
1210538267 13  P 82448 1308052 0 19773283
1210912384 6  P 72628 1184484 0 19789131
1213421186 2  P 54085 1229107 0 19827012
1214900820 7  P 60719 1199905 0 19859757
1215535314 17  P 39880 1042794 0 19867273
1215564244 5  P 88637 1375590 0 19930019
1222002031 10  P 43263 1078862 0 19969541
1222138856 18  P 41791 1076636 0 19968120
1222453343 3  P 59521 1176235 0 19978110
1222699643 9  P 107318 1321434 0 19980753
1224506683 15  P 53432 1107917 0 20010493
1225722798 17  P 40032 1051382 0 20034184
1225872561 4  P 129901 1384843 0 20023285
1225928518 15  P 53432 1109141 0 20033787
1227608615 2  P 54522 1241923 0 20059455
1227806347 8  P 71437 1287862 0 20055422
1228939336 10  P 43762 1084443 0 20083204
1229060749 18  P 41880 1082637 0 20081524
1229382969 6  P 73737 1201650 0 20091747
1230304204 1  P 147320 1499660 0 20104154
1230404157 11  P 51629 1087591 0 20111736
1230592591 12  P 88858 1257591 0 20112370
1231652745 9  P 108473 1331803 0 20127438
1231950960 13  P 84087 1329193 0 20124106
1233598421 16  P 75600 1223551 0 20165265
1240982312 3  P 60687 1194823 0 20281683
1241541333 7  P 60899 1221205 0 20296230
1241959819 19  P 51038 1093084 0 20300854
1242392393 5  P 90031 1405175 0 20369553
1244997999 14  P 54651 1239380 0 20340522
1246232022 4  P 130634 1402516 0 20356851
1246381668 19  P 51093 1096739 0 20373298
1246558386 9  P 109533 1346433 0 20371649
1248707183 17  P 41141 1072985 0 20410758
1248845666 14  P 54906 1242831 0 20403562
1248950779 4  P 130821 1405334 0 20401395
1249506648 15  P 53946 1134218 0 20420084
1250484688 3  P 61555 1208470 0 20437368
1251493714 8  P 72987 1311263 0 20443511
1254164231 6  P 75399 1224979 0 20497756
1255233182 12  P 90344 1278451 0 20516077
1255454986 10  P 43882 1105920 0 20517634
1256944837 1  P 149230 1525311 0 20540634
1257095525 5  P 90287 1421441 0 20610447
1258973499 16  P 76706 1244980 0 20581007
1260796128 2  P 54915 1266865 0 20603194
1261466945 18  P 42578 1108606 0 20612466
1262913199 13  P 86747 1357962 0 20631378
1262919842 11  P 52290 1125267 0 20644469
1263010077 7  P 61170 1240452 0 20647971
1267022613 19  P 52301 1113613 0 20711476
1267898539 6  P 76564 1246929 0 20722777
1268675937 17  P 41992 1091054 0 20737925
1269107352 11  P 52365 1130741 0 20745843
1269228838 7  P 61357 1245553 0 20749857
1269475384 15  P 54752 1164401 0 20747244
1269645461 4  P 132054 1426128 0 20740453
1271560515 14  P 56919 1263676 0 20775715
1271814388 10  P 44374 1118942 0 20785664
1273530034 12  P 92640 1297871 0 20815850
1273600713 13  P 87562 1368052 0 20806477
1274219067 3  P 62887 1245536 0 20826226
1275897957 1  P 149902 1542587 0 20851160
1279451333 18  P 42674 1123496 0 20907122
1282012119 9  P 114987 1400056 0 20952508
1282649980 8  P 73743 1338598 0 20953966
1284020350 16  P 77751 1272851 0 20991366
1285204886 5  P 91563 1453484 0 21070985
1285514842 2  P 55098 1286650 0 21008185
1285952357 2  P 55256 1287272 0 21015350
1286197568 7  P 61544 1260029 0 21027871
1286895294 16  P 77751 1275299 0 21038468
1287629043 17  P 42364 1107583 0 21048453
1287953325 3  P 63680 1260915 0 21051246
1288428508 15  P 55559 1185748 0 21057771
1289013237 4  P 132902 1443975 0 21057774
1289841961 18  P 42763 1131993 0 21077362
1290199585 9  P 115874 1409292 0 21086649
1291288189 13  P 89052 1389169 0 21096262
1291759374 8  P 73971 1349301 0 21103211
1295216812 14  P 58277 1286806 0 21163292
1295678491 19  P 53357 1137632 0 21180972
1297412690 6  P 78850 1274858 0 21206332
1298830014 10  P 44538 1140843 0 21228286
1299810443 11  P 53960 1158071 0 21248883
1302470510 5  P 93100 1470593 0 21353860
1305788941 1  P 152638 1577317 0 21340884
1307223464 16  P 78991 1298532 0 21371514
1307376739 5  P 93192 1477763 0 21434244
1307889441 12  P 94964 1342203 0 21378785
1309840195 9  P 118760 1432223 0 21408435
1310131628 19  P 54041 1150395 0 21417765
1314783118 10  P 44641 1153741 0 21489662
1315326326 18  P 43574 1156195 0 21494896
1315961232 6  P 80535 1294792 0 21510225
1316050968 17  P 42710 1131537 0 21514114
1316609744 3  P 66018 1290836 0 21520751
1317397214 15  P 56844 1212452 0 21532394
1319405060 12  P 95088 1352638 0 21567454
1319916337 7  P 61731 1287585 0 21580315
1321389986 2  P 58114 1330103 0 21595941
1321700709 4  P 133534 1472915 0 21593324
1322696850 8  P 75086 1377101 0 21610083
1323866696 1  P 156665 1601080 0 21637072
1324247975 11  P 54950 1180062 0 21649265
1325116351 13  P 92666 1424166 0 21650488
1325169917 14  P 60000 1316748 0 21654032
1325564349 10  P 45525 1166643 0 21666301
1327569143 19  P 54123 1164905 0 21703455
1328385450 7  P 62392 1295422 0 21719063
1330803689 15  P 57003 1227556 0 21752044
1332020285 16  P 80436 1331012 0 21777776
1332712291 8  P 75613 1386216 0 21774174
1334382341 1  P 156988 1618668 0 21809341
1334639521 4  P 134735 1487795 0 21805312
1335548587 5  P 97193 1512884 0 21895807
1335763867 18  P 43840 1173824 0 21829740
1335951158 14  P 60432 1328205 0 21830670
1336016002 3  P 67383 1311706 0 21838701
1339053820 13  P 93900 1442518 0 21878828
1339388602 11  P 55688 1194017 0 21897329
1339425945 17  P 43434 1158799 0 21897084
1339435346 12  P 97247 1378149 0 21895620
1341264865 2  P 59269 1354861 0 21921554
1341712689 9  P 120654 1475253 0 21930584
1343203181 6  P 82977 1320170 0 21956552
1346545092 18  P 43929 1182883 0 22006378
1347491014 15  P 57340 1242078 0 22025449
1348088185 7  P 62755 1312483 0 22041870
1349501797 10  P 46701 1190477 0 22058490
1351295664 12  P 97947 1389315 0 22089940
1352726811 6  P 83708 1328103 0 22112583
1353460424 1  P 160080 1642252 0 22121915
1354958966 16  P 81743 1354031 0 22153600
1355459749 19  P 54285 1187539 0 22160413
1356038265 13  P 94339 1456381 0 22157098
1357249621 3  P 70891 1346582 0 22186589
1357399959 8  P 77258 1412150 0 22178654
1360126791 5  P 99043 1549610 0 22298490
1360137185 9  P 123498 1504522 0 22232440
1362122915 11  P 56575 1217931 0 22269807
1363563973 17  P 43846 1179644 0 22292558
1363888692 14  P 61132 1362663 0 22288394
1365702490 2  P 60902 1378350 0 22321925
1365841725 4  P 137146 1517385 0 22316515
1369810431 11  P 56951 1236786 0 22395759
1371206394 9  P 123678 1515141 0 22413794
1371554191 1  P 162110 1665227 0 22418361
1374154248 14  P 61550 1373973 0 22456582
1374587470 8  P 78831 1436813 0 22460252
1374591962 18  P 44621 1207263 0 22465896
1375749186 3  P 72062 1371473 0 22489686
1376787997 19  P 56184 1211387 0 22509849
1377222855 17  P 44026 1191117 0 22516345
1378538760 4  P 137995 1527778 0 22524545
1378569533 15  P 58472 1273668 0 22534631
1379733185 12  P 99291 1428410 0 22555846
1380195449 6  P 85253 1355796 0 22562624
1380725704 13  P 95115 1479455 0 22561561
1380843141 2  P 61866 1396867 0 22569984
1381979066 7  P 65515 1350367 0 22597125
1382204879 10  P 47702 1221375 0 22594292
1384330364 5  P 103736 1591791 0 22695009
1384956786 16  P 83169 1383403 0 22645082
1386407986 10  P 48376 1224776 0 22663154
1388605922 9  P 126569 1534405 0 22698862
1396413197 13  P 96303 1496203 0 22818572
1396451086 11  P 58326 1258767 0 22832238
1397874236 12  P 102174 1450724 0 22853053
1400070393 6  P 86382 1383969 0 22888250
1400357392 14  P 63791 1402572 0 22885883
1400849946 3  P 75433 1405110 0 22900934
1400988439 17  P 45646 1213834 0 22901623
1401369597 7  P 67921 1368471 0 22914812
1401420101 18  P 46587 1229783 0 22905444
1401700738 4  P 139285 1561789 0 22904026
1402334744 15  P 59588 1295469 0 22924003
1402736546 5  P 104937 1609467 0 22996570
1402774987 8  P 79524 1464438 0 22922070
1403833128 16  P 84322 1406609 0 22954323
1404366057 19  P 58521 1242714 0 22961686
1404421197 2  P 63344 1422432 0 22956283
1405007302 1  P 168000 1715288 0 22966432
1405904203 11  P 58724 1266039 0 22987118
1406148537 6  P 86898 1389435 0 22987831
1406175953 17  P 45646 1217787 0 22986615
1407345893 5  P 105415 1613892 0 23072090
1407681222 8  P 79524 1468452 0 23002453
1408635206 7  P 69853 1376704 0 23033849
1409770259 16  P 84476 1411306 0 23051597
1410427618 19  P 59909 1249896 0 23060994
1410748199 14  P 64657 1412850 0 23056121
1412310136 4  P 140172 1572716 0 23077848
1413685696 12  P 103860 1467164 0 23112104
1414686778 2  P 63668 1431120 0 23124472
1415913570 1  P 170575 1735886 0 23145106
1417741375 13  P 97496 1519374 0 23167996
1418777754 9  P 129587 1567147 0 23193184
1420241080 15  P 60096 1308860 0 23217375
1421093955 3  P 77722 1425925 0 23232612
1422798720 10  P 49949 1255982 0 23259366
1424232585 18  P 48404 1248791 0 23279199
1426609597 3  P 77996 1430115 0 23322978
1426649526 11  P 59780 1289981 0 23327007
1427838311 7  P 70636 1394857 0 23348462
1427912902 15  P 60171 1314954 0 23343069
1428904237 14  P 66030 1435427 0 23353584
1433269733 17  P 46674 1246329 0 23430518
1434707040 16  P 86008 1433168 0 23460155
1436491703 1  P 173268 1762195 0 23482258
1438220952 5  P 109168 1646323 0 23577940
1439059013 9  P 132273 1591965 0 23525466
1440226652 6  P 87595 1416566 0 23546160
1440249372 12  P 105325 1491370 0 23547313
1440889880 2  P 63952 1452436 0 23553782
1441256644 19  P 61825 1275565 0 23566091
1441368718 8  P 81149 1509648 0 23554381
1441498290 18  P 48640 1262986 0 23562080
1442626789 10  P 51107 1274826 0 23584227
1444091509 4  P 145003 1606387 0 23598543
1444788206 13  P 99202 1551527 0 23611111
1446329928 10  P 51625 1278787 0 23644897
1447713311 7  P 71298 1412199 0 23674082
1449090237 9  P 132273 1600125 0 23689818
1449095918 5  P 110024 1656993 0 23756109
1451507336 1  P 175091 1778503 0 23728271
1452290604 8  P 82167 1521407 0 23733320
1452614112 16  P 87764 1449567 0 23753538
1453327324 12  P 105984 1502014 0 23761584
1453346645 17  P 48177 1263382 0 23759457
1454233610 2  P 64005 1463987 0 23772404
1454325711 4  P 145749 1615752 0 23766218
1456091773 14  P 68261 1468307 0 23799019
1457084841 15  P 60829 1338151 0 23821015
1457539308 13  P 99916 1563718 0 23820023
1457622976 11  P 62018 1319234 0 23834475
1458701768 18  P 49771 1278374 0 23843939
1460225404 19  P 62314 1294226 0 23876873
1460523473 6  P 88631 1433556 0 23878698
1464281501 3  P 83136 1474806 0 23940192
1467359674 3  P 83469 1477856 0 23990624
1467855922 9  P 132899 1623482 0 23997251
1468376722 10  P 52685 1303075 0 24006107
1470554261 13  P 101098 1581628 0 24033243
1471092933 12  P 107979 1521013 0 24052654
1471280484 2  P 64601 1480338 0 24051695
1471627152 5  P 113219 1697399 0 24125255
1476150692 7  P 72522 1437251 0 24139991
1477162930 19  P 63392 1308501 0 24154374
1478879160 17  P 48796 1292575 0 24177778
1479787832 15  P 63072 1358492 0 24192978
1480060774 18  P 50989 1297262 0 24193882
1481388561 11  P 64597 1343871 0 24223848
1482210956 6  P 88898 1453323 0 24234036
1482279215 14  P 69886 1491266 0 24228069
1482903800 4  P 150572 1649668 0 24234436
1483728079 8  P 82696 1553864 0 24248387
1484051580 16  P 89345 1477123 0 24268604
1484210469 1  P 181768 1820661 0 24264074
1486020032 17  P 49002 1298847 0 24294769
1487588202 7  P 73108 1448594 0 24327379
1487844112 14  P 70550 1499263 0 24319242
1489803113 13  P 103810 1602751 0 24348606
1491695329 6  P 89021 1461137 0 24389426
1492933992 9  P 134658 1647849 0 24408111
1494892374 10  P 53126 1328265 0 24440532
1495435904 18  P 51655 1316634 0 24445785
1496764870 2  P 64806 1501051 0 24469231
1497428503 15  P 64183 1373597 0 24481996
1499294849 11  P 65188 1359495 0 24517222
1499502037 5  P 115961 1728450 0 24581949
1502118708 8  P 83448 1569603 0 24549698
1502328077 3  P 88778 1517248 0 24563543
1502442173 16  P 90415 1497519 0 24569884
1504178541 19  P 65080 1336579 0 24596995
1504280498 12  P 111347 1564065 0 24596394
1505623204 18  P 52316 1331806 0 24612694
1505935435 4  P 152689 1673158 0 24611776
1506679189 1  P 184330 1844248 0 24632199
1508132842 6  P 89144 1474711 0 24658738
1508584739 15  P 64644 1381840 0 24664776
1510025716 7  P 73190 1465900 0 24694992
1511081484 4  P 153568 1679103 0 24696091
1511603085 8  P 83577 1577495 0 24705089
1514596863 17  P 50214 1330134 0 24762974
1514783418 5  P 116723 1745449 0 24832314
1514982308 11  P 65944 1372687 0 24774244
1516616749 13  P 105584 1630104 0 24787911
1516965251 9  P 137749 1674828 0 24801828
1517202371 2  P 64945 1519562 0 24804075
1518611133 10  P 53278 1348473 0 24829140
1519655459 12  P 113078 1587288 0 24848290
1523303868 19  P 66475 1356831 0 24910339
1523781600 3  P 91599 1541376 0 24915036
1523998228 14  P 74337 1543730 0 24911574
1524270344 16  P 91634 1514996 0 24927508
1526116710 1  P 187130 1867247 0 24950655
1527113133 19  P 67174 1359204 0 24972751
1527554798 6  P 89282 1490776 0 24976945
1528040599 8  P 84586 1594461 0 24974398
1528074557 9  P 138233 1684745 0 24983841
1528201090 14  P 74337 1546940 0 24980432
1528966332 4  P 154831 1702339 0 24989113
1529267801 5  P 118667 1770807 0 25069618
1530101090 1  P 187659 1872524 0 25015933
1530326366 18  P 52774 1354501 0 25017428
1530629034 17  P 50829 1342921 0 25025645
1530631569 15  P 65712 1398685 0 25025987
1532345577 10  P 53734 1360464 0 25054164
1533054231 13  P 107209 1650035 0 25057205
1533504672 16  P 91634 1522185 0 25078802
1536310447 11  P 66678 1399229 0 25123681
1536624314 2  P 65260 1537194 0 25122279
1540014882 12  P 113732 1612665 0 25181853
1542141035 3  P 93920 1564630 0 25215833
1544869443 7  P 73705 1493892 0 25265868
1546914103 6  P 89455 1510645 0 25294127
1547192210 16  P 92472 1534268 0 25303052
1549783120 10  P 54572 1379227 0 25339857
1551077432 2  P 66475 1550822 0 25359074
1551199591 9  P 140570 1708874 0 25362712
1552991730 1  P 189094 1914484 0 25390889
1553181555 8  P 85326 1619007 0 25386293
1553326062 11  P 67732 1415415 0 25402464
1554663442 12  P 114904 1635059 0 25421852
1557373010 14  P 76917 1579921 0 25458376
1557476091 13  P 108740 1674348 0 25457322
1558443120 3  P 96399 1593722 0 25482855
1559666483 7  P 75791 1507984 0 25508293
1559802814 19  P 69229 1388723 0 25508334
1559903881 4  P 158328 1735474 0 25495977
1560569596 15  P 66705 1432690 0 25516479
1561217015 18  P 54671 1382283 0 25523539
1562066597 17  P 51913 1370396 0 25540712
1565545140 18  P 55159 1386711 0 25594451
1565728182 5  P 125066 1815267 0 25666968
1567663595 13  P 109497 1684900 0 25624230
1569969036 3  P 97665 1608605 0 25671696
1571353118 8  P 86216 1637374 0 25684007
1572387151 4  P 159381 1755358 0 25700490
1572504096 17  P 52119 1379320 0 25711720
1573525863 7  P 76184 1520210 0 25735359
1573658141 10  P 55593 1399835 0 25731010
1574600350 15  P 67606 1444187 0 25746365
1577279237 14  P 78134 1601429 0 25784514
1579348433 16  P 92911 1570674 0 25829895
1582174055 5  P 125870 1827916 0 25936414
1582303821 19  P 70449 1411218 0 25876987
1582929705 6  P 92027 1558235 0 25884187
1583105907 9  P 147470 1762286 0 25885409
1583185473 11  P 68751 1445824 0 25891677
1584187288 2  P 67652 1580089 0 25901532
1585048632 10  P 56007 1413102 0 25917629
1585144686 17  P 52731 1389659 0 25918821
1585756618 19  P 70449 1413865 0 25933563
1585912632 12  P 117088 1669474 0 25933816
1586419815 11  P 68751 1448476 0 25944669
1588396790 1  P 197275 1962032 0 25970965
1589297608 3  P 101730 1634088 0 25988367
1590924093 5  P 127312 1836981 0 26079770
1591335961 6  P 92107 1565638 0 26021911
1591790580 8  P 88502 1664402 0 26018840
1594916449 7  P 77997 1548781 0 26085812
1597348010 14  P 79496 1624788 0 26113319
1597482581 18  P 56364 1416587 0 26117713
1600217051 1  P 200073 1975265 0 26164626
1602535911 16  P 94156 1598554 0 26209790
1603374313 2  P 69392 1598475 0 26215895
1604397269 15  P 68608 1475468 0 26234546
1604592952 12  P 119489 1689094 0 26239873
1604851137 13  P 110742 1718338 0 26233489
1605934044 9  P 149448 1785614 0 26259418
1605988998 16  P 94156 1601410 0 26266366
1606211035 6  P 92173 1577651 0 26265623
1606379069 17  P 52911 1407174 0 26266724
1607912865 15  P 68608 1478324 0 26292145
1608529149 4  P 166664 1812190 0 26292577
1608571836 8  P 88913 1679193 0 26293779
1610513811 18  P 57571 1428571 0 26331216
1610827477 2  P 69796 1605317 0 26338006
1613997901 11  P 71700 1478787 0 26396507
1615538000 19  P 71552 1439476 0 26421498
1617736158 10  P 57357 1441323 0 26453173
1619791446 7  P 79361 1570948 0 26493352
1619951099 14  P 80715 1645696 0 26483644
1621903992 4  P 168884 1830663 0 26511701
1622454271 3  P 106278 1674818 0 26531594
1622499204 12  P 119985 1704636 0 26533244
1623535414 13  P 111932 1736905 0 26539604
1623937653 5  P 129515 1868557 0 26620654
1624762183 9  P 151529 1810042 0 26567893
1625441528 17  P 54149 1425539 0 26579043
1626710591 7  P 79958 1576802 0 26606713
1628794541 1  P 204474 2006895 0 26632837
1628935422 11  P 72399 1492623 0 26641240
1629970501 10  P 57439 1451235 0 26653619
1630314701 5  P 129515 1877661 0 26725133
1631157071 3  P 106844 1683822 0 26674186
1632084781 19  P 72068 1455481 0 26692602
1633944895 13  P 112661 1746044 0 26710148
1634733589 12  P 120480 1726958 0 26733688
1635232430 14  P 82659 1664445 0 26734011
1639810209 4  P 171218 1849770 0 26805070
1640629695 16  P 95850 1633064 0 26833914
1640664135 6  P 93268 1612579 0 26830091
1640702464 2  P 71907 1637104 0 26827457
1641277789 9  P 153736 1826954 0 26838481
1641587471 8  P 90268 1709793 0 26834699
1641951633 18  P 58547 1457918 0 26846290
1642366016 15  P 69475 1506531 0 26856619
1644194805 1  P 206823 2022854 0 26885156
1644545078 18  P 58790 1460490 0 26888782
1648502337 5  P 130994 1894527 0 27023114
1648874203 12  P 122136 1745539 0 26965362
1649320405 6  P 93896 1620857 0 26971915
1649506627 19  P 73104 1469075 0 26978039
1650647953 1  P 207105 2032830 0 26990884
1651260172 7  P 81737 1613178 0 27008928
1651497675 4  P 172424 1862422 0 26996557
1652317294 16  P 96204 1643531 0 27025400
1655810495 11  P 73598 1521231 0 27081559
1657485425 3  P 108191 1711086 0 27105542
1658147269 15  P 69557 1519404 0 27115177
1659483627 2  P 72358 1653982 0 27135166
1659574632 9  P 157166 1849946 0 27138245
1661407975 10  P 58170 1482035 0 27168687
1661457192 17  P 54523 1457094 0 27169120
1663540596 8  P 91473 1731020 0 27194376
1663601178 13  P 115066 1778756 0 27196017
1665498243 14  P 84692 1693913 0 27229875
1666579902 10  P 58280 1486611 0 27253422
1667642823 5  P 132591 1912588 0 27336711
1668608589 12  P 122400 1764251 0 27288681
1668962495 8  P 91473 1735304 0 27283208
1669739036 16  P 96447 1658298 0 27310837
1670749953 3  P 109603 1726244 0 27322872
1671507909 6  P 94798 1638039 0 27335427
1671932045 7  P 83982 1638488 0 27347596
1672554276 13  P 115813 1787925 0 27342703
1674326406 18  P 59825 1488782 0 27376716
1674980970 9  P 158539 1874168 0 27390651
1679616786 1  P 211424 2062501 0 27465501
1680832181 17  P 55595 1475445 0 27486560
1680857319 11  P 75263 1543111 0 27491926
1681920383 2  P 74201 1677600 0 27502758
1683263219 4  P 174931 1901069 0 27516985
1683701130 14  P 85444 1710492 0 27528111
1684084762 15  P 70566 1541632 0 27540136
1684616047 19  P 75515 1507230 0 27553263
1686509669 11  P 76452 1551749 0 27584531
1686944708 7  P 85344 1653009 0 27593553
1687020067 17  P 55595 1480346 0 27587936
1687749333 13  P 116839 1803865 0 27591655
1689128386 15  P 70805 1545912 0 27622768
1689283008 10  P 59591 1511044 0 27625386
1691184648 16  P 98167 1679757 0 27662196
1691210954 6  P 95284 1653748 0 27658238
1692368720 8  P 92956 1764969 0 27666688
1692452581 2  P 74898 1687590 0 27675316
1694046090 12  P 124285 1791353 0 27705439
1696470953 5  P 135512 1951416 0 27809025
1697560806 18  P 60780 1507236 0 27757385
1698215227 9  P 160354 1903607 0 27771290
1702399612 14  P 87482 1730354 0 27834464
1703156871 3  P 112791 1760049 0 27853824
1703302931 19  P 76973 1522795 0 27859426
1706779231 14  P 87482 1734026 0 27906221
1707061873 2  P 76547 1706316 0 27914665
1708138372 4  P 176770 1926921 0 27924531
1709240140 5  P 137680 1972241 0 28018231
1709498055 1  P 217697 2102115 0 27955060
1709906883 3  P 113515 1766078 0 27964416
1710173625 10  P 59895 1528762 0 27967655
1710976087 1  P 218210 2107883 0 27979277
1717209785 19  P 77871 1533252 0 28087274
1717553284 13  P 120372 1842043 0 28079951
1718682033 7  P 89521 1695131 0 28113515
1719216996 18  P 61415 1525836 0 28112194
1719648587 6  P 95576 1681640 0 28124150
1720756632 15  P 73128 1576806 0 28140891
1721451084 11  P 79017 1585744 0 28157011
1721793382 9  P 162810 1951686 0 28157580
1723129036 17  P 58227 1513853 0 28179549
1724525261 8  P 96192 1820494 0 28193532
1724848816 16  P 100173 1722398 0 28213734
1726592934 12  P 126248 1824067 0 28238683
1728169486 4  P 179045 1963264 0 28252691
1728229151 7  P 91045 1712114 0 28269929
1728501755 10  P 60775 1546081 0 28267939
1729412869 15  P 73551 1583565 0 28282712
1731051929 16  P 101080 1735488 0 28315363
1731431225 8  P 96904 1828879 0 28306681
1733374465 12  P 126248 1829732 0 28349788
1733497670 4  P 179666 1969277 0 28339986
1734066566 17  P 58456 1523077 0 28358750
1736882434 13  P 121716 1864825 0 28396626
1736975366 19  P 78385 1548912 0 28411111
1737281977 3  P 117115 1798150 0 28412926
1737951122 14  P 89356 1772587 0 28416908
1738103433 1  P 222504 2142153 0 28423722
1740058937 9  P 164274 1980835 0 28456808
1741794773 11  P 80428 1603121 0 28490318
1742189763 5  P 142417 2017540 0 28558062
1743492254 6  P 95679 1701721 0 28514803
1743841377 18  P 62201 1548096 0 28515639
1745459302 2  P 79994 1745903 0 28543752
1747582192 17  P 58725 1534568 0 28580188
1747605859 9  P 164577 1991613 0 28580426
1748741014 19  P 78547 1558419 0 28603878
1749806273 8  P 99085 1850194 0 28607731
1749865945 15  P 74983 1601851 0 28617803
1750069850 1  P 224581 2155141 0 28619780
1750310727 18  P 62201 1553263 0 28621630
1750653831 4  P 180909 1985427 0 28621065
1752439238 10  P 61468 1566861 0 28660127
1752981354 3  P 118974 1813485 0 28670142
1755236548 5  P 143753 2030222 0 28771818
1757311682 12  P 127262 1851049 0 28741976
1760116773 13  P 122452 1887566 0 28777288
1760333607 16  P 102773 1762869 0 28795096
1760429735 6  P 96140 1714731 0 28792301
1761169821 11  P 81292 1621684 0 28807757
1761244607 7  P 94761 1760324 0 28810835
1761716718 14  P 90528 1795298 0 28806281
1763514992 2  P 80477 1763243 0 28839578
1766191505 19  P 79127 1572213 0 28889784
1767236471 10  P 62663 1581573 0 28902558
1767529200 11  P 81398 1634850 0 28911947
1769770016 17  P 59508 1553876 0 28943703
1770559911 9  P 166836 2025813 0 28956501
1771210458 1  P 228303 2186097 0 28966140
1773804293 13  P 122912 1899455 0 29001538
1775445363 6  P 96464 1727179 0 29038315
1777041431 7  P 96137 1778307 0 29069641
1778275171 4  P 183484 2019914 0 29073597
1781647202 15  P 76391 1628611 0 29138496
1782462937 8  P 100992 1887721 0 29142758
1782671155 2  P 80751 1778928 0 29153423
1782752198 5  P 145187 2056333 0 29222631
1783154210 14  P 91526 1820648 0 29157485
1783364463 16  P 104361 1788065 0 29172431
1784045180 18  P 62937 1580348 0 29174329
1784249227 12  P 128628 1876932 0 29183320
1786923606 10  P 63739 1602986 0 29225109
1787047691 3  P 123205 1859816 0 29228285
1787304734 6  P 96511 1735810 0 29232610
1789194071 15  P 76933 1637175 0 29262141
1789303894 19  P 80058 1593390 0 29268446
1790338262 7  P 98059 1803855 0 29287483
1790368170 8  P 101333 1895662 0 29272277
1790491804 13  P 124166 1918840 0 29274940
1792091412 4  P 187030 2039246 0 29299957
1792107334 14  P 92029 1829088 0 29304169
1792374272 2  P 80972 1786991 0 29312396
1794845924 5  P 145501 2073386 0 29420773
1794985136 3  P 123957 1867928 0 29358331
1799020055 17  P 59980 1577715 0 29422932
1799601099 1  P 232612 2219237 0 29431287
1800373282 18  P 63433 1593132 0 29441847
1800544815 11  P 82871 1667020 0 29452869
1802192568 16  P 105253 1802385 0 29480907
1805822394 8  P 101717 1917423 0 29525475
1806186676 12  P 129720 1896129 0 29542734
1806247929 14  P 92690 1845766 0 29535843
1806574624 9  P 172070 2072000 0 29546551
1808732596 18  P 64271 1602773 0 29578806
1808756675 19  P 80822 1608289 0 29587155
1809250749 3  P 125544 1882506 0 29592055
1809611117 10  P 64478 1622005 0 29596818
1810179385 13  P 125250 1937809 0 29597490
1810656104 5  P 146099 2089745 0 29679798
1811715246 9  P 173148 2078495 0 29630772
1812264878 2  P 81519 1804285 0 29638283
1816435145 4  P 189745 2063825 0 29698795
1820646693 1  P 235395 2252508 0 29776084
1822348855 16  P 106236 1820285 0 29811142
1822459728 15  P 78618 1665075 0 29807161
1822498305 11  P 83464 1685715 0 29812548
1823124223 12  P 131361 1912591 0 29820237
1823207200 17  P 60216 1597476 0 29819218
1823398485 6  P 96604 1764137 0 29823963
1824798462 7  P 100499 1844994 0 29852058
1827919825 11  P 84078 1691439 0 29901380
1829536344 16  P 106262 1825944 0 29928901
1830090151 9  P 174829 2100590 0 29931785
1831084785 19  P 82317 1628524 0 29952970
1832198078 7  P 101681 1853073 0 29973291
1832999610 3  P 130940 1913302 0 29981155
1833146996 1  P 238639 2268476 0 29980885
1833655580 12  P 133097 1923560 0 29992779
1833813333 10  P 66100 1644647 0 29993344
1835935499 14  P 93813 1873260 0 30022236
1836744182 8  P 102298 1944119 0 30032093
1837242214 6  P 97122 1774764 0 30050771
1837263886 18  P 66828 1635981 0 30046261
1838908416 5  P 148196 2125878 0 30142673
1841507396 13  P 126203 1968152 0 30110758
1841816587 17  P 61206 1620257 0 30124110
1843834850 15  P 79888 1684307 0 30157367
1844249271 2  P 82670 1836238 0 30162300
1845841375 18  P 67613 1644630 0 30186795
1847247558 4  P 193492 2099900 0 30203602
1848539109 6  P 97168 1784568 0 30235854
1849270676 16  P 107710 1843614 0 30252225
1850724794 1  P 241835 2293738 0 30268877
1852294268 13  P 126599 1978379 0 30287478
1853669809 11  P 85822 1716779 0 30323267
1855763595 14  P 94759 1892154 0 30347092
1855854329 7  P 103908 1878723 0 30360867
1856639938 2  P 83084 1849932 0 30365298
1858318118 15  P 80579 1697335 0 30394662
1858378359 9  P 179808 2144722 0 30395232
1859328925 3  P 133911 1941816 0 30412533
1859595901 5  P 149432 2146290 0 30481610
1860582205 17  P 62049 1637352 0 30431564
1860642354 10  P 67684 1668387 0 30432900
1860978514 8  P 104203 1972310 0 30429143
1864546105 12  P 137095 1958218 0 30498881
1865412838 19  P 84251 1656217 0 30515393
1868466666 11  P 86504 1730143 0 30565697
1868653814 4  P 196496 2132219 0 30554315
1868674059 5  P 149552 2153792 0 30630343
1868778748 10  P 68490 1677602 0 30566201
1869944108 19  P 84251 1659822 0 30589633
1870449606 9  P 182200 2164610 0 30593005
1871348185 12  P 137590 1965544 0 30610324
1872310487 14  P 95478 1907276 0 30618194
1873770038 17  P 62544 1648933 0 30647627
1875301970 16  P 109404 1867338 0 30678719
1877197309 8  P 106868 1991454 0 30694868
1878711117 6  P 98543 1814197 0 30730181
1879842013 18  P 68572 1678764 0 30743856
1881600619 15  P 81307 1717354 0 30776120
1882219459 3  P 135989 1964636 0 30787566
1882260572 7  P 105025 1901982 0 30793492
1882929292 13  P 127284 2011975 0 30789367
1884017351 10  P 69357 1689811 0 30815858
1884995961 1  P 247435 2336765 0 30830348
1885629060 17  P 62544 1658603 0 30841929
1885827513 2  P 85330 1885438 0 30843496
1887834748 19  P 85226 1673844 0 30882750
1890044948 14  P 96298 1925914 0 30908738
1890138594 11  P 86957 1756183 0 30920766
1890653857 4  P 198892 2160507 0 30914752
1890682173 7  P 105862 1911847 0 30931468
1892705327 5  P 151445 2174339 0 31020077
1895498211 18  P 69616 1694143 0 31000365
1895618321 8  P 107809 2014652 0 30996669
1896148106 1  P 250012 2350879 0 31013057
1896185237 4  P 200020 2167387 0 31005378
1898547880 3  P 136827 1979808 0 31055084
1899727520 6  P 100223 1832554 0 31074493
1901827408 2  P 86778 1901718 0 31105633
1902277795 9  P 189004 2216383 0 31114435
1903241009 15  P 81945 1737790 0 31130669
1903309318 13  P 128497 2040703 0 31123254
1904817727 16  P 110660 1895028 0 31162295
1905435746 12  P 141533 2006432 0 31168810
1905451357 18  P 69705 1702331 0 31163435
1907448554 15  P 82191 1741776 0 31199605
1908492726 6  P 101294 1840902 0 31218107
1909881057 14  P 97732 1946957 0 31233725
1910090802 12  P 143472 2013241 0 31245078
1911078837 3  P 137534 1991468 0 31260397
1911162890 19  P 85912 1692491 0 31264950
1912722448 1  P 253215 2372831 0 31284608
1915073442 11  P 90173 1778750 0 31329292
1917598847 16  P 110960 1911810 0 31371696
1919119858 7  P 106354 1935877 0 31397379
1919814647 5  P 154814 2208909 0 31464227
1920700882 4  P 202961 2206664 0 31407025
1920736249 10  P 69634 1721274 0 31417451
1921144790 17  P 63245 1694149 0 31423814
1923186766 2  P 87923 1936162 0 31455571
1923991756 13  P 129419 2064355 0 31462094
1924572232 8  P 109621 2042409 0 31471038
1925512132 9  P 190468 2238484 0 31495097
1928084913 15  P 83047 1758427 0 31537704
1929372988 14  P 98545 1965612 0 31553080
1932935314 4  P 204835 2223723 0 31607465
1935116730 1  P 255611 2409737 0 31651510
1935539546 6  P 101689 1863823 0 31661211
1937239464 16  P 111820 1936690 0 31693480
1937650512 8  P 110789 2055224 0 31685307
1937671139 12  P 146290 2039736 0 31696947
1937694194 19  P 86108 1713465 0 31699634
1938018164 5  P 155759 2225154 0 31762466
1939401214 7  P 108978 1960242 0 31729662
1939516262 3  P 137950 2016521 0 31726315
1939597870 17  P 63750 1710002 0 31726148
1940102222 13  P 130070 2090493 0 31726007
1940204956 10  P 69755 1737290 0 31736423
1941404206 11  P 91802 1804357 0 31760695
1941684016 9  P 192338 2252934 0 31760047
1942873270 18  P 70602 1732993 0 31776549
1945983715 2  P 88826 1978286 0 31829066
1947574615 9  P 192434 2258308 0 31856556
1948338696 7  P 109441 1972624 0 31876093
1948926958 16  P 112210 1946356 0 31884967
1949007410 13  P 130070 2097492 0 31871909
1949732303 11  P 92400 1812184 0 31897141
1950435750 12  P 148340 2063159 0 31906073
1956814327 10  P 70355 1753468 0 32008545
1957035331 17  P 63986 1724121 0 32011841
1957060690 18  P 71124 1744047 0 32008994
1957272259 15  P 84369 1796172 0 32015906
1958835453 1  P 259919 2441145 0 32040111
1959310079 4  P 207968 2264073 0 32039572
1960966738 14  P 99984 1999574 0 32070701
1962131617 19  P 86965 1733212 0 32100011
1963359989 3  P 138417 2036850 0 32116969
1964572192 8  P 113126 2090693 0 32126388
1964925948 17  P 64222 1730790 0 32141121
1965055142 6  P 101921 1892039 0 32144787
1966695411 5  P 159887 2261785 0 32232301
1968014898 2  P 90202 2003987 0 32190011
1968073332 7  P 111684 1995238 0 32199415
1968763840 18  P 71213 1753754 0 32200737
1969030473 12  P 150629 2081630 0 32210727
1969150316 8  P 114032 2096432 0 32201396
1969569133 19  P 87562 1739918 0 32221866
1971614421 16  P 114308 1973616 0 32256674
1971996540 9  P 193489 2280509 0 32256682
1972655600 2  P 90540 2015989 0 32266041
1974085445 1  P 261767 2466790 0 32289964
1974767771 10  P 71289 1773929 0 32302693
1978014048 14  P 101137 2023327 0 32349993
1978478451 4  P 210643 2288225 0 32353614
1981786725 11  P 94765 1842862 0 32422315
1983538622 13  P 131126 2126246 0 32437661
1984720564 10  P 71803 1781982 0 32465758
1985459716 15  P 85583 1824187 0 32477723
1986154169 11  P 94765 1846293 0 32493872
1986254061 17  P 64976 1755179 0 32490561
1986330294 5  P 161149 2291471 0 32553991
1986414526 6  P 102267 1909778 0 32494737
1986654448 18  P 71513 1776085 0 32493853
1986953746 3  P 138639 2055742 0 32503528
1988653812 14  P 102051 2035542 0 32524315
1990105928 9  P 195821 2300728 0 32553380
1992001183 5  P 161766 2300553 0 32646896
1992297915 3  P 138693 2060203 0 32591080
1992478528 8  P 116551 2121704 0 32583599
1993151123 7  P 113174 2025058 0 32610290
1994352062 6  P 102314 1916651 0 32624780
1995882415 13  P 132370 2138674 0 32639896
1996591105 12  P 155709 2116524 0 32662276
2000192527 16  P 116923 2008610 0 32724888
2001973959 1  P 265943 2509678 0 32746870
2004647222 15  P 86454 1841725 0 32792091
2004959808 19  P 88424 1770216 0 32801702
2005343109 2  P 93294 2055102 0 32801571
2007341316 4  P 212579 2327609 0 32826494
2007482267 11  P 96027 1864736 0 32843309
2008639851 2  P 93686 2058298 0 32855583
2009341946 18  P 73164 1798128 0 32865560
2010191548 17  P 65707 1776247 0 32882752
2013158459 5  P 162981 2320801 0 32993532
2013764871 12  P 159688 2142477 0 32943643
2013819885 13  P 133640 2156798 0 32933776
2016330010 10  P 72686 1809643 0 32983633
2017100710 15  P 86655 1856313 0 32996129
2017148883 6  P 102599 1935711 0 32998282
2017779643 14  P 102729 2062059 0 33001503
2018916702 7  P 115648 2058545 0 33032424
2019010102 8  P 117963 2146511 0 33018280
2020200862 4  P 214479 2343766 0 33037181
2020234987 3  P 138840 2083434 0 33048808
2023223840 16  P 118276 2036895 0 33102224
2024980968 9  P 198377 2351201 0 33124723
2025350403 19  P 88686 1786994 0 33135774
2027179222 1  P 271251 2546639 0 33159817
2027216689 11  P 96494 1884266 0 33166634
2030901185 7  P 117070 2076610 0 33228770
2031383331 6  P 103020 1948263 0 33231498
2031855893 9  P 198579 2357344 0 33237357
2033129085 17  P 66540 1817775 0 33258557
2034236196 10  P 73479 1825034 0 33276999
2036513773 18  P 74174 1824213 0 33310737
2036804231 13  P 134423 2183883 0 33310339
2036833602 16  P 119561 2059519 0 33325195
2038007529 5  P 165575 2352176 0 33400647
2040031991 3  P 138901 2099542 0 33373160
2040537898 19  P 89102 1799803 0 33384599
2041488013 1  P 273561 2564282 0 33394245
2041810843 14  P 105014 2100519 0 33395206
2041900320 8  P 118945 2167235 0 33393306
2043217929 12  P 164149 2176831 0 33426195
2044256629 15  P 87369 1879345 0 33441047
2045374462 2  P 97045 2108839 0 33457423
2045864899 4  P 218826 2379790 0 33457649
2046451073 11  P 98036 1903458 0 33481770
2048470661 10  P 74144 1838941 0 33510207
2048912942 15  P 87596 1884446 0 33517334
2049908382 5  P 165786 2362801 0 33595629
2050536324 16  P 120332 2072490 0 33549704
2051066600 17  P 67553 1834515 0 33552445
2051523925 6  P 104010 1965981 0 33561473
2053632390 13  P 136063 2210895 0 33586021
2056616727 1  P 275650 2589295 0 33642114
2056810231 4  P 219657 2393006 0 33636972
2057056648 8  P 119848 2181549 0 33641623
2057765026 2  P 98134 2121550 0 33660426
2059248395 14  P 105754 2118726 0 33680899
2059990996 19  P 90227 1817890 0 33703317
2060951396 18  P 74366 1846977 0 33711113
2061096797 12  P 166858 2207987 0 33719110
2061500689 3  P 139070 2117401 0 33724900
2061666911 7  P 122916 2114077 0 33732826
2062559997 9  P 202514 2396642 0 33740404
2067139016 14  P 106272 2127703 0 33810178
2068388801 18  P 75409 1853884 0 33832968
2070452506 2  P 98331 2133796 0 33868296
2071673975 5  P 166466 2385474 0 33952225
2072147990 13  P 136904 2232339 0 33889378
2072241020 15  P 88572 1906179 0 33899535
2076832205 17  P 68537 1857477 0 33974586
2078631607 19  P 90749 1832905 0 34008723
2078703775 3  P 139152 2130918 0 34006755
2079080181 10  P 75590 1863071 0 34011703
2081258299 6  P 105170 1991420 0 34048637
2081573122 7  P 125460 2131207 0 34058960
2084046138 12  P 168305 2228837 0 34095112
2084267383 10  P 75616 1867039 0 34096687
2084880064 16  P 123588 2110091 0 34112383
2085103514 8  P 121333 2213347 0 34101134
2085482272 4  P 222286 2423483 0 34106728
2085982680 11  P 101110 1943229 0 34129447
2086559077 9  P 205235 2431105 0 34133590
2087256659 15  P 88661 1917797 0 34145549
2088467115 14  P 108409 2150313 0 34159616
2088970885 5  P 166953 2407071 0 34235612
2089819889 1  P 279512 2639554 0 34186111
2090245007 7  P 125460 2138551 0 34201040
2090875698 3  P 139333 2140247 0 34206178
2093887131 9  P 205756 2441195 0 34253649
2093920614 11  P 102098 1951760 0 34259496
2099288733 1  P 280738 2649653 0 34341246
2100888856 4  P 224780 2451561 0 34359149
2101601138 13  P 137801 2257707 0 34371932
2101866064 19  P 92242 1857333 0 34389393
2102020095 17  P 69032 1878451 0 34387256
2102826401 18  P 76677 1884065 0 34397188
2103150398 8  P 123023 2237461 0 34396809
2103554669 6  P 107383 2022299 0 34413932
2105114469 16  P 126324 2142681 0 34443892
2106425965 17  P 69527 1882733 0 34459447
2107108621 2  P 99556 2166660 0 34468860
2108185826 11  P 103552 1966543 0 34493222
2108452404 12  P 169379 2253282 0 34494979
2109475401 19  P 92242 1863225 0 34514059
2109930173 6  P 108166 2028075 0 34518385
2112126789 10  P 76095 1889364 0 34553129
2112404616 14  P 109928 2176119 0 34551803
2113054220 1  P 282434 2667929 0 34566779
2115116019 15  P 89710 1940342 0 34601993
2117105875 9  P 206736 2461914 0 34634061
2117418683 4  P 227453 2476906 0 34629967
2119038587 13  P 138999 2274663 0 34657617
2120827433 2  P 99723 2178009 0 34693627
2120958246 16  P 126901 2156066 0 34703475
2121181625 8  P 123487 2260423 0 34692229
2121985034 3  P 140673 2165629 0 34715870
2122986505 5  P 168010 2439715 0 34792896
2123935733 18  P 77976 1908023 0 34743042
2125635693 7  P 127485 2169227 0 34780872
2127311791 12  P 171854 2274649 0 34803899
2127658117 10  P 77433 1906246 0 34807590
2129113448 17  P 70517 1902920 0 34831158
2131016256 3  P 141259 2172971 0 34863836
2131381655 19  P 93383 1885055 0 34872969
2133103549 8  P 124348 2276998 0 34887553
2135342151 14  P 111237 2205252 0 34927606
2137864446 16  P 128079 2170839 0 34980465
2139561774 2  P 99890 2196499 0 35000563
2142537287 11  P 104989 2003046 0 35056031
2142631601 15  P 91276 1966023 0 35052804
2142762537 9  P 209522 2507047 0 35054402
2142841979 18  P 78586 1923648 0 35052801
2143794636 4  P 232013 2515885 0 35062097
2145319867 13  P 139291 2295274 0 35088192
2145371041 7  P 130093 2189453 0 35104206
2145783417 5  P 169422 2467915 0 35166399
2146117826 6  P 111184 2067706 0 35111272
2147017394 10  P 79348 1923294 0 35124763
2148617113 13  P 139317 2298204 0 35142207
2148843025 12  P 173992 2297765 0 35156661
2149507372 1  P 286566 2705234 0 35164024
2150498353 18  P 78662 1929909 0 35178241
2153779610 14  P 112906 2225849 0 35229681
2155069292 19  P 95157 1904987 0 35261063
2155509753 8  P 125633 2298288 0 35254651
2156405971 2  P 100057 2210511 0 35276529
2156779633 11  P 105080 2015351 0 35289376
2157991033 15  P 92181 1979866 0 35304452
2158847836 17  P 71202 1929617 0 35318322
2160888401 4  P 235228 2552052 0 35342146
2160979323 7  P 131546 2205806 0 35359924
2161442651 16  P 129647 2189826 0 35366763
2161715256 9  P 210413 2522707 0 35364927
2162080360 5  P 170321 2487376 0 35433398
2162124588 12  P 175607 2311171 0 35374247
2162897992 1  P 287998 2720419 0 35383415
2163438156 3  P 142067 2200263 0 35395035
2165149046 6  P 111592 2083512 0 35423076
2166295147 18  P 78738 1942866 0 35437053
2170522283 15  P 92397 1990349 0 35509763
2170665964 8  P 126369 2315142 0 35502961
2172455305 5  P 170459 2496141 0 35603379
2174476119 1  P 288738 2731237 0 35573110
2175263318 4  P 237346 2570168 0 35577655
2175343440 2  P 100242 2227628 0 35586799
2177810911 14  P 114786 2251195 0 35623398
2178385647 7  P 132335 2223328 0 35645102
2178605940 9  P 211308 2540433 0 35641657
2179488473 17  P 71287 1946425 0 35656495
2179814251 10  P 80039 1949161 0 35662103
2180883375 6  P 112850 2097700 0 35680866
2181467132 11  P 105473 2036133 0 35693854
2182895773 16  P 130258 2207119 0 35718244
2183389914 12  P 176551 2330743 0 35722589
2184225382 19  P 95616 1928652 0 35738757
2184579938 10  P 80176 1953238 0 35740183
2185841667 3  P 142709 2219668 0 35762092
2186304304 13  P 140116 2335342 0 35759650
2190326390 18  P 78964 1962886 0 35830779
2190328888 3  P 142709 2223340 0 35835611
2191853510 8  P 127911 2338850 0 35850086
2192491731 1  P 289755 2753665 0 35868272
2193437178 2  P 100483 2242904 0 35883246
2193689726 5  P 171384 2517813 0 35951279
2194213769 7  P 133982 2239590 0 35904423
2194664679 6  P 113715 2110230 0 35906657
2197341835 4  P 240868 2601210 0 35939500
2198959772 15  P 94197 2020165 0 35975682
2200340304 9  P 212744 2575150 0 35997690
2200593004 12  P 177817 2357443 0 36004366
2200722846 17  P 71346 1963809 0 36004398
2202701814 11  P 106503 2056120 0 36041761
2204732781 14  P 115786 2277215 0 36064481
2204957030 16  P 132618 2229100 0 36079692
2205412861 19  P 96326 1953686 0 36085892
2205863464 17  P 71372 1969814 0 36088621
2206460491 13  P 140969 2354281 0 36089885
2209248384 18  P 79040 1978328 0 36140795
2209786360 16  P 132875 2233516 0 36158814
2210138989 11  P 106837 2062786 0 36163610
2211826524 14  P 115840 2283224 0 36180704
2212852070 6  P 116462 2131526 0 36204633
2212996548 9  P 214653 2587922 0 36205046
2213280942 2  P 100649 2259068 0 36208362
2217600423 19  P 97015 1964928 0 36285572
2217955033 10  P 81722 1979669 0 36286994
2218151336 7  P 135747 2263036 0 36296612
2220040965 8  P 128650 2368010 0 36311904
2221648015 13  P 141124 2366391 0 36338714
2221983577 12  P 180568 2380210 0 36354823
2224470919 5  P 172594 2548669 0 36455590
2225100735 15  P 94785 2042801 0 36403967
2226188305 3  P 145554 2260202 0 36423126
2226216331 4  P 244649 2643667 0 36412498
2227835496 1  P 296003 2801420 0 36447337
2228201362 18  P 80187 1995197 0 36451321
2228676973 16  P 133018 2249401 0 36468316
2230506631 19  P 97533 1976128 0 36497025
2233610114 3  P 145744 2270347 0 36544725
2234717988 12  P 181850 2395587 0 36563459
2235091876 4  P 245386 2653041 0 36557911
2235563499 10  P 82606 1993537 0 36575478
2236663635 1  P 296922 2811269 0 36591977
2239184006 9  P 217242 2613191 0 36634089
2239678501 15  P 95518 2055824 0 36642810
2239838636 7  P 136441 2282079 0 36651936
2239961505 6  P 120449 2169645 0 36648784
2241101157 13  P 142885 2389324 0 36657421
2243228397 8  P 129595 2389912 0 36691800
2243264037 14  P 117108 2313460 0 36695755
2243550970 17  P 71478 2006331 0 36706092
2244874689 2  P 100814 2284831 0 36725993
2244982656 18  P 80881 2009055 0 36726262
2245002250 5  P 174135 2584676 0 36791960
2245529647 11  P 107433 2093193 0 36743448
2248035381 17  P 71517 2011905 0 36779564
2251959752 16  P 134364 2271183 0 36849769
2254217088 11  P 107980 2101749 0 36885783
2254218439 2  P 101270 2294143 0 36879079
2254323066 7  P 137151 2295121 0 36889248
2254867768 6  P 121899 2185728 0 36893002
2255966402 4  P 247929 2686654 0 36899963
2256548727 10  P 83620 2014978 0 36919297
2257654653 14  P 118033 2331879 0 36931519
2257766513 3  P 148069 2291104 0 36940501
2259475330 15  P 96216 2076045 0 36967159
2260389914 12  P 186127 2426174 0 36984063
2261210577 13  P 143805 2415168 0 36986855
2261501438 5  P 175658 2604459 0 37062278
2265138993 19  P 100151 2007787 0 37064422
2266060222 9  P 220966 2646057 0 37074414
2266603542 8  P 130189 2416606 0 37074743
2267069871 1  P 303594 2851269 0 37090151
2267925978 17  P 71813 2028689 0 37105451
2268131627 15  P 96389 2083343 0 37108983
2269234073 2  P 101902 2311397 0 37125091
2269376756 10  P 85269 2027990 0 37129465
2270039615 6  P 122247 2208273 0 37141570
2270513889 8  P 130432 2419970 0 37138807
2275482750 14  P 118535 2350112 0 37223609
2276569688 19  P 100584 2015990 0 37251699
2276920149 18  P 83655 2039331 0 37249523
2276942632 16  P 136148 2294339 0 37259078
2276953904 3  P 149106 2309387 0 37254867
2278413681 13  P 145349 2430103 0 37268706
2280873385 11  P 108594 2128311 0 37322519
2281934048 9  P 222443 2671503 0 37334487
2283913598 1  P 306993 2872529 0 37366116
2284251773 10  P 85610 2040888 0 37373175
2286049112 5  P 177533 2640562 0 37464458
2286604412 7  P 140340 2328461 0 37418130
2286780566 12  P 189056 2452538 0 37416440
2287060891 11  P 109371 2134875 0 37423894
2287257067 19  P 101102 2025723 0 37426799
2287419604 4  P 252577 2733077 0 37415267
2288980891 9  P 222665 2680949 0 37449939
2289795103 18  P 83787 2050058 0 37460467
2291014025 14  P 118785 2366988 0 37478069
2292584950 15  P 97432 2108447 0 37509615
2294368260 8  P 131796 2455406 0 37529631
2294594199 5  P 178536 2649951 0 37604457
2295250674 3  P 149910 2325933 0 37554639
2297093455 2  P 102067 2334087 0 37581535
2297208193 16  P 136948 2311096 0 37591102
2299804317 13  P 146314 2450580 0 37619159
2302613469 17  P 72613 2058276 0 37673767
2302646799 1  P 310269 2894555 0 37673040
2305369955 7  P 141655 2344223 0 37725575
2305607084 4  P 254615 2755913 0 37713247
2305899044 6  P 124219 2239785 0 37729084
2308702801 12  P 190423 2471670 0 37775608
2309091935 18  P 84482 2065575 0 37776625
2310073108 7  P 141918 2348921 0 37802628
2311530560 12  P 190858 2473654 0 37821938
2312431641 8  P 133065 2478318 0 37825575
2313632109 19  P 102237 2045862 0 37858923
2313986135 10  P 87097 2067627 0 37860331
2314022318 15  P 98297 2128440 0 37860823
2314710481 1  P 311555 2909733 0 37870689
2314918435 9  P 224204 2702921 0 37874892
2317185916 14  P 119818 2411383 0 37906857
2317411315 16  P 138237 2329537 0 37922101
2319785322 17  P 73070 2077235 0 37955110
2319960663 13  P 149066 2473645 0 37949393
2321555137 6  P 125964 2255158 0 37985592
2321763966 11  P 111737 2166714 0 37992466
2323640303 2  P 102622 2360201 0 38016478
2324719459 3  P 152779 2357364 0 38037453
2325513280 4  P 258071 2784513 0 38039384
2325673700 10  P 88332 2078330 0 38051819
2326814756 5  P 182589 2693204 0 38132338
2328111573 5  P 182678 2694517 0 38153585
2329010618 7  P 142917 2366201 0 38112896
2329250841 3  P 153631 2362522 0 38111693
2329801915 16  P 138605 2340142 0 38125104
2330373389 14  P 120194 2422756 0 38122918
2331137823 18  P 85524 2085137 0 38137823
2332413316 19  P 103882 2066317 0 38166632
2332558008 9  P 225886 2727655 0 38163896
2332675942 17  P 74030 2088368 0 38166308
2335677041 4  P 260522 2799401 0 38205904
2336212890 8  P 135074 2507861 0 38215195
2337742695 6  P 126117 2268041 0 38250802
2342294658 11  P 113852 2187151 0 38328838
2342882110 15  P 100860 2158249 0 38333649
2343546151 12  P 193306 2507973 0 38346475
2344609064 2  P 102788 2377636 0 38360029
2346001786 10  P 89652 2097560 0 38384870
2346569893 13  P 150389 2498585 0 38385353
2346874094 1  P 320379 2958243 0 38397654
2347507372 13  P 150389 2499401 0 38400713
2349788270 19  P 105128 2080285 0 38451303
2350150711 8  P 136045 2527275 0 38443537
2350327864 2  P 102788 2382817 0 38453726
2351693916 3  P 155879 2387682 0 38479399
2351698490 7  P 143616 2385851 0 38484600
2353607578 18  P 86953 2105662 0 38505964
2354489414 16  P 140247 2363319 0 38529570
2356434046 9  P 230832 2761885 0 38555070
2356930142 6  P 126725 2285252 0 38565166
2357051127 17  P 74839 2108836 0 38565666
2357794362 11  P 114781 2201033 0 38582782
2359035053 4  P 264151 2833444 0 38588592
2359326498 14  P 121684 2452560 0 38597276
2360046156 12  P 195049 2524001 0 38616810
2365163254 15  P 102929 2178752 0 38698700
2365811741 5  P 188232 2759605 0 38771256
2366736114 10  P 91474 2116971 0 38724576
2369738476 17  P 74954 2119235 0 38773535
2370179227 1  P 322472 2982130 0 38779479
2371642673 5  P 189620 2771799 0 38866790
2371984069 2  P 103398 2401743 0 38808539
2372980582 6  P 127924 2307821 0 38828133
2375138832 18  P 87516 2123292 0 38858731
2375384752 8  P 139031 2557273 0 38856973
2376845057 7  P 145087 2409748 0 38896588
2377069558 15  P 103841 2190131 0 38893773
2377241802 13  P 151739 2536273 0 38887855
2377723834 16  P 141237 2385828 0 38910237
2379404558 11  P 116063 2221833 0 38936845
2380272750 19  P 106018 2108147 0 38950755
2380715307 9  P 234052 2795023 0 38952885
2381757962 3  P 157620 2425631 0 38971958
2384810287 4  P 268215 2865454 0 39010890
2384944872 1  P 325031 3004881 0 39021395
2385637588 12  P 197186 2554360 0 39036092
2386920245 14  P 123213 2492552 0 39049359
2388757042 15  P 103988 2202445 0 39085261
2388929276 13  P 153317 2548054 0 39079335
2389564653 5  P 191341 2794564 0 39160421
2389576339 18  P 87934 2139505 0 39095272
2392092068 11  P 116892 2233232 0 39144714
2393161342 16  P 142191 2407159 0 39163158
2394016342 3  P 158526 2438386 0 39172800
2394642720 10  P 92541 2144236 0 39181793
2396572242 8  P 141266 2580016 0 39204104
2396668376 9  P 235167 2810621 0 39214255
2397760524 7  P 145561 2427104 0 39239261
